2.25
2.15625
2.2256944444444446
2.2960069444444446
2.2110069444444447
2.1936458333333335
2.1936458333333335
2.2170833333333335
2.210910493827161
2.203410493827161
2.199278262422202
2.202750484644424
2.2108865793189802
2.2032335180944904
2.203789073650046
2.204765636150046
2.2064957399562743
2.205338332548867
2.2060308533244903
2.2047808533244906
2.20789876715669
2.206349180379831
2.2056402956917402
2.207159392913962
2.204759392913962
2.2062386828547904
2.2048669407423076
2.2050263795178178
2.207553133382265
2.205330911160042
2.204810619796879
2.205665111984379
2.2055503277786856
2.2059828537302426
2.2065950986282017
2.206498648010918
2.206681263058398
2.2059021771858216
2.2055734460878598
2.20541719608786
1.9251287656898697
1.9155693023814435
1.9070559853702556
1.8977286798211934
1.8873686770578513
1.878026449987179
1.8688641383099749
1.8598092823574155
1.85042061549929
1.840899935366822
1.831624044849704
1.8223539219068414
1.8130871415708838
1.8037562457530334
1.7947736886033454
1.7857589987394527
1.7769247259649525
1.7681557376703503
1.759125743836887
1.7496471903387956
1.7398721049851211
1.730028231696913
1.7204225609503971
1.710600478081019
1.7007621726857878
1.6910232259250608
1.6812337566748936
1.6714959105071892
1.6618291569941384
1.6523663775133932
1.6429337196984168
1.6335621355661902
1.6242376335232145
1.6148049281536125
1.6056283047950028
1.596445692714356
1.5873510257484162
1.5782289956475288
1.5692908269034165
1.5604761674646868
1.5516504113722622
1.5462182698262252
1.5410140936867491
1.5358541570588995
1.5309034676904256
1.5263557605721574
1.5220892956623842
1.51824382868837
1.5151179703681352
1.5128102902930187
1.5111282184641492
1.5106462388347692
1.5119976880396033
1.5139554228455094
1.5160630749819757
1.5186847516553716
1.5221433836216645
1.526588723770489
1.532430861244204
1.5403915808160704
1.5490468431167337
1.5589642894129017
1.5704262059798815
1.5830702408224493
1.596692300267226
1.6125619581021327
1.6296538736538342
1.6480136434835349
1.6679200641348821
1.6890915878587787
1.71150915433724
1.7361542749005388
1.7617661486539227
1.7890053856903791
1.8176155085980206
1.8474803972899572
1.8793077306890773
1.9133712254004691
1.9489774383974414
1.986406196029926
2.025808856396898
2.067870997322669
2.111827895810338
2.158280851826177
2.2065418089559516
2.2561355101829434
2.30731210543878
2.3595690818176593
2.412426744647169
2.466010887582486
2.52296769930878
2.5841590315235847
2.644535581642739
2.706093193585414
2.769385548183518
2.834073623687906
2.899312260243252
2.9645395433009627
3.0299571639596827
3.0950783095365537
3.162042649953346
3.2309312888326907
3.30044595423463
3.3713583397728017
3.442984462812235
3.514257434576501
3.5866888701210384
3.6598818941741014
3.734151434757827
3.8093057798214702
3.886034673471187
3.9617254926468077
4.038636837087035
4.11649895281343
4.194647837042496
4.273640144506224
4.352799692888523
4.431708933357488
4.510539077586445
4.590069633302733
4.6695305659980395
4.747816747156442
4.824931253810571
4.900310904884122
4.9750243030910095
5.050438918050093
5.12687517395359
5.204928933301678
5.283758965308569
5.3660111136389
5.44396448969061
5.515751873658461
5.589283196840522
5.66314603309143
5.736994279681045
5.811904874340952
5.88754536225189
5.965705671075057
6.047589920507145
6.1317314270166525
6.217009363416065
6.3016346762168
6.388615597911409
6.476478685952716
6.56510020563544
6.65521038644562
6.746764025047526
6.842176303495336
6.946667025778257
7.051671804766372
7.158005456443161
7.269747640846722
7.3840360398085085
7.498972544675451
7.616309576690549
7.742078659271431
7.872369562884742
8.005240738071398
8.145977199452906
8.288487069685607
8.436895817080801
8.588322048281132
8.744565273929151
8.908523348872132
9.080015176495891
9.25232237385649
9.425182900092866
9.601542692455073
9.786027519289878
9.968380082572306
10.159718603676462
10.35987575829085
10.562200007589587
10.76832415331585
10.977125430342197
11.187148482304348
11.402225514071059
11.618636520003335
11.833206692261808
12.047066393103258
12.264205301300631
12.486827658504108
12.71116287475134
12.93674609061318
13.169934906915353
13.404006632655125
13.640703534680881
13.879234824027488
14.101424734841146
14.324646224725692
14.547765750801707
14.769757172425978
14.99376376411962
15.221616125102898
15.44986726865759
15.666638894690056
15.878004038066262
16.090387268417693
16.291733133803678
16.492326794488896
16.683824062777227
16.873682853105322
17.0592322131937
17.235874405470632
17.4018930705373
17.56842816613182
17.73478507058521
17.894164662253957
18.03960235914844
18.182576220261492
18.31464353471315
18.435328783503373
18.549935176707827
18.65785935333171
18.762154340359537
18.86240552059369
18.953401482509737
19.03826025933103
19.1180862467032
19.195166021189088
19.263592037706296
19.32254120620306
19.36959351516989
19.410549607616357
19.435900040201886
19.455896148176944
19.465163626577883
19.459420667314873
19.45635123924564
19.44717483906016
19.430477527748657
19.401734083909588
19.359653057264786
19.304805470258415
19.24156129680717
19.174762467655036
19.10299029332076
19.020122723022233
18.93530835899182
18.841762709706575
18.746059230907882
18.643192046527258
18.536258227322286
18.425491367949263
18.313724851179543
18.19382428831612
18.065830809946466
17.93431696414219
17.802832119343453
17.66792069063799
17.531099683605767
17.394076601609463
17.25546447834071
17.11421200234873
16.968180454708154
16.818263115974457
16.666908595953394
16.513064751296852
16.35775922686196
16.197523823889288
16.034448542507384
15.866819438338222
15.701842835201097
15.534071983529433
15.367208142836125
15.19590617673914
15.024639673951395
14.856408552803765
14.686012100115983
14.514644690243642
14.343714734135933
14.175793033590054
14.010558982028162
13.847907498274873
13.685387477004218
13.523887916931383
13.362477536686772
13.202894013501231
13.04419970071412
12.887876664858737
12.732255238695894
12.577917632905207
12.422891085198069
12.26874577921698
12.113901229751352
11.960592442366954
11.809590895526105
11.659495963843497
11.510122018397334
11.361189903763451
11.214142575084662
11.067900850123655
10.92170731741
10.776442987517973
10.632354031038219
10.489668189597461
10.347579831298093
10.206783197748292
10.066923343832112
9.928450582623512
9.791171185718886
9.657411128276815
9.52352344291879
9.391839337777464
9.263402802660693
9.138702849405473
9.016071870446734
8.89595321917058
8.777809730242913
8.660989353412237
8.545397943537404
8.431744079379023
8.321745591442356
8.212876915706305
8.106538703813706
8.002160214125965
7.899975012909314
7.799836199473378
7.700964283432297
7.6038943068574465
7.508552082820704
7.415041853886043
7.324022606117107
7.235634416059969
7.149708200984827
7.065680938921704
6.982723897711509
6.9017666690885635
6.823505949773889
6.74717664053351
6.671649730485422
6.597158062540028
6.524182885978787
6.452826381920748
6.384050193394574
6.317096019003296
6.252177710884189
6.188578337963998
6.126444220521384
6.067341047007209
6.012003307441688
5.958474583730637
5.907445532506844
5.857939435923045
5.808622595571643
5.76015353934814
5.713254470373386
5.6680450032080305
5.624441742144911
5.582411745041267
5.542387470808649
5.5034672065720125
5.462951171971253
5.424572078066172
5.387024751992628
5.350869584666915
5.315348229334416
5.2811816831063085
5.24782415047399
5.214149883161631
5.18022221244266
5.146557368379396
5.112901100612061
5.078957127455152
5.045669143006128
5.0135797027486095
4.982869152728294
4.953040107133465
4.922309264199834
4.89187854274873
4.862902251713754
4.835498520659507
4.809118277814127
4.784143676554503
4.758112613517454
4.731934563945723
4.706639610266703
4.682165332524383
4.658192640908416
4.633746361210875
4.607866155805047
4.582870433307926
4.558236468540117
4.533782172747125
4.509912473716646
4.486743837181896
4.464202856438549
4.441043462337253
4.418368325408474
4.39537640616507
4.370837424091397
4.346409552092091
4.323171105457152
4.299619095518495
4.275622291686349
4.251489508432881
4.227835704860668
4.203962666558523
4.180347416851541
4.157375499920846
4.1352749443435455
4.113867258825968
4.093034223740424
4.073129457850683
4.053584851106898
4.0335985398027745
4.013252782540286
3.9924712825853015
3.9729659340252517
3.954192291928071
3.935014474727957
3.915781992522627
3.8961474072101163
3.8752022534900292
3.8547793838119366
3.8347100406424586
3.8138406644533225
3.7928377188058477
3.771702378467805
3.750756396069254
3.7308226458973692
3.710697618868732
3.6902213758452858
3.6696727584692015
3.6497130027455285
3.629837706878135
3.609585602238225
3.590028765817798
3.570363644220683
3.551476743812431
3.5337693331351274
3.516354878043276
3.4996494330685244
3.4832710626695844
3.4675499616350556
3.451694564897076
3.4359791762391323
3.420864656527061
3.4061182160303902
3.391879570606707
3.378125937043701
3.364633120522625
3.351293207248213
3.3381744570235696
3.3251037750248713
3.3116057422903027
3.2984045097675017
3.285849392181093
3.272581220388679
3.258569923806995
3.2446192548293653
3.230429410825625
3.2164457120648793
3.2025666661012977
3.1892770432729622
3.1760116413290467
3.163328395589338
3.1509297209039913
3.138981733199425
3.127185707495724
3.115246747956711
3.103349936421556
3.0923211009593685
3.081936290509339
3.0714508697921774
3.0608270929273167
3.050546801328454
3.039982540131188
3.0293039404311735
3.0178654774550195
3.0064871402619486
2.99504276609411
2.983171896152796
2.9708463058119903
2.9586131218264695
2.9465758977553014
2.934763169330452
2.9228652454932442
2.9104359177213897
2.898039502361563
2.8856651510498144
2.8735172105660554
2.8623185656986503
2.8507229653182415
2.8386571989378533
2.827007570524623
2.815561646828802
2.803849075443382
2.7926486606177003
2.7818554675953022
2.771713750262844
2.7623557086102792
2.7534946354984737
2.7453917407029724
2.7372626636525204
2.729443778268079
2.7219230108037316
2.714576284899978
2.7071278722651275
2.700033268606723
2.693415440064399
2.687271043195479
2.68047846535102
2.673293158198688
2.6661197046226617
2.6594698168914688
2.653341474674901
2.6477594853588413
2.6426869226094594
2.6385111009133877
2.6350200573296356
2.633284124697083
2.633934525741984
2.636630840831767
2.641942197281298
2.64879713453985
2.658320896782384
2.670103486931615
2.683810156534513
2.699303782688581
2.7156479322965708
2.73491002812309
2.7554733992999845
2.7775179288893126
2.8009687539973918
2.8272935491340454
2.8564116489014553
2.889104804856949
2.924252058235808
2.965156869562569
3.007278109754717
3.05083717140714
3.098088930975929
3.1468206121171987
3.199581353692506
3.257304402640206
3.3175192291540747
3.3801736285662374
3.4447089933608077
3.5128639602817904
3.583459629751316
3.6555379830569863
3.7308317683205248
3.810109846125344
3.8924538529386887
3.9779661931648556
4.065918266384724
4.156500497857331
4.250082962643659
4.346616027482869
4.445394312445172
4.544625821355015
4.643872634844348
4.74454559296697
4.84397903349674
4.944446443282091
5.042661398042993
5.140657159480611
5.2404510966420315
5.341229509956304
5.445892657527503
5.5502886766967
5.653469253020714
5.757199011687311
5.863770925921446
5.968877447677603
6.073398748440363
6.175154145178017
6.277514826513745
6.374356500796691
6.475081493626877
6.577939408674689
6.6771067889598275
6.777398056516863
6.873551060052651
6.964151503172923
7.054740029426209
7.148032587786079
7.24468615877872
7.339763425298878
7.435054781177092
7.53223086221969
7.630782581617939
7.728348026566539
7.825144156082743
7.920421679058316
8.016047807203432
8.1124323556108
8.208428750574488
8.304708588973039
8.401845229562467
8.503960362224614
8.608409917252134
8.7143296981862
8.82364946231972
8.934194998706918
9.050749889260313
9.17113138770123
9.291564912693797
9.41104022104532
9.527643971635907
9.642487192773256
9.7607007335553
9.882059345344496
10.004255672895066
10.1296128952706
10.254292372259268
10.384023592474044
10.513112191631329
10.645791204342439
10.777509535733497
10.909399226358527
11.04688430127014
11.188756325175472
11.336583374293525
11.492201371297345
11.649907453615771
11.80549128690339
11.965584285404216
12.127436769633386
12.290619427905092
12.456091435317992
12.621805376906511
12.79098787909761
12.964192671472583
13.14387496140776
13.326455439546265
13.50895883927891
13.697660479342886
13.891599188874071
14.086958919255313
14.27541816468785
14.46385184688143
14.654629331744541
14.842916399104746
15.030272099744318
15.21391686753583
15.395569924673044
15.578886789764056
15.766147775184294
15.955886807521713
16.147546363021075
16.338806562579215
16.528156544129537
16.716730392056938
16.90709707848358
17.104956659328355
17.302361875779585
17.506588665470595
17.72010258666932
17.9313392744695
18.140180659198847
18.345519836015704
18.545168752627823
18.741370863741608
18.930470624192974
19.117350123234402
19.303371423415037
19.475700961010894
19.64617384623454
19.814043613584765
19.975041329953786
20.13219002349375
20.28221519687601
20.426348255498784
20.56171880398631
20.688899823458165
20.813825639188323
20.925370290825985
21.023730808328573
21.116207577580028
21.211847391393928
21.301148104578516
21.37802284175284
21.451740345496184
21.523193907980914
21.589392173729017
21.647885238690538
21.69859816192143
21.742690849609406
21.778894581495468
21.811026112820198
21.837721042768987
21.85949583776199
21.874007689239313
21.878045296728065
21.866261426840552
21.84416717942926
21.806111126596335
21.74156855472838
21.670085344598252
21.59396426911584
21.513108207701357
21.426351483740923
21.3324746261354
21.234388798951947
21.129152813909975
21.01616618412188
20.902396643581277
20.78216370192723
20.656043336631406
20.526968959772695
20.392643784405575
20.25479614079466
20.1117829159598
19.962199416284413
19.81043764679926
19.652915958094916
19.4952066609298
19.33771379261977
19.176876601139632
19.00545939636546
18.83087648169451
18.657511760268072
18.481259422357958
18.300506885998924
18.11797330730466
17.934880121379063
17.750625700145758
17.56193698911824
17.37284947497189
17.180849569820804
16.98597748077041
16.78901053754078
16.590516559924673
16.39220944042403
16.19674460406528
16.001973959806406
15.809203721499822
15.62567250332566
15.442513667410434
15.25775627866613
15.070336312988292
14.883598342141429
14.698245271414027
14.513405910338694
14.32992901296561
14.148269514825401
13.968496480365701
13.790113310343969
13.612949915213942
13.436464044376702
13.260864775743817
13.086287159864483
12.913040081048681
12.743824826184113
12.576073336423468
12.410518799781311
12.2470260828991
12.08394838794228
11.921522949967436
11.763541047765997
11.608170969171807
11.45465395059728
11.302707723639307
11.153182797381415
11.005389041184738
10.859897317592164
10.715875500151615
10.574927775569398
10.43540197841991
10.29692870159426
10.160306309600186
10.025355588833337
9.89298635606699
9.762026987179464
9.632718349412665
9.505789295766434
9.38190698648425
9.260395936590868
9.141440139237304
9.024948696053304
8.911562104922526
8.799893004341701
8.689743750878987
8.581266147878548
8.474131068855888
8.36905471605353
8.264534594094485
8.160729594655688
8.058284371625692
7.957337936230087
7.858203669864613
7.760612063117193
7.665104619425759
7.571155067568031
7.478235469633399
7.385050621364496
7.292247433048115
7.201997900292771
7.113991977541185
7.027554071589397
6.942112137000294
6.857577635484378
6.7730400958511225
6.6880228075424615
6.604243384546446
6.520961637990014
6.4389286660767535
6.357666345438521
6.277641034372965
6.199236868618347
6.122114948366677
6.046396754121806
5.971899610569686
5.899429785480107
5.82794931719511
5.757247742951603
5.686798065502158
5.616942384612403
5.548126964851796
5.480510863434958
5.413752151757018
5.348364079291963
5.283717256864975
5.2199139051493875
5.156781710493027
5.094074464895867
5.0327134081373135
4.973055666360707
4.914369240291231
4.856610110741489
4.799944609085978
4.744691858066551
4.690267984370777
4.636100144473067
4.582884175682706
4.531541639052901
4.481682271687068
4.432557131220607
4.384164129703792
4.336489965324318
4.290007128370935
4.244413124660022
4.200513109359305
4.158315139697481
4.1166474747766255
4.076101283132338
4.036070581962906
3.9970283632925776
3.958436320804266
3.9209611063666374
3.8840460600509217
3.847070651822554
3.8108216066082057
3.774274133737862
3.7386426870571343
3.7040461469243326
3.6708654416439734
3.638605470049593
3.606534738641172
3.57471229371696
3.5439758275569107
3.5137666926499804
3.484260775927477
3.4554979237947103
3.4277702138369706
3.4009905947058563
3.374880519695502
3.348779547919326
3.3234082784716734
3.298723263281778
3.274622451861892
3.2502353137950784
3.2258529509109004
3.2023745221000155
3.179368731441053
3.1568250187821363
3.134826771120976
3.1130791463958625
3.091494286179784
3.070372604061185
3.0489870530609346
3.0281039425306053
3.0074618723089594
2.987358773319182
2.9679440655103555
2.949264001738475
2.9313706079602015
2.913883299511478
2.8967320266135905
2.8791554459369686
2.8621142216638438
2.8460407069883744
2.830182530737676
2.815350017436465
2.8009540595419677
2.7863794214397144
2.771363671825314
2.756605087529041
2.7423244393442765
2.728610209406972
2.71451628141826
2.7004970580579863
2.6868372204898074
2.673218639939228
2.6597830360335943
2.646395025920279
2.633211177232588
2.6206140016558694
2.6078011141800777
2.5949277939766797
2.5824668983670804
2.570749486374902
2.5594530102527564
2.5482782171251537
2.537501168781383
2.526771303164648
2.5157685574924704
2.504865752041166
2.4943937862456225
2.4842447577183315
2.474554331570887
2.4650695664330566
2.455824199406004
2.446429644520374
2.43716351986795
2.4274667305385638
2.417624535122799
2.407986738414504
2.398589561702662
2.3896866673169277
2.38087349605264
2.372296910975791
2.363999047402536
2.3555148344354633
2.3467378515404116
2.3384335166245167
2.330620552972732
2.3231681713417833
2.3160025449882546
2.3087689248888914
2.3022734312222055
2.295940357663602
2.2897733102413
2.2852531586766758
2.28138619289214
2.2785171440289766
2.276221289457276
2.274508303849898
2.2739448168269583
2.274233336714019
2.2751037540303813
2.2768725946367616
2.2810669052441748
2.2860374528736265
2.291468194360184
2.2977702469142622
2.3052370295181985
2.313610698351011
2.3223438529962936
2.3329958921618674
2.345390606368719
2.3588749679936796
2.3734889845070404
2.391303885643652
2.4126944446717564
2.4358692640153246
2.4599820749084587
2.4850757609898344
2.51239615545148
2.5419105851950135
2.5745749872513635
2.611554970406902
2.650330126796873
2.6916550771460117
2.736763926177629
2.7838963310971456
2.833884304155885
2.88515817427
2.9381433246042974
2.995386865149679
3.0552503874183707
3.1169125008315754
3.1809713345743265
3.2462037014643976
3.312861402888557
3.3807980153641766
3.450733695614963
3.52220638943112
3.594234271749438
3.6674763439601334
3.7422642634551266
3.8224995052757555
3.9044191378058413
3.988209324664872
4.073555668389397
4.162409368945489
4.254220904381562
4.348126427360581
4.446996884911561
4.545194873350388
4.64492968193274
4.746576360398424
4.851512455722507
4.954371619268288
5.053546677079594
5.1528119421272764
5.254852074363248
5.362030461485192
5.471397292311326
5.580229367534399
5.688334197247097
5.792034241578633
5.897453840921007
6.003201079272856
6.106815000975597
6.212129767345206
6.316245963844793
6.4215618080207495
6.527216342500047
6.628976765703153
6.731347465310472
6.8348477237324605
6.937804385760654
7.039855061764774
7.141733908773801
7.243640518669713
7.345529597673649
7.44741508014142
7.551256931779244
7.655456240368008
7.760076084052922
7.856950360703655
7.9480608239577695
8.039812960488609
8.131932850534124
8.220065918024531
8.305715924421403
8.39032235861932
8.469406860731274
8.550026763925652
8.628992721716433
8.706534359345335
8.780749226583906
8.856137898025569
8.932917742586557
9.01199494141861
9.088830951277604
9.158666976776985
9.224379738723702
9.29206057366487
9.362494818019375
9.433600811423705
9.503140328334421
9.571691267043928
9.642381272829052
9.709649439437227
9.778128079301828
9.8461737042762
9.918720461199323
10.000183553642524
10.080252114207227
10.164120524907208
10.24887738823117
10.335525141340923
10.424455127635927
10.513490764488195
10.603129806902968
10.693492753443246
10.783081260912338
10.875153923998685
10.971978139436674
11.074040008264234
11.184287177797032
11.294691258925525
11.409515922314633
11.527767068371299
11.646619727971864
11.769075884433574
11.899093220079454
12.031073476939536
12.165465511956333
12.308258634087773
12.453807666808268
12.602113996435218
12.755447357880964
12.908179836964504
13.065145392030933
13.226940435431255
13.391168464347249
13.554066931665073
13.714535088811193
13.87765641015962
14.041897977261334
14.207073112957062
14.370436029958455
14.536105317918668
14.701138151336863
14.867927974561647
15.02850107024948
15.178329958410481
15.328271385762815
15.468681206719708
15.607707826273236
15.74465755100115
15.878365175420214
16.011651074803304
16.14347741999514
16.274018086808827
16.403019017347496
16.526234251016017
16.637530687476083
16.744258244673667
16.842984686191024
16.93703590191599
17.02115915988797
17.101153559858183
17.17980731302533
17.251086455197086
17.311895971420732
17.364435720745554
17.41132022044574
17.44088385746133
17.464791072674295
17.481648507926348
17.489659107543147
17.49247280086218
17.486493730453606
17.47326712127247
17.456044652980296
17.434844038941165
17.405795152952017
17.371345251704906
17.329891348050204
17.2834630836824
17.23248704123147
17.17899377352472
17.121719255011595
17.05727511011001
16.98775362053157
16.914973111186278
16.836631355662508
16.758764786699963
16.676279536005314
16.588141563101622
16.495925656933434
16.40035707631269
16.301619688311575
16.198424371716392
16.091164125121104
15.981908461448793
15.874271774194312
15.764473541052684
15.653333071193407
15.542945929009097
15.431994444927579
15.31900381645346
15.202801969760817
15.085807723108383
14.96820979688039
14.852151261044678
14.735140500724622
14.622894959951484
14.50957247636303
14.394256846260935
14.278522233587825
14.160821635322023
14.043380890489038
13.926538907565671
13.808140049857869
13.68878100974273
13.572118443474404
13.454945510220423
13.339282616287147
13.223566855188006
13.108017906999105
12.987829055885381
12.865853521459224
12.743543126193554
12.623641769487103
12.505567334714865
12.38779779624466
12.270217727095993
12.153552194431626
12.038595222005451
11.92436875881798
11.808403442697715
11.69006322653053
11.572089292727181
11.454295846420205
11.337106373458544
11.22019902610629
11.103622486673217
10.987777397994545
10.868210172962698
10.750460462118756
10.633151052759366
10.516002012825947
10.399009559158431
10.282713993223922
10.165282473707979
10.048006756104579
9.930634505870287
9.81401470571586
9.699617046327996
9.585221295453977
9.47282889864654
9.36123048251059
9.250615052962557
9.14118873061891
9.032143627228255
8.923300754555106
8.814893307714543
8.706949551312352
8.599526687795471
8.492391884895214
8.388114176867626
8.285424271930918
8.185077218694165
8.085427618307506
7.9870061452544
7.889318043478669
7.791680283153579
7.69443165026679
7.598077032121992
7.502802534272135
7.409371518657089
7.318394487011929
7.2286182659627
7.14027122402572
7.053377863439829
6.967269586342036
6.882070180754044
6.797299556120256
6.7153855901581405
6.6332449747616264
6.551522413130478
6.470874785427621
6.391474970511143
6.313871741449451
6.237852342125938
6.162873456189756
6.089360672505291
6.016701875415086
5.944618511742
5.874312029689856
5.804628929160546
5.736055374839383
5.667792630693715
5.600091520042435
5.533458055084661
5.46823631013323
5.404002288404472
5.3405102971090574
5.277820356006435
5.216578285806238
5.15586988801173
5.0960609085319515
5.035879816158885
4.976055831262703
4.91726119479988
4.86030819138242
4.804635469136572
4.750016643170724
4.696171922904474
4.642821246095022
4.589809506517726
4.5373689386950655
4.485234834044232
4.433519806804735
4.3814940037459795
4.3305965656870935
4.280776766627566
4.232096730165766
4.183870480456424
4.137013724432163
4.091820891537035
4.0475419293232715
4.003977351384544
3.961309155249745
3.9195151104116306
3.878675718237905
3.8384969863926366
3.799409272161791
3.7611857709169216
3.723600950572282
3.6866862708650543
3.6502884269617155
3.6147066543639483
3.579955279779911
3.545944877277877
3.5123561511856254
3.4794197861282363
3.4472269274430274
3.415701498867287
3.38478359624776
3.354708237274835
3.3251340138178365
3.2965998650992008
3.268635259273694
3.240895275823161
3.2131071350705818
3.185869462910957
3.1592048843791467
3.1331620872194694
3.1077786188799097
3.0833734096156062
3.059730248193354
3.0369338772568555
3.0149212017166818
2.994054197082252
2.9735891072815344
2.9533521005539853
2.933752372140634
2.9151884219366107
2.8972071450846064
2.8784809062976615
2.8600051722585795
2.84180399368381
2.823321150702664
2.8051928908845123
2.787427435913476
2.7704022645268527
2.7530468775492536
2.7359913973523224
2.7191649723364892
2.7026374699589923
2.686635854030225
2.6710255666356053
2.6556415797499793
2.6406660892929694
2.6259757181151735
2.6115105816868294
2.597320585392043
2.583649930454231
2.5700868359468023
2.556542757378312
2.543389758018486
2.530588227359396
2.5183379523644644
2.5067581499663403
2.4957648328343587
2.484809788043966
2.473667299757481
2.462535097112853
2.4516732727413877
2.440878804649503
2.4302286773867614
2.4199636976198917
2.4097427624573102
2.3995695378702395
2.3894193733834417
2.3796570890377025
2.369957791857054
2.3600757351986994
2.3500029837262133
2.340602387673875
2.3315610885620908
2.32298214071933
2.314794671664656
2.306744532035529
2.298828460797766
2.2903202063626047
2.282458054646978
2.274682763084198
2.2672252928666916
2.2602264393723783
2.2532427558034622
2.2462631708919303
2.239104000499553
2.232030306973884
2.225289662102627
2.218709222419398
2.212171885408382
2.205497723028651
2.1992774170812996
2.1933846028227957
2.187574650274942
2.1820170227528037
2.176652066379705
2.171081517904475
2.1652262614927986
2.1595739158969733
2.1543843246980607
2.149460614707162
2.1443614522498624
2.139252832511089
2.1342709224927607
2.1289868321816634
2.123872804135724
2.118698793562358
2.114244402639187
2.1094927788809033
2.1044861099555634
2.099588392564518
2.096018670702284
2.0926826768702895
2.089179044992502
2.086237298731842
2.084075379066965
2.0824106486038674
2.0813113647470396
2.0809842014379507
2.0807996776134106
2.080842915415328
2.0810786585691963
2.0810352525594427
2.0810460775734954
2.0812492309515322
2.082313797096184
2.0836214959580426
2.0851176753521123
2.0867400523885498
2.0898939820196563
2.0934838132872478
2.099066514584055
2.1049027069529522
2.1108726559693523
2.1190863718594386
2.1284210724108563
2.1396606642988694
2.152485594869086
2.1662182713984657
2.182299980058364
2.1995842711791616
2.2179945125417495
2.237756051790634
2.2586462286265885
2.2814292811977404
2.3055514603001632
2.3309602603134114
2.3574316698703113
2.3863569850312354
2.417332292065456
2.4502740190429924
2.484735432463492
2.5211458784896355
2.5591722197192976
2.5977209691965797
2.6378597349394517
2.678782857112447
2.7217223156562707
2.7659860699332453
2.8118555458925334
2.860045225303696
2.9096639229042593
2.9609510940288724
3.0138317277226827
3.0697436211603177
3.1283794858606333
3.1914189285982553
3.25802074994962
3.3273625238743456
3.396785864742943
3.468139754698491
3.538112875842157
3.610928309067752
3.686017558117303
3.759480179121123
3.832499515425215
3.904403416926537
3.9774329403186632
4.052155677967863
4.124756653393172
4.198066814698388
4.272576131974155
4.347578026321651
4.423299843834245
4.498886777558248
4.57498673357528
4.652434569164029
4.729118887420742
4.805459432638372
4.880973092990183
4.956425643699705
5.029538497093338
5.101757407424084
5.173987765877621
5.247088514085612
5.318842933766335
5.391756825440125
5.463809986532223
5.5379985524130575
5.611903726596493
5.684504010327096
5.75737174786687
5.832063640080884
5.908958756172035
5.983525922338029
6.054991135731872
6.120109069106964
6.18061012944157
6.2388577500151525
6.297765565769818
6.355407232028718
6.414527328973594
6.471616317261011
6.52812661816062
6.585308435605529
6.644111832311796
6.703800387645424
6.760920663407068
6.817051855756375
6.875048956289177
6.932211591391663
6.989039626521963
7.046443494874694
7.1037727435345674
7.160569671177181
7.218281095654558
7.275209490375124
7.33430085859136
7.3916553248359005
7.4504127180508615
7.510932127486685
7.573659333574392
7.638267780532715
7.703291541254873
7.768669371589345
7.833926083941165
7.900192664029666
7.966279920711135
8.030218738865111
8.094641878597274
8.160473247514409
8.226966223253195
8.290873812688803
8.353984937265823
8.42150338430084
8.493330004114982
8.57649000359576
8.665411722351285
8.760098224630777
8.855236759544567
8.959330320992262
9.066552915523937
9.176057501305962
9.288509100285756
9.402110207783828
9.517310348561029
9.637320255828175
9.764394980300008
9.89604917178687
10.029928159096887
10.166319177773484
10.304823001836324
10.444509351433464
10.587252869330342
10.733643587647519
10.879648680852487
11.031292929678319
11.186669438415672
11.346893183710103
11.507169569323176
11.66611767318891
11.830497226098796
11.994843762825814
12.160908327257042
12.327554370279561
12.500258944711371
12.67306576192312
12.852848389795671
13.033049271126231
13.216995126140128
13.403243797419531
13.59068421139932
13.780403498630019
13.968362746506727
14.151879803791966
14.333035990141564
14.500571134567437
14.663414662754803
14.818951126772266
14.97241302712263
15.11142869716711
15.245800278508725
15.377171182131963
15.503713396548665
15.629299802523667
15.751306181302132
15.864297499183355
15.967916352749224
16.062192019327576
16.151908215430787
16.237928600264528
16.31902298474383
16.396031742321657
16.466774588754063
16.53143172206637
16.592596915504547
16.642016156102002
16.68037561826727
16.711965179301497
16.740707426729216
16.76474962786844
16.774375934407292
16.778657871285464
16.777619905539954
16.771614964332805
16.755253264958622
16.731585193802516
16.691780459584173
16.648667971573865
16.59542931126743
16.53257153992671
16.462996876123984
16.38808877956535
16.30810662424377
16.223634034530516
16.132485083944097
16.043147039651267
15.950791893279888
15.856198421486079
15.758568205314157
15.661871093355336
15.557848508891652
15.45044054777971
15.339386114913856
15.223173460290184
15.102772005960592
14.98260071766845
14.862851540785737
14.744234362208198
14.621983704093072
14.497107171576346
14.370575701214552
14.24108990180223
14.109619495850534
13.976215862375392
13.841491440482491
13.707491341330392
13.574310298326694
13.439992343950205
13.303280572235291
13.166106207046647
13.031978922186038
12.89698393431787
12.760879878912371
12.624100810022473
12.488096677253772
12.353393135954642
12.223553887731303
12.090555450328107
11.959010201477847
11.83071021466738
11.702046024547503
11.573850875811534
11.447664685695552
11.322752601457319
11.200317840139757
11.077663064126385
10.955363903622752
10.833879902122158
10.713799075694547
10.594963166168993
10.480488774877367
10.367119080653069
10.2555947818454
10.146075391206807
10.038253717175877
9.930284970734732
9.82128003535759
9.711710990231435
9.603608227612416
9.496361438273746
9.39010046297783
9.28575405073116
9.182978627531552
9.082217515464896
8.981931761085862
8.884220064408302
8.788272367512038
8.693765464653172
8.600496802552694
8.509286757886944
8.420263377002266
8.33327512122141
8.247544739763518
8.163277924353707
8.080342914517232
7.998080462243337
7.916799443003671
7.838740523334825
7.7624400178394755
7.685500115678896
7.610517676739853
7.534759054826226
7.459308311316944
7.385532181147395
7.313679436460165
7.242725826405447
7.173116225368426
7.104803465390288
7.0366148020265555
6.9700096549140085
6.904477060478044
6.8397864555859815
6.7763321485491606
6.713016155550039
6.650350633632565
6.589260259450204
6.530798623448493
6.474837086956848
6.420742911603955
6.367269161953229
6.314208408582127
6.2623219336564935
6.211371241041411
6.160593994232503
6.111014776323504
6.061535663259744
6.012990701865292
5.965298685909046
5.918345673958932
5.870829028246867
5.824909306158473
5.78027915027131
5.736197577901126
5.692139926876548
5.649126256840151
5.6073270757849745
5.567187673837601
5.527613599933902
5.4885981873812755
5.451129638401655
5.415089634446375
5.378687153164321
5.343581864362438
5.309115832903538
5.272584002582354
5.237564722745171
5.203457257799472
5.1708610840669955
5.136255018292135
5.101090630227072
5.0671902851801205
5.034266091996571
4.9995989274241435
4.966555357304694
4.935845294812376
4.906411386773577
4.876069693965381
4.843292877996133
4.80974418606638
4.777410911494938
4.746083118515088
4.714423160170672
4.684190036788347
4.65478208641573
4.6267445585913025
4.599758028024935
4.575159876862308
4.552584606566671
4.533025872133552
4.515501879369441
4.489932141156556
4.457293706220185
4.427657173448498
4.402008451634529
4.371810478067554
4.34308962085313
4.315983448597143
4.291570722770007
4.273803187878691
4.273693455533268
3.714846714732279
3.7072583354303617
3.698901875079262
3.689693443681314
3.6842997642944306
3.6777455556812413
3.6702084334826344
3.66025756066533
3.6564805868158237
3.654841767666674
3.651560449310353
3.6472750466379398
3.648596080111302
3.648257182907606
3.643802854839295
3.636877973790932
3.6328654219267698
3.636681439128975
3.644272330169748
3.6511883276306163
3.6584877132953864
3.668754574560334
3.6762303338481974
3.684487376772533
3.688974035224035
3.692353132978133
3.685171505844583
3.6661473364598365
3.6263273973501247
3.5719146825396826
3.572960758377425
3.641108630952381
3.7014455782312927
3.740972222222222
3.8725
4.046875
4.291666666666667
4.6875
5.375
