8.272939,-3.4974518,-1.5017865,-1.7980374,-11.551662,-14.789277,10.132915,10.184511,-9.466617,13.374346
9.796815,-2.8118525,-2.929817,2.2379591,-12.242206,-17.869595,7.1482964,12.477198,-11.865535,15.379192
8.026487,-2.419937,-0.5366884,-1.5614357,-7.8505898,-14.374897,9.63513,9.170856,-6.092839,4.7594967
5.295743,-1.1386235,-6.029441,-0.85484916,-3.997554,-12.790321,1.9970019,7.666004,-7.4141026,16.024673
8.031947,-0.60496247,-5.4171467,-2.3898678,-8.467948,-14.287882,6.7137713,9.421543,-11.261988,16.91093
7.9760485,-2.3439033,-5.2383847,-1.8369365,-9.24077,-15.08192,7.293118,14.501994,-10.99527,14.236371
2.59195,0.30773118,-3.1934774,-1.0941213,-6.454018,-10.384253,4.7627788,7.788333,-7.6183853,12.450689
7.993582,-8.625678,-3.577797,-1.3105083,-10.666899,-8.313777,3.669306,12.808783,-15.244235,22.204346
5.0587263,-6.270482,-3.8356156,4.2117496,-4.429912,-14.6092,5.510873,12.143434,-10.057043,11.050175
7.6796083,1.610676,-6.397959,-2.566567,-6.378858,-14.723591,7.236717,8.152808,-11.3166895,16.119915
4.4779453,-3.5279791,-2.7956102,0.90680665,-6.725199,-12.659753,3.4010239,11.569634,-5.894874,10.147387
8.329559,-1.1585772,-4.262403,-1.4629197,-9.29335,-13.115955,5.5439997,10.01667,-8.822549,13.005156
10.30287,-11.031189,-4.3488092,1.8161726,-10.572275,-14.255977,9.521238,19.076662,-13.024792,11.239183
8.360223,1.8102701,-5.5799747,-3.295744,-7.293613,-12.088688,5.6204257,4.044528,-8.432618,15.8098955
6.920118,-1.456606,-7.116164,1.8620174,-2.0413163,-13.23455,3.5545802,7.3218446,-10.552912,13.952892
3.701477,3.5996351,-4.7722034,0.29678172,-5.6860185,-11.947571,1.7176127,6.57233,-9.551905,15.706976
0.65181816,4.6923,-1.8864383,0.691827,-4.1697927,-12.788696,-1.5477171,3.2385702,-5.8540745,16.088816
1.7130275,2.7416716,-5.8676386,-0.080050945,-2.8570635,-12.210729,0.87832534,3.5373905,-8.656491,20.985577
3.631075,-2.9717326,-6.9776077,4.1852937,-4.484354,-13.124313,0.33894086,13.176179,-13.27002,18.91129
1.2083716,-9.990868,-3.5788965,6.6155767,-2.204248,-14.650913,5.3771076,14.641085,-11.769148,13.359694
-3.1883209,-5.4379535,25.808344,-6.750309,-16.346352,7.3283243,-2.172679,-4.4855394,23.741917,-18.342754
-1.97094,0.13812488,22.713516,-1.6282548,-14.987049,1.9044788,-4.438725,-8.007579,26.056461,-20.570007
-5.201122,-3.1043699,27.73826,-7.4249845,-17.826557,10.44294,-2.9517913,-6.421691,25.892569,-21.428947
-4.9310637,-7.113647,33.478233,-4.359742,-23.10672,5.439448,-2.3568728,-5.5531807,25.879713,-17.760786
-8.974469,-5.4705644,32.025795,-1.9249159,-16.307419,3.6322277,-1.2117312,-6.1305017,26.174492,-22.45753
-1.4925934,-6.5537868,31.705204,-5.226719,-21.746738,1.9344788,-0.80169505,-4.9209585,25.032978,-18.295868
-4.4366326,-5.3905582,26.045336,-6.5490417,-21.176243,1.5705051,4.890166,0.38489538,28.014414,-23.645412
-2.7525637,-5.0416284,29.913425,-8.215486,-17.008133,0.25627756,4.1244826,-4.4864907,30.078619,-27.062416
-2.6948304,-5.466659,28.182365,-5.6618137,-17.994247,9.926033,-6.5613046,-7.939098,28.430222,-20.34279
0.6730342,-9.594772,29.878407,-7.130874,-21.50792,2.470579,5.7515473,-1.600147,29.670101,-28.898815
-3.6299586,-0.831869,26.166624,-3.756498,-21.44904,-2.17201,1.8946663,-4.714481,29.80798,-21.016539
-3.7121518,-2.2286706,29.54398,-6.345131,-19.42649,1.0852293,1.3287563,-7.456215,28.62864,-21.46454
-7.41692,-3.7487512,28.100286,-0.46891946,-20.761936,-1.1710197,1.2260869,-2.6399288,28.229536,-21.456713
-4.675658,-11.617764,36.714954,-3.1281967,-23.693668,-1.7460676,4.963665,-2.3769195,26.096703,-21.27659
-6.046535,-4.369559,29.537989,-2.6362042,-19.641119,0.04662317,0.23310566,-5.4449825,30.973013,-23.081078
-5.265636,-1.0777974,25.664125,-3.8290586,-15.753714,3.8837173,-2.8752627,-7.956147,29.707596,-22.950268
-10.5527525,-5.2990155,30.156336,-0.6232142,-15.8811035,-0.9230093,1.3383672,0.746562,27.976349,-26.871233
-5.141831,-4.8942513,34.34585,-6.132502,-23.322332,0.51997685,2.9334881,-5.2118497,29.87612,-22.949797
-3.992248,-5.732107,27.688587,-4.4798193,-15.946724,4.6148844,-2.4909415,-7.3501444,25.299274,-17.637777
-3.5100152,-5.81916,25.198023,-2.3378978,-19.100653,-1.7002432,5.4938755,-1.0732576,21.575672,-18.969849
5.691639,-3.9774404,5.140873,-1.4360673,-16.122223,-21.251997,28.88647,12.286131,6.648943,-16.41988
5.133089,-6.867086,2.1781464,-4.151073,-15.446453,-20.002409,34.416363,13.973473,4.2714033,-14.350821
7.7226787,-5.613859,2.8794022,-3.6966982,-15.271897,-22.592306,32.14583,14.739157,-1.6470909,-9.489872
6.4190435,-5.0801706,0.8417876,-2.3433285,-13.908268,-23.125164,33.65009,15.544348,0.8521918,-13.334096
4.729847,-9.112978,5.381433,-4.818875,-15.425467,-20.064266,34.53091,16.225052,3.1996922,-15.644943
7.9355984,-10.367597,8.05172,-4.7126865,-20.405655,-16.192188,29.75139,13.79632,3.1557913,-11.195269
4.6292343,0.96166766,-1.2932206,-3.5056982,-12.053734,-19.068602,26.476841,10.870375,2.3025723,-9.440208
8.542517,3.0466037,-4.1751027,-4.28445,-7.281559,-18.233156,19.728565,9.382186,-3.9627864,-3.263257
8.848409,0.6372626,0.12427026,-5.363283,-13.464394,-16.946486,23.070747,9.570543,-0.39335364,-6.1951656
8.294576,-1.0015422,1.9760714,-6.121435,-17.64784,-15.40734,23.290926,11.358522,-0.98022205,-3.4987948
8.843193,1.5006633,-0.8237991,-7.3846917,-14.51342,-14.888674,24.591831,11.603209,3.2529602,-12.154886
4.468254,-6.852836,2.367629,-1.7966683,-17.634306,-19.353422,30.621523,19.353714,3.5226357,-14.808455
9.114909,-3.8514886,-2.0520897,-4.8385835,-13.076231,-23.584215,33.932213,14.057001,-2.160824,-8.05553
4.6582527,-3.0684972,4.321233,-4.843627,-15.011188,-18.913603,28.715597,10.368514,3.8810763,-10.858982
4.1375365,-4.7353034,1.1140203,0.030199766,-15.501688,-19.795122,28.022804,18.051735,0.74107873,-12.201638
2.225511,-4.0335793,9.622252,-5.140184,-14.566586,-11.449245,16.942371,7.8066077,8.885788,-10.993772
11.08248,-5.3172646,7.593423,-8.653887,-16.761488,-14.823132,24.398394,8.254663,4.6511045,-11.043973
6.6660566,-9.937803,1.8658526,-4.3288383,-12.112768,-15.414236,29.41361,13.028564,-1.9965978,-7.5712457
7.2886353,-3.2518106,1.1489553,-0.05235243,-14.106716,-18.290115,21.569195,12.460537,1.5870318,-8.854366
10.866762,-3.59718,3.5694027,-4.9746017,-15.167753,-17.594934,24.674276,9.000733,4.4540644,-12.021282
-3.9670043,-13.620803,5.1092615,20.560295,-12.367447,-15.761932,9.366169,18.077646,0.7212122,-9.269854
-8.894094,-8.892553,1.7312918,26.474567,-5.645459,-17.640478,1.3053169,14.584053,-4.3188214,0.39783
0.38854134,-9.940521,4.0622783,14.768914,-10.036137,-15.7202015,8.242321,17.029108,-4.1217747,-6.1694546
-13.747482,-7.2305956,8.122593,28.550547,-6.002219,-18.957407,0.5385801,12.652303,-0.89595675,-4.637241
-1.9409786,-15.099697,12.045366,12.3793,-13.521293,-16.648134,10.919292,16.329304,3.263368,-8.346247
-7.000329,-5.9770546,1.9946713,27.193533,-1.9073267,-16.390144,-4.2327075,10.261694,-3.6796656,-1.0436945
3.832141,-12.697514,5.6920996,14.412515,-7.6256022,-15.202074,5.466451,12.333347,-4.9279613,-1.8682723
-3.4572515,-13.753103,10.885923,14.43409,-9.235343,-12.62183,4.930444,13.975356,5.9276695,-11.359025
-13.438216,-6.3607244,3.7468061,31.554298,-4.8507166,-16.05838,-1.5722327,11.543568,-4.331982,-1.0961612
2.4143207,-9.221501,9.037358,13.634083,-15.020164,-14.012395,2.9483786,11.0503435,2.2050755,-2.9119878
-4.122496,-9.294062,9.837215,13.920842,-13.215645,-9.72271,1.1279852,11.56715,6.080366,-6.4455404
-2.6076841,-5.467969,7.9728074,19.702524,-12.767983,-12.133335,0.20343387,8.782693,2.0974493,-5.828964
-7.2674723,-12.690716,10.908732,25.34301,-10.470436,-17.783234,3.6720235,13.920035,1.415242,-8.05533
-9.7298765,-5.4845943,2.8922315,29.059212,-5.9674873,-19.484806,2.1977026,12.303801,-2.9051883,-4.6575685
-4.897259,-12.08923,15.020759,15.66827,-9.981423,-11.891413,0.35868716,10.624996,6.1567965,-10.002363
-3.964116,-17.425278,15.039013,15.29835,-14.709238,-12.073567,5.795525,13.3272295,8.122419,-10.046097
-7.546646,-9.03578,7.113261,25.39787,-6.503599,-12.751999,-0.9279586,8.757591,-1.9012055,-3.0358765
-6.755067,-7.853423,5.12026,28.890823,-9.172842,-17.00541,1.7019287,11.20997,-2.3151255,-4.837549
-7.2468996,-2.0541105,0.46751344,29.61175,-5.627801,-22.787945,2.9901152,9.554569,-1.8239415,-4.6559296
-6.7028503,-11.456395,-1.0194253,23.7923,-6.3913555,-21.278044,10.808929,20.297825,-6.124935,-2.8872962
5.0959783,-9.412346,9.177132,-5.7142634,-17.585857,-13.158199,24.61641,14.308027,6.415875,-14.248581
4.4703526,-11.332851,12.493579,-3.1200635,-20.453222,-16.135365,24.82351,18.7339,12.255515,-22.252993
3.166099,-12.555453,8.238983,-2.4985766,-19.27099,-17.075321,30.617702,20.417416,7.960585,-19.18739
2.3221583,-11.344865,15.00271,-1.6483282,-19.176682,-13.551865,21.88033,13.855675,10.351353,-17.682522
-3.5576928,-15.297517,9.120342,6.7714987,-19.06581,-17.853819,23.373257,26.361364,3.2373202,-13.591597
0.8376155,-13.4312725,11.889241,-1.1817724,-16.806837,-11.492179,20.743858,17.713764,7.662771,-16.169832
-1.5238757,-14.558965,11.877279,-0.43398923,-18.13832,-16.96538,27.500448,20.743359,10.052715,-18.634972
3.6405823,-10.676087,8.047458,-1.1911461,-17.905312,-11.395231,15.868224,19.223808,4.006853,-10.048311
1.3813232,-9.783379,11.534844,-3.8712366,-16.275932,-13.471139,22.005144,15.434983,9.466699,-16.547356
3.4724984,-16.075377,7.7477884,0.4536803,-19.866266,-16.675877,26.621216,23.889553,3.5821636,-13.664557
1.3539313,-8.004488,5.59657,-1.1370108,-19.27872,-17.27879,28.110315,23.174765,5.2642713,-17.904148
2.0868273,-15.818352,16.531662,0.41063023,-19.998583,-13.164359,22.701204,17.295982,5.8990893,-16.670553
2.9126034,-11.061361,7.3369565,-2.3923893,-19.38161,-14.935892,27.280733,16.758032,8.419696,-15.157983
2.569283,-16.175117,14.339468,-3.2824943,-20.637247,-12.825647,25.66269,17.686068,8.656173,-16.572277
1.2661555,-13.458567,7.316157,0.5108483,-15.137716,-14.249528,21.338821,20.31431,2.9013555,-11.753832
1.3010409,-11.605464,8.70038,0.5353483,-20.94241,-15.095367,22.274137,22.944338,6.6905293,-15.029456
3.381238,-14.055645,8.592944,-0.3619454,-16.917055,-17.617311,26.421062,20.522991,4.4684825,-15.085122
1.9815335,-12.705396,10.455792,-1.4605932,-22.457964,-13.035503,23.225338,23.713062,3.3050182,-12.822058
1.7956206,-11.14822,12.348004,-0.8839407,-18.14414,-11.420889,17.972157,16.747942,10.532276,-18.452875
-0.19869602,-8.28744,3.2453542,5.1081405,-15.8114395,-16.474316,18.905762,19.986567,3.0439646,-9.90596
42.21459,-4.5971756,-4.0648613,-12.897996,-12.32498,-9.477715,3.8472052,0.8302138,-4.720373,0.26409054
32.89158,-9.196636,-0.81287426,-14.166366,-11.453129,-1.7878354,3.1032345,2.2207558,-3.722699,2.1785421
28.74566,-3.0132687,-1.3523324,-10.238874,-11.9286995,-10.96066,9.086429,1.4379035,-4.64302,2.007181
32.600018,-4.454083,-0.2950294,-11.28191,-12.455285,-4.036091,3.3678389,-0.14014465,-3.2479804,-0.74437237
31.21197,-1.9258125,-5.491995,-10.070917,-11.682778,-4.938923,3.019128,1.2991638,-7.179645,5.1955776
30.340519,-8.266673,-2.3076186,-11.793625,-12.354822,-5.628786,8.728837,4.993509,-3.6562881,-1.2577137
34.496437,-6.200226,-3.2360265,-8.701148,-13.252661,-8.573277,6.0072093,4.668739,-5.575915,-0.31054434
34.262398,-3.81398,-4.4126296,-10.885377,-9.427257,-6.869842,3.7883053,0.11238831,-6.967772,2.9028203
26.66142,-10.82169,2.3009424,-11.99455,-13.823986,1.5828264,3.3593566,6.6213045,-3.5780032,-1.3528008
35.19999,-0.50269836,-5.5201354,-11.22292,-11.825352,-8.515429,4.844799,0.8892199,-6.251228,2.627085
28.098377,-2.5786266,-1.9836332,-12.003898,-11.191988,-0.6466089,3.972162,-0.6582426,-3.8104558,0.03186524
31.948223,-4.051203,-0.08668584,-10.313149,-13.279346,-3.4815502,3.4606466,0.48134488,-2.4960384,-3.4913068
34.612083,-2.9098043,-4.7923975,-9.319359,-13.02888,-8.078615,4.6959352,1.9142916,-7.781769,3.4822645
36.23416,-0.9801804,-5.0707555,-9.5174885,-11.476946,-12.271579,5.952953,3.149289,-3.340164,-4.251855
34.974495,-3.1017265,-0.58796257,-12.35137,-14.127771,-9.576106,4.9426117,-2.1826813,-1.7033087,1.9336243
34.04683,2.515028,-3.9981036,-10.69026,-13.347496,-10.265719,5.0353303,-0.7582653,-5.855941,2.4932094
34.99092,-6.503757,1.7848401,-11.638755,-16.519096,-10.308338,8.914505,1.8091319,-1.9990635,-1.4757842
36.15844,-1.1295022,-2.7078445,-11.617713,-12.71343,-11.073885,6.991773,-0.25211716,-6.5587354,2.012282
35.032997,-3.0339112,-3.1243775,-10.337735,-12.088614,-8.486462,3.0081227,1.350392,-3.8764198,0.61690944
27.450449,3.7698412,4.4634805,-11.012632,-17.429605,-13.587269,9.456784,-0.3977931,4.9750423,-8.443942
3.1401129,-2.2938209,5.49245,-15.61012,-6.553221,36.937164,-16.133408,-11.322061,8.642042,-3.0756814
4.483309,3.2219362,3.8909662,-10.174264,-0.73424387,16.888903,-11.549081,-11.573408,11.775047,-7.071419
-5.2046037,-2.6149328,4.4303837,-12.18238,-1.1756988,39.0474,-18.259262,-9.944338,6.007188,-0.45943618
-1.3569651,-12.04571,9.013984,-15.587795,-7.0487337,44.731277,-13.734619,-5.7489195,8.506846,-7.0325494
-2.9601426,-5.1027236,10.905896,-13.837055,-6.635764,39.981556,-16.51551,-9.076521,11.824197,-8.969235
-1.2552452,-2.1883092,4.620014,-16.091566,-6.0846415,38.3563,-10.590792,-8.339871,6.561432,-5.309565
-0.46812713,-6.2494917,9.6716175,-14.212772,-9.386517,40.378334,-15.612731,-7.655706,10.594862,-7.671658
1.3362138,-6.8388906,7.0864887,-16.03319,-8.607724,42.404972,-15.025407,-8.3048115,8.797024,-5.2130184
-5.063935,-3.4672265,8.347523,-12.734242,-4.4106293,42.38547,-17.762249,-9.426233,12.3137,-10.6805105
-2.319854,-0.24653888,8.188295,-14.962232,-11.3952265,38.337494,-11.808271,-10.494694,11.608391,-7.2718554
-3.8085876,-7.4827824,8.27306,-13.46237,-4.942578,46.628418,-18.136562,-11.044048,8.678117,-4.915505
-6.7032785,-1.0222784,5.8396487,-14.4796295,-4.3305674,42.946598,-12.24871,-10.103947,9.399141,-9.456591
-2.7443895,-7.1938295,10.720628,-14.7993965,-9.459065,47.943752,-18.046215,-9.04153,8.712871,-6.571694
-6.746256,-6.6457653,6.5778913,-16.305077,-3.9731586,48.51428,-15.28015,-8.070753,8.270787,-6.7544107
-3.108539,-7.230104,10.039929,-16.159033,-6.743663,42.028164,-15.048564,-8.507956,15.760733,-12.02272
-8.756454,-10.291429,10.755476,-12.813593,-5.5424314,49.38041,-16.621101,-7.5680566,8.612606,-7.5688887
-5.700427,-5.8229876,7.809018,-14.219964,-5.1497827,45.83085,-15.764082,-7.825575,11.081232,-10.45457
-4.9314156,-5.053814,10.726772,-19.705276,-8.024506,47.590454,-14.404753,-11.939421,9.094525,-3.6494012
-6.8813486,-7.2494955,6.537273,-12.515729,-5.543859,47.892757,-16.575972,-4.8899975,5.0121207,-6.4443436
-4.667491,-9.830041,10.499011,-14.362919,-3.6502414,43.97167,-14.716221,-9.405444,10.848365,-9.944422
-2.2272234,0.37576175,22.877777,-7.0483885,-17.543291,8.700548,-3.4641964,-8.803112,31.01882,-24.75352
-7.1526833,-0.2159071,23.8536,-5.8791714,-17.43698,5.1562777,0.78352094,-6.4244814,36.178314,-28.851963
-1.9299043,-0.13850021,23.99779,-8.396444,-15.675947,8.811464,-3.7215757,-11.161972,32.81806,-25.474483
-2.1193871,-1.435058,26.869762,-6.309629,-20.334597,0.4872594,0.47435182,-6.868503,39.53874,-31.052399
-1.3926108,-0.8585367,27.57629,-4.3604975,-22.599365,-2.298982,1.545779,-6.86972,38.00995,-28.86024
-1.8935382,-4.828062,24.813543,-5.07749,-16.84424,1.7045083,1.6779904,-6.99071,29.645222,-22.047178
-5.991418,-1.8788743,22.399658,-6.5389724,-15.473719,1.3092213,4.391132,-4.1223664,34.760353,-28.573936
-2.556786,1.0412936,21.805283,-8.397922,-19.229374,1.8866506,3.5885596,-5.8928146,31.802765,-24.276535
-3.7277656,0.950408,26.630777,-5.509373,-18.009026,0.75835586,-1.0336772,-7.5558043,34.28375,-27.548058
-4.997208,0.054636627,25.206743,-3.598175,-20.108284,-0.63458896,2.9398997,-5.385498,33.73791,-27.835373
-4.321209,-0.15415633,20.2658,-4.4045124,-14.786789,0.15253592,3.064837,-4.5926375,34.538177,-30.035717
-10.295799,3.5908942,28.856327,-5.160252,-23.191086,-1.7146906,3.9334,-4.6028395,44.12646,-35.911076
2.738605,3.0761118,17.683731,-7.463139,-17.014557,-1.6906152,0.59423876,-7.5079126,28.767925,-19.68761
-2.0697947,-5.8438787,33.46191,-4.8292465,-23.365822,-0.27795908,-1.2176363,-6.507219,33.440075,-22.807365
-5.6428814,-3.1072035,24.167307,-11.197888,-17.481056,15.251898,-0.020014048,-6.3511086,25.739096,-21.485907
-2.8928103,-3.7476535,29.323936,-6.5799766,-21.30637,0.49431533,2.2532234,-5.7386436,34.141224,-26.359203
-5.696051,3.184014,24.774235,-6.887143,-17.410658,0.5380459,3.6799936,-6.935523,33.284355,-29.573814
-3.851373,1.7305055,21.580677,-8.900258,-13.335832,5.5571704,-2.3817441,-10.229872,32.22284,-23.171242
-5.5967045,-1.3830166,27.782726,-6.786327,-19.76941,-3.7432623,5.9896917,-5.602736,41.03193,-31.879488
-0.97712266,0.84902173,22.812872,-7.2419305,-22.944595,2.5506732,1.6771853,-4.8439326,36.59442,-28.74313
4.1509843,27.484865,-14.992322,2.7237546,7.4228396,-15.3080845,-0.80964017,-9.986454,-3.4713893,1.5523396
10.264803,34.537037,-15.648825,-7.320374,-3.3719366,-12.856625,0.8264777,-9.61617,-2.566493,5.4863186
7.3950987,34.13465,-13.796766,-4.010911,-2.2331471,-13.378101,-3.3196607,-12.317054,-2.4950008,10.080608
9.971485,37.984627,-12.053204,-10.4489,-4.834714,-11.426335,0.5211469,-14.792137,0.3265134,4.505075
8.688574,23.87312,-12.175945,0.20717067,-3.7919705,-10.9105835,-2.5121918,-7.235554,-2.097422,5.9606695
6.9697,28.032673,-14.960332,-0.65609944,1.6533849,-15.709292,1.3443103,-7.7157154,-6.207986,6.077057
7.0613813,33.85853,-14.612405,-4.243276,-1.1824527,-9.231653,-2.8496175,-13.049079,-0.53528845,5.0166917
20.19125,19.144035,-12.782915,-6.9244347,-5.577033,-17.084885,4.3562107,-3.159017,-11.553103,12.908514
1.3204082,25.185736,-13.473473,0.16553205,1.2651725,-15.908958,4.218446,-2.9986196,-3.227964,3.569272
3.9120765,36.004395,-12.242323,-5.1903358,-2.9845033,-10.591247,-3.1412072,-14.177486,-2.1870856,10.1095495
14.785349,29.526165,-10.491263,-5.3915157,-7.458318,-14.223942,-2.7960706,-12.131082,-3.3164291,11.052737
2.2775385,26.262968,-8.287582,0.15950888,-2.5890892,-11.430712,-2.9048417,-8.5226,-1.8582745,6.8189564
11.109421,27.194033,-11.73516,-6.8648043,-6.9125233,-9.030388,-5.161674,-10.140313,-11.341747,23.217396
13.391461,21.237522,-13.484435,-5.906708,-4.5514727,-11.9094925,1.9134396,-6.153608,-5.647752,10.750193
4.5766077,14.4545,-13.369619,2.6745508,1.1080823,-15.718407,0.35108227,0.9063152,-11.282566,15.540374
17.828976,17.398033,-12.935258,-3.5623975,-0.25123817,-17.888515,0.13998234,-4.9548874,-11.249616,14.788441
7.4651365,32.72924,-13.798962,-2.7049198,-6.784002,-12.55802,-0.100483954,-8.968566,-4.526989,9.867625
17.78487,20.361086,-11.856615,-5.0476913,-5.206018,-12.71976,-0.110980704,-5.671625,-6.6801586,8.665386
14.726946,13.358981,-14.292097,-5.16375,-4.343411,-12.050764,5.650211,0.9715942,-8.922496,9.959549
10.215481,17.095594,-17.641033,3.3544447,4.6677704,-19.35446,3.7769165,-3.8866959,-9.751074,10.956203
-8.915236,4.176896,-14.251794,3.2576447,33.321396,-1.8339556,-8.434693,-6.834195,-9.1682415,6.82939
-8.533506,7.1919794,-16.186932,2.554694,35.157967,-5.016876,-4.750046,-7.085517,-8.427485,2.927216
-6.4160247,12.426735,-18.170639,2.7514298,30.12962,-4.4395847,-8.929711,-6.7457733,-8.302947,5.938758
-7.7737007,11.918915,-14.438245,1.2519877,29.911932,-1.5215659,-6.4632683,-9.443886,-6.786516,1.8618177
-10.156788,7.9720974,-15.8363285,3.7131665,35.10478,-2.3568215,-6.3174596,-5.955792,-8.839158,0.2614609
-11.699946,7.0431433,-14.906845,3.9852972,36.04019,-6.3174367,-4.9681706,-6.29561,-7.0401525,1.6188172
-12.190426,16.031235,-18.17399,5.518479,30.001165,-1.9298266,-8.124252,-9.8078,-9.729329,5.96563
-4.824652,4.0673113,-15.554433,2.8045225,30.279884,-3.987955,-7.618229,-4.686283,-10.691767,8.08639
-3.7731748,9.230086,-19.524096,4.26727,30.639685,-3.9334657,-5.2830744,-6.0361123,-6.551422,-1.7494655
-1.7556561,9.855468,-11.146343,4.8386507,11.777824,-11.950619,3.342991,0.9410918,-1.3489934,-6.199567
3.2255287,5.0509195,-12.23943,-0.5393923,20.561848,-4.435006,-4.35315,-6.0321217,-8.243418,4.9630084
-1.4923904,10.006097,-11.310295,-2.3770094,22.564499,-4.5858827,-2.6010776,-8.605231,-1.4320747,-2.0775552
-5.940388,12.963821,-18.700756,0.9469665,33.657925,-5.435906,-6.3787203,-9.475065,-6.6561093,2.650922
3.6909142,13.044234,-11.870822,0.71634316,14.312443,-8.248365,-1.7095902,-6.5928507,-2.406513,-3.1284554
-2.4480774,10.119447,-17.936451,1.6248031,28.638304,-4.1581345,-6.627723,-6.964418,-5.9699864,1.7123588
-1.488535,0.123996645,-8.458096,5.5346823,18.298569,-14.831872,3.6043622,2.7420206,-4.6655693,-2.6185193
0.4782772,5.0112514,-12.748491,6.1908584,21.942844,-9.334271,-3.955791,-4.240674,-7.696875,2.2646723
-1.4594698,4.2228155,-9.047291,2.1090343,18.280104,-8.291889,-0.9647435,-3.7151906,0.44240677,-3.7463017
-4.051385,8.016774,-14.640548,4.3908925,25.518917,-4.56276,-3.984765,-4.8585806,-5.1958485,-2.6194806
4.665131,7.672063,-11.656677,-0.6285362,19.271715,-4.1017075,-1.4329396,-6.5746593,-0.83631974,-8.272684
