-5.2371507,-10.435474,-2.9733906,25.166433,-7.99152,-17.30794,3.3206172,23.072859,-10.527529,1.1434946
-6.458698,-12.529072,0.074618906,26.897186,-13.165913,-17.86735,8.307655,25.14568,-8.20765,-3.6351976
0.11626834,-13.971699,3.4613326,10.087036,-16.198345,-20.654243,21.565735,30.495739,-4.3934774,-10.500755
-3.6498146,-14.625933,2.754262,15.947533,-18.411278,-22.661171,25.798084,34.29841,-2.418631,-17.298233
5.9128895,-11.639046,-4.8653717,8.57227,-14.752505,-24.24879,26.697618,33.01808,-10.703672,-8.035553
1.7504185,-14.278322,-2.9126043,10.666651,-12.263445,-16.934134,19.82116,26.1323,-8.547937,-4.808964
7.9562736,-12.092411,-4.32778,5.6991568,-13.12946,-27.65095,34.89883,28.319782,-10.793164,-9.229292
-2.7216432,-18.020273,0.8298406,14.499723,-13.9831085,-19.360138,18.57067,33.771996,-6.041208,-8.5777855
-10.909132,-10.641033,-3.405108,20.57433,-5.6816816,-15.712965,11.980464,25.545116,-8.844819,-4.4814005
-6.495591,-10.360777,-1.5931146,17.242176,-10.305138,-19.394518,16.033644,25.686928,-2.8117046,-9.172321
-9.511777,-15.766315,0.84306175,21.01466,-12.291274,-14.234214,13.927485,31.463684,-6.030142,-10.571484
-9.324569,-15.733732,-2.4790502,24.263533,-7.0491476,-19.51779,11.385711,30.405828,-7.9173436,-4.8672485
-11.905954,-14.653289,3.5130925,20.8495,-13.755094,-21.417788,21.141006,30.860538,-0.9856119,-14.816093
0.7282696,-11.365396,1.772087,10.688378,-14.273987,-22.29695,25.029455,25.728428,-9.131575,-6.421924
-11.11129,-16.48693,2.8155053,14.251524,-13.14638,-22.928232,25.566101,33.272236,-7.080012,-6.7541995
-1.8941524,-15.255631,1.4601729,7.75201,-17.19879,-22.160694,32.04451,30.84535,-6.2918005,-9.776396
-3.4735436,-21.947592,-2.8084345,15.759538,-15.059571,-16.59599,24.735256,41.10272,-14.004618,-8.182669
-7.6465797,-24.63276,2.239853,19.908958,-17.48312,-15.735613,23.964687,40.140503,-9.192403,-11.860782
-18.469122,-5.35031,5.0002594,21.019966,-9.4296465,-21.335922,17.851109,21.581041,2.5139217,-14.513038
-4.84363,-19.836843,1.1475806,18.814533,-17.981134,-18.024237,20.694927,39.889805,-8.979439,-10.543141
8.317365,2.0540886,-14.041175,-1.2072992,-1.1870784,-10.971698,-3.9657373,-1.6503615,-25.500385,47.13997
7.2610326,6.3225145,-11.103266,-2.8666735,-2.4218302,-9.344061,-7.6164227,-4.7000265,-25.23344,49.246105
8.9559145,-2.2407286,-7.186012,-0.00059118867,-4.990906,-3.4321012,-9.91878,-1.1347353,-22.265528,40.385468
12.836918,-0.45879245,-8.222813,-6.898416,-0.33294117,0.3835014,-14.411376,-9.68703,-27.049704,52.95581
10.375675,-2.5658002,-11.32451,-2.64474,3.86771,-2.7348557,-9.832409,-4.765766,-25.546402,44.212357
15.060502,2.3212614,-9.962518,-4.27884,-3.9979656,-6.1357164,-7.825299,-5.894265,-21.357628,41.069866
8.46284,-4.0993876,-6.5053473,-0.5963868,-3.161863,-5.933976,-9.975691,-1.9872854,-26.92971,49.32836
15.18357,3.1017852,-14.841236,-2.9935951,-0.32827526,-2.929718,-13.442429,-4.4853806,-24.156147,43.053112
11.696748,-2.3189945,-7.7814956,-1.7398161,-4.3425655,-4.6172967,-9.3180485,-0.33777592,-27.75263,46.55207
6.1925664,-0.89228153,-12.324496,0.5001232,2.683124,-6.196423,-10.846567,-4.3044987,-30.165583,54.86938
5.753166,1.4383264,-9.597751,-1.1378925,0.418734,-4.330989,-11.951487,-7.3084846,-25.730875,51.565376
3.7775288,0.1529172,-11.34253,0.5512872,3.3968985,-6.233288,-5.999148,-1.8897249,-26.698166,42.67312
7.079263,-0.52848303,-9.285453,1.6592374,-0.21140844,-6.6062107,-8.5105295,-0.17878503,-24.793867,40.848328
9.745161,-3.5922017,-8.905491,-2.6681728,-2.208611,-2.166143,-7.587226,1.3159031,-25.681768,41.434177
7.8274736,1.5245546,-11.882615,-0.6682376,1.091361,-1.9865835,-11.378267,-5.942829,-23.782095,44.038284
7.210183,-2.2149644,-7.429916,-2.3565655,-2.7350025,-5.6846743,-7.365466,-2.8034668,-22.434467,44.161846
9.604701,-2.0791888,-10.594114,-0.7280702,-0.6246406,-1.832348,-15.517342,-4.3105874,-28.022532,52.8997
13.695721,-2.5136347,-6.156428,-3.199397,-8.14552,-6.841571,-5.4097185,-0.64513314,-22.8041,41.389603
7.432588,2.9102302,-7.7466063,-5.8967147,-1.9534163,-3.6876576,-8.482731,-6.2223306,-21.492186,43.72284
2.9894361,-5.249659,-11.908004,-2.206188,13.219647,3.6571126,-16.198004,-7.6282024,-24.43081,46.793716
-16.405912,-0.8413489,-22.283575,10.46191,41.34468,2.4044695,-8.377145,-2.817665,-12.263949,7.110587
-15.088735,-1.5783892,-22.517822,9.396363,41.925983,6.5602245,-9.863103,-5.2560725,-12.384665,7.4352226
-11.080641,3.9126515,-24.899616,6.9004493,43.888443,-2.7596478,-7.1608686,-5.4744473,-14.611581,10.360006
-14.573478,-4.27715,-22.83184,11.270379,40.813534,1.9673553,-7.4364796,-1.9417524,-14.08907,9.727126
-14.489274,0.21120757,-23.797117,9.123116,49.305378,1.7111261,-8.670705,-7.7394643,-16.422588,11.007792
-16.915936,-0.33033466,-25.385077,8.389204,43.495895,4.9201713,-7.146568,-4.079392,-17.47318,13.23099
-18.204239,0.8054838,-22.150393,8.124382,45.89315,7.9683537,-12.710947,-8.128502,-15.5163355,13.366896
-15.972532,-1.0389214,-21.893183,6.9314446,43.952076,5.7233906,-4.9638586,-6.210663,-13.9140215,6.4506407
-17.450779,1.8645716,-18.686127,9.068813,39.527317,2.6218815,-7.908948,-5.8688693,-13.320448,9.064472
-9.214565,-1.4504731,-18.169252,1.8914399,34.795967,-1.6274465,-1.7685636,-4.6882095,-13.261033,12.578869
-20.903269,0.15523756,-21.522182,11.156297,45.656696,4.253809,-9.317419,-4.700103,-16.089796,10.9700165
-18.089102,0.0149104595,-25.5,12.193847,47.937256,4.961032,-9.832615,-4.48523,-16.263832,8.49247
-18.29305,1.5637971,-19.017626,9.863919,41.281628,0.19170737,-6.6458697,-6.0940576,-7.47329,4.047794
-14.248785,0.7993184,-20.056175,8.338025,43.159645,-1.0124899,-6.304549,-6.141585,-12.040031,7.5625396
-5.708702,-4.1044455,-18.329334,4.344728,35.863377,7.8972187,-10.417368,-6.9872265,-9.958463,6.706638
-15.833103,-0.3548875,-16.839983,5.9129343,39.608215,7.509428,-9.638677,-5.6117983,-11.853148,6.508795
-16.611311,-5.0765915,-18.79028,10.086172,40.787933,6.2872853,-10.168057,-4.254452,-17.087017,14.613153
-15.572605,0.41998386,-17.598139,8.573459,37.16551,3.2570791,-7.5852184,-6.3674335,-10.7913885,7.918601
-18.590805,-0.9230345,-20.753141,4.867173,44.488266,4.4433546,-10.577226,-7.5097985,-15.383401,18.895685
-9.841349,-4.669159,-17.680689,4.1006703,38.65299,6.852375,-8.460131,-5.3619885,-12.407212,8.693292
-8.098267,44.853264,-8.677951,-2.8243253,-2.2331913,-10.49945,-2.1584632,-17.814554,13.958252,-7.5687227
-6.8154683,37.418278,-7.185795,-2.213696,-3.050271,-11.25506,1.606039,-12.62027,15.553857,-11.490791
-8.073083,46.626553,-9.265192,0.2319051,-0.4423356,-9.15276,-3.383493,-19.005434,13.279583,-10.669112
-5.246675,50.290703,-12.477672,-2.463131,1.0223002,-15.070952,2.703358,-20.33815,7.9997935,-7.1382685
-11.531523,49.501083,-11.325117,0.6798682,1.4533067,-18.007854,-0.3960818,-17.422695,15.232082,-8.513304
-7.6334085,49.237484,-8.489412,1.5777656,-8.873949,-17.176586,-1.3420776,-17.997057,9.65066,-0.5207515
0.20136046,47.680393,-13.517896,-2.6449406,-3.8623095,-15.806999,1.9562238,-18.733627,11.903209,-7.6814795
-10.041814,56.280205,-10.32776,-0.40182817,-2.0480766,-16.387411,-1.5290546,-24.857521,16.32907,-7.153722
-4.910681,38.468952,-15.197895,0.8658718,3.507777,-11.694115,-2.097892,-15.688944,4.558768,1.9873326
-11.295418,44.097305,-10.524664,4.4870787,-4.117828,-10.525866,0.78881,-14.788518,9.9024315,-8.619511
-7.939316,52.35405,-11.269443,-3.374651,-1.6334713,-17.69322,6.038789,-21.511875,13.134422,-9.3131
-8.816981,51.395496,-11.609535,-1.9508455,-2.0678527,-16.469995,2.1471581,-18.359488,14.299313,-9.685182
6.097946,23.680044,-11.934608,-3.5057654,-2.5943024,-14.250922,2.4509296,-8.092785,-2.8495367,10.824978
-5.1284885,46.53129,-13.020577,-4.9910817,0.7159436,-12.847391,0.45703602,-19.056028,7.833934,-1.2668521
-4.786353,45.438263,-11.714785,-4.3896856,-1.6160707,-13.204469,0.55537933,-16.917788,9.120012,-3.2660685
-8.710585,44.723003,-8.967371,-0.32551777,-1.2121814,-15.614793,2.9474404,-17.725464,15.836941,-11.370726
5.2426043,29.433527,-13.112978,-2.1087801,-3.79017,-17.013506,5.7142487,-10.235583,-2.0222244,8.174898
-6.1016135,38.316082,-10.252979,1.4362321,1.3814964,-16.396559,1.5826142,-14.074966,8.043676,-3.6057882
-5.9340997,45.749237,-5.7484746,-3.388865,-4.33229,-12.044181,0.30801797,-20.77359,15.103598,-9.023035
-8.602698,47.85488,-11.894685,0.34239554,-0.3897953,-12.200496,-0.3118559,-19.931707,11.839778,-6.8128905
33.081375,0.66631484,-2.3218055,-10.728369,-18.477795,-10.523708,5.6188107,0.806607,-4.674057,6.507544
23.100298,0.26872247,-2.963366,-7.766622,-10.429141,-14.836622,11.568417,2.6593237,-3.4445124,2.2669473
31.911121,5.7383914,-2.790359,-9.401804,-13.937046,-7.5152826,-2.5500875,-5.6154723,-2.9115984,7.499411
27.404919,2.592709,-1.0141156,-9.128461,-15.226699,-9.586021,4.451301,0.64541245,-3.8082144,3.7430277
32.30408,9.878727,-2.2513146,-11.459262,-22.008644,-12.996128,9.528603,-0.74211377,-1.3622727,-0.6055148
23.404686,17.662535,-6.179817,-9.060746,-14.694757,-15.129549,7.920704,-5.65254,-1.4588743,2.9756284
32.055958,7.0969367,-3.5333686,-10.3081,-17.370544,-12.709154,7.375997,-2.1575894,-5.0691767,5.146715
31.19402,9.941412,-6.4613657,-10.478927,-12.535736,-11.451883,2.4740536,-7.4103756,-2.986847,8.017714
31.645258,8.308344,-3.9448605,-9.848443,-17.667488,-13.611754,3.063336,-2.2075477,-3.5302792,7.729905
35.196606,13.046464,-6.7961125,-12.47237,-15.847125,-10.96256,3.970903,-4.900222,-3.8303761,2.716704
34.141243,8.470071,-4.1048164,-11.135976,-15.857515,-15.249281,3.5287256,-2.360744,-5.216558,7.8295946
30.816593,9.342382,-3.3683653,-11.848221,-15.657488,-10.328657,2.3930736,-6.2423105,-0.9046378,5.8729863
33.65758,4.0899234,-4.450375,-10.418837,-14.168239,-15.173638,7.234813,-0.5288982,-4.5111957,4.304411
37.949936,4.945933,-7.6190953,-10.102642,-16.227268,-16.668049,6.723789,3.0092793,-8.999675,6.899357
34.45068,5.534995,-5.1767144,-9.556021,-13.412556,-13.654421,4.6809287,-1.9570627,-3.1991575,2.0978267
33.903152,6.933265,-9.160365,-8.164974,-13.470729,-18.109896,9.42017,1.4102695,-6.4799676,3.8253968
34.604794,14.089423,-10.910796,-12.648851,-9.778989,-14.361504,5.3070927,-4.6306987,-5.686452,4.1517744
28.048767,20.085974,-5.3260255,-8.438666,-13.351125,-14.231146,-0.5268585,-10.008875,-0.86140335,5.4414005
36.698402,6.3400726,-6.669953,-11.615239,-14.637076,-12.555579,4.2155175,-2.103662,-9.293974,9.782989
33.264645,-0.90651554,-3.5962105,-9.950579,-16.476456,-13.619642,9.664125,5.260179,-10.796421,6.99839
-8.427343,-8.814565,38.495228,0.12551741,-22.510004,3.884116,-3.7053902,-6.7730813,26.909723,-19.319077
-11.266312,-4.1886697,34.388462,-0.1687478,-23.56609,3.4273093,-1.5798732,-2.7036798,26.009346,-20.112793
-16.33888,-8.175205,41.227894,1.8087449,-22.39376,2.847135,-3.4317346,-6.9933233,29.190014,-17.44625
-8.283038,-8.724563,35.340675,-2.430244,-23.146307,2.7724686,2.3089223,-2.5563767,22.171444,-17.630665
-6.2660685,-4.0889177,27.399984,-5.025854,-20.51265,2.83851,1.0384696,-4.9879017,26.82493,-17.43856
-10.566926,-4.995374,34.118633,-1.0925286,-25.856638,7.555197,-0.4678452,-3.0287347,25.832144,-21.883932
-8.333494,-8.954833,34.76887,-1.9392074,-23.515356,-1.454127,3.3618765,-2.5125787,23.704247,-15.107426
-11.622249,-8.180185,39.61888,0.08229305,-25.920395,0.9338906,0.5776582,-3.4880152,25.798725,-18.390213
-6.0043564,-2.734267,29.12754,-3.9549546,-21.921568,-5.5551953,8.155085,-0.36310047,28.257362,-25.137781
-7.52533,-3.8473008,31.08302,-4.479008,-22.506609,2.0751255,1.3143684,-4.199491,26.538368,-18.23949
-8.56221,-6.287825,36.06798,-2.9816346,-25.28548,0.17397285,3.108851,-6.610038,29.13531,-19.03519
-6.947037,-9.330562,32.8862,-3.0266986,-20.48994,0.78733313,0.7316234,-2.3317127,23.458523,-15.421589
-2.3419194,-3.7443714,27.418018,-4.3198476,-21.429016,-7.1838045,7.871246,1.1602418,19.839954,-17.397451
-6.5348263,-5.9466076,29.950253,-2.3765702,-25.521614,-0.6012171,3.7655733,-1.2811923,24.369814,-15.906242
-11.397441,-7.042278,35.435917,-1.5094033,-21.192852,2.142927,0.19493628,-2.4714565,28.444391,-23.292706
4.2726135,-6.9323874,22.956627,-6.266124,-27.70599,-9.021764,13.833509,7.7834744,11.249351,-10.880397
-8.934497,-10.105443,39.120163,1.5557393,-28.024523,0.666548,4.2559004,-1.2555492,25.798424,-23.328316
-2.178517,-7.7887406,23.914507,-3.4313426,-22.49962,-0.69940794,7.857523,6.3115096,17.583778,-19.32035
-10.888602,-7.1816406,32.23023,-0.46219397,-23.337421,10.968342,-1.4043679,-4.703813,23.49709,-18.940004
-7.3790245,1.1646584,28.805826,-5.290778,-21.208458,6.0019712,-2.0198712,-4.430125,25.737957,-21.858238
2.652565,-13.727881,-1.8330364,5.6778245,-13.560667,-20.456108,21.082415,26.601631,-11.809272,4.228134
5.831063,-10.802417,-0.25135118,-0.8945716,-18.233843,-20.629545,23.856468,25.579205,-8.981082,3.8941202
3.8104599,-13.6389675,1.6358256,2.012417,-18.82536,-19.591393,29.256102,31.51627,-9.566666,-6.2846994
0.124575436,-11.893929,1.1535914,5.4412494,-13.841731,-16.831417,22.115244,24.429947,-8.490863,-3.332852
-2.3974152,-14.619713,-3.576737,14.5348,-14.725787,-20.151993,19.731068,34.029846,-8.947239,-4.032349
1.8951893,-10.930621,-1.8622154,3.8170254,-16.828934,-25.42092,37.898026,30.049532,-9.9957,-8.91458
-0.15864676,-6.8662043,-3.9361703,6.1051793,-12.483091,-26.094967,34.96106,23.447105,-8.541135,-6.0876627
0.37891933,-3.6339002,-1.1094552,0.6173613,-13.594099,-25.88915,35.253826,19.74069,-6.608506,-5.29397
-7.044482,-8.11059,-1.1710439,8.834629,-8.656811,-22.861967,31.898829,22.217999,-8.265175,-8.035419
7.0710926,-18.207281,-6.4332333,5.5516014,-13.875715,-19.99778,23.684925,36.035324,-17.33001,2.9697747
14.098496,-8.555601,-7.3709345,4.6801214,-6.82036,-13.692677,11.948407,11.9886875,-13.663958,7.5032516
6.513074,-14.013478,-3.305991,3.505344,-12.827208,-19.575151,28.401283,23.235092,-11.59559,-0.5963861
8.399578,-4.3640347,-5.695026,-2.0363665,-10.928686,-20.379112,26.652216,18.665237,-8.89295,-1.3924549
9.534556,-8.013514,-5.993779,0.23639667,-9.500338,-16.16801,24.025286,18.805809,-8.926493,-3.6134696
7.314446,-5.51876,1.5607309,-2.072729,-13.193166,-19.40474,24.597555,15.800679,0.27308547,-10.516193
-7.262467,-16.023096,3.6132627,12.462543,-14.342306,-13.3402815,13.53617,32.031334,-6.490156,-4.4779086
3.5801141,-11.166328,5.4111667,4.204088,-18.895674,-10.090414,18.399529,21.407753,-3.3127823,-9.578687
-1.2437519,-21.556915,3.0386229,8.009525,-14.974249,-16.437256,23.660585,32.85327,-10.866669,-3.165908
2.8439336,-11.937521,0.50085896,2.3047218,-15.927482,-18.16322,30.386753,27.145693,-4.480584,-12.108433
0.12720895,-18.02609,1.5693436,5.846319,-17.3401,-15.853495,22.89903,33.09954,-8.745185,-4.2039304
10.55422,-1.0466993,-3.5572414,-7.9168377,-10.731986,-20.84878,27.13048,13.109856,-11.991584,5.416322
3.020627,8.167623,-3.3793762,-3.9102197,-13.273599,-22.014223,25.482908,10.8268585,-4.0200734,-1.4745138
1.3868079,-5.458129,-3.2030728,-3.7063055,-7.708343,-20.83249,33.609367,18.474236,-9.974319,-2.734425
-0.4221146,-2.0686085,-3.225212,1.9830966,-12.462217,-21.02828,27.302153,20.213108,-8.179986,-2.3611379
0.098478794,6.781165,2.9103546,-3.8165798,-17.585052,-22.674063,31.755713,13.220386,2.0238957,-12.818347
7.593543,-0.17443758,0.1962986,-8.174589,-18.74268,-17.53429,26.638544,15.110715,-6.3121705,0.92710507
-1.0870838,-0.1429354,7.5463743,-2.6104913,-18.352575,-24.470785,37.035267,13.098625,3.7418816,-14.889693
1.0224769,0.86452186,10.252703,-6.321574,-20.73771,-23.373167,32.489433,12.702487,-3.2333417,-3.4890928
3.2027278,-3.442441,2.2571425,-4.0673914,-17.022976,-24.17992,40.001465,18.356293,-5.141137,-10.138475
2.2851338,-4.537013,9.969966,0.9166655,-22.89984,-21.450954,28.03644,15.093426,-0.0025144517,-7.465228
5.9096413,1.5732796,0.4007401,-5.692614,-12.260495,-23.62748,29.620346,9.294289,-6.245718,1.2475619
9.888687,0.110954404,1.4282954,-6.9751062,-18.179874,-26.740253,35.825596,14.017309,-4.1457386,-5.776916
6.8382616,2.4654248,4.3306913,-8.946911,-18.629738,-21.401936,31.985744,11.736322,-4.7054424,-4.1637974
1.7767615,2.526993,5.166997,-5.922948,-13.43866,-20.724804,26.013453,7.8808556,-1.7099357,-1.712296
7.0529127,1.9388375,1.0796492,-5.124693,-16.198275,-25.716957,34.48166,13.273441,-2.5471194,-8.495335
-0.91841584,-5.9349875,3.5783248,1.3521873,-15.917143,-29.008463,37.03482,21.203491,-5.896634,-5.854504
13.530413,-5.480422,-5.654103,-5.252768,-15.143246,-23.390173,27.050812,19.13813,-16.298471,11.356791
-0.073126376,10.320202,0.5148808,-2.1409044,-15.081291,-28.393726,33.792034,8.76866,-1.5691739,-6.456085
-0.39113033,1.9860498,3.6511216,-2.4459393,-15.501012,-28.937925,37.151283,15.33026,-3.3319554,-8.17421
0.8023833,-1.224893,7.123602,-5.085055,-16.823164,-27.841314,41.381428,13.754637,-2.0633907,-10.871082
5.3491488,-7.96089,-1.6907818,-8.532869,-0.7434232,41.33867,-19.170149,-3.439412,-4.839045,-0.20402867
-0.3198288,-13.988554,1.1820307,-8.122168,-2.4202414,47.696705,-17.1371,-1.9210631,-8.185226,2.9441166
-3.0241964,-14.644397,3.79015,-6.4409027,-4.4649096,47.49547,-16.23706,0.14224985,-2.0389445,-5.2012997
2.101862,-16.12208,6.902834,-12.123447,-8.712542,51.304688,-16.028116,-3.6072228,-1.0348651,-3.4501913
-0.6611318,-13.245344,6.5255136,-10.559966,-8.876374,51.697792,-18.634233,-2.698768,0.91889673,-4.527403
-1.2293948,-12.044994,6.586738,-9.559724,-4.7384014,49.82711,-19.113773,-5.073961,0.8204564,-5.677413
-1.1521436,-17.206646,6.7450647,-6.789075,-8.24932,49.174973,-19.06608,0.33639902,-4.1111236,-0.1447525
2.006929,-12.563364,6.6029377,-12.418601,-8.964342,52.93088,-22.020365,-3.0440888,-2.6036637,-0.315188
-3.2027993,-14.290972,5.1769695,-11.077648,-4.669028,59.075005,-21.10794,-6.2523828,-0.7087368,-2.9903548
0.15886778,-4.9180145,0.023248613,-9.45977,-4.238879,39.74806,-13.524119,-3.507641,-0.6812313,-3.7381835
1.3828151,-14.599779,9.36843,-14.79624,-10.054844,53.594913,-15.180394,-7.5106735,5.312646,-7.6268673
-3.3231661,-9.238082,9.097965,-7.172961,-8.749693,45.218792,-19.571602,-6.3288507,6.620105,-6.816878
1.0368788,-10.687093,7.8054237,-9.327386,-11.852325,46.753193,-16.489841,-4.911205,3.9875865,-6.9087296
0.7034092,-5.66418,6.712414,-9.18114,-8.543672,48.376266,-19.898872,-8.376949,5.231177,-10.134217
0.44667214,-14.345167,9.634609,-10.474408,-10.220011,48.204525,-14.407343,-2.1361759,2.5105853,-9.476826
2.5212493,-17.194897,7.621862,-12.39425,-10.594316,53.930614,-14.963471,-1.4250336,-1.0744534,-7.1152344
-4.1678553,-12.841793,7.1097593,-9.358816,-6.99201,52.382618,-19.86869,-4.38206,1.3277843,-3.8030624
-0.82545424,-15.15463,7.061345,-12.017512,-8.423757,54.357822,-18.137943,-1.1234188,-1.2405981,-3.8569121
-1.9169595,-14.813423,9.024595,-9.273156,-7.1387463,49.01782,-14.478609,-4.661517,1.5125325,-6.8371468
-4.1637144,-11.239836,6.9061623,-11.404565,-7.536357,51.350323,-15.314278,-3.717722,2.6404994,-7.596711
-8.16076,8.968072,25.04183,-5.560809,-20.161194,-1.2060361,0.5232948,-12.220671,32.272236,-19.71845
3.6115735,2.3945951,11.25967,-4.0005116,-18.086678,-8.48444,12.254612,2.0764537,7.192775,-8.584958
-7.2535906,-0.9243227,25.884342,-2.451926,-23.577475,-7.325373,9.766295,0.12560904,29.158709,-24.315355
-0.7107042,0.81095004,15.379333,0.9128224,-22.558723,-16.472645,13.680318,7.6252074,22.485258,-21.682558
-7.913129,5.6287374,22.195879,-1.430816,-23.708672,-7.949007,6.438889,-2.566862,30.279213,-21.373898
4.1176424,6.5790887,17.752522,-4.2779627,-19.376032,-10.411452,6.530048,-5.3840523,12.779025,-9.300612
-7.400963,10.811075,21.768597,-2.8446577,-15.078508,-4.1773043,-2.832345,-11.991011,34.512276,-22.832037
-0.726261,7.1388054,15.625844,-3.3308825,-14.552411,-1.1879755,-1.2019122,-7.549727,26.451174,-20.838188
-2.7535625,13.527405,15.069177,-3.4820719,-14.168901,-6.3213496,2.0731966,-8.842354,28.443,-24.45615
-1.8917804,13.7739725,11.999617,-5.2983055,-17.047731,-2.6347141,-0.2754345,-7.7388973,25.790295,-16.75224
-2.7012672,14.830421,13.925897,-4.437044,-19.47875,-11.483141,7.4549727,-8.219443,32.250248,-21.76065
-7.7771664,18.283318,8.844984,0.83537203,-14.708429,-6.652423,1.7728415,-7.749402,27.816177,-21.480265
-9.969879,8.3309765,17.452576,0.9338252,-18.085938,-5.57894,3.2369251,-4.470477,31.523983,-24.570755
-9.276723,8.892326,17.889137,-1.2112589,-17.585987,-5.15714,2.5257556,-4.8965096,37.943016,-29.395954
-4.7870684,7.9670444,19.099537,-6.547021,-17.977345,0.16233325,-2.7643769,-8.38447,26.930384,-14.601536
-10.322998,13.595718,16.7144,-1.4578252,-14.383527,-4.6652784,-0.1301552,-9.441005,31.35271,-21.31053
-0.25167155,11.019239,6.353672,0.9382051,-12.618724,-10.583448,4.091854,-1.8797413,13.356663,-10.785353
-3.261135,4.5224433,19.882786,-1.4967141,-21.261406,-4.7888603,4.2106447,0.05951023,18.334505,-16.933195
-2.92271,9.154476,14.819424,-4.488574,-15.731968,-5.201523,3.1464252,-8.211457,25.285336,-15.709289
12.340844,12.885957,5.202303,-10.869253,-18.15306,-11.627195,11.190905,-2.3642092,18.779877,-16.965683
