21.14417,-10.5257635,-2.5999365,-1.7356608,-14.366827,-16.971045,20.930988,21.34126,-7.8968983,-10.935869
17.981441,-10.469972,6.824092,-8.499765,-25.39439,-20.526924,36.16077,22.278513,-1.5315676,-17.815977
11.621427,-7.1579804,2.7955554,-5.8181834,-18.425232,-21.427526,38.171406,19.537304,-1.6328654,-18.810848
17.431524,-8.383178,3.2481065,-6.7556973,-17.029472,-24.198046,33.907867,19.872662,-1.7960787,-17.469988
11.1231985,-4.412296,4.045123,-2.7586043,-15.046448,-21.536448,32.251755,12.12183,2.7363873,-18.985723
11.587706,-8.871687,2.9074392,0.72166586,-19.597195,-22.919712,29.063782,24.96283,0.77335656,-19.917854
16.74746,-8.888074,9.05993,-10.323001,-18.60522,-21.704876,37.127533,14.456056,2.0954056,-21.067581
22.818518,-2.8639262,-1.4681379,-5.4924498,-17.805952,-20.325544,23.037817,17.380707,-5.719412,-10.157399
19.67194,-5.7278275,-6.5799894,-3.687486,-11.647332,-20.10685,29.49625,20.616507,-6.716468,-16.083525
22.53897,-4.1065297,-0.3707701,-7.163554,-18.35096,-24.770134,33.102985,20.487574,-7.249223,-15.322233
25.653332,1.1630778,-5.9596148,-6.6410646,-14.907858,-28.085491,35.027996,16.986502,-4.099495,-19.934921
19.241966,-6.3585186,0.86426485,-8.794714,-19.039816,-24.690575,39.917786,18.929718,-3.530996,-17.520403
24.203608,-9.480618,-3.928041,-2.1811738,-14.909343,-21.301306,22.000835,25.430407,-8.400033,-11.878534
12.8946905,-1.0940688,-0.71168953,-7.3127294,-13.226863,-21.374868,32.408222,16.28145,0.26567152,-18.662704
22.816076,-13.524206,-1.8496312,-0.20730078,-16.82317,-18.52428,16.70834,30.761229,-13.649444,-6.31808
23.484749,-3.3716621,-4.8628464,-5.874325,-14.379061,-22.653654,22.727768,22.280807,-4.7485065,-13.096809
22.279516,-6.300947,-3.7678761,-6.1720514,-14.529039,-21.62408,26.86225,19.880577,-6.578294,-10.47809
21.131453,-4.0833063,-2.3226032,-1.3176736,-15.56442,-20.557966,23.423603,21.034277,-7.8016376,-13.748755
32.708767,-5.88617,-8.1259365,-6.2945127,-12.43321,-17.38693,20.219162,14.798207,-6.263052,-11.908557
19.155857,-5.210005,-1.9379432,0.43949366,-10.081768,-23.215744,26.561451,17.403435,-1.5219665,-21.892282
22.717356,-3.8698604,-3.6993895,-0.5148957,-12.17302,-20.80147,15.2021475,18.919638,-9.646568,-6.547062
25.460266,-11.467291,-4.1818523,-5.0078363,-17.419762,-14.998199,17.562992,22.693298,-8.595961,-4.410944
16.350523,-7.3466573,-1.5493175,-0.34170723,-16.986658,-19.797693,24.004566,24.96487,-8.707472,-11.988075
32.612984,-6.2008944,-6.1650286,-10.536833,-15.196868,-19.45975,19.931818,17.755106,-5.3736963,-7.928268
24.371418,-4.86316,-0.5836133,-4.752404,-14.795181,-18.429909,18.916584,16.56755,-4.5250235,-12.032916
1.7469785,-19.00619,10.40583,-13.725512,-10.289847,42.470047,-11.982619,-3.0430799,8.322797,-6.116529
3.8017163,-14.244535,9.154473,-14.616178,-10.281341,40.153625,-10.668592,-2.7348418,7.4249353,-9.291655
1.4231608,-20.234016,12.511796,-17.84485,-12.706738,54.9386,-14.601347,-10.338654,14.34976,-9.207772
13.451243,-15.41504,12.5892725,-15.516047,-11.831897,28.980188,-9.934579,-3.1504636,9.83467,-10.090128
-1.0576152,-18.940508,13.358504,-12.967766,-8.9356785,49.22449,-15.727754,-8.810118,13.975026,-11.951484
8.349619,-18.428354,12.24186,-13.698387,-11.055533,37.66662,-11.77615,-3.32864,6.9265275,-8.92826
-0.024492532,-21.764622,17.71985,-9.613592,-9.896266,37.380356,-8.892008,-2.2442842,8.849871,-12.914352
3.207002,-17.490639,12.743335,-14.646293,-11.895675,42.197433,-13.396113,-5.23137,10.304164,-7.0123124
-3.1032085,-19.368128,15.1011095,-12.863485,-9.95755,50.958633,-16.651968,-8.993413,10.643506,-6.887505
5.567663,-18.691587,14.013885,-13.813648,-14.443571,31.555119,-3.1731362,0.42768648,9.248748,-11.910906
15.544116,-15.943017,5.771422,-12.864298,-13.237898,29.843807,-10.111345,1.773195,6.514302,-8.775815
2.5874946,-21.128227,15.696851,-13.006498,-11.761325,40.499657,-10.972816,-2.8368382,11.637123,-13.23094
5.1822166,-15.9458065,4.5462537,-13.012355,-7.8937035,37.20144,-8.512924,-2.6700861,5.3548045,-5.3723273
7.8079863,-17.47955,8.132724,-11.51461,-9.015998,37.121838,-11.672949,-0.38548207,5.1223598,-9.276498
8.810528,-18.716385,10.660845,-20.465202,-8.865462,45.980503,-12.462189,-7.5047483,9.73417,-8.701318
6.602996,-22.249317,13.936924,-10.4311285,-19.592297,36.424465,-6.7103777,4.0418463,6.478361,-10.221452
4.567249,-15.741995,15.521768,-9.517218,-13.120904,28.867397,-7.0167727,0.5006195,8.362429,-12.920523
-3.7472715,-17.885487,15.991748,-10.242721,-12.389567,41.675873,-12.381927,-1.032504,12.442302,-14.229208
1.7893126,-17.665657,10.342548,-10.807662,-12.949273,42.54464,-11.022109,-3.2806263,10.438748,-10.4512005
10.2753105,-19.811777,17.117485,-15.541308,-20.493885,29.021456,-0.1321882,2.332012,12.020173,-16.425089
5.0402775,-18.968481,20.978651,-10.5954275,-18.252798,33.234966,-7.0794926,-1.5796928,14.161165,-19.093494
8.928152,-15.931441,15.757457,-12.663402,-11.939536,31.003681,-10.999769,-2.353754,12.451424,-15.882722
17.523573,-16.082512,10.398326,-12.658668,-15.423435,19.444183,-5.4130726,4.160881,0.731761,-3.786806
15.628738,-13.250496,9.4136305,-15.228239,-17.205032,21.084625,-0.14587021,7.407927,3.8924968,-12.297567
-1.208435,-15.424176,17.98045,-12.066443,-13.254408,37.432728,-9.029062,-4.984721,11.92045,-13.434156
17.48838,-17.416265,8.732361,-14.581773,-13.573161,24.891155,-1.4040248,2.2765594,3.2579358,-10.784131
10.297192,-18.45763,14.745995,-13.069093,-16.431122,31.365122,-10.079455,-0.58182305,6.3789406,-6.0104947
5.680074,-17.65862,10.847997,-12.09275,-12.724745,35.986927,-8.126194,-0.20485502,7.1344047,-10.217363
11.869208,-9.307218,11.137654,-14.795958,-14.458039,17.304037,-2.213591,1.5818837,11.839252,-15.395827
-13.620063,-14.244407,10.282753,24.468784,-14.154507,-14.802996,10.624223,27.948746,0.438671,-18.262218
-1.5700185,-14.3048,8.909783,13.9711075,-20.989271,-13.330631,10.423308,28.990612,-4.234765,-9.607006
-1.6936607,-14.081813,4.181369,9.955718,-12.712156,-13.708807,13.280686,32.543137,-2.1272564,-16.313547
-4.2436957,-9.334964,6.314956,14.949196,-15.381297,-25.424103,20.423288,32.67891,-1.2550497,-19.614855
-9.93612,-8.680886,5.9176626,21.613005,-11.5018015,-15.164786,9.809222,26.202604,-4.716637,-14.148991
-10.364794,-8.0155525,4.0542784,22.042547,-14.777265,-22.142853,10.272277,35.74348,-5.785551,-11.546185
-5.1982756,-15.246269,9.549121,18.514664,-15.52839,-20.185879,12.901684,34.303284,-3.4158964,-17.16692
5.9983554,-9.887636,4.045324,3.2333934,-10.732647,-15.873888,16.261099,21.70793,0.65613127,-15.704046
-1.6135553,-14.393502,3.224037,15.60953,-17.671406,-22.757607,14.77766,41.291374,-10.912818,-8.165828
-5.162319,-13.363995,4.2073154,25.585459,-14.918463,-22.652899,10.366301,38.684124,-14.358218,-9.55139
-14.217124,-10.901089,7.7680645,28.101934,-17.505938,-22.670984,16.398577,32.591057,-8.269815,-12.480282
-5.1561975,-18.274168,4.8200774,22.905214,-15.422056,-24.21977,10.955918,41.427834,-11.381238,-5.8496885
-6.7351465,-6.0437946,1.639713,12.852559,-13.242144,-22.639397,17.43099,31.375126,-1.8920053,-14.350697
-2.739452,-19.283894,7.1322327,14.941942,-20.210325,-13.555295,8.4565115,42.449074,-7.742705,-10.396279
-10.689708,-13.139048,10.336754,22.950932,-13.267594,-19.977371,10.3882475,30.489868,-4.502832,-13.530611
-3.9864144,-17.244532,2.8166993,20.145342,-23.586718,-19.7383,11.516224,46.94955,-12.98111,-4.9430895
-6.3361845,-15.217747,5.148383,22.214832,-12.859474,-13.679104,6.105431,35.08065,-10.614583,-10.393012
-14.076619,-10.634886,1.9268243,26.355854,-21.868723,-17.954727,7.2331343,45.960922,-10.073107,-7.8561087
0.80498993,-18.94273,1.4007678,13.11569,-14.248982,-12.875393,6.958799,36.047314,-8.455462,-4.523925
-6.274622,-18.094702,4.967572,18.826189,-19.666582,-14.616243,11.443409,44.297585,-11.664061,-10.685843
-10.006723,-13.184719,4.531274,21.999664,-13.258003,-20.810884,15.484806,36.332172,-9.0818815,-12.6571455
1.9026799,-14.150667,6.286794,10.212754,-11.639368,-15.970851,3.4821904,30.09458,-2.648706,-8.552288
-7.699271,-17.168306,7.5012,18.559015,-20.017729,-16.095512,12.190217,39.02798,-4.9343634,-12.233077
-5.904621,-16.063576,6.9402742,15.727065,-16.378178,-13.122933,5.3486133,38.246403,-7.666481,-8.471533
-6.377289,-16.761047,8.662522,20.005634,-15.663763,-18.175291,11.02551,37.637325,-6.344036,-14.752586
4.690853,41.63833,-17.865368,-8.25396,-0.18808484,-18.469769,5.022991,-12.594437,1.3694593,4.298639
20.903074,30.665236,-20.77441,-9.053566,-3.7453182,-24.833042,8.053085,-5.21848,-8.256018,12.330232
11.36461,29.629972,-15.835976,-7.5915723,-3.5864775,-20.670092,12.123514,-5.4602213,-2.5957506,2.9114714
3.9826071,37.27765,-20.171574,-8.754845,-0.7277278,-21.113636,6.886997,-5.6163063,-5.446851,13.671914
1.1213108,50.587578,-24.322405,-7.3835063,0.7704661,-21.995333,1.1630096,-11.194708,-1.5813401,12.045501
2.435557,38.84796,-21.4374,-3.64192,-3.7919855,-21.646362,8.494236,-5.7754173,-4.644518,10.65078
4.3448095,40.644917,-22.304674,-6.4746046,-1.2915553,-25.827873,16.198421,-4.516301,-4.7663083,4.2698894
-0.2487998,31.155092,-17.72231,-3.3488126,-3.5784192,-17.197876,2.6304345,2.1126852,-7.082262,13.537857
5.503176,39.959183,-17.238773,-6.5274067,1.7941976,-24.64407,9.46029,-7.756801,-0.5139239,-0.07779729
2.9803672,38.6107,-22.029673,-2.3704996,-0.9106858,-21.850266,4.483363,-5.9812903,-7.838782,15.349793
2.2629554,39.133945,-21.303886,-1.391217,-3.6789198,-23.286476,6.4959264,0.2911893,-10.312003,11.100448
-1.139737,39.54083,-13.595633,-3.0530381,-7.822785,-22.839918,9.616759,-5.4607105,1.8579216,1.6043122
4.0670366,36.870987,-17.05039,-8.561502,-2.0957484,-21.685596,9.302331,-5.6186256,-0.12946811,3.667788
-3.0037527,30.656368,-13.284084,0.22633183,-6.2509003,-23.392483,6.5029144,4.22626,-5.062068,9.979014
6.945181,28.446934,-15.533013,-3.1148772,-4.309372,-23.11938,15.05439,1.143141,-6.293397,0.43410826
16.613905,25.825409,-18.391653,-6.383439,-2.9920235,-23.51435,6.2992086,-0.94920725,-6.63516,10.47058
9.311881,22.424448,-15.323896,-1.6778846,-8.127817,-25.607895,14.685714,8.689798,-6.6544633,2.61335
-2.2968235,41.153454,-23.30979,-0.69100916,4.285474,-18.823874,-2.3895822,-4.8163557,-2.394413,9.74282
-0.35219073,37.905148,-16.343338,-4.224799,-2.9094477,-21.875645,8.63317,-3.8847287,0.6277549,2.3882072
-5.5809875,50.204502,-20.742605,-0.02769947,6.280504,-21.591188,-0.66485924,-13.413804,4.01744,1.6311495
8.076812,24.374386,-15.0278425,-5.5789437,-5.564825,-21.434214,8.64,3.7946296,-5.0420656,8.538607
-1.5880828,46.449627,-16.506836,-8.829605,0.019215882,-16.38715,0.23265612,-14.8558445,5.796346,4.9517245
2.6517336,47.69989,-20.7366,-4.828501,4.259021,-28.120258,8.268929,-10.537748,1.6760277,-0.3198037
0.25526094,42.032234,-19.279764,-1.1372628,-2.256767,-25.202217,4.435585,-2.2528093,-6.074952,9.324035
3.5100355,34.534256,-17.525173,-3.431392,-2.653141,-21.097683,6.6427298,-4.8590097,-4.542522,8.996497
24.883034,-1.4609733,-4.2247615,-3.972073,-15.151154,-11.102018,-7.2317243,9.463461,-9.323918,17.62373
19.785906,-6.197298,0.50246906,-2.898018,-20.367924,-10.167256,-4.4161673,12.007416,-9.634045,20.397501
10.096339,-8.533805,0.14924002,2.5138419,-15.384251,-11.496184,2.9938183,25.044884,-7.872797,1.0597936
12.533111,-6.3491974,1.1047815,1.9051893,-13.419411,-11.813504,2.2279181,18.270174,-8.1196995,3.435358
18.3653,-3.422119,-3.607615,-2.3763764,-10.279665,-9.848583,0.01714605,11.439904,-9.551042,8.919516
9.922184,-3.1926053,3.3556104,2.933195,-10.389888,-9.74027,-3.9786925,12.545369,-5.3980722,3.7457237
1.9651762,-8.139591,2.2122912,9.307111,-14.35757,-8.80904,-3.6345744,22.168026,-13.63907,12.266508
11.613699,6.82615,-9.42704,4.9192824,-2.2797165,-9.658563,-12.541367,0.29177326,-10.852499,20.99342
15.312032,0.93843174,-7.65564,-0.62045246,-4.19516,-6.5174227,-11.705021,4.208756,-11.968223,22.614286
15.386721,1.0414791,-5.3572855,-2.2791486,-10.526479,-3.0314512,-7.9285536,5.928127,-12.472071,19.445547
15.718085,-7.7087493,-2.9815142,2.7241912,-11.271301,-11.727596,-2.9388309,15.37894,-10.928881,13.511483
12.263149,-10.719928,1.3023419,5.3035736,-16.776678,-14.304538,2.3524148,24.800684,-7.5387983,2.541825
16.520264,-5.476948,2.697868,-0.42355824,-13.9684515,-11.161214,-2.4308696,12.138878,-5.592477,7.3849354
19.784058,-5.498169,-2.291943,-3.0702975,-11.93342,-8.137274,-2.3296292,13.186306,-10.372391,10.645542
22.697159,-4.0095468,-4.6239944,-4.5873933,-13.67811,-10.062042,-3.6705303,12.936232,-10.066264,15.110917
15.4008875,-3.8199525,-4.8724504,-4.7351093,-9.731882,-6.19102,-4.39656,8.823991,-13.213348,23.13107
21.840244,-2.6275642,-6.1186733,-3.97462,-9.897538,-7.554061,-9.618032,3.5888467,-13.848819,27.398603
23.00927,0.063791394,-6.4478326,-3.2703435,-12.900905,-10.018553,-7.295204,5.7382236,-11.734712,22.508003
21.888563,7.3385267,-11.817606,-7.126541,-4.258989,-9.869513,-7.985111,-1.0083231,-11.212191,24.417772
27.373852,-3.1331491,-7.6002526,-3.6226692,-10.285003,-7.5762587,-8.833715,7.8546553,-12.73207,18.332703
27.342113,-5.9076166,-2.2377095,-4.374407,-21.07849,-9.758494,-2.497234,15.365696,-8.439719,11.614074
16.704372,-2.9502194,-3.1835175,0.2414555,-11.830593,-14.169173,4.2805357,16.591171,-8.89263,2.222311
22.353012,-2.469316,-3.8483303,-3.0470347,-13.789873,-8.51039,-1.967942,10.810442,-13.177018,13.944525
26.65084,-9.262625,-4.0536084,-2.8152413,-11.709919,-14.160283,0.94006336,15.23482,-11.966206,10.869166
19.200554,-1.7760782,-5.5812345,-0.67974854,-11.303352,-11.455272,-5.620693,10.924929,-13.169654,19.033648
24.992609,-0.10714245,-7.523188,-4.3942933,-11.881023,-13.283148,2.4167976,8.1575985,-8.189189,9.613894
-6.230445,-8.225224,22.870216,-7.2494993,-14.838764,13.644633,-2.623743,-7.103895,32.994625,-25.119158
-11.705007,-5.732519,27.114552,-4.268076,-20.802643,2.9961061,4.3328595,1.9245842,32.438225,-29.04467
-14.179632,-8.808834,36.14893,-6.7193522,-19.635807,3.9913595,0.26316416,-5.7014294,44.799107,-33.409695
-13.139223,-4.398618,28.91321,-4.9851046,-16.770666,4.462637,3.58467,-3.1987858,37.40855,-35.16581
-7.8192434,-9.623981,33.35569,-7.974104,-21.347023,0.48480153,5.7214694,-3.0807588,40.94656,-33.107174
-0.8069047,-5.7263317,19.143057,-8.945074,-19.05011,3.1266356,4.1392493,-1.6946292,35.490944,-28.55804
2.2433267,-9.043642,18.52752,-7.579057,-19.5858,3.1236296,5.76505,3.0567567,25.87235,-24.52452
4.6524277,-3.8386014,14.712106,-8.209676,-15.346515,-0.17946029,8.603848,-0.06524989,26.001945,-28.599318
-3.076252,-7.541102,25.545214,-7.452328,-20.058401,1.4455979,6.2628264,-4.3051834,33.80822,-26.325193
2.2378638,-9.846523,22.223139,-10.63104,-18.238016,7.18898,2.7460458,-1.5560023,30.678938,-26.963114
11.0847,-2.4767032,9.241038,-13.669264,-16.482613,-3.3717666,14.911571,3.43673,19.290144,-24.076317
2.730593,-4.790785,16.682611,-8.913843,-12.771574,3.9694726,2.6723037,-5.542082,33.517803,-30.608454
-2.7208276,-12.789413,27.148771,-6.4558525,-18.997278,0.76871645,5.0992217,4.73416,29.468822,-29.155943
-7.136867,-4.0737457,19.11902,-8.017316,-13.415952,12.168691,-0.099901915,-5.9991727,38.324184,-33.3499
-5.320553,-11.312657,32.64837,-5.659368,-16.951756,2.5233524,0.30113423,-6.4914703,37.890244,-30.176962
3.8031397,-5.44096,16.205923,-11.327895,-19.251837,5.277429,6.0524106,-0.11656588,32.017624,-29.77551
-1.9140034,-11.799055,19.956385,-6.1930017,-12.812427,1.2370299,9.296253,-0.5733019,29.823116,-29.466543
-9.513741,-5.518052,25.633928,-3.7742581,-16.560318,2.429929,2.67581,-3.1839843,35.42876,-31.205004
-2.5014606,-6.3696537,20.057747,-4.0956492,-14.10356,-4.141465,8.598666,3.8070927,24.737587,-28.653645
8.625398,-7.2206063,14.400557,-9.331191,-19.290892,-3.8598871,13.37411,6.41124,23.09812,-28.05139
4.825584,-3.363298,13.1062765,-7.823226,-16.13299,-3.39463,9.209272,-2.3208919,25.00093,-21.306606
4.1217604,-10.021451,17.284424,-7.5681634,-15.300451,-3.5625288,14.602259,4.1545525,22.725454,-28.64704
3.2192664,-8.39241,13.251691,-5.117013,-14.056651,-3.9585218,9.61803,6.2070236,19.198488,-22.192886
-8.2696295,-12.198768,24.630829,-2.4380982,-11.073861,4.364417,3.505,-1.064142,33.628273,-34.012417
10.026042,-6.8106785,6.5782547,-6.3119726,-18.479582,-12.092938,16.987307,15.945765,10.632559,-17.648138
-15.105821,-22.142052,41.56967,-2.936521,-22.030388,19.599783,-8.971699,-1.0918578,28.006973,-19.734161
-16.763514,-15.045804,39.3968,2.571311,-19.34048,3.316393,0.3643316,-0.12019169,32.851746,-30.642609
-17.454842,-10.391471,37.313305,4.1489415,-16.078917,7.5514603,-2.9591386,-5.3273077,36.05564,-35.570534
-13.467368,-14.087641,36.825504,1.7705526,-15.283386,6.562131,-3.8616555,-6.1241965,32.82573,-27.640665
-12.450419,-17.050554,37.24956,0.9086051,-20.847372,5.131627,2.563734,0.34874073,30.002356,-28.16122
-18.524298,-19.059887,39.16094,3.5978668,-16.864428,11.176235,-5.1215906,-2.97004,30.21158,-24.33247
-10.218019,-16.829712,41.907715,0.4438483,-22.693314,2.7713797,2.2168493,-2.674642,32.699974,-31.109592
-18.638197,-13.35343,41.312397,-0.7198176,-18.977552,7.977525,-1.0028626,-1.9496257,35.19266,-33.654945
-16.334728,-12.949104,40.587933,2.2420192,-20.524782,4.005125,1.7805835,-4.792883,36.184395,-32.970264
-20.924114,-18.743778,50.345768,2.0543659,-19.532482,10.445151,-4.331501,-7.966644,37.52728,-32.15829
-11.379125,-10.380774,34.089657,-2.6863585,-19.482285,7.88144,-1.5597351,-6.5394497,34.60683,-27.648481
-19.262985,-19.52164,44.18229,4.759028,-20.016298,8.203692,-3.3619597,-1.6978225,33.71926,-30.459703
-19.56112,-21.186893,47.868134,-2.2760785,-22.63018,13.152609,-3.1045525,-2.159224,36.560513,-30.242342
-16.858173,-18.476748,41.067684,-0.8800712,-20.892296,12.272006,-4.9375343,-1.439862,37.026535,-29.92121
-13.778834,-18.352276,38.265984,0.1632112,-21.40739,6.786403,-0.28212208,-2.5033212,39.074078,-31.407162
-7.964879,-17.159187,33.365948,-1.5840311,-18.22737,10.772116,-1.8851297,-2.9562984,35.44346,-32.73856
-22.276918,-11.852849,42.007893,6.532073,-15.6751995,3.4400632,-5.1042376,-1.1140846,34.330296,-33.47429
-16.205729,-13.535038,40.148422,-2.1900327,-17.357035,8.573061,-0.02383542,-5.593831,38.971485,-36.15498
-13.300122,-14.363766,33.655983,-7.268494,-20.722107,23.128197,-4.1074767,-4.681404,32.642956,-28.59942
-17.291557,-17.710522,42.2376,-0.17249107,-22.179228,13.498601,0.5208845,-0.72724605,33.597755,-34.985085
-8.726778,-18.056372,35.721016,-7.085901,-18.594233,13.838787,-2.8895135,-2.9760253,33.200092,-28.503588
-14.036674,-18.663534,41.40032,-4.4769645,-22.08953,18.332394,-3.6529436,2.322631,28.601513,-31.252985
-10.855274,-9.969771,35.042046,-2.5604484,-17.087048,5.9723387,-3.736035,-5.30976,30.802431,-24.957613
-9.007455,-13.384989,28.624125,-11.554207,-14.884179,21.016792,1.5665305,-8.130473,30.355816,-27.30563
-18.07019,-16.875608,42.989788,4.384433,-20.594393,2.2680469,1.8443259,1.2930304,31.768333,-32.34804
14.858731,-3.1177177,-13.499532,0.64329827,-7.924597,-8.919832,-11.217673,8.631017,-21.042402,41.182026
6.246647,-4.9892645,-12.244714,2.9586468,0.061035156,-1.9744918,-12.114343,5.4491568,-24.061129,40.848557
13.497591,-1.3010335,-18.120838,-4.0008965,0.37109268,1.9756424,-16.48086,0.5563051,-25.363756,48.715706
13.24421,-1.7809252,-16.325281,1.9545484,-2.2546232,-4.107324,-14.79787,2.5750756,-25.530296,47.832012
5.41975,-10.088265,-14.666899,8.345207,-1.5783153,-0.3936237,-13.076044,10.819288,-25.768423,41.2571
6.6271687,-9.034993,-12.322286,10.072828,-1.5709126,-3.655717,-18.095892,14.542322,-26.459265,40.114468
12.530851,-12.764845,-8.241639,6.3909845,-8.438616,-7.044854,-5.455814,14.673391,-26.071121,34.55734
13.268067,-0.72166044,-16.002493,0.33163118,-3.8481975,-6.895447,-10.0956545,7.0016603,-21.608019,38.227913
19.008558,-1.7910256,-16.448849,-2.1504185,-7.4538164,-2.5182123,-7.2390633,5.703861,-21.33064,34.33492
17.417427,-1.9249048,-12.060283,-1.9997194,-6.382357,-10.213689,-8.181697,8.043492,-22.77124,38.091606
13.828469,-7.795644,-11.637305,3.499404,-7.06814,-3.7013016,-8.209628,11.237638,-17.865778,27.69025
18.492842,-8.997347,-6.409788,-1.1129898,-10.288095,-2.7258158,-9.15872,7.1562796,-15.333819,28.14773
20.209244,-5.182683,-6.7751923,-4.1080093,-12.969808,-6.550714,-4.6111765,8.765365,-13.74984,24.475447
8.124419,4.6193357,-9.891928,3.2541616,-6.049787,-8.7385,-9.247891,2.4042454,-17.806482,33.330524
10.470977,2.1433306,-16.848207,0.6964767,-7.372469,-6.7429175,-15.103931,3.16437,-23.16554,52.387978
9.456497,-3.5523844,-10.918503,7.0869207,-4.4877224,-9.323235,-10.002941,7.5578837,-21.617027,35.723503
1.5494419,7.23326,-10.127083,8.940206,-4.88287,-12.187865,-12.539829,6.8113675,-18.645285,33.622826
14.867129,4.5594993,-14.268076,-2.3215923,-7.3873124,-5.335979,-13.672037,1.0481437,-22.437696,45.06589
19.676561,-3.4537783,-9.710976,-0.154589,-13.568871,-10.451054,-7.4684744,11.879875,-17.425392,30.633234
15.624616,0.93713313,-16.710535,0.72479683,-1.88621,-8.582806,-12.085194,3.8046403,-25.225046,44.19311
13.506998,-1.0310378,-14.529715,-2.8743799,-6.49544,1.9822205,-16.434961,2.6793723,-23.728317,46.500134
21.516203,-2.0765314,-12.287167,-3.523284,-3.5053875,-5.153099,-10.679437,-0.18176568,-19.398579,35.33392
12.4742365,4.4906044,-14.896213,-0.33256435,-2.3171551,-8.238631,-12.058124,-0.04786986,-17.82771,38.733208
19.193487,-4.400178,-13.734717,2.9967206,-7.269688,-10.725525,-0.86959624,8.128851,-21.184874,27.940748
14.266415,1.3705397,-14.0927305,4.40647,-5.880779,-9.658361,-10.36371,4.4734883,-22.052534,37.823696
-3.5054622,-14.725524,4.5182247,12.386368,-19.730455,-19.896357,16.780558,45.25845,-10.186162,-12.54335
-1.7862773,-17.306078,6.9713917,10.791259,-21.989635,-11.150302,11.427864,36.63489,-5.4494925,-9.860202
4.121418,-17.4969,5.716707,8.822735,-19.87709,-18.128792,16.88279,41.136425,-6.937657,-13.774802
3.9125776,-15.672535,-0.14359224,13.826875,-21.538136,-21.667292,18.959269,45.4125,-12.580974,-11.214951
3.6981864,-15.296471,-1.3836827,11.583046,-15.700895,-16.888506,13.9721575,42.23276,-10.438683,-13.03419
1.734266,-17.244938,2.762952,12.812027,-19.981195,-14.067448,14.372028,37.948807,-8.2674675,-10.686893
3.3643548,-13.045089,0.9813334,16.440151,-18.84717,-23.154509,14.2570915,42.027885,-11.5313225,-10.494044
1.6581502,-16.441442,4.101838,13.530571,-19.976942,-16.674765,17.761612,34.627,-7.5549173,-11.854338
10.946135,-14.621467,-2.4749558,10.3281355,-20.861046,-21.361233,17.449657,43.59775,-19.02455,-5.328212
11.709602,-13.743555,-3.4032927,4.6186137,-19.631784,-16.481724,15.921926,39.766262,-13.801224,-5.851922
19.988356,-12.183239,-6.2568626,5.5331287,-11.760036,-24.123604,17.850782,31.449621,-16.596027,-4.458476
6.1979795,-19.763504,1.5540073,13.81627,-20.21434,-18.00587,13.359425,42.194836,-16.14077,-4.33105
4.602944,-20.103683,2.6399534,9.278949,-20.472038,-13.542865,14.4978,42.09312,-13.66695,-6.662417
16.997175,-13.977438,-2.0097263,1.9828737,-17.68633,-15.311862,11.894587,32.808674,-11.357854,-3.6034718
7.0872936,-12.083906,-2.1524434,12.65664,-22.405811,-17.47787,13.070083,39.788185,-15.460191,-4.1145296
22.719316,-15.618751,-6.813465,-2.4283962,-18.71517,-12.990764,11.159055,33.522858,-16.857035,5.5883574
10.350232,-17.869171,-1.3658214,10.56085,-18.323586,-23.007706,15.385414,42.041084,-15.215473,-3.034913
13.858211,-13.748168,-2.5665975,4.9011717,-19.29809,-20.379042,15.60528,41.906116,-15.486748,-6.1140327
3.8499455,-18.597992,0.9924562,13.486582,-17.428738,-22.163797,18.392683,45.222622,-14.126227,-11.14745
14.043303,-12.2098055,-1.6270585,5.3210278,-19.476355,-17.06143,13.622541,32.849068,-12.182482,-4.0357866
11.849067,-18.34494,-3.3118505,9.206376,-9.73413,-21.00215,14.263642,37.274635,-13.727485,-7.3948793
10.773769,-15.593276,-3.7245317,9.030872,-12.4415455,-18.377958,11.589423,37.07953,-15.674354,-3.5767827
13.830248,-13.115716,-2.608307,4.26863,-11.466928,-15.987179,15.039141,26.705719,-12.662986,-4.226314
16.255974,-16.210947,-0.5886537,3.3060005,-21.355816,-19.47686,18.096018,39.542492,-11.865478,-7.926284
5.233878,-19.077896,0.8428613,11.091528,-18.156183,-14.791515,8.731942,37.95012,-13.101131,0.54551107
-12.121957,4.1476912,-17.833986,13.732259,47.72117,2.8927987,-16.249739,-16.483114,-10.109634,3.9603548
-14.1939535,3.3538845,-19.319273,12.3398075,51.71623,1.8324519,-14.0041,-16.456968,-10.021842,4.5699854
-14.485989,8.904255,-19.461948,11.000082,55.528645,0.41154522,-15.983456,-20.982052,-9.299771,4.0020247
-9.95499,7.1284814,-19.260923,9.199022,45.788197,1.1769203,-16.597042,-14.867738,-8.875824,6.3708763
-10.807275,8.753478,-18.09571,6.132788,48.11457,0.048967183,-16.242744,-18.89331,-7.703189,9.070519
-12.136937,3.399962,-15.664231,11.617486,45.33684,0.7050718,-14.547572,-14.272621,-5.7890944,1.1153469
-10.541706,9.4237585,-19.681452,11.508503,47.321404,-0.93680143,-14.31303,-15.233811,-10.581106,3.5984387
-13.073375,6.623375,-21.825003,11.754289,49.72141,1.5484531,-16.424528,-13.795467,-9.583319,5.453529
-11.780057,3.7178292,-17.325447,10.515995,46.12478,3.2436795,-15.170912,-15.739073,-7.6102014,3.9446778
-10.17208,5.26687,-21.168613,9.513564,44.117683,5.6454773,-15.577019,-14.914986,-16.740475,14.249332
-11.723773,-1.7148926,-16.15168,11.349713,46.577175,5.990041,-15.064901,-15.426969,-11.48534,7.283004
-16.636467,4.752742,-18.116564,12.084547,51.619926,4.0606766,-16.933622,-15.824574,-10.566665,5.7790766
-17.094849,5.1873536,-15.464761,13.418064,50.92053,4.519625,-17.099192,-18.38793,-6.0340815,0.07456666
-13.899816,1.8817691,-17.382664,11.16087,46.251656,4.8506975,-18.175005,-11.8653965,-11.954529,9.5932
-12.917812,5.3361454,-20.181843,10.482516,50.482216,2.583563,-14.705867,-16.59579,-10.957972,6.454783
-15.425788,3.762952,-16.603851,13.839754,49.198425,3.8278608,-16.355667,-15.777603,-7.412177,0.9763197
-13.773022,3.60124,-13.309165,10.64522,44.593445,1.3912781,-14.71512,-15.041841,-7.941231,4.658654
-7.951447,3.8017144,-15.290717,6.3729806,40.891308,4.8453894,-17.71006,-17.053993,-5.9372587,7.985799
-15.149498,4.89862,-19.081657,15.39786,49.009315,2.0096345,-15.664356,-14.525226,-11.385481,4.7886534
-12.459622,1.6996732,-18.002855,8.559758,50.730858,7.251565,-15.040129,-16.525803,-10.515775,3.6023576
-15.547732,4.760256,-20.12121,11.094549,49.58178,0.069530964,-12.827335,-12.860955,-8.960711,4.4992776
-12.504903,4.7950263,-19.336187,10.435892,45.55896,0.98082197,-13.87022,-12.691441,-13.143855,9.637888
-13.644204,-1.9113897,-16.63116,13.343777,43.18523,4.6526585,-16.896215,-11.253896,-12.53583,12.014276
-12.572269,0.72007984,-18.601398,11.16707,48.80926,3.2351522,-17.359062,-14.01032,-12.588126,11.154709
-13.064484,1.7428317,-16.442364,11.441766,47.059013,6.045582,-19.197762,-16.509474,-8.181387,6.8569365
