-11.48845,7.2712226,-22.978449,9.850573,43.622215,-5.8177824,-14.814835,-10.409878,-9.656611,12.3354645
-7.7752028,5.5798597,-16.88093,7.824222,32.61292,-6.149441,-9.719615,-7.4969773,-6.5748653,8.662298
-18.08208,11.031125,-14.260232,7.5040874,37.139782,-4.308895,-12.8396,-11.412259,-0.93255454,4.8707967
-17.215414,9.918503,-17.367985,8.590051,42.189148,-0.13130319,-16.644037,-13.809446,-6.92723,10.455067
-11.994312,12.29285,-18.723871,5.470823,36.388382,-5.197272,-9.279238,-12.241192,-6.024091,8.846523
-15.545819,10.66284,-15.994671,10.8336935,41.87761,-5.13645,-14.427931,-12.242258,-6.8914056,7.022093
-14.035044,10.811124,-19.304026,7.873101,36.6527,-5.7273445,-11.748677,-9.895442,-4.825572,8.620583
-7.097014,4.5207667,-18.464281,7.707172,35.050434,-7.842306,-9.544991,-8.545703,-8.901981,12.141524
-8.915005,11.786263,-19.86962,8.302087,37.398148,-5.404145,-12.116163,-12.474407,-6.5919847,6.7519646
-14.913896,15.278234,-11.58272,5.922232,29.156351,-11.109495,-8.786742,-10.74055,2.5196652,3.5838754
-17.99065,10.48499,-16.205225,10.44284,38.12772,-6.210562,-13.248315,-13.446915,-5.3492527,12.174108
-13.017423,7.497439,-15.10217,6.128179,41.8304,-1.1535602,-13.392073,-15.05283,-2.6241918,3.786913
-14.90785,9.112671,-16.5464,12.267644,35.243317,-6.737219,-14.309808,-10.032608,-3.458198,8.484186
-7.1653714,5.97853,-13.52725,7.166609,29.10556,-4.6343236,-12.034405,-9.753329,-3.116887,6.42426
-16.577547,15.298083,-21.405346,11.032687,43.87552,-5.2647142,-13.952882,-14.496128,-4.8700075,5.3283725
-13.692021,8.616661,-18.348001,9.728813,41.873264,-0.5661595,-14.85127,-13.504344,-7.3561225,7.108043
-12.892361,5.9934034,-16.333622,6.930399,35.172195,-0.36214375,-14.808094,-10.188117,-8.740163,13.095272
-6.977182,9.546919,-16.780783,5.124437,33.3317,-1.2064389,-14.067357,-11.599967,-2.0376506,3.5407948
-17.372002,14.945552,-22.089064,8.670997,47.8321,-6.769049,-12.751339,-14.404789,-7.626926,8.925144
-13.756115,8.69065,-16.693989,8.619506,45.971363,-5.0586376,-13.5001955,-14.618872,-7.829008,6.742607
-16.246325,7.9759135,-14.228304,13.1775465,38.927338,-10.496527,-11.068029,-11.787619,-9.687774,12.142662
-23.757545,5.3027587,-19.876915,19.37654,41.146545,-6.4270678,-12.863254,-8.230084,-12.928401,17.87105
-11.794187,3.459313,-11.860088,11.350725,31.423681,-8.206997,-8.542005,-6.60524,-5.0823402,4.77481
-13.709228,10.495221,-17.177761,10.489708,36.202393,-4.928951,-14.69357,-11.53473,-5.8480396,9.444991
-17.130215,14.904854,-19.175953,7.96052,42.175606,-5.531269,-15.274233,-16.098364,-6.523118,13.746365
-17.389223,2.2012935,10.08274,21.517147,-5.763877,-11.899677,-5.288247,3.2175906,8.3334255,-4.885563
-17.489977,-12.960028,14.19217,28.72371,-9.807044,-14.447548,-4.0703826,12.933724,9.909467,-5.8462887
-19.668549,-3.6366873,5.3274016,37.42753,-4.992315,-23.32724,-4.3916783,11.487253,1.6976674,0.20118308
-21.965015,-0.101638675,13.300882,23.73149,-5.554091,-11.7841015,-4.797743,3.4748526,12.605386,-8.124342
-21.816292,-8.822985,9.524416,35.63869,-7.6436496,-16.361479,-4.7793493,10.80296,-0.09309162,2.4788725
-16.545248,4.4981985,8.602102,24.884075,-4.7802424,-15.671931,-5.3697033,4.04772,6.0776715,-4.5353785
-19.69489,-9.136654,16.709549,34.381348,-8.832343,-18.787806,-0.5281574,10.499086,6.500852,-10.059707
-16.921406,-4.0825553,13.9451275,20.98441,-10.764066,-13.732548,-0.44893992,5.3193417,7.2759147,0.22298479
-18.76405,1.3244175,8.246271,29.56408,-5.3768706,-21.038294,-3.7949681,8.09629,6.5568647,-4.753673
-24.871258,-3.0484796,8.678716,41.720673,-1.6617472,-18.773262,-9.062064,7.904277,1.9428283,-2.3739958
-24.330149,-10.071356,11.334252,39.05266,-4.049682,-22.133738,-1.5348194,10.915749,0.09694539,2.7429051
-23.749771,-6.4205213,25.997707,24.805851,-14.205638,-10.037331,-3.1831045,3.5424783,12.290493,-8.593399
-23.14906,-4.936372,7.112502,31.329014,1.4483258,-15.223293,-2.526756,8.4118395,-0.6926988,-1.6289966
-26.743446,-3.652369,18.245995,27.291845,-6.2826676,-15.010614,1.4242787,2.7538314,10.403266,-6.5079412
-24.949526,-6.653634,12.270452,36.879997,-8.241546,-19.261635,-3.1026192,9.543381,2.78895,1.7920693
-28.948338,-4.2322383,11.063594,36.65302,-4.6127315,-17.538034,-0.67902505,9.159461,5.560869,-5.543267
-23.890368,-8.879394,23.871374,27.766308,-10.584064,-11.306961,-3.1602669,2.614306,11.641209,-8.110364
-16.415716,-3.856526,13.304609,24.761679,-9.173165,-12.1764145,-7.489139,5.0238914,4.4769874,4.3172507
-17.216787,5.423077,6.7450314,22.488604,-3.6346483,-17.363304,-0.44573873,1.6050068,4.8458414,-0.8632444
-29.944172,-10.094737,17.26277,35.386337,-3.0611424,-12.23955,-6.8220625,5.4968395,4.482253,-0.80151
-28.736368,-4.021618,11.299357,38.608147,1.3139932,-20.902143,-3.5047672,9.502307,2.384426,-4.2779384
-24.569592,-6.066619,15.537445,39.05873,-8.494027,-21.580956,-4.4089103,8.859933,2.4241107,0.6542013
-30.647434,-7.247556,16.37953,39.283894,-2.1722155,-23.462215,-3.6662338,8.581293,6.340777,-2.0442715
-27.67113,6.738267,17.671926,26.664772,-12.607528,-21.738268,0.6917858,2.473896,12.983637,-5.170668
-24.327288,3.9568918,8.844305,32.510174,-3.7810879,-16.705296,-8.916908,2.681241,5.7607107,-0.3539722
1.5759677,-14.6926,17.74822,-4.4468865,-18.89684,10.06265,-2.2743256,5.064456,11.833698,-5.47139
-5.9503093,-11.623922,24.586338,-2.3177557,-22.667099,-1.4206591,8.115097,8.7467375,18.05744,-15.030515
-8.249036,-12.567055,33.030773,-1.8172011,-22.699862,1.0890512,1.3227661,-0.8808738,25.059565,-14.194566
-9.563758,-7.2719164,33.180084,-0.85986084,-19.714888,-4.8156986,4.681987,-1.8466148,25.0957,-19.88979
-8.958041,-4.624971,23.656155,-1.8135664,-15.5692215,6.3047686,0.060658395,-4.170721,21.628666,-15.989563
-5.980719,-12.056118,25.47825,-1.8743006,-21.349855,0.4665412,4.926053,5.6407337,20.071434,-16.304691
-9.312401,-16.721638,33.461716,1.0226877,-25.94217,-3.513311,5.978422,4.854429,20.425539,-10.541266
-15.142138,-14.263589,37.23854,6.3868356,-24.634453,-4.8811145,4.777493,4.0810366,22.958178,-16.76593
-12.117987,-11.392264,30.917662,-3.2580264,-21.381365,3.781092,3.506809,0.56361383,24.619747,-15.5211935
-14.891813,-13.945984,34.274963,1.7860613,-21.933577,0.9368224,3.253114,2.0168746,21.524296,-12.540682
-14.896173,-11.780597,35.74065,0.7005063,-22.370226,-1.0943636,3.035983,1.2105108,22.904985,-13.200702
-9.265228,-8.571117,34.284607,-1.1022741,-21.593445,-1.4104434,5.376081,-2.235983,20.674128,-14.941201
-9.604227,-13.420387,28.420048,2.0149913,-18.64765,-6.297406,8.190672,4.054122,18.496077,-14.165588
-12.331106,-8.518262,33.52037,0.15264106,-21.594498,-0.5096209,3.0717173,-2.795662,21.926731,-13.623437
-23.111591,-9.571722,39.526367,9.002448,-23.817888,-6.586133,3.4245613,1.880883,28.748398,-19.465643
-13.955808,-12.557368,32.0084,7.0158825,-19.400091,-1.7585156,2.2415805,-0.26628405,18.781893,-13.976276
-2.6595697,-9.000973,28.479326,0.042597353,-23.20517,-9.008694,10.313335,2.9056349,23.11361,-21.111776
-17.093843,-9.653334,38.205833,4.7236285,-24.478348,-5.005763,3.2109325,0.42808902,28.024271,-18.118465
-16.077421,-9.117857,35.037323,6.927136,-19.236216,-7.667325,4.6079574,-2.7055242,22.860977,-15.518084
-13.53152,-13.166048,37.79151,2.400805,-26.719416,-7.432942,12.064073,3.583401,23.413977,-18.34985
-17.684683,-15.182903,35.11777,10.889576,-20.648117,-7.489965,5.191963,5.129634,25.044542,-20.60721
-16.946487,-12.685896,37.33266,5.2903843,-19.312588,-1.7283304,3.0261655,-0.5274794,20.34933,-15.028577
-17.52103,-10.990922,36.273205,7.8092165,-22.156757,-5.6041183,4.606127,-0.9209051,23.441704,-16.224323
-19.988352,-11.128192,42.934746,0.35855627,-24.38935,10.815948,-0.31389093,-4.320354,26.251465,-18.391073
-20.50006,-12.840653,39.22404,8.253069,-19.432528,-4.3051944,3.5426931,1.2323595,25.611658,-20.281221
27.844566,-5.715941,-4.5527706,-5.5167165,-15.374935,-11.808573,1.5488956,7.9790835,-4.183371,9.862286
24.462135,1.549782,-7.381171,-3.8378584,-10.381949,-12.871532,-3.1162126,2.329117,-5.348054,14.262834
24.277365,-0.26342368,-5.3631372,-8.2134,-10.451682,-10.128322,-0.9862592,2.3399363,-1.1990703,9.050125
18.175024,2.335428,-2.4656668,-7.308326,-10.711133,-11.230623,3.0154042,1.6854146,3.1866457,3.9968836
30.57282,1.1640842,-11.732078,-6.586912,-5.401861,-13.16597,1.117872,2.5521677,-2.255203,2.897831
15.418781,-2.3670697,-3.3623984,-3.6461015,-12.541557,-10.170147,2.3811574,7.277691,2.7137396,3.1386843
25.215187,9.840548,-5.6861897,-11.381112,-12.257609,-11.291092,2.572104,-1.8422688,2.2685528,2.5780692
27.10002,4.81805,-10.273128,-7.640767,-12.73511,-13.399414,2.6461678,7.895716,-2.3853257,3.6004648
31.25452,-1.2268109,-8.617196,-8.756844,-15.1600685,-16.905388,3.1571243,7.9080424,-3.9760313,11.254079
26.061071,-0.52814364,-5.7509065,-3.9210522,-14.523194,-12.802855,0.6686208,4.633856,-1.1146816,6.7769036
19.897987,-1.8229918,0.9913236,-6.0102477,-13.978927,-8.060919,0.17644769,1.8460453,3.1130514,3.1956377
21.683111,17.45953,-12.523015,-10.237049,-5.5251083,-11.9729595,-2.0569284,-2.2944126,-0.4769636,7.4804754
17.506458,0.6728803,-1.0785801,-6.672381,-15.70385,-8.076457,1.1089857,2.3645866,5.796315,4.3516245
17.750933,4.012283,1.0448813,-8.5585,-14.26699,-12.8603325,3.3528156,2.1710334,6.5337057,0.81647503
29.282991,3.12316,-10.537668,-9.312385,-8.743384,-15.229355,3.4931684,4.106308,-4.4699965,7.9009657
25.737793,1.5541073,-8.109731,-3.3149455,-11.179675,-15.818415,3.2431977,4.562034,-3.7570543,7.150349
27.82739,-0.31791097,-4.4444346,-5.5421853,-14.227199,-12.804856,0.6710039,4.347154,-2.4024258,7.28683
24.82548,2.3297572,-3.9058647,-8.050785,-14.892908,-12.267862,3.6637359,1.7675384,-0.7720549,6.125723
19.649797,-0.025350392,-0.7483469,-6.3724732,-12.779801,-8.802722,-0.21178383,0.27510208,4.980797,3.4684062
19.91959,12.60327,-4.237348,-11.920206,-9.558641,-4.4170604,-6.7383165,-7.1050763,5.7954283,5.840433
21.201899,0.9188556,-2.6500988,-6.6918063,-13.651763,-7.787701,-3.0618992,0.94259757,2.3375065,7.5455475
32.353695,-1.9931726,-3.8226614,-9.637528,-14.077167,-11.299542,1.8767117,3.183433,-4.258871,8.505389
24.355331,1.0719233,-4.153504,-8.011229,-12.302165,-7.18316,-0.83041775,1.5946158,3.3845477,0.5629677
26.525501,5.109689,-8.463135,-7.586812,-10.27495,-9.180742,-4.0233297,0.49171847,-0.91558814,7.0661073
26.837002,1.6622435,-2.3432534,-10.638907,-15.855322,-5.8708677,-2.1629434,-1.3556018,0.75335985,8.001915
-16.765095,-3.0735433,29.92104,7.6550283,-17.212261,-5.9889326,0.88481426,-1.4383059,24.622856,-18.09602
-16.026865,2.8648791,27.322525,2.5719285,-17.375097,-6.114091,2.8667262,-5.684519,27.521656,-18.719656
-11.457057,-1.6554277,27.219145,-1.2022686,-21.564636,-3.2349675,2.2919204,-0.937686,24.760912,-14.118222
-8.572977,-8.544011,31.403824,-0.70408916,-24.770296,-7.908288,9.698414,3.5852284,21.436684,-15.967314
-15.031116,-5.8735948,30.255802,0.90125394,-21.503222,-0.4970765,-1.8367784,-2.8986692,28.115904,-12.093335
-11.441597,-1.1719487,27.240967,-0.7827443,-16.102013,-2.342929,-1.793354,-6.3734293,30.541676,-18.65057
-19.607191,-1.49542,34.49544,0.1258474,-18.66358,-5.1677713,-0.39535093,-7.973201,32.911747,-14.908736
-14.281812,2.3538156,25.591648,-0.31534243,-20.288834,-7.1493626,5.258531,-2.9719653,33.312965,-22.922354
-14.019146,1.9210352,25.692486,2.5337362,-19.562096,-5.730521,-0.32644606,-2.4141316,29.412836,-17.250834
-12.439677,-3.9198651,27.755749,-0.8712403,-17.633593,-0.98108137,0.16086233,-3.8947263,21.585484,-9.268253
-10.648729,-0.22801824,25.600405,0.61411023,-17.555412,-4.9372044,0.3326475,-2.564124,28.07536,-19.955786
-9.334679,5.68552,20.012398,-2.639477,-16.442017,-9.525341,5.885434,-1.9888132,21.573633,-13.639506
-16.034851,6.537636,26.187881,-0.021049857,-16.18308,-10.07592,-1.2530549,-7.1345687,30.680641,-12.656695
-13.407072,2.7693145,25.192902,-0.28163558,-17.068472,-6.2279496,2.3640723,-5.5876594,27.656023,-15.39063
-10.821946,3.9128084,26.050291,-3.0002346,-20.25971,-6.6645985,3.1697497,-5.489002,31.223198,-18.065264
-17.067425,5.6163797,24.66838,0.60954756,-16.742878,-7.565365,0.54839236,-6.450161,31.58348,-16.511679
-9.080369,3.5064378,24.389961,-3.5061603,-22.331244,-8.11739,6.005437,-2.8038573,28.784231,-17.473335
-19.107433,1.224822,28.902739,5.074389,-17.353296,-11.48696,6.7014213,-2.7258677,24.451218,-16.161564
-13.126062,4.0776086,23.196825,3.0513515,-15.5361595,-7.9690695,1.9485639,-5.8437815,31.915762,-22.919157
-12.998589,-2.1669173,28.75637,0.7069656,-21.232407,-8.523174,4.631067,-1.8509203,29.540224,-17.995667
-13.287861,5.878419,22.332062,3.4633791,-16.316938,-5.3562636,2.2796614,-4.8782506,25.93939,-18.911583
-13.177278,-5.1164694,29.679358,3.958784,-19.172337,-6.005555,0.6824247,-2.6119747,26.478508,-15.57696
-11.172928,2.3613896,25.253952,-1.431828,-17.680958,-6.274874,-2.6214385,-8.350605,33.698826,-15.8983345
-11.022815,-0.37595904,24.833433,3.1907854,-17.225695,-6.777908,1.4346097,-3.6643684,26.905855,-18.152443
-11.125281,9.297797,19.60634,-4.500489,-17.591438,-3.952029,-2.2610497,-5.405779,27.141499,-11.954938
17.108253,-4.8999577,-6.8457375,-5.533595,-10.974036,-6.554785,-7.603126,3.7798212,-17.087288,39.308067
23.81734,-4.2281265,-8.146732,-3.8447113,-11.418911,-13.754087,-0.34769112,4.5024,-12.884293,26.548494
18.320593,-6.1589427,-7.155824,-4.1478705,-14.653898,-6.404268,-0.5632628,7.173472,-9.349919,22.9344
17.103062,-15.636314,-3.6198356,1.914192,-12.939918,-8.825418,-3.4666338,11.613227,-13.364187,26.87361
16.623957,-9.108249,-11.556914,0.34861887,-11.9986,-13.660719,-0.82782865,12.670969,-19.369978,36.512154
16.98166,1.9119759,-2.018943,-10.843529,-13.738184,2.3170738,-9.704224,-6.1341105,-8.179637,30.086746
14.634778,-6.781191,-7.970768,1.6834815,-10.821275,-8.93093,-7.486336,4.835431,-16.716578,37.73195
20.345964,-4.895586,-9.521987,-6.1304297,-12.587225,-5.6913214,-6.7442436,3.5334456,-16.589758,37.669426
13.972279,-0.9008327,-4.983947,-6.459479,-9.126895,-5.998691,-10.094243,0.86346334,-11.296818,34.4853
19.899399,-8.284642,-11.16839,-5.820446,-6.8096223,-4.87647,-3.337837,5.2683516,-14.932024,30.730759
14.705559,-6.8626146,-6.233445,-5.7012353,-9.235362,-5.1413436,-7.4871464,2.6009562,-12.01635,34.709946
13.029778,-6.6380277,-6.3881702,-1.2223574,-9.785622,-6.423279,-8.105725,2.9563587,-14.485787,36.327824
18.71121,-6.8336754,-4.654588,-5.673994,-12.197565,-7.1834326,-5.2613277,4.533202,-13.272768,32.23059
16.869823,-8.43746,-8.653469,-5.9394107,-11.699079,-9.354372,-2.8837368,6.810347,-15.88775,39.349113
13.957535,-6.97366,-5.9195805,-1.1175264,-8.487418,-8.269621,-4.969192,5.026847,-14.762058,31.874365
12.747371,-0.31429476,-6.74369,-2.0716057,-10.756319,-12.426715,-2.34763,5.349772,-10.523531,27.0471
19.08798,-6.7459903,-7.5694723,-0.82764566,-9.423413,-12.7239065,-4.8845296,6.2842174,-14.675336,30.426191
18.12778,-10.981022,-8.253093,-3.3429987,-12.87005,-9.52416,-3.492419,10.392623,-19.145985,38.63265
26.669151,-9.955792,-5.1137075,-6.9099355,-17.136063,-9.8992605,0.27444535,10.077123,-9.0249605,21.147345
16.144903,-2.9551344,-4.406349,-4.8462157,-12.430899,-6.11608,-3.910822,2.3247623,-9.509576,25.450415
12.11923,-4.3087907,-7.3472795,1.9614217,-10.075354,-15.649393,-4.1735115,7.8133326,-14.846362,35.06517
21.076561,-10.353428,-6.138587,1.0280776,-13.138723,-16.03069,-2.3448877,8.92614,-15.93239,31.579046
14.180542,-14.806073,-6.046036,7.971359,-11.622387,-16.111088,-0.6753371,14.308676,-12.078389,25.238998
21.066713,-7.8945637,-5.0969076,-7.784391,-8.66277,0.63809633,-9.660837,1.5176233,-11.245387,26.819754
17.861353,-14.827324,-6.933247,2.9969513,-14.475704,-12.725089,-1.9152343,17.430197,-15.654913,27.906446
-2.6175299,-10.217716,7.014057,-12.16136,-5.3155637,46.496643,-18.003775,-5.3942213,5.622932,-3.211812
-2.6333845,-8.097341,5.5164776,-14.049443,-5.8614674,52.758564,-20.558456,-5.756771,5.730778,-5.6459675
-6.695859,-6.0651493,6.8153086,-9.860603,-5.8241606,44.330124,-14.878808,-6.222459,7.175153,-8.60265
-0.8382713,-8.760218,5.6905518,-12.450874,-6.262392,43.633114,-14.220639,-5.094102,6.1170864,-6.54017
-4.5185547,-9.367687,6.373312,-10.888609,-6.816725,49.395218,-18.457813,-3.7917151,4.765599,-4.8315706
-4.739803,-4.316091,5.6881285,-11.844914,-3.350934,41.23663,-15.082856,-8.6003065,6.492628,-5.368279
-4.31663,-3.6286407,9.2637,-10.422531,-8.325956,38.79243,-13.926234,-7.4160933,9.471847,-8.178407
-0.007222742,-7.8190684,6.283678,-10.969618,-8.841555,35.0735,-10.047037,-3.0738845,6.867058,-7.263188
-5.2180614,-7.9705706,9.444695,-12.869034,-4.1002855,49.428947,-18.720219,-10.157321,6.5278125,-5.302597
-2.7547774,-10.014061,7.213864,-10.401819,-9.203325,47.53418,-15.49211,-3.8016067,7.1156683,-7.99914
-3.631254,-5.841755,10.140313,-12.730437,-12.27591,41.729397,-10.330203,-3.2618403,6.7171865,-9.380159
-3.6552954,-11.213805,4.880274,-8.970145,-6.0881224,49.531593,-15.62664,-2.4299202,3.2549977,-7.4764166
-3.308679,-9.2909775,3.8055942,-9.161352,-2.3939533,45.79974,-16.131605,-5.8232813,4.874914,-7.2476764
-6.705642,-6.8708115,6.3924727,-8.919715,-7.204064,41.057175,-13.178467,-5.0552554,8.537847,-6.9488096
0.359962,-12.4288845,8.602475,-8.119058,-8.834572,36.792545,-11.530491,-1.6250157,5.5343556,-7.3572702
-3.573044,-9.24502,16.766302,-13.028894,-11.868103,37.549114,-8.479053,-4.969807,10.933611,-13.479242
-2.396273,-9.50683,5.0892677,-7.7274594,-9.316568,39.645782,-12.983042,-2.2294233,3.9067466,-3.9052892
-3.02746,-7.64311,11.341389,-12.026402,-10.360472,38.493973,-10.889748,-6.673193,9.670957,-7.9328804
-1.7716001,-5.829131,11.506132,-12.765947,-11.393373,36.98011,-12.941459,-5.1714067,6.1523743,-3.2106686
-5.0000787,-11.472388,10.337402,-7.364705,-7.3361993,37.194798,-12.46795,-2.5402355,7.0300236,-7.988015
-3.535821,-8.68461,8.672968,-9.76939,-8.941638,35.248425,-9.315553,-2.461439,6.469914,-6.943809
-5.1795135,-10.161384,6.912265,-11.173907,-7.1307774,46.929596,-13.480546,-1.7160347,4.8910766,-7.9558167
-1.5347573,-11.175739,8.163959,-13.88867,-8.390254,45.07848,-13.045864,-4.981285,4.153199,-3.8697548
-1.0408461,-12.576811,9.337162,-13.212544,-8.568048,48.008144,-14.380929,-5.439549,4.281851,-5.3795786
-0.41715768,-5.9035854,6.9728713,-11.732156,-8.207604,43.435413,-13.607729,-6.9893637,5.135122,-6.9072437
16.118357,-9.952729,1.7177877,-1.6860008,-23.569042,-21.242105,29.445131,25.174906,0.94367856,-16.346706
12.139332,-6.636369,1.7530974,-6.852406,-19.997112,-17.056263,28.526657,13.290335,4.410891,-8.996787
13.66871,-6.2527103,-0.8711607,-0.058737278,-19.373188,-21.466785,25.326567,21.646658,-0.36296344,-12.132331
7.4212046,-7.9503202,8.102333,-5.5791144,-18.368559,-16.350618,28.222515,13.024333,5.8080235,-13.084694
11.922273,-6.8505635,3.6123998,-6.453431,-21.0317,-17.510767,30.386835,16.606356,1.6295278,-11.827209
11.509665,-9.658162,-2.134261,-1.861362,-21.163942,-18.874592,26.923828,23.99566,-0.5705962,-8.382417
9.509852,-9.701623,2.4857786,-3.4590592,-24.232628,-21.202578,33.725677,25.919964,1.1098697,-14.297166
9.555571,-6.0897465,-0.680565,-0.013619244,-18.101578,-13.833439,20.740622,20.49649,0.0029173493,-11.713222
3.6664069,-3.325102,4.6567645,-2.0037222,-18.538904,-15.125798,22.46437,17.529697,8.735864,-19.063402
5.3114324,-7.848808,5.1334844,2.252862,-17.797876,-16.674187,16.754873,20.57291,5.2604494,-13.523191
1.2635516,-8.20787,11.484468,-2.5609767,-18.028976,-7.6836295,15.8943615,11.216297,11.439457,-14.547146
8.094481,-5.9099946,9.032294,-3.7075477,-21.738169,-12.526413,22.444399,13.6219225,11.402692,-19.721684
8.758719,-4.5855956,10.532792,-5.328856,-24.795128,-12.879422,21.993254,14.160299,6.1900377,-13.066902
14.735598,-11.024528,2.2812557,-4.135945,-19.274235,-17.294931,25.055384,17.181211,4.126987,-11.007173
8.969227,-7.843635,11.575475,-5.144276,-22.040344,-14.454669,23.03939,11.149068,10.074489,-14.62485
2.4251804,-4.8235207,14.047814,-5.239357,-21.044968,-10.550923,16.919168,8.16135,14.882551,-14.229487
5.967861,-9.470212,8.047161,-0.75640035,-20.677383,-10.948753,17.483454,18.884045,3.214607,-10.709217
6.004386,-10.61471,11.166601,-2.3617904,-23.388132,-14.5613575,21.215393,15.044496,5.942089,-8.439337
6.8136163,-6.7425632,8.955156,-0.7205931,-18.21417,-15.394728,16.791788,11.085426,9.573749,-12.195157
5.4406366,-11.556345,10.660735,-0.38053477,-23.841227,-20.081268,29.63231,16.730309,5.60771,-11.680678
5.4302015,-8.613182,16.799597,-6.7386107,-20.67483,-8.464636,15.599009,7.123285,10.406242,-11.44452
5.6599784,-5.3544884,12.463114,-5.940731,-22.86553,-11.104172,19.129951,9.883543,13.360704,-14.2503
7.1213837,-3.8983324,13.623841,-6.8999205,-19.583103,-11.557153,19.950373,4.339319,12.250972,-15.313928
9.007893,-8.378074,6.7168694,-7.2711105,-22.079245,-16.419867,29.535461,15.663622,4.9501867,-12.023452
10.466996,-6.979937,11.327274,-6.6016035,-24.128479,-15.466915,26.19874,9.916445,10.07735,-14.402532
7.307775,-17.650284,6.679656,3.866838,-27.272285,-14.493528,16.871387,31.388622,-3.8445523,-3.5238879
5.771758,-17.53424,7.7530813,4.5618644,-27.50328,-13.595962,19.349695,27.719515,-1.4362311,-4.29774
-1.523877,-13.845265,15.696135,7.43296,-22.971745,-12.253043,11.949393,19.306314,2.2678368,-4.935917
5.167291,-9.565287,8.5020895,4.4776697,-21.516657,-16.784883,13.960334,19.23992,-0.0564996,-3.2585855
-1.3039875,-9.1683235,16.74514,-2.2429266,-21.821226,-8.765419,10.912165,12.764365,9.620651,-6.0985837
-2.897853,-14.816383,14.725802,10.35516,-20.94033,-16.08637,11.787305,19.542896,6.1282334,-6.814881
-4.0882525,-8.061778,20.092918,-1.1260428,-21.300062,-5.3695655,7.283575,5.732502,14.90943,-7.090337
-12.859688,-9.673132,29.977728,5.1081114,-20.710459,-7.079097,4.6468983,4.182289,16.977417,-10.764673
-2.4574263,-14.63766,10.952202,13.764065,-21.286016,-17.92859,13.259914,25.283455,0.34371883,-6.2678757
-5.401454,-10.854651,20.895487,5.406234,-23.496553,-9.46897,7.7470365,10.025862,12.979132,-8.37193
-10.870128,-10.643219,31.325087,4.734686,-22.675789,-9.296833,5.526346,4.0200834,17.397007,-8.8548355
-13.966651,-13.9322195,13.413979,25.044975,-15.305184,-17.398909,5.784845,16.268646,4.6929226,-4.421981
2.0603707,-14.9134245,3.7652233,10.279037,-19.109278,-17.175756,12.099571,26.635717,-2.8158476,-0.44287664
-7.873229,-10.890286,13.84202,17.561333,-20.19604,-16.171612,2.230639,18.096533,5.547036,-1.5909294
-11.625434,-3.1538663,29.557138,1.7165215,-24.139105,-10.326773,7.7749653,0.794931,20.87533,-11.417818
-8.89026,-12.312147,16.942734,8.449704,-23.079836,-9.6700115,8.025623,17.252802,6.1998463,-2.4325202
-2.7313452,-6.3262954,19.485247,0.7721,-17.710104,-10.029319,6.693122,2.2877488,8.216223,-0.8035604
-2.3885949,-11.354892,9.369393,12.014869,-21.20257,-13.524998,10.485281,18.513504,2.5130076,-3.6576643
3.9084196,-17.677345,16.797588,2.243077,-25.796017,-16.019732,14.339195,18.550404,4.432416,-0.5530194
-5.657311,-13.397263,17.925272,8.007929,-24.763168,-10.326059,11.778992,19.670618,7.6025763,-10.6028595
-0.6207155,-9.341605,18.63296,-1.4020283,-19.736681,-17.547432,18.101906,10.282835,9.293011,-7.9061375
5.4892416,-16.147274,10.867024,5.8865395,-27.724123,-9.143671,8.122737,21.995188,1.3084564,-1.0803972
-6.0457234,-12.892703,23.59248,3.4426193,-23.460512,-6.0726643,4.31383,7.9459033,10.908521,-1.2544681
-5.808643,-14.449287,15.292945,12.666668,-24.791536,-11.078132,9.174976,22.870346,0.59512305,-2.3573637
-10.109459,-9.681327,31.61521,2.7328668,-20.82444,-7.9743795,3.9115694,2.1094294,22.827093,-14.907216
-3.7855637,47.581215,-12.45374,-5.197829,6.3500175,-15.585755,-2.1671689,-17.908188,4.58368,-1.4193931
-10.7390585,55.351154,-10.044751,-8.774232,4.5423923,-19.520905,1.2050679,-19.727243,11.662376,-1.6780739
-6.830749,49.627632,-13.358807,-5.1923676,4.804575,-15.718682,-0.71245193,-17.470911,9.420854,-3.7889216
-8.14951,48.031044,-11.37349,-5.0973606,0.13871264,-20.030514,4.3533072,-11.987841,7.786131,-1.6985168
-8.633857,50.63945,-10.143602,-7.5342255,4.5779476,-17.516424,0.86199725,-18.430683,10.477048,-2.4455209
-5.4163737,51.323242,-9.907718,-9.171793,-0.66572666,-19.537947,-0.57164663,-15.99576,9.851719,2.7777946
-6.744137,49.236294,-12.8134365,-6.984433,6.490476,-17.080038,0.19178772,-15.659769,3.9221425,1.1597962
-6.3844275,48.81753,-8.031364,-5.317695,4.191449,-16.896532,-4.258691,-21.090717,7.0659943,3.2626047
-7.4724593,51.410137,-14.66405,-8.035436,5.6106954,-18.510136,0.702414,-15.513299,5.645098,1.8436968
-7.1948338,55.48392,-16.30358,-10.632699,5.316487,-13.792463,0.7032279,-19.616993,8.304661,-1.5876453
-8.919345,49.9189,-11.051418,-6.1133676,3.1253524,-14.857464,-3.0855424,-19.145006,7.363473,4.71052
-3.776717,51.352085,-12.782875,-11.387548,4.294774,-17.80775,0.8081403,-18.821657,5.4981484,4.040311
-4.264734,51.155304,-16.175066,-8.813444,6.5764813,-13.892003,-4.821106,-19.327358,5.7194176,6.2909894
-7.573332,45.693035,-7.503588,-9.656862,3.7581773,-20.416187,4.398842,-16.940674,7.7224836,1.9696916
-7.0633163,47.372078,-12.653931,-3.4028394,5.3375673,-13.758673,-5.1864815,-17.87901,9.743114,-1.8755287
-7.466667,54.370438,-9.924341,-10.052721,2.939805,-16.630314,-4.265844,-21.262537,9.439175,4.4517813
-4.6479506,43.74079,-9.355999,-10.133726,2.431971,-13.969282,0.93593574,-16.51543,8.755734,0.4111002
-6.061378,50.682816,-12.949388,-6.0370135,4.6765966,-16.013176,0.62156343,-18.222591,2.5854282,1.8711025
-5.8203506,53.7222,-14.550083,-8.354414,6.1433935,-15.757578,-4.4473686,-22.187094,9.339873,2.1069214
-7.085794,49.964577,-9.609652,-9.018414,2.2787101,-17.768211,1.393437,-15.720052,6.4937515,0.20943373
-6.967948,49.60629,-11.483262,-9.618287,5.8496804,-20.301321,1.273835,-17.647465,8.67033,1.4743266
-7.0242023,45.92497,-14.087535,-2.9119987,5.538242,-18.994244,-2.5558245,-14.891259,6.9364915,3.2495325
27.433426,-0.7248731,-9.16334,-5.931562,-15.795103,-15.395565,4.8025446,7.9788847,-6.146775,13.118354
27.044945,-2.590449,-4.272168,-8.940199,-12.600126,-5.2364035,0.31519604,3.4551773,-1.9710178,4.147948
15.44719,5.5357103,2.8035867,-7.5978875,-16.22102,-8.763562,3.8691425,0.8987728,6.651367,-2.4807472
