42.878727,-0.21000831,-13.157556,-17.049,-14.19317,-3.9477587,-0.64725244,0.05113615,-8.848471,15.9618435
36.81475,4.5173955,-12.476922,-15.234527,-11.801424,-2.3791125,-5.888506,-3.8413453,-10.557881,21.84028
32.800415,2.5820189,-15.9626465,-11.556351,-8.940916,-3.1031237,-9.415219,-0.253253,-13.4965925,27.922321
32.49789,-1.4282229,-9.253663,-9.033707,-11.302903,-2.3880668,-8.525662,-1.2744709,-6.479571,17.733086
41.40715,1.8969295,-12.823183,-13.429902,-12.409844,-5.080739,-7.636061,-1.2310569,-4.055767,13.782565
42.551655,2.0015628,-13.153399,-15.7732935,-13.656257,-6.4443007,-0.8914957,0.9633455,-7.2444725,12.324471
39.117073,5.077347,-13.378769,-15.800426,-10.042095,-3.2156143,-6.430664,-2.6680584,-8.585837,15.9144335
41.265285,1.6846198,-16.231699,-16.159166,-9.743923,-3.876192,-3.0646052,-2.437821,-6.9614725,16.07013
39.298866,0.07921642,-12.334292,-16.756762,-14.730621,-7.9512653,1.8118621,0.773857,-8.686668,18.950386
38.374084,1.778581,-13.116956,-12.985032,-13.718088,-4.57329,-2.6618466,1.24554,-8.813963,15.569337
39.761402,-0.9912654,-12.079849,-15.296699,-17.112051,-2.5069008,1.0681304,2.2655988,-7.374517,12.184203
44.3254,3.4530063,-12.657326,-17.355299,-13.710602,-4.1690407,-2.5391455,-2.8042648,-4.256344,9.319848
38.797356,1.6050084,-15.207095,-13.809879,-12.555576,-4.9144926,-3.3033583,0.22576526,-10.577971,20.551575
43.164017,0.8465655,-13.499069,-14.978939,-13.596601,-8.700979,-1.2228884,1.3763598,-8.144324,15.324524
40.57562,1.7196002,-14.189797,-18.109795,-12.455474,-5.5029964,1.3997204,-0.41726542,-9.341724,17.229975
35.567844,0.93701804,-13.131238,-13.643708,-10.063316,-4.354253,-4.1060553,-0.8687242,-9.082804,19.146523
44.369633,0.69473404,-16.310411,-14.2552805,-14.647487,-8.4439125,-3.134815,1.8251294,-6.38568,16.68027
43.222683,2.692194,-14.609942,-14.765109,-14.448471,-10.54567,0.910468,1.6920775,-3.6702201,9.868541
38.076836,-1.659553,-10.672534,-9.326498,-14.470192,-13.389517,5.926099,4.331108,-3.6168559,5.4931345
38.52103,-1.6985279,-12.723515,-16.105976,-12.480582,-2.568474,-2.0588193,2.897649,-9.621289,15.883567
35.500546,-2.6407573,-9.027581,-12.04298,-13.203657,-4.8567147,-3.9384975,2.4744473,-10.564337,18.556366
14.793511,-1.9381411,-16.23686,-5.762032,0.89517766,0.44428867,-11.614763,4.826901,-20.369709,35.25756
14.607253,2.7847707,-14.512585,-9.150997,0.27950335,3.8489528,-13.883282,-4.2550435,-23.203363,43.779984
12.742967,2.2415433,-17.781076,-7.9916286,1.4626439,1.5757024,-11.883618,0.35016394,-24.044832,44.837013
1.5275826,3.1736681,-21.687883,-1.7664835,10.900312,3.7124827,-18.8587,0.34754258,-28.64001,51.98976
10.567924,-0.09034079,-18.250444,-6.7999268,7.609746,0.90563095,-11.7396555,-2.1404803,-25.436142,45.244827
4.2087774,1.2052912,-19.408216,-3.100132,9.946908,0.67098254,-14.741231,3.3570726,-24.161613,42.03184
13.217567,0.38821498,-20.509768,-7.267293,4.753859,-3.1159816,-11.144831,3.2079048,-25.551981,46.35942
10.110262,-2.937526,-17.135859,-1.2764784,2.2758071,-2.936645,-14.20427,4.245599,-24.189129,45.76847
3.0530756,-1.8251207,-18.493504,-0.73799723,10.084035,-0.087509364,-13.63428,3.7336218,-25.779173,44.497368
12.863758,-2.1286974,-17.238756,-7.728519,1.3469167,0.09377515,-7.76604,2.0965466,-26.22529,44.67726
18.133099,-5.8996024,-16.217138,-5.4610314,-2.862288,1.5721784,-13.702569,2.9344645,-25.210707,47.198772
13.926436,1.4537297,-21.003487,-6.012344,1.2104113,-1.1336309,-10.948857,2.2116663,-23.54524,43.368176
13.196868,-0.95380867,-14.5602255,-4.202388,-1.477987,-1.1538182,-10.564932,5.457932,-23.508413,38.25003
18.425407,2.651059,-20.74456,-8.254492,-3.3735795,-1.4106582,-11.780966,-1.5901425,-26.768929,52.879948
14.380883,-0.6514979,-16.202848,-5.9014797,1.388215,1.7488899,-16.31213,-1.3902987,-28.26117,52.02498
11.921698,-1.8428321,-14.635852,-4.822034,-1.2768728,-3.8091013,-11.905159,4.6752257,-27.156319,48.145603
10.466576,3.2826185,-16.98074,-7.800521,1.0448472,0.8561988,-14.077974,-1.0997381,-23.836075,48.632412
13.150822,1.5461104,-20.23782,-5.8655443,3.5378952,-3.1934352,-13.441544,2.7015529,-26.148941,48.61965
12.102403,-1.6209451,-15.143385,-6.0115724,0.23627052,1.7864499,-10.600567,2.5127943,-24.41284,41.09978
9.987456,0.5297878,-17.155989,-7.121662,2.5005572,3.2630177,-12.538057,-1.8016812,-26.135717,48.70533
5.9695415,-14.456636,-9.473679,9.337266,-11.684402,-16.553677,8.758115,35.0273,-14.548926,8.169667
0.90648246,-14.259787,-1.36404,9.04877,-10.799763,-7.239539,0.16659069,25.298079,-14.801728,13.833247
1.7434716,-6.1795187,-3.453002,6.6650267,-8.997087,-4.9526896,-5.281379,18.201118,-8.829643,12.028666
-3.363092,-13.345767,-5.666255,13.239733,-7.185992,-10.129597,2.284024,31.500118,-11.235755,5.5989814
13.87044,-0.7822486,-5.4543686,-3.0024927,-14.838334,-1.6609144,-8.108682,10.069173,-6.791807,17.067932
-0.86062354,-10.128746,2.5909243,8.676484,-12.101247,-2.562429,-6.4283566,17.97354,-6.3633094,10.735248
0.45883,-10.145462,-2.988453,10.791285,-9.883688,-9.246944,-0.13320643,25.241056,-6.660864,3.5147138
-6.1422973,-11.241645,-0.51336336,12.25078,-11.252995,-3.6782496,-3.3611505,26.30404,-15.060256,14.332434
-4.0871825,-12.782383,2.1162572,8.809291,-11.057124,-1.9130111,-1.6280525,23.517729,-10.3566475,8.145874
-0.9157722,-12.228901,2.868729,7.7754517,-14.887802,-4.3202,-1.3741486,21.395748,-10.632111,12.175536
-1.767327,-12.448401,-1.0552146,8.719225,-12.553157,-3.9055204,-2.1766315,28.614012,-6.1011567,3.2037296
-0.16714329,-9.475235,-4.2865286,7.5535183,-11.441503,-1.4957095,-3.2316117,29.609756,-10.95264,5.632532
2.6478767,-9.50633,1.0508814,8.342399,-14.279596,-2.0973172,-6.3364472,18.83709,-6.7858667,8.5955515
0.30301005,-13.303141,3.8794208,8.651992,-15.368362,-8.14728,3.1025178,26.695992,-6.9401183,2.7862473
1.9593743,-11.664823,-2.5428236,13.843349,-14.353882,-13.427383,-0.66373694,27.886276,-11.650033,10.547877
0.012194321,-12.569599,0.033819914,8.880406,-14.197674,-10.249113,3.8115878,31.700731,-9.726886,2.9356742
1.1489878,-14.564379,-0.33036292,11.854452,-12.040234,-7.405054,0.23140413,27.88779,-9.134684,2.7719212
0.9582263,-6.359626,2.106484,5.9871273,-14.936406,-5.7118134,1.387682,20.398052,-6.927148,3.9436345
-2.7648149,-9.46121,0.3711239,7.789107,-13.915227,3.3129766,-4.914637,18.585527,-5.466861,7.144644
1.6269308,-11.144403,0.33689773,4.4900694,-11.178634,4.044671,-3.6352634,16.218576,-6.7376866,7.293559
-0.11482073,-13.379636,-0.19936496,12.788765,-13.495119,-9.819445,3.5395105,27.305824,-8.768575,2.633211
-11.443161,-15.467687,42.774063,5.8118114,-24.418837,-0.43848205,4.7853813,2.2628438,17.030064,-20.213524
-9.2985525,-8.953261,30.492823,10.108146,-19.452272,1.9581704,-5.036959,-0.21220946,20.080124,-19.18567
-9.390571,-7.6514115,38.07062,5.370796,-25.139141,3.5133066,-5.338887,-4.471159,23.921885,-18.497536
-16.49256,-10.624115,40.51987,7.234844,-19.202509,7.2530155,-5.0873566,-5.021146,24.281193,-21.796665
-13.8185,-13.984359,43.903545,5.5901623,-26.823494,2.9247968,2.5354354,-0.23131979,22.821793,-23.045351
-11.521706,-14.43011,36.4827,9.2399845,-23.45976,6.397898,-8.041831,-1.1366627,20.615364,-13.259858
-10.543259,-9.231256,39.537594,5.112097,-22.228596,-1.371552,0.46990812,-4.890409,21.322067,-18.62318
-13.56333,-12.405487,33.646984,9.430325,-21.910894,4.768346,-0.8461712,3.3958075,16.901772,-18.216795
-10.573968,-11.895997,33.53266,8.699094,-20.238262,1.9838742,-2.022067,-0.7326979,22.101852,-19.75987
-15.045723,-14.543711,43.125225,7.1279154,-21.851528,6.4725304,-4.1596203,-2.874734,27.490017,-24.977509
-8.709172,-7.3552938,23.571178,10.931792,-15.445271,-7.91881,4.217836,-0.6190073,24.18738,-21.315805
-15.311372,-5.2015395,35.321926,5.779213,-17.572876,9.522909,-4.929179,-10.43801,32.169945,-28.671913
-14.612551,-11.780044,42.746243,5.6696177,-23.0749,0.96072567,3.7778854,-1.0579121,25.448553,-28.494774
-13.046526,-7.603469,30.311811,14.109887,-18.591068,-4.6456504,-0.051525533,5.257244,17.319824,-22.688175
-8.66885,-6.1496606,31.540678,7.774197,-20.09535,1.6556071,-9.745454,-4.1443214,26.03,-18.291056
-3.1387029,-4.7473984,27.307013,0.8157153,-18.469093,3.538804,-3.5350735,-6.747794,23.407244,-18.520224
-12.388557,-9.35277,33.95255,2.2376266,-20.949972,15.786703,-8.636205,-6.515514,22.160248,-15.261325
-17.933735,-7.8914866,34.119225,19.0999,-16.968426,-2.329937,-6.72286,-0.55548465,19.94142,-19.258438
-8.324344,-4.630514,32.57189,0.39624488,-25.39142,9.684846,-2.549898,-5.5200477,31.762947,-28.124725
-17.733906,-7.6376467,38.737583,4.7700706,-23.665627,3.9108875,-1.4858229,-1.5659121,30.742851,-27.083342
-8.50367,-12.131096,38.311253,6.1748786,-27.950735,-0.30569786,1.7161989,2.2889442,28.016136,-27.86085
-17.313648,8.762477,-20.171278,8.311794,44.307117,0.54531693,-11.526972,-9.840467,-6.486987,4.9036355
-16.269169,6.6938634,-18.397528,8.351881,44.694153,0.46318102,-13.635915,-10.292125,-10.9997425,9.208877
-22.761576,9.854552,-21.833338,8.754196,51.563427,2.0386207,-14.571012,-12.626074,-7.583186,7.5528913
-20.878145,9.849171,-21.644478,7.2684793,46.264805,4.3112283,-10.779304,-7.6944704,-3.1319594,-2.9047542
-22.054316,6.14513,-19.66104,10.986382,50.1904,1.5296316,-15.818752,-8.871349,-9.526618,7.768275
-18.500212,5.362914,-21.939402,8.304322,48.989925,7.040962,-14.5331545,-12.084419,-12.948284,10.978667
-14.320385,4.8140306,-19.178223,6.372554,37.526592,6.1412587,-12.999435,-10.681973,-12.6613865,15.735337
-14.918128,7.554113,-20.286753,2.4803863,45.48268,4.9375744,-12.952545,-15.464155,-8.47302,12.87515
-19.397305,10.008547,-18.55851,6.1130543,46.087242,0.44886494,-12.454781,-11.879538,-6.380209,6.5197034
-23.18279,6.1462636,-20.222198,10.398562,49.03159,2.8158026,-13.005724,-10.412297,-12.422943,10.5708885
-16.988722,2.0040977,-20.201471,6.63333,47.73302,3.2818775,-12.04706,-7.987543,-12.991974,10.99393
-19.201273,6.2873583,-20.141191,11.041559,49.48048,1.2618959,-21.013447,-12.237959,-12.786338,17.66713
-22.84743,3.696265,-17.746197,8.823052,48.908302,6.310584,-14.47938,-11.949442,-7.8969803,7.5272665
-21.269888,5.696118,-18.486942,7.9780216,49.189827,3.5455856,-15.569958,-12.101076,-9.083511,10.615104
-23.417505,5.7338467,-18.293386,11.902968,46.74913,-3.556153,-8.151261,-7.421055,-7.4919395,4.9172964
-23.543081,7.532316,-21.410088,8.226432,50.246704,5.117866,-14.652717,-12.607317,-10.251602,11.728
-21.747616,8.086692,-19.206171,11.251949,52.558895,-0.9854319,-16.303783,-14.247779,-10.960262,12.249553
-22.34079,3.900175,-20.476347,12.894566,51.68863,0.38786793,-17.570087,-8.314617,-10.52722,10.676298
-18.016935,4.8095465,-15.490844,10.357149,44.963623,1.9641924,-13.924407,-12.97273,-6.145575,5.2963767
-19.04524,4.910382,-18.588799,11.846577,47.84402,-1.8234844,-13.710074,-8.660961,-13.600239,11.959556
-22.525883,3.2346172,-18.538118,12.433781,53.993286,3.0621805,-17.028465,-11.077594,-10.0206785,7.371736
-13.885595,3.1089096,-6.236185,24.640509,8.083097,-8.233524,-15.77705,4.6109943,-10.839378,14.901074
-13.752931,3.322943,-10.218234,24.967907,8.20823,-8.22163,-15.686027,4.042769,-11.127681,19.608631
-12.25761,4.361807,-8.36894,16.842806,13.300527,-4.9741006,-19.66491,-1.1047432,-15.031199,27.420992
-17.178537,1.2543366,-8.133369,25.509026,12.031254,-6.147932,-15.881378,7.6987367,-9.940719,12.094229
-15.331947,-0.23343205,-2.3552327,32.316425,2.2319772,-11.562547,-14.172089,6.628607,-8.275674,11.41774
-13.757571,10.321188,-12.437255,18.844109,9.397892,-2.1108713,-18.715078,-0.47043562,-13.94074,23.542044
-15.548897,-4.231677,-6.941878,27.94574,5.3796225,-6.341713,-18.53314,8.123969,-8.030094,18.34869
-18.253859,-2.386551,-5.4301333,32.78869,9.531037,-7.072407,-18.98543,6.750972,-14.173035,18.378775
-13.274635,5.2471304,-10.82925,24.79839,8.365431,-7.056969,-17.237808,5.581352,-11.742209,17.404947
-9.62065,-4.4971886,-2.3915148,22.697906,6.537296,-6.031012,-16.735456,6.7560043,-16.969995,21.534575
-12.555051,1.0141952,-5.465999,23.89239,5.2807827,-7.928505,-16.79341,5.4576125,-13.6711035,21.494339
-10.772595,6.9203296,-10.66607,15.132048,6.847715,-5.5972605,-10.95751,0.76122797,-10.213996,18.442225
-18.588459,-2.9720354,-1.4799247,33.915436,8.608118,-9.303166,-16.593163,4.863822,-9.185652,12.943018
-12.276961,-1.4909374,-4.8738317,25.350233,4.697295,-8.531115,-14.144207,9.711249,-10.41764,13.267161
-8.046793,0.7026344,-9.383945,16.338064,8.454134,-4.1051407,-15.509345,3.69718,-20.36357,29.725609
-22.136396,1.4356269,-2.603177,33.728523,8.212316,-9.357488,-16.111301,6.433115,-6.8167872,8.079552
-6.2677784,9.322225,-13.363928,11.784612,8.861215,-1.4591209,-18.229843,-1.4273098,-16.976498,27.694065
-14.099254,-3.4751384,0.18880063,34.08636,0.19910097,-16.981255,-6.996324,12.425727,-5.405667,1.5880347
-6.533158,7.3027186,-11.342621,15.101901,13.4833355,-7.3877225,-17.21105,-2.8717115,-19.12476,29.53061
-14.172305,-1.9147724,-7.6320276,33.94824,6.8811216,-10.910742,-16.53174,9.461888,-9.021294,11.202909
-19.036081,-3.0557132,0.64720416,35.298695,1.5227966,-9.968342,-14.20412,8.654477,-5.0881295,5.802275
0.24982285,6.1325235,13.777018,-8.249719,-17.947536,21.135958,-11.902657,-13.976691,30.168987,-19.975796
-7.5105124,-0.114999115,19.822823,-6.1867356,-13.971617,14.304132,-4.7404366,-8.594078,39.507305,-33.36958
-7.799569,7.812143,18.069502,-4.4256577,-15.212292,5.9703417,-1.9232149,-11.181469,42.98401,-35.274605
-8.8585615,3.9893122,22.07031,0.30144843,-16.05258,0.1948956,0.69079864,-8.4195795,36.391666,-29.907158
2.4507437,9.6827135,12.21686,-4.5144,-13.15361,-4.009498,0.026193023,-9.372541,30.627798,-25.182327
-9.349864,2.0866768,19.594072,0.8613856,-12.361383,4.319602,-3.4852831,-9.336807,40.465843,-33.3689
2.7235708,5.3552065,18.322754,-6.392322,-14.210683,8.867042,-10.258324,-14.066953,40.66651,-30.48102
-7.3129835,1.3388537,24.776953,-1.5322926,-22.382404,3.0396514,-1.4547472,-8.55529,40.686577,-29.131563
-6.728431,9.460343,16.414131,-5.3830037,-15.949709,-2.5935802,5.075307,-7.440846,42.113964,-35.32224
-7.4749613,4.5991936,19.565952,-6.5487523,-10.361242,13.880916,-11.745598,-16.596788,41.08091,-27.963707
-3.5948136,1.95173,21.614288,-4.579527,-17.742163,0.88101226,1.6442323,-7.4302998,34.63108,-27.36773
-5.1927247,8.438381,22.042673,-7.340582,-16.989393,7.794959,-4.041827,-13.805987,43.25651,-34.47238
-4.9505243,2.966306,26.315804,-2.025545,-21.189531,1.394039,-2.9622984,-11.607186,44.659027,-32.54235
-0.21127358,3.1131678,12.185818,-6.029737,-14.954172,-1.9243242,5.5847845,-2.1719956,35.31307,-30.209875
-3.4838688,9.319829,17.136127,-4.845088,-16.807003,0.9608947,-2.355349,-11.506693,40.732033,-28.576328
-0.2580707,10.847359,4.4114094,-2.1690567,-7.05019,-5.8681173,2.4675348,-5.6655784,24.25231,-21.651
-0.7011589,3.9966369,13.93967,-3.8320775,-15.871011,-3.1241088,8.205578,-8.210671,36.996136,-31.86011
-6.70402,3.4872794,24.557255,-7.290979,-16.944736,8.353385,-2.3881986,-14.45028,45.988865,-34.20869
-6.070524,3.3352592,21.874159,-7.4428368,-14.349054,2.7065744,2.9069307,-11.133276,43.843193,-35.894974
-2.7987132,8.949687,15.566556,-4.2501707,-13.826738,6.727977,-4.900841,-11.764894,39.902615,-33.387196
0.2645034,35.761612,-20.230686,-3.328761,5.6879916,-13.439182,-2.076658,-8.49794,0.2353419,5.973769
-1.2820036,42.38521,-19.784414,-2.1565526,4.5874624,-12.985934,-4.749561,-12.320848,2.0033634,5.419469
0.8673578,46.68292,-19.14071,-7.9016337,1.8278444,-12.494065,-3.270031,-18.335644,5.5970893,6.6341295
0.054803014,43.14075,-20.301912,-4.2420316,1.760628,-13.379045,-4.033683,-11.306034,2.9465282,5.595246
0.5752694,44.05691,-19.169683,-6.69717,5.8706026,-11.094967,-2.3214817,-15.069959,3.0221684,2.091788
0.4551068,39.19188,-22.15968,-2.4094517,6.5884123,-15.236953,-2.7384827,-10.785001,0.7482585,6.2600784
1.9894578,36.275703,-18.66264,-4.550557,0.6604045,-16.577503,-0.95804614,-5.895798,3.261888,4.8581038
-1.078798,42.07728,-16.438812,-7.4296894,2.4497197,-13.83825,0.8073709,-11.62092,5.9612455,0.07248746
1.3090522,39.720974,-18.857044,-2.4804876,2.9656105,-10.604623,-8.267951,-12.092922,0.7676165,9.03853
3.5328326,37.376343,-18.902353,-5.9784155,1.5802392,-12.023954,-3.8177154,-10.296767,1.7944697,7.413124
0.68897486,38.425243,-21.13504,-3.058547,7.172974,-9.327246,-8.111578,-12.852927,-2.2769194,10.763934
3.7148604,41.47225,-19.062504,-9.269159,-1.208718,-11.371635,-1.7194586,-8.330037,0.9619349,4.7583666
8.420966,42.55703,-22.678684,-7.7323422,1.6321299,-12.567673,-4.405032,-13.29963,1.7119218,7.1684437
-1.6547966,42.94554,-23.125088,-5.2441564,10.318572,-8.44233,-6.8915033,-13.783425,2.077013,4.438007
-1.1207693,46.117405,-17.397385,-7.5766625,4.536175,-16.580856,-2.385477,-12.822153,4.7681894,3.0179715
3.4075155,39.73773,-23.052525,-5.690779,7.2602777,-11.338283,-8.266752,-11.410613,1.4440957,9.11581
7.4980755,44.81326,-22.08375,-5.1099305,3.7897925,-15.166258,-2.1871018,-14.109743,4.1436205,-0.16537806
-1.7110407,30.989014,-15.428985,-4.7144494,3.817383,-13.646143,1.3660458,-3.3116283,-0.64869845,4.2470365
-1.7614293,38.606606,-21.960121,-6.328894,6.204284,-12.607928,-0.8092929,-9.017251,4.6201296,3.7804341
1.8716748,36.193356,-18.254843,-2.7908602,1.729408,-11.047316,-3.9525352,-10.695398,-2.034163,9.028536
4.101287,42.17203,-20.811707,-8.467009,1.8779444,-17.321636,3.2850504,-9.622797,-2.4344947,8.334675
-8.030458,-15.37413,10.324225,6.5219607,-21.58004,-22.275055,40.201424,26.762617,5.588215,-20.855175
3.8117638,-11.229994,1.2774079,4.676721,-14.526035,-17.618496,14.9526,27.189909,2.9485826,-10.796004
8.892408,-6.7940054,-1.4671917,-0.7357333,-13.351872,-14.528396,9.249633,21.06819,4.7752247,-6.9553876
1.4065579,-12.683632,3.9325068,5.4576817,-15.44248,-10.402456,7.3874326,25.018974,3.4196475,-8.0285845
-2.7275455,-14.2206,5.601464,5.7127423,-16.044777,-19.66106,21.907001,29.04166,4.4360886,-13.870882
-0.43863195,-12.206813,5.1927857,3.7457747,-19.319622,-18.811354,19.98561,30.435287,6.9004207,-16.101103
3.3476021,-10.066246,6.6370134,6.7308683,-18.725416,-23.55725,25.793198,20.99253,7.432551,-17.511333
5.259519,-13.962117,3.0841374,2.517187,-16.541365,-19.746094,23.411514,25.391987,2.8531284,-11.541785
-11.134201,-10.069551,18.682972,12.810759,-20.417917,-16.765717,16.219769,18.604475,11.708814,-20.900013
13.013247,-3.2889624,2.2223334,-5.2240596,-15.798103,-21.168385,21.220695,13.124128,10.745958,-14.785355
11.188803,-6.723542,-2.228242,-0.98998535,-16.226429,-21.534388,24.55054,18.53782,6.004113,-11.72245
8.016694,-12.476959,-0.6907717,-0.19438043,-14.472631,-24.905127,33.98286,25.662703,2.0669854,-16.24823
8.249886,-6.8154507,-5.4473896,3.6859136,-9.563006,-19.397976,13.77753,23.373695,-2.2781034,-4.337697
1.7705985,-9.198394,2.44538,4.317874,-16.33547,-25.866386,24.380898,26.343739,4.559188,-12.446627
14.576751,-5.52467,-8.484994,-1.0700531,-12.162841,-20.695707,16.622898,22.931562,-2.4094353,-2.7734904
3.2179976,-9.174486,-1.8266025,-0.63793087,-15.805827,-19.307394,27.410192,27.332102,5.52559,-16.325514
3.8105373,-6.049056,-4.595688,0.20873475,-11.797986,-21.069954,19.917137,25.869678,5.1752305,-10.728809
16.512909,-6.117512,-5.4244113,-6.791715,-14.767371,-20.170794,20.350225,18.78583,1.9537636,-3.60772
4.230076,-7.830143,-1.8841147,2.4077811,-11.508036,-22.417484,22.01744,27.816994,0.93706536,-13.469383
19.046862,-5.826587,-5.7767153,-4.347657,-12.139826,-21.475729,17.720337,18.969204,-0.8221352,-5.403974
2.1440113,-11.829169,3.149326,4.200569,-17.50438,-22.91606,25.014324,27.748266,4.804315,-14.51633
-8.210718,-9.471029,8.222884,-11.471937,-4.9752474,56.648495,-19.03603,-11.22708,6.3126245,-5.45215
-5.7129283,-11.008793,10.4034,-13.199178,-4.3878813,57.351795,-18.357244,-12.655374,8.297896,-9.840689
-12.926975,-12.105912,10.314679,-10.950936,-3.6078424,64.467926,-22.387602,-11.814786,6.60355,-6.021866
-10.718638,-15.571362,12.519524,-9.609123,-8.168797,57.202156,-15.361674,-7.317846,6.3709545,-9.217019
-5.184278,-13.22592,7.26693,-13.2622595,-4.463132,58.73689,-17.21793,-10.904981,6.1673145,-6.844012
-6.535565,-12.082645,7.7132087,-12.73529,-3.2076786,57.592567,-19.53773,-9.923424,3.6044168,-4.519608
-4.683868,-9.421768,6.7921233,-12.229834,-8.246125,53.05846,-18.011219,-8.479054,6.68637,-4.097803
-2.7852597,-9.721035,6.94753,-13.873742,-4.888522,56.09964,-16.732004,-15.10913,7.64576,-7.0088205
-9.647034,-11.268525,15.084565,-12.012793,-13.386379,62.345177,-21.092896,-11.802792,9.839892,-6.9131675
-8.343657,-10.0338745,8.885947,-12.213279,-5.706104,64.30929,-22.89864,-13.8405695,8.599071,-8.108271
-5.7410655,-9.7658615,8.3536825,-12.28902,-8.157008,55.94961,-19.620247,-9.213937,8.274843,-7.5048733
-5.9014454,-14.362776,12.978492,-10.631564,-10.723891,58.45485,-18.086842,-9.460739,10.0606165,-11.194845
-9.27324,-8.707723,13.895908,-10.676891,-9.879897,60.58689,-21.024162,-12.436898,7.2364793,-8.327819
-14.149471,-8.221183,10.909312,-9.774905,-5.883452,67.16763,-23.659084,-13.766393,9.012899,-10.331629
-8.921852,-4.0374537,7.693158,-12.080555,-5.973811,62.257557,-24.284874,-15.249992,6.655053,-5.0327845
-5.4541235,-8.811072,11.964287,-11.360342,-8.184846,55.580093,-19.378834,-11.764788,6.333132,-8.06607
-7.0363436,-13.190326,14.282176,-11.908533,-7.8397903,61.900005,-23.801916,-13.792262,8.077781,-7.0378327
-10.358893,-13.359455,12.079515,-11.472968,-4.823925,54.063107,-15.282742,-10.389906,5.696096,-4.059186
-8.93157,-11.290346,6.498928,-11.746826,-5.638877,59.49243,-18.936827,-11.308143,8.200369,-5.5514317
-10.74225,-7.08739,6.4391413,-10.708724,-1.8379934,59.22711,-21.80207,-12.614757,6.8356075,-7.084247
-10.895,-12.058548,12.832638,-13.097836,-6.921394,62.48705,-16.818247,-10.191918,8.676369,-12.912098
