-16.110807,-0.7418522,-18.661442,13.231411,39.01827,-9.227262,-6.7490144,1.1133184,-16.543188,12.354688
-20.488592,0.8899007,-17.299395,14.272361,37.987106,-10.987784,-5.7573495,-0.015824199,-12.650959,11.400408
-7.6789355,-12.2621,7.5965996,-12.871163,-1.540967,44.825596,-16.72218,-4.455732,3.6797104,-0.7553444
-8.04827,-10.986316,6.9367723,-18.167463,-3.2986836,55.43552,-16.33834,-5.7496986,3.8800054,-3.5656595
-2.1017652,-13.223665,4.202593,-13.903429,-9.088757,45.097412,-14.263236,-2.141513,6.215087,-1.6215922
-6.840387,-9.186386,7.877133,-14.797979,-5.7987676,47.43181,-14.713677,-5.6110725,6.3603244,-5.0041213
-8.673778,-8.282131,7.7790875,-12.436879,-5.348381,40.984943,-17.700712,-6.451524,5.3640666,4.0188737
-7.0973525,-4.360674,3.8600001,-12.415318,-1.2490965,41.356277,-16.212255,-7.9113035,6.481612,-3.4014723
-4.585213,-6.2631702,2.7989478,-14.838532,-3.9644122,42.4523,-14.829419,-5.2052937,3.908654,-0.02798158
-9.383097,-10.819957,7.2011447,-9.140981,-5.806534,45.63018,-15.842192,-4.9132657,6.5726686,-4.202049
-11.059881,-6.677341,14.69892,-1.124397,-4.4564342,13.428103,-7.2424254,1.7375897,12.291511,-12.206992
-7.2733397,-5.022691,17.860207,-1.7571445,-9.60457,13.572527,-9.463774,-3.1233387,14.122919,-9.973452
-5.4187107,-6.7360244,10.557261,-11.591635,-7.7535014,40.152527,-14.349741,-5.492312,8.814179,-8.83339
-9.631818,-12.566767,33.363876,1.2205899,-19.159088,2.9339197,0.08065522,-0.9082457,23.663218,-19.187881
-8.614234,-10.840775,20.078234,-8.201857,-12.059763,28.518387,-12.418964,-3.1732616,12.661976,-6.1384974
-6.5106273,-6.906244,6.501906,-12.195315,-7.2619348,43.208958,-16.252958,-6.355536,9.202345,-4.011136
-2.5021064,-13.493158,22.286766,-6.3399734,-11.69352,19.19185,-6.4289484,-4.725668,16.270618,-12.909162
-11.1754465,-12.837819,14.611678,-13.5720215,-7.5290375,46.992107,-13.675777,-5.298833,11.929864,-9.952615
-11.835053,-9.78023,12.702032,-7.65077,-9.049743,45.879967,-20.602077,-7.5879507,10.954542,-3.978112
-6.577854,-14.619772,13.730005,-14.056655,-6.815307,46.874763,-16.078236,-7.1133714,10.092828,-5.899434
-6.2597623,-9.04934,11.393132,-11.399795,-9.161354,42.794445,-17.060453,-6.527798,7.754803,-3.4022636
-3.3358922,-9.895198,5.8786683,-11.916783,-5.6695514,41.02085,-14.623113,-5.4914412,5.613607,-2.6481261
-8.683849,-7.076186,8.87587,-11.597479,-3.8213282,42.646664,-18.497116,-5.5746284,9.031484,-6.3347263
-12.355745,-8.852676,6.563377,-11.858688,0.49049914,45.55302,-18.434013,-7.5226164,6.739429,-1.0734035
-4.2817945,-5.3601236,6.140624,-12.813169,-4.3570194,43.44699,-19.666504,-9.886596,7.5923285,-1.5824158
-2.9470856,-6.7188025,5.9230337,-9.563591,-5.3428926,28.06697,-6.610695,-1.1519535,5.4568977,-7.8645344
-8.123099,-3.170596,2.7294176,-12.276085,-0.4954896,43.282543,-16.125435,-9.021561,5.586524,-3.1427953
-18.915762,-9.841718,17.701117,21.489656,-9.053556,-14.80946,1.7208937,9.94103,7.8784604,-7.122843
-13.131119,-13.423487,28.824768,13.449825,-12.32017,-16.597803,5.2912216,7.36793,15.394561,-16.011604
-20.1117,-15.111825,23.874557,23.896893,-11.160418,-11.588584,-2.5494556,11.037696,13.910226,-12.132345
-13.456147,-12.420565,24.61756,19.70748,-13.325891,-12.919033,2.6568732,6.797963,12.675976,-14.517079
-14.055139,-15.830558,24.455818,27.131271,-16.906143,-14.551685,0.18802714,10.765405,11.724253,-12.915088
-15.361029,-13.74514,18.677784,22.285698,-9.393924,-15.512239,3.767428,12.70024,8.796366,-12.328692
-17.11832,-17.355017,30.340115,15.496939,-14.899682,-10.985329,2.1389482,11.316682,13.745321,-12.573698
-11.820137,-12.304876,32.039074,13.373443,-20.225199,-11.745339,0.90718424,6.7903576,18.5262,-15.778587
-19.654615,-9.946863,12.81555,32.311016,-5.764087,-14.773809,-3.7548513,10.052986,3.3204098,-6.090812
-13.494946,-13.787779,23.226986,20.112265,-15.261856,-15.409404,4.6004443,9.848563,15.616296,-15.979038
-11.340651,-14.878825,26.29283,16.88851,-15.839241,-14.389763,5.490942,9.187617,14.864117,-17.430264
-2.742797,-17.541107,21.849997,11.394373,-18.560043,-16.950027,8.786397,13.699061,7.3691745,-7.7183313
-13.808127,-11.581868,24.718037,20.670006,-17.594824,-12.424682,2.5417366,10.911113,14.787661,-18.0465
-7.43208,-17.80022,35.687565,10.921477,-20.206581,-12.997484,5.9669547,8.810349,15.779632,-19.180336
-14.764692,-15.007744,16.535034,24.872292,-15.949937,-17.604828,10.696325,16.60836,8.818877,-14.385364
-13.39263,-16.32854,21.193382,28.344042,-13.522608,-18.435751,1.1438822,12.714885,7.7781906,-9.8961315
-17.259026,-13.299246,23.791817,21.131256,-12.677752,-13.1344185,3.910867,10.331679,11.918712,-15.7106495
-5.485939,-15.934693,21.841984,19.924707,-18.489635,-19.89507,7.3480644,13.071228,6.163769,-8.466077
-11.747958,-14.833244,24.572021,20.171728,-13.821244,-13.591411,-0.42593002,9.96585,13.996506,-14.644298
-17.89473,-15.167491,18.350039,17.794615,-14.606914,-16.62374,19.246107,15.557979,14.387499,-21.303677
-13.097378,-11.478361,19.959959,20.59001,-14.170775,-16.581701,6.423559,11.032719,13.083578,-16.147861
-12.568453,-13.60315,21.472149,18.98454,-16.359348,-19.834764,14.826726,15.27893,12.3856945,-21.182283
-17.216265,-16.695143,30.634987,17.979412,-16.938759,-11.197749,2.5542989,10.088337,17.337614,-17.225653
-4.6354566,-16.742254,33.442245,7.4197903,-22.914835,-11.521637,6.0638833,8.809193,17.471773,-17.561836
-13.416808,-14.668808,22.927359,19.785618,-19.546263,-18.845459,10.235804,14.092002,14.838367,-15.603001
-7.7698517,9.67027,20.09084,-0.30244792,-16.54866,4.2592363,-6.288254,-14.224085,30.18365,-19.137598
-18.897013,13.503595,12.799413,5.4237657,-9.740762,0.20036006,-9.920103,-7.837292,22.75926,-9.855587
-9.327168,1.7911987,17.76069,-4.255381,-13.411084,5.4353323,-4.4124293,-4.22642,28.597271,-17.49491
-13.349302,-7.1433086,26.461096,6.6750593,-14.458465,-3.743296,0.7531502,1.9943588,28.7298,-26.711777
-15.831027,4.6837287,21.416985,4.603247,-13.916479,-2.1270604,-0.65078056,-4.744932,26.860483,-20.987972
-14.3240185,11.953664,18.710266,0.38680664,-17.08917,-1.5804782,-4.0904365,-8.869875,36.731697,-22.208813
-15.481871,7.6776347,17.405264,6.944997,-9.977943,1.2522428,-8.418664,-7.0244813,26.979538,-19.2755
-17.765152,3.2628245,22.071447,14.861348,-14.550463,-6.698755,-2.4260142,0.26710674,24.919266,-24.374454
-9.856316,6.621731,20.224314,-0.9049559,-18.287657,1.043498,-1.0791687,-5.5568886,35.30094,-26.963358
-14.012747,3.5315883,25.036028,3.5354376,-17.409199,-2.6439595,-2.9091077,-4.986979,30.505669,-21.047367
-15.204053,6.917535,21.41226,2.9889126,-14.611061,-2.6199434,-2.3858278,-6.3044386,27.972013,-19.207113
-14.694464,-1.5734502,25.000898,11.067441,-18.838474,-8.00632,0.55246496,2.386268,22.250196,-18.899101
-10.738569,10.942478,15.033762,5.515323,-13.422933,-10.277736,3.716674,-6.0694065,23.052208,-19.226562
-8.493549,-8.159291,24.932568,5.07364,-22.070211,-4.1404166,2.4869664,2.8333113,27.600006,-20.35387
-10.909273,-5.0689983,25.118446,4.5516796,-16.023573,-5.8097816,1.9952117,1.730133,21.115896,-16.797216
-12.433425,-7.924911,26.788145,10.228019,-13.208319,-1.4531201,-5.7028794,-2.327326,22.47268,-16.647186
-11.148011,1.9396658,17.176804,13.25755,-18.019749,-12.127696,-0.60702586,2.5494387,19.904078,-13.812045
-8.130864,-5.2868376,19.43719,0.0033984184,-15.573584,8.7878685,-6.9698052,-2.7519493,17.554504,-7.6000876
-13.255112,-0.5650954,19.071674,10.944476,-15.875808,-7.4505816,-0.3416875,4.1714377,20.947767,-18.133291
-12.694593,3.5895967,9.688369,19.360016,-12.09911,-9.943008,1.9739965,5.529752,11.499315,-17.228436
-6.450683,3.9864624,10.758236,8.161524,-12.452074,-12.145385,3.319731,0.25519133,14.73225,-10.801325
-12.518152,4.2703757,19.352654,3.0299325,-15.960461,5.8144026,-8.86321,-4.6573505,29.135725,-20.135548
-8.264084,4.8198657,21.688671,2.1858752,-16.976944,-6.254665,-0.45393527,-4.9872565,26.153103,-18.862164
-12.321478,-3.7773867,20.792751,17.900066,-16.39153,-8.9486265,-1.4407523,3.9994292,19.124538,-19.483723
-16.153381,6.46537,16.80193,9.249636,-14.327973,-7.636587,0.6556654,-1.0683271,20.65022,-16.223242
-1.7113228,39.72675,-13.3992815,-4.8222504,-1.0452831,-7.9210176,-3.9756758,-17.204288,2.0047588,7.8914585
1.2367117,41.659107,-13.1608715,-6.6804867,-3.2978482,-7.3274803,-6.9901633,-19.774366,4.947705,9.091626
-4.707148,41.891834,-12.7350645,-4.8489976,-4.048231,-6.775123,-4.351404,-16.927998,8.375687,3.497129
-7.1987877,45.023212,-11.677386,-0.073744774,-3.9450853,-14.021044,-0.9314674,-12.922445,2.2743654,3.7161527
-9.186279,45.277966,-11.881936,-0.34488994,-3.5669413,-11.387773,-5.198782,-14.610504,1.1459365,9.844018
-0.7541768,40.953587,-15.312974,-4.287216,-2.802065,-11.589921,1.5933439,-14.359584,-0.66911083,7.601536
-10.912903,42.769108,-15.526114,-0.66093653,2.9667177,-9.860216,-2.8551729,-13.017077,1.9944671,4.514205
-5.5612097,48.34172,-18.40777,-1.9553261,0.6502872,-12.590264,-0.15018344,-16.034689,2.2618685,2.9543858
-1.0053073,37.11798,-15.607147,2.0888436,-1.6584017,-10.164325,-5.873336,-12.24685,-2.3422735,9.811907
-0.43231955,44.44052,-16.130928,-5.1881065,-3.2080529,-12.286619,-1.4959822,-15.436803,1.0275955,8.406162
-5.971606,42.537674,-14.259005,-4.3221836,-3.4818516,-9.198217,1.5464987,-12.6477785,3.715725,1.6283761
-0.21984223,45.594376,-15.111663,-4.4382153,-3.4087248,-8.354816,-4.7934647,-16.228668,0.49668276,6.9442115
-6.232894,37.94795,-12.0970955,-0.5752237,-5.114478,-12.106119,1.7835956,-8.855015,3.3964477,1.4148351
-3.230904,36.47884,-14.550714,-3.269755,-0.9910674,-11.794221,1.0953395,-11.051514,-4.0659733,11.73636
-4.1797385,40.867943,-16.384438,-7.6745133,0.10813272,-9.969072,1.4291068,-13.316121,-1.2754343,10.275087
-6.8414507,49.50321,-13.499151,-6.449543,-2.41405,-10.129674,1.1479074,-17.725454,1.62714,5.323404
-4.4125376,37.762665,-12.028936,-4.730069,-5.4412527,-16.605207,2.9758298,-8.586306,-1.1182659,12.6837225
-3.0002065,31.454958,-15.355188,-3.6778765,-4.312647,-13.122103,1.5971549,-4.34223,-4.744767,14.93047
-3.577442,38.69672,-17.332981,-6.268323,-2.9543862,-13.044392,4.539767,-11.982176,-3.483039,15.3838005
-5.4652085,40.862213,-13.485932,-3.4117239,-2.1551256,-8.71789,-0.81459713,-11.409124,0.70941794,3.833487
-1.2686675,37.40069,-16.048985,-4.8322763,-0.47920072,-12.096176,1.192951,-9.599942,1.1311557,3.4826205
1.9274033,38.362724,-17.379192,-4.716282,-1.8181056,-12.564013,3.2706027,-11.301745,0.32951796,3.3615732
-5.59245,34.132202,-11.889591,-0.28387547,-1.8106427,-17.19899,5.851722,-5.382774,-2.1237824,3.8212569
-1.8052344,17.253107,-7.9604197,3.1747665,-1.1218228,-18.447218,7.0432425,2.0701246,-7.069191,6.046012
-1.6764154,31.865646,-15.900573,2.010097,-1.6267015,-13.353545,-0.75301456,-9.32003,-5.3481817,13.557014
-24.866375,6.7494416,-17.95883,9.581846,47.063347,-7.701008,-3.2046485,-5.4778395,-8.514988,1.7015274
-19.751255,2.934034,-13.905184,10.900229,39.193737,-4.400998,-8.605211,-4.290903,-13.431496,9.123305
-19.591114,0.6759133,-15.261761,11.792885,36.642387,-4.614644,-7.3337107,-0.39848495,-16.989584,12.122159
-14.812226,0.5405822,-15.961154,9.516388,32.643936,-9.566793,-4.974808,-0.30958605,-17.035242,17.359959
-18.360575,-0.9758963,-13.032225,17.324984,29.485062,-8.266676,-6.7647166,1.699806,-11.558744,8.20132
-16.365356,0.2781075,-14.514525,13.122369,29.71839,-8.226457,-4.9572735,0.8795403,-10.058072,7.4039803
-18.961098,0.885141,-16.783113,9.606602,31.648384,-4.959008,-7.9011545,1.5849946,-13.333733,15.491243
-13.507351,0.0015590191,-12.725834,8.734053,30.663622,-9.028488,-7.885829,-1.6702194,-13.918193,17.1426
-17.928974,0.9275631,-18.477858,10.287926,37.50911,-8.032728,-8.433241,0.45642972,-18.814896,19.434237
-18.405317,-5.1941624,-11.0342455,19.149357,21.96315,-13.855419,-0.44129688,10.595981,-14.39515,9.4981575
-13.9207945,0.46751356,-20.824072,11.939232,37.97291,-6.354778,-8.494703,-2.2362812,-17.737806,16.541653
-20.830797,-5.0458713,-15.442198,17.154276,31.365791,-9.430339,-5.1999316,5.72169,-15.466128,15.186897
-20.808336,-4.9058337,-16.578182,12.419252,33.119476,-5.4862523,-5.4403176,5.083467,-15.464634,15.501238
-13.314922,0.369708,-15.168889,12.423195,28.208815,-9.492271,-6.8313823,0.07489729,-14.237431,15.470619
-19.677576,-4.0565567,-14.982254,15.125946,30.82791,-10.078262,-3.2186394,5.102419,-13.186766,12.049401
-15.529963,2.8936486,-21.732956,10.318181,38.08194,-9.74129,-5.14711,0.9815388,-19.394606,16.207787
-20.450562,1.0687546,-20.763683,11.61566,41.15226,-6.440213,-8.271652,-1.0581996,-16.585346,16.420973
-16.755772,-4.9447656,-6.4630613,12.498954,9.506088,-9.5103035,0.3561754,13.617957,-9.140134,8.799192
-19.532137,5.8380423,-16.779444,9.913444,28.995346,-8.158356,-3.38702,3.4290767,-13.615169,10.332424
-16.737589,0.7346858,-10.53867,19.231144,18.076794,-12.845715,-3.0605695,4.123129,-6.846158,5.8682914
-22.112053,-3.4786277,-12.519769,17.50789,26.772844,-14.638994,0.09383774,9.445003,-5.588969,1.7532856
-14.139045,5.3217278,-16.449947,16.572247,25.888592,-17.455803,-0.401493,1.665979,-6.291516,2.8006427
-17.279219,-2.041484,-13.271424,22.507914,22.060066,-12.684736,-2.240469,7.541222,-12.437853,5.169149
-24.425127,-2.7196987,-10.575052,31.90396,19.433279,-16.405048,-4.9662533,11.7514305,-9.181059,2.462626
-20.60399,9.492516,-17.949146,13.786195,37.730038,-12.699076,-3.2364402,-1.7077724,-10.31227,2.3356512
-20.036083,-1.8310331,-14.341231,12.946083,32.169567,-6.1490974,-5.381145,0.6904235,-13.580922,13.018912
13.741733,-5.781637,-3.055767,3.330765,-9.036594,-11.032141,-0.7343,6.655413,-13.302022,18.077892
16.830801,-11.5048,-5.22663,4.6295996,-8.100512,-13.960132,1.543253,11.075182,-17.04175,20.524326
16.768864,-10.8130865,-5.5500636,2.6582215,-9.320773,-13.161074,-2.0047865,12.713447,-18.800568,26.244425
9.466875,-7.775495,-6.3416634,6.6706085,-6.2823305,-12.584805,-1.7633464,11.129488,-14.751927,21.527653
17.614523,-8.73055,-8.678636,0.044540167,-9.353093,-12.293799,3.6646135,10.481277,-17.011393,23.186588
9.463512,0.4317596,-3.8938022,-0.041235685,-1.4954635,-12.007645,0.27507722,0.049743056,-6.9173517,12.219918
20.118313,-3.3489993,-5.8258815,-1.9343779,-8.627333,-12.50122,-2.2083724,5.485118,-20.65464,29.026901
22.496456,-7.5214653,-5.96325,1.4710933,-7.9210014,-11.696003,-0.66735667,7.2239504,-16.600018,19.02224
4.656421,-1.2544738,-8.418781,4.321715,-5.5280285,-12.859285,0.14408952,8.623197,-16.59503,25.999372
21.778809,-8.830802,-5.1191807,-0.32682082,-12.665077,-13.091429,2.7724943,11.422428,-15.655572,18.296114
24.602516,-4.5675035,-7.0516586,-4.2967277,-11.988391,-14.027317,3.8811631,5.7919865,-14.276949,20.4407
16.744764,-6.032995,-6.5162787,-0.14173457,-7.3646617,-11.605433,3.1895957,8.401099,-17.381052,20.25576
19.11011,-2.107291,-2.4566982,-0.5256099,-11.3055315,-15.475139,1.0088835,4.950037,-11.962529,18.011068
25.954268,-8.998232,-3.9061098,-4.2119036,-10.070653,-12.094801,3.7836134,7.532766,-12.117077,13.0028305
15.584435,-1.8009064,-6.249738,4.8516703,-9.666662,-14.259773,0.85594,5.6804338,-12.2380905,16.012888
15.435797,1.6629661,-6.257186,-2.676298,-5.5547776,-11.725812,-3.6964924,1.8482116,-16.907318,27.049656
14.62277,-2.7178156,-6.8627834,-0.5443708,-2.1198928,-10.839369,-4.4392204,2.0103006,-17.615105,27.674664
25.449503,-4.373748,-1.660884,-2.9264708,-12.440029,-10.273238,1.6930026,3.0290222,-11.174433,12.520954
24.83818,-2.225603,-5.059768,-5.9153094,-9.060681,-12.086099,-1.0634333,0.40813482,-12.864284,22.105984
12.704583,-1.8115124,-4.813449,-0.5005417,0.6213176,-11.995008,-2.109411,-1.6412609,-12.021499,20.153028
25.075373,-2.7831862,-5.485775,-6.577362,-9.358608,-11.000902,3.1529531,3.9475546,-13.704153,15.985383
20.532759,-10.502049,-1.605908,1.2129617,-12.873219,-16.602955,6.6856847,10.902014,-13.787917,15.120997
15.066027,2.8532252,-5.381034,0.66728485,-7.1566467,-12.508075,-3.6391506,2.830943,-16.84788,23.062714
14.139119,-3.343129,-10.01052,1.6209679,-0.6425439,-14.694944,-1.427562,4.5481477,-19.568817,28.087158
21.286655,-10.26865,-2.5934274,-2.0814743,-8.513036,-10.98025,-1.7005777,6.856031,-13.154209,20.33692
-16.073412,-8.185482,4.736219,28.002913,-10.238304,-20.293226,7.3005643,22.069967,1.5540371,-9.516455
-19.887644,-5.5689254,2.8991814,25.784662,-9.394141,-16.674486,7.34056,22.660177,1.1773722,-8.631726
-13.343034,-10.752306,3.1437109,23.983643,-8.642721,-17.206448,6.31747,24.477673,-6.447157,-2.2776113
-22.970036,-14.03391,8.286238,27.445711,-10.646345,-17.092651,10.922466,28.229462,2.0585423,-12.299893
-20.455276,-10.821011,6.9868293,31.304176,-11.03037,-24.105782,13.504124,28.026436,0.035358667,-13.855271
-22.025764,-14.735994,16.537212,29.829823,-9.595098,-19.375801,6.4982452,21.271463,5.0384746,-13.245456
-18.858103,-9.437454,8.440799,36.656433,-9.617198,-18.383896,1.8275424,19.023323,2.316066,-12.288179
-15.019084,-9.331608,0.31908268,22.289837,-8.715426,-17.041864,9.290361,24.908691,-3.7682478,-3.2180448
-14.19181,-13.8762,5.264635,22.49619,-7.406883,-15.439933,6.7506227,20.267653,-0.23830718,-4.3094854
-17.77551,-5.544809,1.265757,18.82782,-8.074573,-11.558252,7.1361036,19.248674,-3.62517,-0.50978655
-15.969443,-17.267298,6.1502805,29.73058,-11.595858,-16.91763,11.257969,25.744772,-1.4150409,-9.867429
-11.710611,-13.2826605,3.1982021,25.487316,-8.89653,-16.363127,9.724283,21.082485,-1.6596391,-8.541528
-16.495342,-17.152504,3.448472,28.92863,-8.573853,-21.922089,10.5842085,31.437183,-1.9951113,-8.8166275
-17.417542,-10.376091,4.775166,13.969539,-9.719402,-17.17228,15.901426,28.27739,-0.33310008,-7.751701
-4.5709133,-13.0487795,1.1935534,18.094341,-12.787426,-20.247932,15.545619,24.66093,-4.1405635,-5.0847373
-15.914829,-13.030745,5.5238914,21.245588,-16.496727,-19.382553,15.95521,28.152836,-1.1034906,-5.1183944
-11.106186,-19.061895,4.136125,19.33918,-14.453651,-17.845552,15.535998,35.511093,-4.852956,-7.320839
-9.692406,-13.577349,1.6106632,16.609383,-7.791238,-18.523808,12.630612,27.679724,-5.269504,-4.136288
-11.70102,-17.595932,2.8299305,21.224855,-13.576853,-17.4119,13.114605,34.00478,-4.4376025,-6.5406795
-13.800924,-12.92004,5.4551883,18.730473,-15.18005,-17.354326,11.928532,29.370174,-0.36643136,-6.3011065
-12.797836,-14.697999,2.7355738,25.389637,-11.861362,-20.840355,16.282137,29.19908,-2.6424124,-10.954024
-7.58,-14.713564,7.1574035,9.222143,-17.047821,-20.829165,23.055492,27.481256,0.07234216,-7.782645
-10.785511,-13.293863,2.2042663,14.411579,-8.59084,-15.992663,8.4168215,23.837652,-3.988219,2.6677396
-12.209827,-12.468549,5.3137894,18.400703,-13.469171,-16.42934,12.069833,25.015627,0.18460846,-7.2103443
-10.940481,-7.0825586,2.1646075,13.826052,-12.383221,-11.951091,11.790843,20.249136,-3.5552278,-2.4714947
-24.396492,-9.356047,10.2053795,30.579372,-6.1366463,-12.495863,-2.1737149,14.731264,4.1612377,-5.4089246
-23.03487,-16.588264,19.398952,33.88654,-15.366429,-16.457415,-0.50557107,21.858385,8.475004,-11.683218
-20.618332,-15.533861,17.084156,29.159895,-11.149281,-15.785993,2.6392343,20.411377,9.378595,-15.985518
-17.777975,-8.447875,11.590679,32.60274,-7.356122,-17.707783,0.12548673,13.60734,1.8903861,-9.602641
-26.245499,-9.506864,16.831219,34.441093,-8.949933,-13.083255,-4.526004,12.4484415,7.139977,-9.764392
-23.13845,-5.444131,14.990303,24.245516,-8.012976,-13.498277,0.85936964,10.860157,11.3664465,-12.057218
-22.722515,-13.489613,17.67704,36.866474,-9.713878,-16.344896,-4.6973095,14.523096,5.9060473,-8.600047
-19.673714,-16.164337,23.21009,27.019737,-10.635756,-12.06991,-0.20334363,15.696827,6.8541307,-14.573221
-26.213505,-7.7676053,7.655773,48.12612,-2.9316173,-18.908333,-4.4809175,13.837556,0.50597346,-10.424247
-21.840801,-12.599134,7.306285,39.79753,-5.5654144,-14.653745,-0.63481843,18.460659,-2.1348333,-7.8764005
-27.880522,-13.374847,12.574743,37.21476,-4.5898438,-14.511929,-2.791262,18.595047,5.0542917,-11.30872
-26.332306,-13.652473,11.980892,47.27503,-9.056075,-20.769453,-2.1459558,21.332157,-0.5647596,-8.830288
-27.102541,-10.795725,11.336565,40.573654,-7.1591163,-19.159,0.27451336,16.937277,4.1399546,-9.793687
-32.082253,-8.619334,7.1562757,48.36071,-7.350338,-21.478024,-1.0044893,22.750193,-3.3127267,-4.9410067
-23.514263,-14.622198,6.4489627,40.350346,-7.692172,-18.500648,-0.9948251,22.635935,-5.349615,0.15847313
-25.92194,-14.051679,5.8856916,47.592945,-5.515682,-22.028627,0.6078495,25.577389,-0.6941552,-11.623947
-26.240183,-17.889925,7.0156107,42.85459,-4.9517803,-15.637761,-1.7185794,22.87312,-2.3315623,-6.216415
-21.554428,-10.049101,5.05933,44.753212,-5.232873,-22.956654,1.1494652,17.250803,1.058198,-9.824643
-24.11783,-13.506903,7.67264,39.18583,-4.7480183,-19.314129,0.7798721,20.347576,-3.7793343,-2.9294076
-26.459684,-14.01528,9.022152,47.715622,-7.1869974,-22.602695,-1.1983852,22.107485,-0.4624986,-7.348532
-26.54702,-11.121879,5.821308,46.9779,-8.842253,-21.792469,1.3346479,20.292427,-0.04077004,-6.711256
-22.07191,-16.455257,8.970209,42.953648,-5.4526367,-21.365187,0.6603528,20.20011,0.67334616,-9.75036
-25.797115,-16.633572,11.0849,45.685688,-7.9915857,-20.815197,-2.8345873,21.457687,-0.61493003,-4.733031
-22.629332,-15.268985,2.7046714,45.451134,-6.838107,-17.630505,-4.2714434,21.648823,-3.353989,-0.9442582
-21.556334,-11.437474,4.607774,42.470383,-5.7947445,-19.63709,1.7884688,17.71135,0.9944546,-9.948392
7.268813,-9.845249,-0.44173902,7.491562,-8.319034,-10.477526,-0.3591653,8.666492,-12.466481,17.084274
5.9836535,-1.9677589,-8.1343,3.1081817,-4.1332335,-5.609302,-6.632578,4.5917134,-19.83597,31.504635
5.0170755,0.9563498,-3.2098947,3.901322,-6.4187574,-4.8917065,-8.235329,1.6406488,-10.966732,21.356163
16.039478,-3.386613,-6.3157253,-2.9237585,-0.9939965,-5.538641,-7.839072,-1.9238443,-13.136863,24.730352
18.21208,10.109153,-3.7518902,-6.452284,-8.449212,-3.6618285,-7.8439245,-7.930889,-3.4025352,12.636168
7.4292407,-2.7296276,-1.3893744,6.8903236,-2.6207557,-10.822208,-5.074868,4.09025,-11.048176,14.271495
19.14699,-2.2454844,-9.743177,-0.2010653,-4.6575212,-8.184065,-7.3521457,1.6390486,-18.451569,28.928457
22.835619,-0.29944354,-5.348017,-3.0420568,-8.505682,-8.816587,-4.158798,1.3145305,-11.424008,16.296263
12.2255745,6.1677837,-5.7403574,0.27921373,-7.431568,-9.792354,-3.2811913,-0.7919222,-9.8936205,17.698204
4.958662,4.9284678,-7.7361536,5.336479,-4.3297777,-11.735749,-4.0358877,2.8436396,-12.3152685,21.063019
10.7074995,0.29132316,-6.8923106,1.460762,-5.2543783,-6.1642027,-7.0225105,0.57563597,-14.465085,25.06232
15.17783,0.9490395,-5.4796715,-3.095326,-9.301924,-9.834618,-5.297769,-0.40623558,-16.044147,33.021633
10.555458,6.3264127,-3.8488388,0.52837425,-7.7139587,-9.453934,-6.031151,-3.3557518,-13.691609,26.44883
9.625376,-0.8919859,1.7935855,-0.95007914,-9.390259,-7.097557,-4.37305,-0.9996865,-7.04785,18.584002
15.732508,6.1802087,-7.5686226,-5.775373,-7.6034136,-5.8538036,-2.2944884,-2.948837,-12.165633,21.69558
10.974134,-1.7640187,-5.454045,0.099989414,-6.4013143,-5.647116,-10.165664,0.37499496,-17.056664,33.829895
23.291893,-0.3615994,-0.97121185,-6.142501,-11.28352,-6.7827244,-7.8292313,-4.222431,-8.269476,21.501415
8.4127445,-0.21291578,-8.369281,1.3436089,-4.8492813,-7.774497,-6.1861243,2.2547643,-18.372328,33.413174
15.172888,1.2831382,-4.9829974,-2.7029982,-3.7464576,-8.038858,-5.2464223,-2.2545092,-13.674384,23.37136
9.851892,-2.5226567,-5.443592,0.8533296,-4.4911995,-9.453336,-5.0797453,2.900004,-19.443932,33.002132
17.159538,-0.12972748,-1.5319085,1.7047305,-10.250365,-9.383006,-5.6436687,1.8813901,-9.994757,14.916662
4.6450415,8.292073,-3.5159154,-0.98572284,-5.6649666,-3.7405005,-9.929141,-5.6581197,-6.8845077,23.033035
13.008955,2.1034331,-4.77654,-3.6849303,-6.8163247,-3.6650002,-11.1239805,-2.9339528,-16.028986,33.181583
11.871956,2.4642065,-6.22558,-4.070717,-4.8200054,-3.7184665,-6.501444,-4.066908,-12.268304,26.030006
6.2328544,-2.345869,-8.173161,6.217236,0.08908534,-6.9663906,-10.851346,0.55774134,-20.367863,34.197517
-1.3699032,3.1530805,-5.2157,5.29821,-8.564224,-14.19002,17.307144,9.498468,0.7963992,-7.330306
-5.080466,-4.6389356,-1.5241458,9.179677,-11.877372,-19.547485,23.093672,20.074743,-1.6101694,-8.87634
-5.5650225,0.9084072,-0.6656495,6.5779767,-8.336787,-17.557644,17.92166,13.568318,3.6122065,-11.264233
-3.4182794,-8.302396,1.4646076,10.829093,-14.414734,-18.104843,17.073307,19.988558,-3.5235887,-2.5471478
-5.529569,-7.7249007,2.9911897,11.717809,-10.389516,-21.863184,20.785366,19.959368,-2.2570531,-8.098695
0.47860414,-1.0317346,-1.0751767,-0.5686784,-12.443492,-22.826847,32.10166,17.711788,1.6483127,-14.352948
-1.7780588,-3.5938725,0.13554996,16.232271,-20.205803,-24.995588,20.077717,23.980991,0.3321934,-10.432919
-2.1360412,5.523452,-8.318089,1.8689835,-8.966404,-14.577358,19.937088,13.386062,-1.2643509,-5.720572
0.5151793,-2.8980591,0.27012646,0.6923106,-11.345856,-16.707693,21.371265,13.083181,3.4014716,-9.398113
-6.9128866,-8.449416,4.44726,16.904564,-12.866251,-20.357262,17.31217,21.69208,-3.3878336,-9.219103
-2.5151885,-3.6360574,-1.48488,1.3174716,-11.40439,-17.321297,22.838121,18.93692,1.3318114,-9.068203
-8.190611,-11.338284,0.58090365,11.108886,-11.167681,-14.257614,18.762129,25.671751,-1.4897091,-10.414631
-10.111735,-3.2086797,-0.7658287,8.860118,-10.931798,-20.034685,21.71925,22.271908,-0.29953176,-8.327026
-9.813458,-10.484294,5.8186584,11.130772,-13.102148,-20.064884,19.0608,25.116693,-1.6885498,-6.5448895
-9.754872,-6.9941244,-2.3672903,8.667699,-8.700447,-15.356937,16.829266,21.78208,-2.9387634,-2.2840042
-6.1691413,-3.8670306,1.3944905,17.173595,-10.3325,-20.88747,14.192477,17.04722,-1.6956346,-8.473754
-4.299583,-0.42430228,3.823581,6.759822,-9.536851,-18.714912,17.354074,10.564008,6.348975,-12.911268
-1.0466521,-12.172315,3.5543456,3.0834994,-13.976719,-19.128883,28.565283,20.889824,0.69274235,-11.326334
-6.6546955,2.024985,0.8918036,6.4965105,-18.199259,-23.970821,27.846691,18.956997,4.0073285,-11.791716
-3.7260845,-14.174952,2.5074484,10.269433,-15.106367,-22.974228,23.809662,30.42491,-1.4816015,-10.079147
-2.2107933,-17.601254,-0.8088203,15.091185,-10.838515,-17.970808,15.710633,28.026173,-6.1061754,-4.692238
-10.594549,-10.224789,0.91649425,11.341303,-12.723127,-25.10936,28.901625,25.199514,-2.862329,-6.160213
-3.2439272,-5.5718904,-1.299511,5.2984314,-15.172397,-24.236141,30.221642,23.486282,1.5954744,-11.842277
-0.4111123,-11.920722,0.43307227,5.730316,-13.405776,-19.425932,19.67175,26.643,-7.149208,-1.3931966
-3.7330067,-8.551084,2.6679072,6.2980337,-15.47999,-25.111996,28.26785,23.798803,3.7040102,-12.507249
