-1.7459227,1.571597,3.719741,1.2456458,-2.5138423,-1.0178486,-0.9994127,-2.712295,5.433922,-2.8594065
-3.8859878,-0.5412536,5.272016,1.8636432,-2.956805,-0.3010408,1.5385201,-1.06848,5.57975,-5.366174
-0.5527724,-0.9528179,3.7580552,-0.12941124,-5.1119328,0.6497681,0.9406372,-0.67742586,4.7551246,-2.6763306
-3.0483072,-0.51938987,4.084725,1.1488472,-3.3501184,1.1291422,0.94972116,-0.0049148947,2.713783,-2.9921849
-1.0252457,-0.6061034,2.8879082,0.16030319,-3.3494384,1.9182703,0.56766933,-1.0260829,2.7556238,-2.4505472
-1.6191396,-0.84469044,3.3092282,1.3202186,-2.8367116,1.2017056,-0.79704034,-0.69073236,1.6727407,-0.8338858
-1.9902982,-1.4996569,4.3732653,0.99910253,-3.1065967,-0.56408954,0.71892416,0.50473285,2.7325675,-2.0793188
-0.3451213,-3.1946409,4.1835914,0.44240576,-3.218217,0.8301401,1.1702073,1.1246208,0.5878055,-1.6058282
0.55204546,-2.0800645,4.5261717,-1.2557521,-3.9856584,0.6321917,1.7579174,0.33685875,3.1540258,-3.5725398
-1.7397449,-0.8374789,3.7668629,0.22770993,-2.439803,3.0059824,-0.18030809,-1.9880441,3.370149,-3.3222525
-1.9595207,-0.3068733,3.150026,1.5571182,-3.572403,0.05896482,-0.13829899,-0.877875,2.5305898,-0.33440787
1.4099364,-1.5154449,1.6818688,-0.9707924,-2.1544473,3.7954059,-0.98810303,-0.6508733,0.09660222,-0.71520245
-2.1210318,-0.71656144,4.2565203,0.35681325,-2.5354261,0.33822152,0.89387006,-1.0575385,4.8308144,-4.082102
-1.2962723,-1.6439513,4.6817994,-0.540302,-3.5032218,-0.0037874281,1.526628,0.56449723,2.180689,-2.012936
-2.4032009,-0.53753364,2.6419342,1.5220017,-1.5750979,0.45389,-0.35308254,-0.031677663,3.0416539,-2.6053557
0.6978892,0.8031663,1.5609715,-1.3465052,-2.1986358,-0.004743606,-0.5976277,-1.5553317,4.842244,-2.1903105
-1.6568881,-1.0116926,3.652118,0.9666273,-2.9877696,1.6713984,-0.718057,-0.88047385,2.8292842,-1.8165079
-2.8859751,-1.6452512,5.986891,0.36300355,-3.7244256,-1.138122,2.5292807,0.19349909,5.2224765,-4.781951
-2.3849454,-1.7388079,4.443404,0.08302365,-2.7914274,0.440464,0.606644,0.009604573,4.3625584,-3.088928
-3.265499,-1.5046642,5.5042987,0.80735654,-2.6183813,1.166925,-0.5395837,-2.4160376,4.4773383,-1.7056842
5.4383645,-0.45172668,-1.9360179,-1.1811242,-2.0196798,-0.084834844,-1.409775,0.992985,-0.9953456,1.653967
5.173185,1.3263593,-2.4675593,-2.1785636,-2.3374956,0.9701282,0.12939066,-0.32925165,-0.71812695,0.5199332
4.812811,0.06991276,-1.4927856,-2.4142303,-2.4675663,-0.8835654,2.716299,2.219365,-1.3205926,-1.31485
6.414157,0.40307954,-3.179681,-2.5437436,-1.0448997,-0.34923568,1.1535134,1.0317228,-1.515671,-0.40042728
1.6327579,-1.0545689,0.72078633,-1.4642612,-2.4072268,-0.40993956,4.3962827,2.1786559,0.10641837,-3.5560193
3.6972609,-0.24641272,-0.64982486,-1.9239937,-3.3646944,-1.4701877,4.536801,2.6731975,-2.100917,-1.0805719
1.5992907,-0.93985164,-0.68138015,-1.4465735,-2.4275405,-1.6339016,5.0065126,3.3989983,-2.0020306,-0.80882907
2.415132,-0.824841,-0.56601787,-1.6948348,-0.7642064,-1.1982583,3.290839,2.7926111,-0.551102,-2.5689788
5.119765,-0.03009823,-1.1679349,-1.4162167,-1.0661991,0.67646956,-1.0413599,-0.1092934,-1.3143015,0.47277457
6.7767224,-1.049823,-0.44075856,-2.1129572,-3.7413538,0.41150975,-0.50772905,0.5536699,0.33708715,-0.14923656
5.86202,-0.080232024,-1.8498725,-3.250677,-2.4533103,-0.126632,1.7611735,0.84428215,-2.2097638,1.581933
5.341103,-1.008457,-1.5320482,-2.1992865,-1.3396361,0.01242739,1.018676,1.13,-1.4692962,0.06667005
5.5422797,0.51135075,-0.0700816,-2.7886333,-3.5496168,-0.99631035,1.1961291,1.3871552,-0.21479048,-0.80421174
3.4335752,-0.08977178,-0.14385775,-2.1355827,-1.8085673,0.86466444,1.0847034,0.72319055,-0.9291979,-1.04898
4.8569937,0.50928104,-1.5661755,-2.5217683,-1.0472867,0.12726393,0.82703286,0.109683394,-0.21710531,-0.9610691
6.2470737,-0.7158905,-2.0464017,-3.9283738,-2.5655634,0.98869026,2.4125757,2.111434,-1.3368018,-1.1637243
4.0798783,-0.43285444,-1.4963212,-1.2982317,-0.776546,-0.7717128,1.7676888,1.9387441,-1.6107273,-1.2313384
6.9879303,0.48634222,-2.481824,-2.435822,-2.6989977,-0.5240427,0.79714614,0.21292263,-1.5963521,1.2959212
5.916538,-1.7948062,-1.4640161,-0.9575858,-1.8285289,0.07953593,-0.5398049,1.3518971,-2.7815604,2.29533
3.9868178,-0.44628355,-1.0570456,-1.5308402,-0.89421976,0.8589318,-0.58433473,0.38142926,-0.9763352,0.23446754
1.3994088,0.658712,-1.2700043,0.7358541,-1.3911302,-1.9046438,-0.4825387,1.2718921,-2.2720199,3.3745096
2.1156461,0.79965997,-1.1797922,-0.871435,-0.2295,-0.81550527,-0.543743,-1.0845437,-2.24688,4.1369734
2.9987125,-0.3404718,-1.3974309,-0.4703765,-0.8367505,0.11851713,-1.5019784,0.36630344,-2.9392188,3.9530053
3.9518466,0.54783225,-1.36344,-1.4277728,-0.06552374,-0.9533802,-0.6594494,-0.396066,-1.1734192,1.6301318
4.6045756,-0.12308118,-1.9608113,-2.2286057,-1.403714,-0.1710349,0.75265735,1.977499,-2.3942335,0.84105
4.1309056,0.12796047,-1.5031836,-1.9492452,-0.12843549,0.08950594,-0.52009714,-0.11358783,-2.2845461,2.2050567
5.445483,-0.27055672,-1.9265721,-0.94944817,-2.0968504,-0.8162719,-0.7639757,0.9687004,-3.2639272,3.7077281
2.8341074,-0.607569,-0.26547122,0.5043438,-2.8391893,-1.1427538,-1.5783849,0.19118327,-3.7996972,6.87235
3.91792,1.17321,-2.5352528,-1.3389041,-1.3116033,-1.0515587,-0.8072075,-0.2471292,-3.6073902,5.8665247
0.11224709,0.8616923,-1.3796585,0.53503394,0.86900103,-0.27355787,-0.81319946,-0.3910439,-2.9356043,3.4599123
4.0709753,0.8870008,-1.5956334,-1.4765055,-0.79191625,-0.28852174,-0.868133,0.099010944,-2.6230423,2.7948313
3.1305757,1.7117981,-2.6086905,-1.1855583,0.41361627,-1.0065911,-0.53971386,-0.640202,-2.4636486,3.1602697
5.110458,1.3211483,-2.5909088,-1.3744272,-0.833254,-1.8151207,-0.5106865,0.21522483,-1.9064009,2.365536
5.206309,0.74758625,-1.9999923,-2.028006,-0.6914067,-1.0335116,-0.6252461,-0.6298878,-2.8960295,4.0226045
4.887562,1.5736234,-2.0682065,-2.2573,-2.008464,-0.81554747,0.7846189,0.6737275,-1.3812828,0.6563599
4.6224046,0.12969854,-2.2019064,-2.285509,-0.39063925,0.44373152,-0.7978966,0.5965565,-2.185168,2.0956807
2.4544854,0.8100883,-2.0357265,-0.11107035,0.31150016,-1.2465479,-0.77657706,-0.53227127,-3.572056,4.941056
2.518173,1.2545129,-2.186042,-1.0074003,1.0134175,-0.947247,-0.31331253,-0.75548506,-3.3878787,3.970356
1.141492,-0.5956454,-2.0020983,0.14593486,0.53135896,0.87062013,-1.6026921,0.6399436,-2.4569821,3.3676152
4.108816,-0.14390633,-1.5057907,-1.6854436,0.062502146,0.66972595,-1.586458,-1.0203714,-1.7906568,2.910396
1.3212113,-2.5819156,-1.8678619,1.7589343,-1.4483628,0.12833145,0.7043672,5.5730405,-2.3672726,-1.0457135
1.7148728,-1.5548301,-0.9569602,1.6314664,-1.1297412,-0.31365386,-0.66090316,2.2989964,-1.241469,0.3910434
0.02884955,-2.0594652,-0.038375624,1.1273439,-3.3623042,-1.1302061,2.9471567,5.108831,-2.0311677,-0.5177358
-0.24620521,-1.5206819,-1.1961075,2.575921,-1.0650285,-2.8718054,2.6400561,4.241719,-2.5828252,0.28296256
0.95422703,-2.8322217,-0.26280773,1.591445,-2.3369095,-1.7319787,3.6662319,5.247372,-2.6434462,-1.477732
-0.78032213,-1.4302531,-0.630786,3.630101,-1.5625782,-4.068645,1.8756635,5.4508376,-0.9936468,-1.4592122
2.290737,-1.4498633,-0.6674098,-0.28177106,-2.6411629,-0.71002924,2.958059,3.59179,-1.8182448,-0.81429005
1.0188758,-0.21874341,-0.56909513,-2.074355,-1.0902346,-2.8231199,5.48772,3.655833,-0.07877962,-3.2804508
2.0545135,-1.1426235,-1.4305593,1.126195,-1.469328,-3.4287992,2.1793506,3.6914318,-1.078301,-0.5401403
1.8095326,-0.63493764,-1.2174368,0.2611212,-1.5519931,-1.2916287,1.5802889,3.2281835,-2.5617802,0.42246443
2.5886204,-1.6798396,-1.6973447,0.20706876,-2.0305574,-1.5819771,2.266331,5.3513565,-2.0667722,-1.0863231
0.010273285,-0.7002021,-1.1666152,1.8415705,-1.3041189,-3.2472794,1.6358745,4.8257875,-2.459878,0.4773264
0.36830258,-1.3610437,0.7377139,1.857285,-2.9946058,-2.5675838,1.6000295,4.209148,-1.233799,-0.58548653
0.1948908,-2.8281896,0.4801668,2.0214815,-3.1696572,-2.6435616,3.5905182,6.5328727,-2.2617764,-1.7935119
0.10367096,-1.5730684,-0.023364194,2.7598739,-3.584142,-4.686261,4.0469637,4.9469852,-2.178222,0.247437
0.57126594,-3.15136,0.38852227,0.769511,-3.4330785,-1.4743371,4.21753,6.956926,-3.3676398,-1.4226996
3.04702,-1.6635845,-0.47588474,0.7109224,-3.0676277,-1.2467347,1.1675882,4.163195,-1.088346,-1.478439
3.292577,-0.04764265,-1.170405,-0.60001695,-1.7175944,-1.0171248,2.052497,2.1356459,0.54156893,-3.2428973
2.3415852,-0.62816465,-0.33583292,-0.7567119,-3.0553682,-1.2234846,2.9562423,2.0784142,0.6875657,-2.043489
0.69362515,-3.6076338,-1.4002193,2.7827215,-1.1430519,-1.3086023,1.6699915,6.6518064,-3.40121,-0.78240144
-1.4894236,2.3345969,-3.645099,0.8820558,4.998663,-0.7571609,-0.7249991,-0.96506566,-0.1866933,-0.38010776
-0.5435114,0.73350644,-2.3940089,-0.45738018,4.760545,1.0717266,-1.0460336,-1.6614759,-0.06601191,-0.38088992
-1.4419391,0.13927606,-1.4917084,1.6272761,1.9776375,-0.27835378,-0.993967,0.7226509,-0.76860934,0.5652033
-0.10930509,1.9428824,-2.8087177,-0.43951648,3.2696655,1.1624537,-1.7590473,-1.5443497,0.40159857,-0.046675898
-1.8205633,0.62004435,-1.8318071,0.8093485,4.8415985,1.1917627,-2.2237058,-2.0664003,-1.1687694,1.6393913
-1.9184334,0.8165865,-3.4067059,1.0874705,5.1231184,0.5612697,-1.072887,-0.64658207,-0.197286,-0.27525446
-0.8072571,1.1829451,-3.6013725,0.8726838,4.954241,-0.40411177,-0.45969576,0.15020001,-2.4367926,0.5603572
-0.08250558,-0.07246378,-1.9067829,-0.060740337,3.178538,1.1667356,-1.0928061,-0.6902475,-0.88764054,0.5398353
-1.2526398,2.1724722,-2.6266103,0.2904135,4.554022,-0.008190423,-1.0949767,-2.178926,0.23831867,-0.053336345
-1.5983262,1.2768335,-2.796068,1.1251054,4.8158464,-0.6863569,-0.31691888,-0.9804206,-1.248951,0.510344
-0.37789202,1.7789842,-2.8172882,-0.3373459,4.4328737,0.75487006,-0.9079592,-1.3131917,-0.935486,-0.20917624
-0.34798402,-1.1467099,-0.14715898,-0.053674504,1.6068096,4.171742,-2.3036668,-1.1035877,0.06536685,-0.68744236
-0.21901092,0.61142683,-2.2830608,0.78859866,3.5938947,0.2490459,-1.3112764,-1.0429541,-0.68390006,0.37273383
-1.1542165,0.54600847,-1.5192571,1.0765785,2.9707396,0.3638457,-0.60988003,-0.3441314,0.08527391,-1.3067058
-1.2927239,1.1703064,-3.1931243,0.7113603,4.5034714,1.2479962,-1.7416387,-1.3246714,0.92077905,-1.084241
-0.4380572,0.3563999,-1.8840498,-0.43545574,2.7766168,1.5876441,-0.31614086,-0.9903574,-0.28324547,-0.39514205
-1.8587735,1.4288498,-2.940255,1.1173669,4.436866,0.52940124,-0.21104974,-1.0413632,-0.53426397,-0.89013165
-1.4918692,0.97234786,-2.8898914,0.85880154,5.4701433,0.42540562,-0.80323255,-1.6490501,-0.12203266,-0.60431933
-1.4794526,1.7455455,-3.218089,0.6447843,4.8769207,1.3261963,-1.0780039,-1.3839545,-0.5581229,-0.8136014
-0.6381827,0.10785514,-1.6222851,-0.21085557,3.6675284,1.1894407,0.005410582,-0.91743875,-1.784872,0.2626166
-0.41079825,-0.5176971,-1.0724206,3.2732077,-0.5714724,-2.1735747,-0.49277234,1.8906713,-2.391879,2.7491267
1.6554818,0.7347214,-1.4863156,0.34918302,-0.9027723,-0.3322498,-1.4005728,-0.06595808,-1.029844,2.5566735
0.7481695,-1.724729,-0.7689499,1.9421687,-1.0042295,-0.8851135,-0.36582983,3.0696974,-2.5229151,1.5690922
-3.2527676,-1.7441493,1.222212,4.3999376,-1.4280152,-0.63510835,-0.490731,2.3718581,0.43937165,-0.7893906
-2.1245933,0.6356857,-2.0819473,4.7793813,0.048235953,-3.8361719,0.88587886,2.0472925,-2.0961473,1.8597186
-3.9476352,0.105089396,-0.21923685,5.809382,0.31982017,-4.251898,1.0231123,2.3604264,-0.13023911,-0.8800955
-3.187862,-0.8511101,1.5816205,4.081694,-0.5107173,-1.2421721,0.010217369,0.71020937,-0.9914214,0.5855968
-1.9544202,-0.56738806,-1.4260436,4.202852,0.7569442,-1.6431603,-0.49590364,1.9166281,-1.393225,0.713532
-1.943022,0.48109958,0.30907702,4.4330583,-2.2239032,-2.633529,0.459912,1.7655847,-0.63609475,0.13158917
2.221809,-1.0739175,-0.94965714,0.32297558,-0.95998824,-0.6654495,0.78816605,1.2731013,-1.7403547,0.67767763
-1.484734,-1.7991778,0.8565092,3.6354554,-2.8694584,-0.61037076,0.58368886,3.0315766,-0.7202676,-0.39589778
-2.6717024,-1.1055537,-0.2462064,5.820455,-0.014072061,-2.918198,-0.8426076,2.8260458,-0.75510615,0.10393392
-2.0741029,-1.6036792,0.12540984,4.326744,-0.55305016,-1.013426,-0.558959,1.0881777,-1.3555942,1.8912796
-3.1990724,-1.0538913,0.8348874,4.626018,-1.9214735,-2.516815,1.3950992,2.5322194,-0.56624,0.013050906
-4.626291,-2.4906657,1.4891171,6.100599,-1.0847766,-1.8709939,-0.34936786,2.8699164,-0.22624435,0.3847051
-5.151699,-0.9587872,0.3980288,6.4751163,0.38097346,-3.7392347,0.78761286,1.1825672,0.56816137,0.14608216
-3.0475461,-1.6263703,0.03870236,5.3183045,-0.025138319,-2.7778742,-0.25504643,2.7120252,-1.954546,1.7636487
-3.2649038,-0.04626578,0.64111674,4.0231876,-0.018512428,-1.6268709,-0.4476236,0.17813194,1.0007048,0.023767583
-2.3868213,0.2503581,-0.8661145,6.1199613,-0.38305146,-2.1757681,-1.6927154,0.5053049,-0.80370593,1.6744986
-0.36309898,-0.86805785,-0.09363676,1.9535508,-1.3240966,-1.1954961,0.065252185,1.244557,-0.4812612,1.1739588
0.94134396,-1.2739061,0.9034511,-1.3442729,-0.6283803,4.8218136,-1.3678439,-0.8064947,0.4110633,-1.7804136
0.350034,-1.6844865,1.8812859,-1.3649485,-1.5332149,4.652979,-0.81521815,-0.3474928,0.90094364,-1.8897572
-0.5121683,-3.0509539,1.758912,-0.6647806,-0.5101679,5.557814,-1.3802822,-0.75986373,1.0158455,-1.3200742
0.55112904,-3.0438926,1.2134157,-0.73344153,-0.6892899,5.85662,-1.7579558,-0.71295965,-0.2597167,-0.51952267
0.45012772,-3.1528091,2.022667,-1.0965662,-1.0367029,4.2991977,-0.7752142,0.11091003,0.35940272,-1.1638962
0.7445078,-2.1410105,0.07975542,-2.3549175,1.1343269,5.9459333,-1.5025036,-0.17296506,-1.5857103,-0.18488494
0.31425536,-2.1733902,0.3227425,-2.1743991,-0.10770023,6.0703454,-0.88763964,-0.36918205,0.62207276,-1.6040776
1.1067722,-2.4718723,-0.4527603,-1.2767875,1.0033407,5.5374146,-2.1888106,-0.588094,-0.70958805,0.039075486
1.3859668,-3.4933,0.24659431,-1.2745239,-0.023924738,6.7440557,-2.8251762,0.18749428,-1.1081901,0.08538597
1.4649808,-2.060316,0.42185956,-2.0825174,-0.7588575,4.63346,-1.3963633,0.04270369,0.7109625,-1.2496043
0.016881354,-2.8317795,0.89730585,0.10726188,-0.031166494,3.6132712,-1.0933883,-0.10337563,0.5097645,-1.0808684
0.69130033,-2.9909468,0.33975738,-1.8195572,0.31718096,5.3800974,-0.97964686,0.6017436,0.43146932,-2.041974
-0.029118858,-1.3584119,-0.43751624,-1.40834,1.0597144,5.427614,-1.670821,-0.64550185,-0.16842695,-0.9483879
1.0413558,-1.6833082,0.6192555,-1.9180282,-0.23459572,5.431685,-2.378637,-0.785364,0.12551585,-0.43916765
1.7406099,-1.9090712,0.26473862,-1.482552,-0.9562106,4.8593645,-1.641994,-0.8155316,-0.6593357,0.4744944
0.8606657,-1.2163068,-0.37298727,-1.6774483,0.78543377,5.3270416,-1.3718796,-0.89168394,0.20458819,-1.6700348
0.5738259,-2.515768,0.69252557,-1.3217546,0.6953288,6.661464,-2.627032,-1.0678031,0.6332281,-1.5539867
0.15490374,-3.5283606,1.245573,-2.2965634,-0.60206723,6.926734,-1.4855394,0.63781965,0.13996242,-1.3189676
0.324261,-2.7587032,1.0160835,-1.8607614,-0.7104863,6.945879,-1.8277593,-0.5646639,0.9217444,-1.6576291
0.03162975,-4.2984643,1.2782575,-1.26705,-0.68066263,6.8018613,-1.1555915,1.3859832,0.22967778,-2.4319704
1.5727127,6.337991,-1.8478314,-0.6701785,-0.6533388,-1.7744796,-1.01123,-3.4372616,0.763937,0.9542304
1.1825705,5.8383617,-1.0376375,-1.193071,-0.23208463,-2.159339,-0.13061446,-3.4517655,2.663523,-1.3137453
-1.2699672,5.992423,-2.464386,0.15323876,0.85397893,-2.045097,0.42360848,-2.184031,1.3696558,-0.710822
0.550991,4.3372345,-1.2463331,-0.7138106,-0.8712009,-1.5802851,0.6063453,-1.7826262,2.3921,-1.5266284
3.0207806,3.1999912,-2.8066986,-1.4704342,-0.85692525,-0.68020344,0.23219556,-0.8704401,-0.66430545,1.0883638
1.4243914,5.821194,-2.410368,-1.4172838,0.424603,-0.71231437,-1.2112277,-4.101733,1.8278184,0.3555349
2.4975948,6.349413,-1.8309639,-1.6916025,-0.38303876,-3.406596,0.8135221,-3.0612845,0.20850892,0.6944616
2.2387912,4.0283318,-1.4952967,-1.6347764,-1.1614405,-0.6098875,0.28756496,-1.597569,0.85434026,-0.84152293
2.170476,7.164273,-1.715471,-2.398656,-2.812446,-1.2611716,0.6033337,-3.2657106,2.7973797,-1.2755383
3.2043176,4.5764313,-2.513203,-1.5159307,-0.65281785,-1.4640247,-0.13152248,-1.9368188,0.97356373,-0.4811231
1.1513503,4.9507027,-1.8873212,-0.08362441,-1.1583828,-1.2745243,-0.95751613,-2.2938738,2.041921,-0.41483635
3.936162,1.921651,-1.959586,-1.0004625,-2.132406,-2.1295936,0.9473662,0.3349778,-1.259198,1.6284605
2.3986712,4.1578555,-1.4273509,-0.96719426,-2.2561555,-0.5182892,-0.85833687,-2.6623993,1.4223349,0.60432225
0.69847673,5.1363096,-1.5673362,-0.8957655,-0.1643852,-1.4071193,0.07309604,-3.0695581,0.86219007,0.35491258
5.069114,-0.21868256,-0.9678348,-2.6985009,-1.3190018,0.25444385,0.35656726,-0.21519196,0.46675605,-0.7018479
-0.23706093,4.4743347,-0.86065626,-0.5416433,0.42855784,-2.1922305,0.9005775,-2.057734,1.3943853,-1.0787952
2.8587427,1.929293,0.062116988,-1.3450313,-1.9491751,0.493045,-1.018317,-2.1033874,1.7191101,-0.6029968
1.624991,7.126481,-2.6488454,-1.2707487,-0.19732136,-2.1027477,-0.17338681,-3.654696,1.3072556,0.02252724
1.3068702,4.8400345,-1.5545805,-1.386568,-1.0307624,-1.7967575,0.22459632,-1.8920878,0.99747056,0.28964072
1.1379583,5.670265,-1.9145511,-1.1278948,-0.6806431,-2.3001628,0.5450813,-2.7116215,2.2964554,-0.75338817
-2.8622859,1.5308268,1.0104249,1.3559806,0.5628725,-1.4757489,1.4654055,-1.5299904,5.4551907,-5.490609
-1.2572832,-1.3307168,4.880107,0.097484395,-4.04344,-0.96352255,1.819874,0.28383875,2.0635335,-1.4275659
0.1537306,-1.8064418,5.215855,-0.9526535,-4.0974455,0.57549477,0.5800457,-0.97022235,2.7293584,-1.1583043
-3.0743272,0.29298982,4.3306503,0.6379306,-3.684631,0.25845453,2.4188805,-0.43871295,5.940422,-6.702343
-1.5505453,-2.328398,6.023779,1.0793598,-5.46968,-0.4871916,1.0827775,0.402723,2.8319721,-1.5783935
-1.6725174,-2.5748093,6.249101,1.1491492,-5.2070284,-0.04420045,0.9342883,0.14953184,5.113478,-4.0093718
-1.4571238,-2.314941,5.597868,-0.3098008,-4.6430893,0.610361,0.5094802,0.37348998,3.565911,-1.8586355
-2.7880893,-1.8542603,5.4547863,0.73533136,-3.0066698,-0.32907692,1.2046256,0.10017383,3.9874012,-3.2686012
-2.7125378,-1.4570242,5.05914,1.0367005,-4.071542,0.15947056,0.65339583,-0.28682113,3.3116925,-1.5140476
-5.081013,-0.7739687,5.7482023,2.937313,-4.6812544,-2.2276933,3.4734657,1.1899024,3.3721948,-3.8371124
-1.7014288,-1.320488,5.950572,-0.1597505,-5.50331,0.6372175,1.5183065,-0.29638305,3.1868901,-2.4734669
-3.7772875,-2.9771023,5.841466,1.6498626,-4.242611,0.07313064,1.3100328,1.8647864,1.9227552,-1.7005922
-3.945922,-2.8288891,5.755701,1.5318322,-3.287447,2.142622,0.18876499,0.36740053,2.7359073,-2.6109016
-4.4702125,-3.6742122,7.0705147,2.3433151,-3.5079224,-0.063129514,1.895756,0.98327446,3.036074,-3.4745436
-3.057602,-2.9230287,4.765327,1.770254,-2.825232,1.4233648,0.09463221,-0.11179149,2.9682634,-1.9082831
-1.3873788,-2.0671313,5.653467,-0.22111644,-3.3238504,0.9266584,-0.17760235,-0.5632682,2.2721457,-0.8602829
-1.268626,-0.581908,4.278654,0.006385386,-4.3687506,0.22980084,0.6728533,-0.28961945,2.757951,-1.3579862
-3.0563731,-0.87963855,5.6584496,1.4369432,-3.8598907,0.42688152,0.72616327,-1.6152261,4.7675443,-3.5791378
-1.9069793,-0.6354463,6.615842,-1.0233074,-5.336213,0.84541786,1.5415294,-0.769727,2.669481,-1.9720691
-1.8572254,-1.579028,4.121332,1.9253316,-3.9415247,0.6319644,0.47326833,-0.6252153,3.0974083,-2.021836
0.6013927,-0.045790702,-0.5334453,0.45536894,-2.3097327,-2.9337063,3.7737072,3.1554542,-0.66486055,-1.3994869
-0.7342704,1.9214014,-1.2575986,0.12366371,-0.72904897,-2.001562,3.823421,1.6718202,0.79361266,-3.618489
1.1333101,-1.9124622,-0.24611282,-0.41367924,-1.5769522,-0.056031853,1.8631604,3.5709355,-1.1982689,-1.0861893
0.81976783,0.16361299,0.8784245,-0.014290407,-3.160201,-3.0702705,4.5232987,2.068749,0.90418214,-3.1495736
0.9490935,0.06806168,-0.46514687,-0.53119105,-2.1309786,-1.0979869,4.152187,2.2570562,-0.66379243,-2.3400118
1.898302,-0.449472,-0.47348335,0.1636716,-3.932101,-2.0976462,5.0601454,3.2006006,0.49119502,-3.7756248
0.59015554,0.32791576,0.29722852,-0.80773324,-2.021945,-2.513926,4.732431,2.6522796,-0.556988,-2.4088335
0.7353137,0.19744948,0.9277694,-1.3139445,-3.0803545,-1.2670004,4.7728415,2.360927,0.8455415,-3.916566
-0.7686928,0.28662172,0.8401589,-0.3398683,-2.0461671,-2.8480113,6.1677604,2.423326,1.3818219,-4.6435766
2.7690508,0.093847185,-1.2832726,-1.0545902,-1.48077,-1.0473479,2.014274,1.3683712,-0.22677045,-1.0800117
-0.56123215,0.62055624,1.0008888,0.16005816,-2.382641,-2.9666102,5.13292,1.8840809,2.9516013,-5.617397
1.7400498,1.1696279,-1.4684964,-0.36003494,-1.6061265,-2.6750667,4.118796,1.7385825,0.6116961,-3.0656326
-0.027714722,1.0555347,0.6778925,-0.4146086,-2.5971634,-2.010673,3.5452962,0.22518101,2.504987,-2.836604
-1.1319458,2.1598532,0.8156462,-0.4433936,-0.87919044,-1.6093955,2.5886357,-0.8463068,4.0976377,-4.620894
-0.13661063,7.006724,-2.600639,-0.553653,0.10488558,-4.0747757,2.1134233,-2.1303816,0.6327837,-0.24893305
0.45268923,1.1136595,-0.6100105,-0.37286037,-1.7038362,-1.8515973,4.6107154,1.412725,1.2448995,-4.140701
1.9948883,0.24693581,0.368488,-0.5607115,-4.2409077,-3.584315,4.3227882,3.293693,0.19569553,-1.8884959
2.4459524,1.0933665,-1.2051678,-1.5125971,-2.1861486,-1.7219486,3.416412,2.2307394,0.1791391,-2.5788481
-0.5096987,0.63033843,0.27788764,0.58595335,-2.125521,-2.2292168,4.583329,1.7284185,1.3780025,-4.2887616
0.6351095,1.6556178,0.6207305,-0.95202196,-2.676262,-3.9386556,4.7347956,1.3450725,2.0304754,-3.3149645
