-1.4920046,-0.87093854,4.198854,-1.4392023,-1.1429287,0.27772394,-0.61277354,-1.1901314,5.4760675,-3.624909
-0.76462114,0.2886686,2.1697652,-1.9143566,-1.9237015,-1.3047392,2.5147734,0.18058619,4.9088902,-4.5961833
-0.0050816685,-1.9629831,1.4970708,-1.6908871,-0.98674136,5.970025,-1.5349686,-1.5360471,0.48740825,-0.36857966
-0.02229125,-0.099614844,0.43441612,-0.77508533,0.599438,2.4872887,-1.2373205,-1.1695946,0.5951403,-0.94379354
-0.64530355,0.445506,1.8159897,-2.036252,-2.1086686,1.1229383,-0.8850427,-1.1967117,5.2253485,-2.066375
-1.0373448,-0.50794935,3.5882814,-1.3195418,-2.3378093,2.0766103,-1.5870168,-1.2271943,3.1018317,-1.1288173
0.53550965,-0.5637869,-0.43956771,-1.5185848,-0.3850463,5.1238604,-1.0247794,-1.0435292,0.38535506,-1.2063489
2.9844615,1.7910026,-1.6464379,-1.7143661,-1.0193247,-0.16461001,-0.66514206,-1.3519053,0.63991904,1.0101002
-0.11896978,-1.1659517,0.65023655,-1.4567837,-0.9480596,5.4169993,-2.3317013,-1.194985,1.0081358,0.026335806
0.17116736,0.31566757,0.05897113,-1.9566746,-0.98845595,5.263601,-1.540282,-1.9358691,0.5821509,-0.12917057
-0.7337131,-1.0870537,1.2317619,-1.8735585,-1.1925954,4.3166103,-1.4311293,-0.8155031,2.2373683,-0.88062143
-0.83568645,-0.60482526,0.69559985,-0.93060464,-0.5825143,4.9545836,-1.5092807,-1.8770329,1.6995963,-1.2165589
-0.5320963,-1.1250952,1.1718397,-1.4863322,-0.7056561,5.693532,-1.8475631,-2.225726,1.1646303,-0.26344517
-0.8273442,-1.0599597,0.81861687,-1.5247216,-1.2119403,5.626869,-1.6008543,-1.095056,1.2187418,-0.5375507
-0.76987827,-1.4921622,1.3012877,-0.20275766,-0.8635861,5.742065,-1.5218982,-0.9536469,-0.35035878,-0.9589021
-0.29599804,-0.44833016,0.58464384,-1.4219192,-1.3035777,5.320783,-1.4308835,-1.0433025,0.74603575,-0.8234348
-0.17797415,-1.2860296,1.8513868,-1.2998124,-1.8050454,4.8626614,-0.28333756,-0.7923749,0.42492232,-1.7211773
-1.1805282,-1.4093938,1.4455271,-0.59281784,0.11562054,5.2084317,-2.4059234,-1.4691943,1.223523,-1.1104555
-1.4845612,-1.3808701,1.1779135,-0.38151875,-0.60312235,6.198847,-1.6614408,-1.5692719,0.4769089,-0.9493685
-0.2696188,-0.80588174,0.55374277,-2.2321227,0.46278834,6.7622275,-1.7247103,-2.7004128,0.35094258,-0.5323789
-0.8999436,-1.7792003,1.3313565,-1.4550883,-0.544949,6.203215,-1.5382476,-1.2086482,0.4111793,-0.6934383
-0.68036544,-1.5772936,1.9732363,-1.7084353,-0.86970294,4.658562,-0.48469725,-1.079769,1.0300124,-1.521518
-1.2265015,-0.9418378,1.6519911,-1.4437522,-1.1873382,4.8391814,-0.7859182,-0.6288824,0.9596997,-1.523712
0.9054923,-1.408318,0.36423722,-0.34165344,-4.311011,-3.0926723,2.8715668,6.4426246,-1.5702994,-0.07273963
1.0374815,-2.2252562,0.9769154,-0.1929281,-4.2478247,-2.9565861,2.3360357,6.5333176,-0.938184,-0.47344074
1.5773394,-1.5898757,0.64731014,-0.3307401,-4.7255597,-1.9870828,1.3536915,6.2354503,-1.7795073,0.34123826
-0.9506104,-1.4098634,4.3023615,0.46704563,-1.937424,-1.5648364,-0.23607144,0.7881233,2.3375843,-2.149454
-0.0101246685,-0.9038656,0.45544693,0.33964393,-5.7191014,-2.5492873,2.4000819,6.7201285,-0.44545278,-0.45842436
-0.456213,-2.0216506,1.380991,0.15758875,-3.9926848,-2.270954,1.9522549,5.4042983,-0.031889744,-0.40314826
-0.7502741,-1.7151741,2.1595953,0.009354636,-3.883549,-1.3542511,2.4067705,5.32923,-0.15522611,-2.3677158
0.8700758,-0.60548806,1.2515059,-0.46383414,-3.91797,-1.9954909,2.8849704,4.6610246,-1.4958559,-1.3535821
-0.7268898,-1.8547263,1.467309,0.9019076,-4.2962856,-2.75722,2.3768537,6.5168486,-1.4154004,-0.46596697
-0.32416457,-1.4299643,4.156931,-1.2062739,-2.3815694,-1.042555,-1.0414275,0.52954036,4.06347,-1.7088351
-0.934892,-1.5172938,0.09240461,0.59604686,-4.0564437,-2.0941122,2.541871,6.2518315,-0.05115757,-0.95832765
-0.46680522,-1.97592,4.859534,-2.0440798,-2.9924178,-0.5701004,0.65285987,1.3952472,2.8923788,-2.2246585
-0.06495796,-2.0608134,1.0043418,-0.22650036,-4.2689075,-2.8567324,3.4406695,6.2172484,-0.76840514,-0.52853084
0.8003605,-1.3268218,-0.119101845,0.084124245,-4.8453298,-3.2695081,3.4997663,7.00755,-1.994529,-0.042384624
0.3651446,-1.5022676,2.043328,-1.1121718,-3.4649794,-1.0057068,2.3771214,2.9688416,0.9201108,-1.9178395
-0.6517039,-2.659358,4.2585983,-1.3341881,-3.4388483,-1.1278013,1.2688103,3.2767105,1.0805961,-1.0224322
-1.8267069,-2.1667063,6.443817,-0.6792612,-2.0752532,0.17434977,-1.1815223,-0.07639769,2.818236,-1.9063058
-1.2400708,-3.1291738,7.4230456,-1.2545037,-2.6626086,-1.1471958,1.0148472,0.67366844,2.6884263,-2.9223847
0.32017052,-1.7749205,3.7822592,-2.6249874,-2.6980247,-0.5666458,0.32408947,1.1882576,2.7371569,-1.0505704
0.07103892,-1.9929817,4.6847553,-2.256502,-3.2007747,-1.2262843,0.35107684,1.4997793,4.075348,-2.4665873
0.24044792,-1.5323379,1.1130059,-0.91436464,-5.040023,-2.4816682,3.097013,6.411271,-0.1532945,-1.0279979
0.38317835,2.4756591,-0.9507171,-2.2486188,1.6677727,-1.2495058,2.4908495,-2.3557076,1.28193,-1.6442709
-0.37281626,-0.16092262,-0.9292117,1.1895345,5.5005465,-0.03971396,-0.68721616,-3.775671,-0.40274563,-0.47023627
-0.7704237,-0.44448432,-0.6074779,1.2933017,5.3947797,-1.1256098,0.5247477,-3.1404574,-0.8114965,-0.40056673
-1.1431112,6.468792,-2.7467027,0.04423327,0.12450798,-2.2363195,1.9682566,-1.6071156,0.2931782,-1.3286165
-0.6145778,0.91154385,-1.9108055,-0.029937811,5.264834,-0.27429044,0.95860785,-2.575529,-0.743348,-1.0013082
-1.3828701,0.10471824,-0.824499,0.53917956,5.7665997,0.66356975,-1.3253238,-3.7837436,-0.8011983,0.9930575
-0.9224107,1.063196,-0.2676287,1.1603225,3.8566573,-0.82085043,0.1932266,-3.1885724,-0.97212905,-0.24952647
-0.50274706,0.8554596,-1.7982998,1.4201269,5.8219056,-0.8669637,-0.6387037,-3.1508954,-1.0308261,-0.14800552
-1.5529288,0.8225372,-0.93159497,3.2439625,-0.8218344,-1.3537143,-0.8884409,1.9988378,-1.0139595,0.48330805
-1.4020677,3.672187,-2.2201254,1.3723441,2.7465947,-0.42814487,-0.64528084,-2.3534932,-0.6981071,-0.09011707
-0.6944692,0.44672593,-1.1336651,0.9356085,6.129121,-0.2583979,0.31466466,-4.1772447,-1.2915665,-0.36775765
-2.7625237,2.2540004,-1.2603039,3.319966,0.08227372,-1.7462931,0.015225135,0.9786822,-0.40112677,-0.62328076
-0.5374855,1.0782593,-0.74748045,0.6753401,4.9728584,-0.30964792,-0.63691914,-4.0855346,-0.583567,0.0731428
-0.47920477,0.49112144,-0.5944308,0.051812313,5.888028,-0.24740152,0.008825026,-5.0544057,0.26851633,-0.51748526
-3.0176888,-0.24578285,0.11150313,3.7213078,2.0230262,-0.19080018,-0.40551355,-0.17350413,-1.351215,-0.51779306
-0.3668211,1.2571422,-1.8782341,-0.18819785,5.845713,0.25397742,0.08626755,-4.4535165,-0.5126919,-0.042401403
-1.1003562,0.028014436,-0.58107346,1.0285,6.037734,0.52443784,-0.98340726,-3.6374278,-1.0773662,-0.37966368
-1.3402907,0.31540534,-0.6633148,0.606518,4.4773226,-0.010866161,-0.01942157,-2.8799415,-0.63904685,0.06383142
0.24445055,6.6682696,-3.3056405,-0.36473766,-0.23047869,-1.6630687,-0.48052183,-2.0229585,0.83765155,0.18128827
0.5316144,-1.1225588,-0.14565043,1.6921037,-0.93251127,-2.395573,1.1139704,3.155321,-1.5243505,-0.47286418
-0.50485754,0.77733433,-0.8146548,0.43797967,3.7952204,-0.7086597,0.9530261,-2.473693,-1.1380355,-0.46915725
-2.3078556,-0.8222636,5.52485,-0.95286554,-2.2408562,0.37473,0.13796285,-0.5599255,3.641823,-3.2231545
-1.4135108,0.10450849,3.998954,-1.850041,-1.7469912,-0.7429101,0.47102746,-1.056196,6.1393967,-4.4348702
-1.5029606,-1.1595769,3.6296487,0.04574863,-1.354721,1.9726245,-1.1486908,-0.9858996,2.6691544,-2.4614148
-1.9348087,-0.4992976,3.6983395,-1.691161,-1.084017,-0.22656058,-0.23243251,-1.6683178,6.4068737,-3.239884
-1.9264326,-0.89212286,4.4413795,-1.5435119,-1.6839478,1.5467902,-0.6451094,-1.5503378,5.9307632,-4.2174535
0.30462176,0.455259,1.4430394,-2.7775986,-0.9828621,2.526693,-0.8086759,-1.3122437,2.2015345,-1.3259766
-0.6197529,0.5627444,3.330137,-1.6606878,-1.995244,-0.3433301,0.004583858,-1.149151,5.454465,-4.02508
-1.0172553,-0.4197298,4.0259423,-0.8173495,-2.4292166,-0.7974513,-0.46447036,-0.105011255,4.4201474,-2.8739731
-1.6913424,-2.079772,5.238323,-0.27692428,-2.594093,-0.566784,0.6117576,0.82710916,3.024884,-3.0034273
0.50802535,-1.485336,4.7633686,-2.0873032,-1.5890158,-1.4421687,0.647019,0.48830327,3.0867841,-3.4178808
-1.0949147,0.32286578,3.9074583,-1.6740286,-2.4406493,-0.21458729,-1.2246655,-1.36405,6.352249,-3.0485873
-1.1510916,-0.96745646,3.9308803,-1.219085,-1.5260197,0.112054124,-1.013952,-0.67202485,5.201664,-3.1273775
-1.4373214,-2.0050495,5.905625,-1.9827462,-2.3020496,-1.0277466,0.44758865,1.2689534,3.4289825,-2.7749393
-0.9735111,-0.44494548,4.10579,-1.5443265,-1.288333,-0.6057692,0.1839037,-1.1290618,4.767315,-3.5754523
-0.9742634,-0.22015792,4.679984,-1.1652472,-2.2664,-0.91240746,-0.69108623,-0.64800113,5.3186398,-3.648733
-1.6000059,-1.4723294,5.925641,-0.63704526,-1.7953396,-0.7302083,-1.0431672,0.124073,3.2727468,-2.4844337
-0.18493508,-0.35420927,2.9869301,-2.059234,-1.5095186,-0.96234566,-0.4256216,-0.8902688,4.6203194,-1.5890682
-0.65430844,-0.30598798,4.1924753,-1.1592836,-0.7424238,-0.8590514,-0.9316271,-2.0921528,4.5823793,-2.5001678
-1.460473,-2.1518292,3.9230983,-0.97705585,-3.5832102,-0.33819705,2.5956159,2.7283978,1.6687789,-2.7994404
-2.441466,-1.7601851,4.3454285,-1.373495,-2.0543122,0.4022741,0.28321278,0.6340108,4.360023,-2.8763213
-1.2470405,-0.616945,3.233136,-1.0178081,-1.8406444,0.502516,-0.8910837,-0.9227496,5.0636272,-2.6838849
3.7198758,-0.35933295,-0.9570201,-2.7908256,-1.4694186,-0.4218849,1.1715678,0.4514182,0.8584588,-0.35996208
3.8669963,0.4855065,-0.9109285,-2.0246434,-1.4992462,1.1625677,-1.6683174,-0.9273774,-0.15707813,1.6546869
0.3100223,-1.153502,0.9243625,-1.9052075,-0.5529172,4.4133797,-1.6337842,-1.2952867,0.36831942,0.32239482
4.929684,-0.49086323,-0.74321705,-2.493036,-1.3537772,0.23458056,0.41268188,-0.68490046,-1.0098467,1.1395082
3.9404244,-0.39010116,-0.47673258,-2.0500474,-1.6753074,0.8333203,-0.25171444,-0.06630722,-0.45025298,0.5430883
3.9168596,0.024438769,-0.45600036,-2.693867,-1.1295104,-0.0020580702,-0.6773752,-0.42221496,-0.25858584,1.6181467
4.5558324,0.19698343,-0.69434416,-2.9630225,-1.3644093,0.77826816,-0.09436796,-0.7477813,0.23219046,-0.054704875
6.3520613,-1.0012734,-1.5939913,-2.605118,-1.517841,-0.6429065,0.06666485,0.9829666,-1.2676419,1.157883
3.4577756,-0.23113683,0.08892935,-2.0005956,-2.0200565,0.32641768,-0.84906775,0.012264576,-0.7698137,1.8180239
5.41117,0.32591805,-0.8924408,-2.578791,-2.8349571,-0.40780658,-0.5267528,0.6999795,-0.56588584,1.259829
5.2699428,-0.49157062,-1.9008503,-2.6629956,-1.1722736,-0.40291038,1.98449,0.97727144,-1.5315756,-0.20863512
3.6120148,-0.9140599,-0.21987928,-2.4253776,-1.0807115,-0.11680776,0.5529659,0.18663648,-0.39522907,0.6034224
4.680321,0.22407743,-1.334853,-2.6570327,-1.6703489,-0.25925815,-0.73055065,0.29290706,-0.3359987,1.7126288
3.8573406,1.4400861,-0.87559766,-2.7088907,-1.526433,-0.078734264,-1.4858806,-1.2049544,0.4228314,2.0354958
5.8309574,-1.4825191,-0.49047863,-2.6808417,-2.1796584,-1.0781474,-0.18339926,1.5716656,-1.7569829,2.3585608
6.083303,-0.78988266,-1.397964,-2.618452,-1.9996896,-0.26087546,-0.17621392,1.199659,-1.8149801,1.7557569
5.29526,-0.08797118,-1.4580958,-2.8086417,-1.2688978,-0.86820257,0.8953477,0.26743996,-0.26080525,0.19553491
2.7709863,0.25796896,0.18958934,-2.7017252,-2.8608725,0.5138584,0.30429658,0.24611983,2.576122,-1.625494
2.4352882,-0.03188944,-0.1440893,-1.9665064,-1.8079095,0.52348864,-0.8578288,0.07607573,0.708905,0.9096559
4.321796,0.22249433,-1.0052766,-1.6001043,-1.2972231,-0.7776478,0.28230378,-0.10823776,-0.20257774,0.06808224
5.271303,-0.40717697,-1.0150521,-2.9743502,-1.1764683,0.77776426,-0.77993155,-0.34883156,0.35941184,0.16956308
1.8541464,-1.3387853,0.39373565,-0.81465465,-3.6817815,-2.3510816,2.6639917,4.546397,-1.0497421,-0.38780752
-0.5012255,5.277366,-0.903208,-0.9563445,-1.0804024,-1.1317536,2.1551023,-1.9554578,2.8580801,-4.0018315
-0.4651299,0.32635435,3.031009,-2.0939002,-3.1552637,-1.0192766,1.4935753,0.6546362,4.1149526,-3.3490007
-0.21556608,-1.4956834,3.7826078,-1.6385349,-2.9170897,-0.87624496,0.5164455,0.6452161,3.8666337,-2.0589364
0.6381044,-0.9877744,2.4071586,-1.957552,-2.960712,-1.2004167,2.6192636,2.3579688,1.9033126,-3.1751602
-0.3131463,1.22585,-0.61897296,-1.0997854,-0.8757803,-2.3067906,5.694772,1.0874797,-0.14812458,-2.8312044
0.7518122,-0.2077734,-0.073208325,-1.1564701,-2.0394495,-2.1666367,5.1718493,2.3061044,0.01051832,-2.8505144
-0.008118972,2.706547,0.7766998,-1.424621,-3.0206609,-1.8645008,-0.00041092187,-0.5200006,4.758154,-1.7771965
-1.1921759,0.7197858,2.7302725,-1.7458199,-1.888032,0.27454266,-0.66554624,-1.8114177,6.339712,-3.2431707
0.16597624,-0.27186516,2.2028568,-1.6452873,-1.5248939,-0.38333523,2.014496,0.3532221,1.9928459,-3.179928
-0.070487484,3.0139644,-0.80466837,0.1868346,-2.6695821,-2.1420016,1.8799578,0.9132317,0.7054364,-1.1577339
-1.6983893,-2.745123,6.6633973,-1.6322075,-2.993683,-0.002611529,0.08879038,1.2924536,2.214255,-1.7443688
-1.6987252,-2.3149488,6.402834,-1.1764843,-3.1410055,-0.21578528,-0.75432783,0.52298236,3.6508152,-1.7016397
0.034100667,0.9918252,2.2023675,-1.7904121,-2.0289266,-1.4353245,-0.18232557,-1.0289497,5.301714,-2.4665985
-1.647763,-1.3178349,4.77938,-1.7034013,-2.1310837,-0.33935207,-0.46518752,-0.16638234,5.891858,-3.4095128
-0.5112674,0.2087889,4.208625,-1.6875459,-2.1816323,-0.6865703,-0.07494249,-0.50348896,3.3371334,-2.5851083
-1.0907154,-1.8065243,4.3357635,-1.2038256,-3.5355353,-1.3227389,1.3184882,2.1203225,3.2340953,-2.4526525
-0.2729228,-0.5812553,1.6393695,-1.1773832,-3.861107,-1.5136005,4.6239567,3.5803149,0.885756,-3.7539406
-1.6530252,0.06395337,3.1308818,-1.2881124,-1.8425208,-0.34340313,0.5526266,-0.37087223,4.4928493,-3.1008928
0.9999274,2.3257241,1.1233732,-2.220613,-2.7154691,-0.80808216,0.15715536,-0.88159245,4.2879953,-2.6935737
0.81633174,-2.087405,0.5326654,-0.0992916,-4.249432,-1.9013696,1.396099,6.5040145,-1.619044,0.49810055
0.86826974,-1.7645606,-0.26145056,1.0472393,-4.780831,-2.5184479,1.6218253,7.90748,-1.894314,-0.3749974
0.54824865,-1.3839126,0.028463075,0.77385485,-3.5757594,-1.91771,0.9194326,5.474734,-1.8421354,0.86578107
0.5774765,-1.8889613,-0.6143952,0.91275775,-3.9061704,-2.5507958,0.9819159,7.0205164,-1.8546145,1.2373277
0.73894423,-2.306279,0.5805411,1.6930888,-4.972156,-2.6762652,1.7622563,7.5891557,-2.1908257,-0.39503458
-0.6269399,-1.7407433,3.797901,-1.2169557,-2.54328,-1.3440207,1.4483758,2.035575,1.0396383,-1.1861598
-1.4486687,-2.0773027,1.7881819,3.0902827,-2.1415808,-2.7172713,0.34721068,4.284001,-0.7038883,-0.57566154
-1.9211249,-3.0563624,6.586274,-0.27171308,-2.6338084,-0.19693728,-0.19723588,0.6824764,2.0135024,-1.3534801
-0.41265404,-2.397594,0.17366211,1.6074461,-3.2791097,-2.6763606,0.99955875,6.729898,-1.7001691,0.8278979
-0.9679103,-3.017319,1.367094,1.2447265,-3.7746046,-1.4418764,0.70746404,6.8089433,-1.447206,0.5044515
0.75488853,-3.1428263,0.45895305,1.1714607,-3.83054,-1.8069816,0.6989998,7.0418515,-2.2091758,0.72161436
-2.9413724,-2.5361342,6.58712,2.8895297,-1.4205282,-1.5978601,-0.79054695,-0.09213796,0.705685,-1.1010982
-0.8806437,-0.4784346,-0.3008636,1.9877082,-1.3962891,-1.2450521,-1.3511194,2.6808047,-1.9815407,2.9889274
-0.42635822,-0.9488882,-0.25470337,1.2869639,-3.234902,-2.3935535,2.3009934,5.4442825,-1.8557206,0.006037593
-0.8096067,-0.19799283,-0.21053754,0.6515045,-3.4428003,-3.1862857,2.2308125,5.2416654,-0.17504409,-0.19679049
-2.892338,-2.1704416,4.9348845,1.8785354,-1.1095035,-0.7057051,-0.99372095,0.6094773,1.906893,-1.7792684
0.7395111,-1.7331587,0.37363723,0.7871381,-4.852509,-3.1390572,1.222878,7.223746,-1.7921482,1.0596838
-1.924924,-1.5116271,4.95836,0.80236953,-2.4002795,-1.3346758,-1.428169,0.88197607,3.5790317,-2.0381954
0.7002005,-3.5247934,1.0692701,0.9862571,-3.526811,-2.8732991,1.0441207,7.197169,-1.7396475,0.5679784
0.12266577,-2.481097,1.1424524,0.31835684,-4.402658,-2.196017,0.574201,6.9141,-1.5437174,1.432611
0.6792081,-2.3518956,1.2975006,0.24058837,-4.307647,-2.4340978,0.90559167,6.064033,-1.5911415,1.3420545
-0.18287176,-1.8164926,0.71740735,1.4441662,-3.5477417,-2.2945971,0.36048052,5.461272,-2.3568065,2.1992097
-0.26379824,1.3050774,-1.6758143,1.3554443,-0.9523443,-1.2637608,-2.7904596,1.7789116,-2.3082893,4.8815517
0.80134815,-0.3383606,-1.3582575,0.84458864,-1.4594011,-1.5031365,-1.0043476,2.728218,-3.1655622,4.535065
1.0801255,4.256808,-1.6503998,-0.56369036,-0.6313593,-1.5036856,0.54107773,-1.3585144,0.308104,-0.62598586
-0.34965384,-1.6426891,-0.25525603,1.1962079,-1.2820126,-1.3597162,-1.3187093,2.6506705,-2.811937,5.272224
0.32585663,1.9002662,-1.0219865,-0.8008584,-1.0655488,-0.7850887,-0.8772545,0.0007341765,0.0025409386,2.2567372
-0.6575023,-0.8161634,0.40350458,2.0516653,-1.2059492,-1.1519465,-1.1359957,2.1357527,-1.8653704,2.2515242
4.030728,-0.7355372,-1.7248218,-0.98515207,-1.5909295,-1.2900227,-0.8465698,1.7756294,-1.8247657,3.1910276
-0.13263611,2.501801,-1.2162383,0.865805,-1.1547604,-1.6196984,-1.9170448,0.45049933,-1.4115196,3.6188912
3.5241642,-0.6849749,-0.8215957,-0.8636915,-2.0430272,-0.84589297,-2.1663227,1.4567848,-1.6824123,4.076746
0.055663005,0.07820818,0.3654054,-0.60977256,-1.2157041,1.3507122,-1.9886997,-0.3775268,-0.08571372,2.3437467
0.15195107,1.8836031,-1.7653474,0.49100754,-0.6926759,0.023498047,-1.9500686,0.22179696,-1.6179792,3.3420172
2.1071377,-0.33241406,-1.3180035,-1.2863995,-1.1063256,0.4382835,-2.6249528,1.3682925,-1.985267,4.8262696
-1.2118006,-0.061282977,0.46331093,0.78299475,-1.1903177,0.03217416,-0.48114613,1.6021682,-1.0744815,1.0391581
0.29352796,4.515036,-1.1018498,-1.1581638,-0.64316624,-1.6134812,0.5738779,-1.2573925,-0.0015158132,0.29441118
0.45370567,-0.5431719,-0.279184,1.9884344,-2.6572843,-1.5099548,-0.2043139,3.2920473,-1.9275085,1.3841586
-0.3026914,-0.2537008,-0.42535588,0.8259616,-0.7720716,0.57694155,-1.5835801,0.92926294,-2.558344,3.6840842
2.9888387,-1.1307764,0.20711572,-1.2825176,-3.112068,-2.0645761,0.12562749,3.0778713,-0.9192316,2.0326526
0.806217,2.068683,-1.230563,-0.6436653,-1.0123124,-0.4741854,-1.2564799,0.0182614,-1.4848744,3.1787863
0.6624001,1.9197643,0.04315392,-1.3387945,-1.4442507,0.7682988,-1.6290767,-1.3128536,1.520727,0.58570707
1.7944359,0.051982075,-1.3028595,-0.40810207,-0.92687285,0.273179,-2.1611245,0.02495068,-2.6585782,5.362026
2.1939218,2.5599806,-1.2472589,-1.3701371,-1.2406282,-1.0681862,-0.9005702,-0.46311334,-0.6231737,2.0232847
1.6205374,-1.0243093,-0.41850334,-0.76218545,-2.6413078,-1.7058655,1.1933285,3.4963357,-1.5717171,1.6790302
-2.9598742,-2.4567282,6.911459,-0.5771655,-2.596646,-0.15106675,1.0503677,0.6749827,2.6954513,-3.1802447
-0.72752357,-1.562446,4.747639,-1.7794319,-1.8451587,0.52649236,-0.8966145,-0.67122775,5.302869,-3.6368134
0.20034568,0.08491136,2.318091,-2.1863625,-2.2078984,0.3657403,-0.08010524,-0.7802926,5.372292,-3.5872946
-0.40162086,-1.2682955,1.7330005,-1.1051133,-0.74796075,5.8165474,-1.5246743,-1.9769644,1.3688003,-2.1333795
-0.69367284,1.5688076,1.3172203,-2.4207466,-3.14081,0.2722839,-0.0452945,-0.5872567,5.7903566,-2.4204276
-1.1406443,0.045224085,2.9267116,-1.2664222,-0.7078602,-0.69385,0.6766133,-1.684635,5.4399233,-4.1072464
-1.4025104,0.08103451,4.5754623,-1.3615102,-3.102458,-0.5799118,-0.6139292,-0.66849166,5.516712,-2.9983883
-0.16442136,1.7920804,1.5174308,-1.8945057,-1.7989033,-0.3148427,0.31659847,-2.479567,5.835297,-3.3336804
-0.33166742,0.5496559,1.1172575,-1.2101287,-1.004752,-0.44319624,1.5763642,-0.2667338,3.6616828,-3.96973
-1.3574411,0.80601466,1.8544844,-1.0179871,-1.5600076,0.09457658,-1.0708833,-1.4617177,7.0266967,-3.8382664
0.019905329,0.009146541,2.349346,-2.557225,-2.550844,-1.5737995,1.7934251,-0.4148287,6.437928,-4.004535
-0.2251453,1.4408616,2.7829416,-2.6691477,-2.6486692,-0.5223766,0.3258784,-1.4830064,7.128932,-4.6927094
-0.8274114,-0.3199068,0.34209058,0.60784173,-3.5812948,-1.985093,2.6945772,5.1372886,-1.21968,-1.0562253
-1.2535741,0.21077523,3.2235227,-1.9296333,-2.182379,-0.5461827,0.09032995,-1.1150517,7.445587,-4.542804
-0.9904443,0.5226402,3.2468045,-0.56319565,-0.9432474,-1.6133654,0.76302314,-1.9796904,5.265169,-4.180469
-0.25817537,0.18708846,4.0395145,-1.2324932,-1.8568269,-1.0850774,-0.9531555,-2.1104867,6.0431204,-3.2393727
1.1211218,0.51753044,0.25079176,-1.8534207,-1.5787078,-1.303601,3.301168,0.7415596,3.2438924,-4.836086
-1.5291288,1.1169795,2.2214386,-1.2804691,-1.2263774,-0.21177341,-0.8930675,-1.6725602,6.7841263,-3.791206
-2.3235292,0.055514604,3.5159085,-0.42827147,-1.7658108,0.38790017,-0.9935779,-1.5012059,5.9594173,-3.3427932
0.07736178,0.4388984,2.9799938,-2.411413,-3.4609048,-0.15717389,-0.83879083,-0.21817568,6.5472403,-3.4859176
0.3005972,0.8569211,3.0071025,-2.3701503,-2.2741563,-0.43471402,0.107996516,-1.7195598,5.575437,-3.50182
1.2437401,4.627009,-0.75217694,-1.7878426,-2.0091925,-2.0264237,0.67934746,-1.465877,2.6506093,-1.4625638
-0.07191546,0.9005432,0.97291684,-1.9763178,-1.5356562,1.8896798,-0.8475242,-1.3274965,2.4959247,-0.7332225
1.2544305,0.60616815,-1.0446991,-1.5798465,0.5728436,3.8505805,-1.4776176,-1.6532884,-1.0772018,0.5555986
-0.45802468,0.61311793,2.0209947,-1.9844245,-2.560342,0.478814,-0.67601806,-0.7968671,4.736145,-1.8159304
0.011280727,-1.2486914,2.4400933,-1.1454974,-0.5576288,4.27213,-2.8314803,-1.9731673,0.93045413,-0.09755793
0.5502523,4.245643,-1.6057522,-0.4530566,-1.1043934,-0.32231683,0.04941439,-2.097028,0.3494069,0.23030439
1.7462097,3.0303266,-0.9282963,-1.9446336,-0.64096117,0.40981102,0.47959825,-2.2949274,2.2025635,-2.3347216
1.966963,1.6700866,-0.5487821,-2.367979,-0.40412503,0.95642036,-0.24028704,-1.7781968,1.2971171,-0.7731211
3.033764,0.782171,-0.8594252,-2.319193,-1.9961202,-0.40768498,1.3863369,-0.13804576,0.29466954,0.08978796
4.50468,-0.015794069,-1.6064641,-1.9674985,-1.3849214,0.6630116,0.7458192,-0.065779954,-0.7795439,-0.23626482
0.53801864,5.2055354,-2.232805,-1.5738455,-1.089845,-1.3325604,0.5436644,-1.3182259,0.9517022,0.123129815
1.340827,4.1738343,-1.6723661,-2.4174976,-0.81301975,0.746013,0.14528689,-2.6325467,1.3699204,-0.4075041
1.7095048,1.8693485,-0.9470572,-2.252827,-1.1100214,0.6361891,0.8971845,-1.515909,1.5964006,-1.0180157
0.13213052,0.8678944,1.8656995,-2.358552,-1.7165476,0.19407362,0.6790766,-1.5995542,5.2764463,-3.7831764
1.9530083,0.24589723,0.23351447,-2.4116697,-1.985352,0.27768698,2.3252926,-0.04752398,2.2871459,-3.1110232
0.5092912,3.9760973,-0.69307965,-0.701092,-0.50241184,-0.8881731,-0.0057862774,-2.1088657,1.7427914,-1.5781629
-0.013886377,0.44318423,1.1975238,-1.874275,-2.6085284,2.1172478,-1.9620674,-1.0557483,5.54529,-2.204797
-0.641463,0.5430889,0.8737625,-1.78393,-1.2514131,0.86270195,-0.85823375,-1.368222,4.601289,-1.2716315
-1.188633,0.32193765,1.87652,-0.73092276,-2.0344307,1.9606775,-1.1976391,-1.4020973,5.128721,-3.0832036
0.3231567,-0.19399655,1.0528351,-0.6972876,-3.810395,0.8582946,-0.4317928,1.5561063,2.1412055,-0.9704046
0.33891094,-0.3352741,0.67030704,-1.1540014,-0.9336362,0.15856437,1.7137952,0.34529957,2.4931386,-3.5858088
1.8846169,0.6208457,0.02804608,-1.8966825,-1.9770133,-1.3608185,2.1573837,0.6416149,0.982024,-1.3174281
