-0.3529374,1.9460727,1.3051364,0.91759187,0.56380045,-2.404096,-2.0909555,-0.92261565,1.8096558,-0.85467756
0.21032389,1.3543538,0.3334155,0.5691935,-0.6888133,-2.063011,0.06863345,-0.30898333,0.25035658,0.33953363
-0.8043425,-0.6315808,1.9030889,1.1539829,-0.45996335,-3.2667894,1.3210756,0.49221057,2.5917087,-2.379293
-0.7585893,-0.24286436,2.0156705,1.2082397,-1.993365,-2.7162704,0.8256612,0.88664925,1.1301849,-0.33301115
-0.5074636,1.5772578,3.1682255,-0.18640666,-0.79071474,-3.6256235,-1.2731739,-1.5393257,3.3078985,-0.19933401
-1.827033,0.6317377,2.9935555,1.3765179,0.5873373,-2.3310628,-1.4648136,-0.47258446,4.0187325,-3.6128082
-1.6243936,1.2747937,2.0856268,1.6909528,0.66515994,-2.8415143,-0.810432,-0.5713219,2.35686,-2.285172
-0.26705104,0.5756723,1.2958857,1.1584946,-1.3678832,-2.6437788,0.72085506,0.39185134,1.2666972,-1.1696107
-2.8747923,0.9566947,2.7011647,1.257761,1.771853,-2.902126,-0.9514348,0.04430983,3.4408658,-3.5949018
-4.158794,1.9637011,0.33810714,2.3378828,2.4085433,-2.034049,-0.62015957,1.2967817,2.9605002,-4.590765
0.8086509,0.82624424,1.5678146,0.9058973,-2.1965504,-4.189841,1.4951016,-0.16027324,0.5572874,0.46019894
-1.8019357,0.91069293,0.44782776,1.2524238,-0.040137984,-2.2143757,-0.24919404,0.9471594,0.7012742,0.0011043623
-4.522652,3.5066745,-0.069873735,1.2490208,2.9271553,-2.6077785,-1.0748692,0.3658847,2.4814124,-2.3275442
-0.276913,2.3088167,1.6728563,1.315909,-1.1470492,-4.7561936,0.040538773,-0.64951587,1.8067918,-0.23699532
-2.3024445,-0.41660106,1.6340079,2.253877,-1.7063215,-4.2136,2.4614782,2.4329743,1.5202696,-1.6913933
-0.44111884,-1.4513712,2.804625,0.8661476,-0.5013856,-1.5867977,-1.2491798,-0.6411735,3.0779932,-0.9193102
-0.53442293,-0.31655306,0.87708414,0.53551173,-1.2915614,-4.7317085,2.7476504,1.4675297,0.963993,0.2685905
0.34816235,0.22254436,0.5739577,1.62394,-1.0387958,-2.7777915,0.100299045,0.69809705,0.28706884,-0.026324823
-1.5705293,2.9776804,0.9470362,2.1974556,-0.40132987,-4.315646,-0.16504534,0.15409754,2.9437296,-2.834721
0.9164446,0.14063857,1.5754474,0.4011713,-1.3245543,-2.2699013,-0.43612915,-0.75534475,1.3112752,0.40658736
0.4485953,0.15534078,0.54971373,0.3170696,-0.47265697,-1.9786958,-0.25744116,-0.07421605,0.026802063,1.2155074
-2.2192361,-1.4625181,3.6639836,-0.24411662,-0.036884643,-0.6914421,-1.4714372,-0.9274517,3.261084,0.08192547
0.7442907,-0.67011327,1.0902793,1.2496232,-1.7006042,-2.5609143,0.5374031,0.5730017,0.22228111,0.57145256
-1.5315404,1.7806302,0.7328849,0.7170408,0.8844975,-2.5344496,-0.74005234,-0.37465698,1.7898524,-0.80640894
-1.3154992,2.0502727,0.6576493,1.1697619,0.07461988,-2.8555527,-0.08117795,0.23855849,1.3943503,-1.2515942
-2.4993973,-0.9376006,2.4612575,-0.5150075,3.44934,1.2935365,-0.8761917,-1.0922276,3.3559265,-4.72875
-4.2981553,-1.9633377,1.6236638,0.7233198,4.3324757,2.56488,-1.6824008,-0.08119394,3.8785832,-5.1034436
-1.206651,0.29796064,-0.004096478,-0.80595094,2.436633,2.19713,-1.9727112,-1.1515468,0.1964918,0.06900309
-3.2217078,0.87963057,-0.1850036,-0.14475833,4.290261,2.5476832,-3.5885873,-0.62679774,0.34975153,-0.3398565
-1.6914136,-0.3872217,-0.60676295,-0.7041945,4.2613993,3.5728524,-3.2869468,-0.868803,-0.41217637,0.08371876
-2.631636,1.8186382,-0.9550809,-0.14152904,5.03602,1.9963356,-3.5036788,-1.4092437,0.84720296,-1.0761769
-4.3426614,0.8615736,0.5884563,-0.35331154,6.732928,2.003246,-3.708972,-1.3198973,2.1713681,-2.8096385
-5.25832,1.073024,0.48152417,1.2715969,4.7988725,-0.5554359,-1.9966418,0.58647007,2.1660461,-2.4950764
-3.4942205,1.4413433,-0.353154,-0.3939991,5.9185467,1.368702,-3.201291,-1.2784275,1.6927378,-1.7336707
-2.6128435,-0.13691287,2.2731335,0.37951863,0.9750484,-0.23977593,-1.9663976,-0.33044764,2.8100638,-1.2789994
-1.4573274,-0.8886517,-1.8893843,-0.094222054,4.0896473,4.6471076,-3.3653734,-0.5147164,-0.45527118,-0.11129524
-2.2965145,-1.9905857,0.30007827,-0.2294627,3.8197014,4.8274755,-3.2527025,-0.6971092,1.7724593,-2.2793832
-0.41818726,-0.5234766,0.11360009,-0.3407036,3.3907454,1.2382015,-1.2070115,-1.0171835,0.7731706,-2.0584219
-0.90799385,-0.37135738,1.0734147,-0.8755143,2.9679992,2.5725484,-2.4047403,-1.9334937,1.1959015,-1.3342422
-0.30483228,-1.6133316,1.8519199,-1.6334591,1.8742945,4.439569,-4.360965,-2.0080614,0.04438339,1.6352707
-3.089899,0.1377481,-0.8687977,-0.31728637,4.287562,3.2120576,-3.197396,-0.57822734,0.8950826,-0.46404028
-0.42635727,-0.44075537,-0.3275109,-0.88755757,4.085082,3.3945816,-3.0533926,-1.8814175,-0.31352544,-0.1668603
-2.7299025,0.63719225,-0.1431541,0.49730462,4.232008,-0.059274226,-2.5689135,0.04312228,0.7031973,-0.6402286
-2.1680136,0.4781112,0.94456464,0.06413433,3.3724947,-1.5189105,-1.3968725,-0.056170594,2.8993814,-2.6307504
-1.4113729,1.5170943,-0.068367526,0.485403,3.508388,-1.8019007,-2.1011894,-0.44180432,1.1477772,-0.91708624
-2.3447266,2.4697707,-1.1198229,0.6396859,4.9531016,0.1452212,-3.594591,-1.1693662,1.4315944,-1.3797035
-1.1251266,-1.5712055,0.64924055,0.40655246,1.4383729,1.7736934,-2.6576402,-0.14768477,0.5650339,0.67369026
-4.308938,-0.110834375,0.7275783,0.7511857,3.195986,1.7185054,-2.479316,0.775449,1.8839455,-2.1325033
-2.723254,0.25687665,-1.0651494,-0.6895927,5.1715918,3.8818989,-3.6955836,-1.1450723,-0.12861119,0.15052727
-2.8074155,-0.8869823,1.5049307,-0.33984488,4.0304255,2.2875915,-2.2277584,-0.9486271,2.4106836,-3.0849686
1.8551486,-1.0970626,0.99390805,0.64995605,-1.6225417,-2.1605208,0.39679706,0.10247646,0.0825661,0.81155986
-1.5768828,1.9853929,2.3851304,2.177086,-1.2039422,-3.7785006,0.22935434,0.13982832,2.9654293,-3.341454
-2.0713315,0.7801019,-0.35528547,1.7368519,0.53907955,-0.87113476,-0.23441432,1.7117467,0.040363535,-1.3559016
-1.2102716,-2.0940278,1.8519359,1.7262144,-1.2998805,-2.420237,1.0799342,2.4768631,0.30209446,-0.4406489
-2.3524368,0.89200264,0.9792213,1.3978422,-0.346048,-2.2529476,1.1657026,1.092012,1.0392592,-1.5504646
-2.9204507,0.6306025,2.1628368,0.83289343,0.061197124,-0.9656042,-0.980499,0.21739537,2.0451455,-1.138714
-2.0699637,1.3907667,2.4199526,1.8516554,0.09321266,-4.640705,1.6704639,0.08924948,3.623662,-4.471467
-2.8052168,-1.3916657,2.0363946,2.43693,-0.332632,-2.6108482,0.5481319,2.5096993,1.7067379,-2.0123837
-0.20596077,-0.916801,0.4110117,1.0269512,-1.3690346,-3.4995255,2.304513,2.1361818,0.41727966,-0.3447321
0.96076673,-0.88595724,2.6443005,0.64190066,-1.2202901,-0.98333395,-1.0644789,-1.1050857,0.7230444,0.21364866
-0.59008706,-0.52345985,2.5889237,0.5323275,0.3081174,-2.681526,-1.0387921,-0.321068,2.1266828,-0.4510473
-0.2599337,-0.8340994,1.6807795,1.0028286,-0.58811826,-0.6607077,-0.38017666,0.009635821,0.4193768,-0.38118505
0.90885335,-0.662258,-0.4582036,0.04118383,-1.5104036,-3.537504,3.559782,1.6826552,-0.80072814,0.87110794
-0.5370144,-0.84798855,0.705348,0.9205179,-1.5067167,-3.5333574,1.9214096,1.9508015,0.41243076,0.5142635
-1.7122681,-1.1209761,1.4907572,1.6665232,-1.1304123,-2.8532743,1.0633093,2.1167517,1.1593915,-0.6211843
-1.7563654,-0.025280967,1.3446903,1.3039975,1.0754535,-1.9576234,-0.2320158,0.4017057,1.3683604,-1.6352682
-0.30147105,-0.10271628,0.7097462,1.0842313,-1.4723424,-2.0528574,-0.17848301,0.8940363,-0.14702131,1.6315559
1.2304435,-0.7740932,2.6148107,0.40135473,-1.5363994,-3.1229131,0.07355842,-0.44285575,-0.24362929,1.7898394
-2.627742,0.7161425,3.853186,0.7504541,-1.0430864,-3.1462636,-0.7643192,-0.8177125,4.385904,-1.3151656
-0.9312522,-1.3550037,0.5312351,1.1394665,-0.7230232,-2.3025122,3.4913235,2.0977645,-0.21745788,-1.770861
0.21278836,0.074237555,1.1068076,0.4801467,-1.3111671,-3.341509,0.9160455,0.2629185,-0.2657947,1.9244748
-3.5385606,2.995295,2.979442,1.8799658,-0.0073240474,-4.0260434,-0.71661496,-0.09891471,3.6808388,-3.2280488
-0.38233757,0.32423943,1.4774728,1.615252,-1.4752238,-4.551441,0.6611302,0.7633079,1.7821614,-0.2205026
0.013135001,-0.4271356,-0.10262005,0.5898128,-1.4079989,-2.4499354,1.9398569,1.5543224,0.1937812,0.078507
1.7145633,-0.8484074,2.6259325,0.93801886,-2.3096,-3.5878434,1.4699596,-0.18314639,1.1904628,-0.9553311
2.8353136,1.2051548,0.86498123,-0.14870481,-2.4765031,-4.0940185,0.06593831,-1.0200845,-1.2645438,4.0480704
1.8129394,0.64398324,0.004005,-0.69864607,-0.6714233,-0.9373429,-0.61768377,-1.2338005,-0.56179285,2.3208842
0.6873025,4.074705,-0.436912,-0.3788299,-0.8505151,-2.819445,-0.032385983,-1.5283941,-0.1259888,1.4350188
-0.7125525,-0.7726548,0.59809387,0.0040649623,-1.4377216,-2.7216854,3.5495546,1.552873,-0.39040983,0.41395092
1.6255968,-0.17246391,0.30806473,0.13014886,-1.5247175,-1.4900748,-0.6873119,-0.3752234,-0.44365227,2.6635501
0.29090297,1.0453255,0.4100299,0.8329081,-1.6462522,-2.984314,0.823311,0.43807873,0.012460373,0.856001
0.80621684,1.1463829,-0.066766575,-0.35345,-0.8035903,-3.2092142,0.49302995,-0.19188358,-0.25321746,2.4617438
-0.2986399,0.45366204,0.2741874,0.23002681,-1.2594829,-2.1181326,0.8181172,0.71337163,-0.5925991,1.8295517
1.4235092,1.2730383,-0.38318866,-0.48106855,-1.3604068,-3.6384704,0.39962792,0.3605787,-1.472356,3.8957272
1.8804816,3.827914,-0.80413187,-0.101521954,-0.6570652,-2.4886837,-0.5916929,-1.7388476,-0.82649076,1.5463704
-1.1052246,3.0230997,-0.5879747,0.13468254,0.15880519,-2.7341747,0.6791397,-0.0025084727,0.40773743,0.06580444
0.01049538,2.8459074,-0.7497486,0.3844614,1.0686089,-2.2821865,-2.396287,-0.96778977,-0.2556066,2.315172
0.020145282,3.0141332,-0.37579495,1.492557,0.94718516,-3.106514,-0.64229935,-0.69049245,1.1423854,-1.7999014
-0.07254155,0.85544646,-0.31580287,0.75989145,-0.0020864084,-1.2751132,-0.900407,-0.032308485,-0.29994452,1.2693063
0.23394038,2.3390234,-0.3882395,0.7475616,0.6205171,-3.01668,-0.36601526,-0.78512007,0.4055565,0.2813201
0.9557157,1.4451876,0.21812941,-0.40236825,-0.24701059,-2.8295722,-0.5342871,-0.63093686,-1.5356205,3.6098309
0.29295194,3.7296295,-0.049128756,-0.0064680874,-0.9050175,-3.9800584,0.95931226,-0.681635,0.5924123,0.04695192
0.8372571,1.3682749,0.58885354,0.118219376,-0.889889,-1.615028,-1.1284134,-1.0244485,-0.20275436,1.9609058
1.8863221,-0.57954323,-0.55298334,-0.22927482,-1.0352317,-1.5156189,1.043942,0.6215793,-1.7910156,2.150374
-0.31018415,0.602255,0.13083807,0.9698543,-0.5171013,-2.2255926,-0.24076125,0.5045288,0.10634847,0.954641
0.35277796,2.1307743,-0.2275788,0.33549175,-0.55675876,-1.8928379,0.042792007,-0.6014776,-0.28551596,0.79835653
1.7398064,0.87960863,0.63115203,0.24411504,-1.0835475,-1.7366724,-0.68335766,-1.319361,1.0427462,0.279288
-0.116615355,0.45310688,1.097845,0.05620514,-0.26829186,-1.7943572,-1.2156824,-0.7623422,0.9340381,1.6277028
0.44120216,0.81242543,0.2975753,-0.24897687,-1.3162205,-0.71241474,0.016547203,-0.38813633,-1.0591555,2.2210593
-2.0778701,-1.0561627,-0.6698942,0.79257065,3.2480967,5.8748503,-4.0082393,-0.5076278,0.025572076,-1.546352
-4.5516963,0.73041815,0.6242174,-0.022633806,5.7804723,1.9444977,-3.3679156,-1.1208564,2.6012878,-2.686692
-2.3934383,-0.19617517,-0.8506801,-0.44890434,2.851393,4.684574,-2.4738455,-0.7023101,0.44308162,-0.9532021
-2.5183547,-2.5717103,1.1546285,-0.68524486,4.2716355,5.7418118,-3.3045344,-0.864607,0.85817325,-2.1282296
-0.6035372,-2.445657,0.6262437,-1.5162838,1.9830701,6.3759885,-4.236312,-1.6556708,-0.5497005,2.0267556
-0.38447255,-2.9235253,-1.2176669,-1.7328393,2.3410902,7.922332,-2.6360793,-1.2868916,-1.3034732,1.3221666
-2.7603705,0.6399574,-1.4752076,1.1762171,6.043444,2.6369612,-3.7865345,-0.6662828,0.36074615,-2.1699338
-2.6442697,0.44543946,-0.6654162,0.86617994,4.530228,2.3419187,-3.8777304,-0.5282458,0.8807141,-1.4221557
0.084399626,-2.0032957,1.4423485,-0.78578496,0.15547746,3.4604888,-1.7010523,-1.3074292,1.0500814,-0.3808068
-3.128832,-0.2073359,0.1462379,0.88012624,4.583917,0.979748,-0.8625227,0.29671475,1.6954114,-4.3863916
-1.6905757,0.4278183,-0.8207284,-0.10467146,4.238401,0.7477057,-2.9263906,-0.37243155,-0.17423408,0.61714447
-3.381129,0.9320005,-0.7627655,0.9692765,5.6668057,1.8108736,-3.4935713,-0.4512641,1.0282944,-2.298998
-1.5915494,0.4875639,0.8127174,0.5996286,2.5950673,0.30965635,-1.4855133,-0.946945,2.2289057,-3.030829
-0.17098927,-0.18685235,-0.9586149,-0.21504353,3.1115994,0.8033947,-1.0932403,-0.6622143,1.0561215,-1.73906
1.4817591,-2.5903451,1.0576581,-0.27987128,-0.5673628,1.248118,-0.54694206,-0.32086036,0.747255,-0.34530568
-1.4812183,0.14457348,0.23607956,0.27784258,3.3656092,3.713213,-4.549514,-1.540392,1.276511,-1.4387807
-0.52006227,1.3183361,0.7127579,0.30299094,1.8657163,-1.7671822,-1.6737665,-1.2274412,2.1216397,-1.1727806
-2.2076342,-1.3522657,3.2974966,0.17314151,-0.3985738,-1.8724144,0.13510522,0.59133023,3.038235,-1.5319201
-3.1901948,0.791083,-0.024649948,-0.21202634,2.8553963,3.26906,-2.5908039,-0.5941665,1.7911098,-2.0983496
-3.748899,-0.23129882,-0.5560997,-0.086872116,4.8675303,3.8972993,-2.7888365,-0.118832186,1.3450073,-2.678865
-1.8460683,-0.5848463,-1.1284672,0.68025607,2.7631974,5.626179,-3.526473,-0.15072182,-0.10104518,-1.644132
-2.7866075,-0.728737,-0.19186018,-0.6332034,3.816666,5.1301336,-3.614674,-0.65625316,1.2132772,-1.581404
-0.7973627,0.16313587,4.246301,0.34946072,-1.1784272,-1.4456528,-0.9134809,-1.8647684,3.4967594,-2.0367906
-2.9923563,0.5823481,-0.28907323,-0.42359328,3.920837,4.134641,-2.914299,-1.1959909,0.8423358,-1.6448543
-0.15492128,-1.0078255,-0.68956053,-1.3778288,2.9993196,5.5136013,-2.4615512,-1.7240404,-0.2532637,-0.85903203
-2.4337366,0.9439206,1.1114765,1.3576131,2.7053916,-0.41537824,-2.1470306,-0.771813,2.3437197,-2.718866
-1.4122229,2.4651241,-0.0547065,1.4895208,2.0318408,-2.072993,-2.1204402,-0.8622701,1.4476337,-0.90856147
-2.2472425,1.8967801,0.69949096,0.7721872,4.1498704,-1.0354812,-2.265903,-1.5331264,2.5748935,-3.1221664
-0.99370974,1.9708437,-0.8094926,2.3403785,3.388045,-3.1374898,-0.9672466,0.36562154,1.2863426,-3.5086222
-0.7374608,0.78228366,0.62992764,1.6989765,0.71274245,-1.8322662,-1.6619322,-0.42776704,0.71319604,0.1381055
-1.4400789,1.720516,0.8822291,1.4899147,1.7482672,-1.4148664,-2.4450264,-0.34405535,1.9339126,-2.2205367
-1.2395132,2.2082026,0.755594,1.824638,2.560381,-2.8725548,-1.5039847,-1.3318505,2.7681966,-3.2517507
-0.60036707,0.8944279,0.93652385,1.5117598,0.9682672,-2.6098304,-0.7144331,-0.15096258,2.370079,-2.675991
-2.7394667,1.8908651,-0.5684308,2.7627356,2.6602993,-2.141705,-1.3599379,0.42740735,2.0808122,-2.9512424
-0.71777415,1.2218944,0.24844244,0.993743,0.9847485,-2.4318175,-0.07680604,-0.40853742,2.3633852,-2.177454
-2.814402,2.433349,1.1736239,0.3853386,4.4702554,-2.0302143,-3.9215417,-2.0423493,3.4795644,-1.2385352
-1.7822676,1.6163296,-0.44849503,2.8837733,2.290148,-2.1022,-2.5354004,0.036916424,0.8404231,-0.7890932
0.9453791,1.8730723,-0.33497733,1.6690829,2.1405644,-1.7817084,-2.4581962,-1.8498526,1.6501411,-1.9212972
0.20694004,0.97386813,0.23795417,1.908395,-1.5375804,-2.72221,0.23455815,0.3065324,0.831235,-0.40379512
-0.29166335,0.8626282,0.050866872,1.532007,0.26891315,-2.5653822,-0.42046893,-0.2502387,0.58585846,0.22535446
-4.707956,1.9792224,2.4449894,1.3169539,1.8004415,-1.5032167,-1.3390633,-0.18892632,4.1140256,-3.9422073
-1.7106879,1.5855905,2.2248058,1.9117839,0.43188703,-1.4249911,-1.6315352,-1.1906368,3.2963898,-3.6132221
-3.1750994,2.7601326,1.2225646,1.209867,3.1101332,-2.9197507,-1.8759117,-0.980598,3.1629887,-2.594937
-1.6435168,0.2146716,0.5653138,0.9024324,1.0721633,-0.34585664,-0.9573239,-0.074271366,1.392257,-1.1277772
-0.08022316,-0.7162134,-0.29909748,2.368997,0.75449497,-0.5699488,-1.0621744,0.33410636,1.1342936,-1.8391333
-4.469744,1.9997188,-1.1993167,1.489466,5.9554477,-0.6125004,-2.6005445,0.46544436,1.4844604,-2.4916127
-0.80486697,0.100770846,2.0867221,3.02092,-0.05894608,-3.3216786,-1.314123,-0.1739157,2.9322596,-2.42979
-1.4743297,1.6558039,0.6353216,2.3226354,0.4173119,-2.305503,-0.44828779,-0.060429614,2.021921,-2.846557
0.14136325,1.0888578,-1.0287371,2.9535758,1.7373846,-1.7855512,-2.5698082,0.37234178,0.7346681,-1.6884265
-0.18951027,1.592775,1.2195951,0.67113006,-0.64319384,-1.9241819,-1.6523,-0.8617574,1.591926,0.21470828
0.5873723,-0.9735884,0.32538617,0.48308247,0.35401636,-0.29442808,-0.4214123,0.20460896,-0.08332941,-0.22054012
-3.9662023,-1.1030699,2.717988,2.5495079,-0.018848486,-1.1171564,-0.56988597,1.8639021,1.7630357,-2.0725343
-0.81951505,-0.23730046,1.0458715,1.4861645,-1.1172268,-2.4268167,0.44562882,1.3712809,0.7245516,-0.4156134
-2.766118,0.25986546,1.0831681,2.5153944,2.0787456,-1.0598071,-1.0016398,0.7875568,1.2922575,-3.15933
-2.0331345,0.6921127,0.88795525,1.6115453,0.18761885,-1.5690154,-0.51733154,0.7532791,0.8843151,-0.9154693
-2.082299,0.3525936,0.6989594,1.7040005,-0.5226834,-1.8302951,-0.14134552,1.2403638,0.6571232,-0.002629742
-3.771911,0.30821973,-0.4396218,3.0326436,2.9009676,-0.519467,-2.3586445,2.1113608,0.1297461,-1.4862555
-0.7035696,0.23628522,1.268987,0.52968854,0.96979237,0.13534918,-1.6186935,-1.0978292,1.8265879,-1.5268406
-1.6748717,2.423941,1.5886896,0.51991767,1.3301306,-3.2688823,-1.6844505,-1.2080376,2.2703938,-0.34515524
-2.7536027,0.2179438,-0.29972082,3.4571912,1.1389318,-3.177908,0.7397574,2.6911302,1.2306247,-3.1483636
-1.3558741,0.5697735,3.2364159,-0.019985572,1.3015547,-2.8191032,-1.0565983,-1.9615239,4.0557446,-2.0172672
-1.6968848,0.13587238,2.0043757,0.9540706,0.14866304,-2.5721622,-0.015629187,0.36065927,2.6040053,-1.9020456
-0.109012485,1.4274237,1.513909,0.5503963,1.2467146,-1.6058543,-1.5485334,-2.2564027,2.8576474,-2.0726905
-3.4386716,0.8914862,-0.28878456,2.1021388,2.0588498,-1.7241304,-1.8215427,1.6340021,-0.063291624,0.695257
-0.48387134,2.5440872,1.9273694,0.8573131,0.83952844,-3.515349,-2.511792,-1.8017157,3.177212,-1.1273637
-2.063418,1.2157915,1.0002135,1.3223317,0.6396773,-2.4413443,-0.45526445,0.0038830228,2.510099,-1.6621399
-0.51562864,0.29178452,0.42983246,1.6570395,0.84258205,-1.0421119,-0.86042964,0.21881725,1.0141958,-2.1295347
-1.8525817,0.76249,0.7540601,1.4439297,1.9071743,-1.0587867,-1.4974439,0.24868703,1.770277,-2.543943
-0.50516164,0.8777975,1.4760935,0.26767498,0.24918815,-1.3064164,-2.2958055,-1.0098923,2.2150211,-0.036575705
-2.1579921,0.16780604,-1.1672705,2.6470377,2.2885365,-1.4124206,-0.8446469,2.0021915,-0.015485361,-1.4818941
-2.4382956,0.09381293,3.2037404,1.7933853,-1.160018,-2.7533183,-1.5924219,0.5234933,1.804102,0.55478793
-1.2594793,-0.20698664,0.7039709,2.2217271,1.4955581,-2.4914606,-0.12837134,0.7092968,1.1031196,-2.1001387
-2.2593353,0.97543824,1.6084144,0.909292,2.1132925,0.030288935,-2.0486434,-1.14549,2.378382,-2.5639322
-1.8883612,1.9547607,1.1010494,1.0418134,1.7107015,-3.2185864,-1.8871447,-0.64245707,1.8765545,-0.12538855
-1.1307635,2.7924964,0.78056294,1.4432795,-0.42912284,-3.401383,-0.48714,-0.008672621,1.168435,-0.7776982
-3.6827123,-0.31383944,-0.35300618,1.9004055,1.0649107,-1.435949,1.7450002,3.2669806,-1.3753744,-0.7972951
0.3864441,-0.76553935,0.43372244,0.27971348,-1.6043371,-2.195053,3.3566754,1.257763,-0.37342995,-0.8241835
-2.3882074,0.13804187,0.2860887,1.1900098,0.25828514,-1.9786924,1.0773333,1.7106234,0.2346872,-0.45999575
2.2794137,-1.6327907,-0.6707943,-0.3038026,-2.6704729,-3.251985,5.5537677,1.6671585,-1.3501979,0.4895559
-0.5724205,-0.29374942,-0.89891356,1.4669182,-2.4069548,-3.5393105,4.5071363,2.9714646,-0.93896616,-0.22772555
-0.7858042,0.3513,-0.043282673,1.3796642,-1.7288234,-4.740732,3.7315814,2.392049,0.5365443,-0.9624864
-1.1588311,0.48401654,-0.35615414,1.1540518,-1.7275667,-4.6522636,5.2243857,2.957405,-0.6872976,-1.1799563
-1.5183926,-1.1292005,0.31916863,1.4737482,-2.0943666,-3.4807677,5.066209,3.7517037,-1.1672665,-1.1740078
-1.8697476,0.15316999,-0.48400205,1.7611744,-0.45241773,-3.2353625,3.377287,2.7903938,0.32576972,-2.29425
0.13939004,-1.6165189,-1.7383981,1.1064022,-0.82554954,-2.9963303,5.1601677,3.2734337,-1.3845115,-1.0552169
-0.3413334,-0.06573351,-0.25152713,0.4201026,-1.0643629,-3.914342,4.04711,2.1815095,-0.48671627,-0.4382695
0.7454368,-0.00440298,-0.061852857,0.8964724,-1.5678818,-3.8349843,3.5949273,1.5504647,-0.82450277,-0.41714227
-1.5220568,-1.6946375,0.16561326,1.3255869,-1.6570177,-2.9371204,4.2537503,3.3530085,-0.56613904,-0.5676856
-0.8330515,0.14087181,-0.679594,0.20462663,-1.9971768,-4.9502134,8.021551,3.025138,-0.45925617,-2.3911564
0.11837773,-0.3556136,-0.67284596,1.5688478,-1.0708051,-3.622069,3.682884,1.8644989,-0.109670684,-1.380268
-1.9971306,-0.80461955,-0.6956996,0.8647756,-1.825419,-3.137836,5.2184367,3.8797185,-1.2480466,-0.1500356
-0.23832196,-0.52256894,-0.41376293,1.2358474,-1.5188329,-2.312266,2.03398,2.1356492,-1.2662064,0.9004681
-0.09319951,-0.9112083,0.035413638,1.1701182,-1.3423746,-3.1841211,3.0603418,1.8332431,-0.53978395,-0.00061546266
-0.15072538,-1.2190682,-1.0371869,0.78408027,-1.3841168,-2.5570092,4.149239,3.2696843,-1.4766755,-0.3742178
-1.115421,-1.24073,-1.0001856,1.1250446,-0.16597155,-1.9349366,4.640115,2.6458719,-0.90031457,-1.9882046
0.09924208,-1.0046197,0.49874377,-0.31208414,-2.2239537,-2.70505,3.8517761,1.7509917,-0.3168049,0.44997668
-2.9133298,0.6469331,0.120823026,2.8158042,-2.4720802,-5.6613407,4.6105747,4.0129924,0.40873688,-1.4559358
0.3044619,-0.105149046,-0.27427673,1.2126441,-1.8652,-4.744209,3.2902765,2.3874607,-1.4763622,1.2867297
0.2951584,-0.7785893,1.1946232,1.7342886,-2.4776778,-3.999158,2.868149,2.265637,-0.5344331,-0.55648994
-1.4804382,-0.9376162,-0.079806596,0.94351786,-1.3975337,-2.3159466,2.8347316,2.6396997,-1.1241261,0.97768766
2.4369142,0.031205766,-1.0888683,0.39047718,-1.5793147,-1.9193926,0.63298154,0.4992838,-1.0916648,1.757735
0.507103,-0.07923907,-1.4603462,0.88414496,-1.2729467,-2.929068,1.8579837,1.8513052,-2.0318387,2.7165148
3.4923203,-0.5485007,-0.928297,0.18657593,-0.7398362,-2.730125,1.0808667,0.14348164,-1.0168898,1.073558
0.051074535,0.38786095,-0.8962181,1.597804,-1.3190653,-3.1813653,1.1920477,2.1230505,-1.8831325,2.0161262
4.607838,-1.6847802,-0.87157065,-0.67016524,-2.2000084,-2.3338394,2.331803,0.3548394,-1.2033079,1.6847018
1.8408084,0.54539907,-0.5162106,0.6934669,-2.0102606,-3.188652,2.7765684,0.71541655,-1.2139206,0.36758256
4.364738,-0.5148159,0.6381014,0.41393864,-3.311766,-4.031035,1.0976653,-0.32742926,-1.1453507,2.8172765
4.0303664,-1.175585,-0.20536433,-0.3052492,-2.6590781,-3.0277677,2.04822,0.32516316,-1.3528209,2.4068136
2.456349,0.37883502,0.33998233,0.01637201,-2.417797,-2.9593897,1.4713356,-0.3385568,-0.74022937,1.8366406
3.3114607,-0.28026485,-0.83452845,-0.21699007,-2.2098508,-1.2531585,0.9455295,0.13600387,-2.2130928,2.6985517
3.516805,-0.24392144,-0.14484616,0.08625491,-1.8562634,-3.331213,0.15627226,-0.2591653,0.010692455,1.9900233
2.7623372,-0.5628319,-0.5007069,0.123768345,-2.3064852,-2.9593363,2.284747,0.749695,-2.2131937,2.6968448
1.5752834,0.67778265,0.3551404,0.72936165,-1.4579642,-1.5697675,-0.30888462,-0.39307484,-0.914135,1.3175486
3.3723433,0.14222847,-0.726618,0.5531851,-2.3146658,-2.8529618,1.454883,0.26038074,-1.459385,1.6218483
4.340056,-1.0580543,-0.40611196,0.045200676,-2.5990787,-1.8237885,1.296539,-0.21924482,-1.9183574,2.3074398
3.4019756,-1.6923884,0.6519583,0.22213365,-2.8199494,-1.1606929,0.7947115,-0.09335022,-1.404574,2.0924072
0.196101,0.10385026,-0.8713804,-0.21732245,-0.018670484,-1.976369,1.9757346,1.2145182,-1.5550301,1.1644839
1.6323847,-0.4819165,-0.9042956,0.29730302,-2.3609247,-2.8122826,2.831996,1.8254279,-1.7461467,1.7750924
2.5433223,0.13271779,0.5786754,-0.028709501,-1.6762435,-3.4902458,1.948502,-0.22427692,-0.098901734,0.27772993
1.6934557,-0.08878901,0.08824349,0.54434943,-1.0786697,-1.4285465,0.22496344,0.008983944,-0.014030859,0.101478636
5.4460573,-0.5655232,-0.21084867,-0.72492695,-3.73669,-2.0156832,0.8162617,-0.48681745,-2.8452525,4.328141
4.0427837,-0.2312162,-0.18921562,0.0033934116,-1.5601585,-2.9917142,0.6356449,-0.37719443,-0.70026904,1.3283347
4.728534,-0.79567945,-0.19207497,-0.19110028,-2.5814111,-1.4916216,1.2392576,-0.93150556,-0.6244505,0.7825744
6.4056106,-2.6991022,-0.2925529,-0.21117191,-3.1834319,-1.0760056,0.3428942,-0.5170355,-2.5751166,3.7948341
2.3290877,-0.42344624,-0.75680333,-0.1370747,-1.942431,-2.78586,2.1851113,0.6165205,-1.7929336,2.7040672
-1.0385681,-0.9859649,0.8339473,1.5347054,-1.747602,-4.295873,4.1506033,2.8862853,-0.075651094,-1.1558158
-1.8922377,-0.8263784,1.639147,1.2727071,-0.67318475,-4.019509,2.4931345,1.9362866,0.7040882,-0.6639005
-0.17463298,-0.96134245,-0.6154142,1.6084318,-1.9643347,-2.9369044,3.6568184,2.6945736,-1.183403,-0.07713257
-2.0204768,-0.43956238,-0.12309338,1.5942227,-1.1412498,-4.9520993,5.3396125,3.2555122,-0.28995538,-1.1885954
-2.4343233,0.8373409,0.51975155,1.9822714,-1.139265,-4.780941,3.4986882,2.7968621,0.2647462,-1.4497336
-1.7861255,1.3168277,-0.08227308,1.3406615,-0.6359098,-3.3087351,1.4788761,2.0736566,-0.6480893,0.26969275
-5.3605576,1.217863,-1.6239448,3.3091867,2.2410436,-3.2387347,2.2130408,4.7288895,0.10460271,-3.599219
-0.6082173,0.44067788,-0.08360271,1.7998991,-1.4218132,-3.2866619,1.7451173,2.1910934,-0.3476405,-0.3932063
-1.0437863,-0.37980127,-0.8845745,0.6949383,0.3187955,-1.6924235,2.9488435,2.323673,-0.89253503,-1.2888712
0.24249066,0.3866564,0.0045998245,0.79218084,-3.0456548,-3.8525424,3.4571347,2.133369,0.00012291968,-0.111823454
-0.62426764,-1.3559309,0.66913015,1.5008154,-2.3181365,-4.0902905,3.6723115,2.9813566,-0.13178547,-0.3123876
-1.0996395,-0.24240418,0.70953137,2.126053,0.37745506,-2.6649885,0.21142004,1.1662672,1.1267239,-1.6797224
0.61408144,-0.09510023,0.44504833,0.92056924,-1.8992405,-4.1944137,2.5984702,1.5159723,0.33932543,-0.22243096
-0.7708064,0.15481617,0.06520009,2.016457,-1.3766237,-4.3272343,2.6601214,2.3342922,0.25647864,-0.8834068
2.2701936,-1.6023737,-0.062243715,0.3313641,-1.0902749,-3.0155416,3.2601707,1.1971135,-1.2216063,-0.010948047
1.4937387,-0.61186147,0.5243959,0.3498926,-1.4044788,-3.7546725,2.569427,0.5977858,0.47491664,-0.1748255
0.35581177,-1.122382,0.17610864,0.5254261,-1.4888175,-3.2410107,4.7489595,1.4118758,0.097565785,-1.473557
-1.4122556,-0.18351437,-0.4306897,2.452257,-0.44384062,-3.2485218,1.4995161,2.854561,-0.88179374,-0.21372311
0.9384915,-0.64725477,-1.6268592,1.0474304,-1.5749421,-3.3861363,4.5340056,3.0379107,-1.530059,-0.7111412
-0.59165436,0.94595754,-0.38523036,0.8870505,-1.6615387,-4.5235796,3.243626,2.0879154,-0.811497,0.8540025
0.32846326,0.35866117,-0.41619974,1.4782715,-1.7288922,-4.879983,4.2777543,1.9539498,-0.027938232,-1.280888
-0.64121634,-0.48964947,-0.0661874,2.0368059,-2.9744468,-3.9443169,3.1853104,2.8707657,-0.9793663,1.0682666
0.22554938,0.8816162,-0.22965343,1.3462429,-1.0017685,-3.5860682,0.5991203,1.5330895,-0.5708685,0.8029543
-1.0103686,0.9767779,-0.4034528,1.5092798,-1.0657524,-3.3394687,1.9382366,2.0224898,-0.016900405,-0.5485703
-2.3054943,0.44027382,-0.38341635,1.1497049,-0.18812993,-2.6519492,1.554979,2.892962,-0.12186642,-0.33068693
