0.7691466,-0.4325381,0.14623466,0.7627938,-2.46699,-3.1550798,1.9712768,1.5108649,-0.3765247,1.4062274
1.2414217,-0.46254528,0.3341141,0.4786847,-1.960951,-3.0443861,1.8451157,1.1452912,-0.5010134,0.9934983
0.26251826,-0.5151546,0.13141944,1.0712706,-2.2092905,-3.1178052,1.8639894,2.0361426,-0.40826958,1.0506341
1.527298,-0.5535825,0.3137973,0.6243471,-1.5240091,-3.1126964,0.8902599,1.0422164,-0.65143174,1.4866079
1.4578408,-0.46368378,-0.04845792,0.81859916,-2.286633,-4.172853,3.0353293,1.8061339,-0.65196353,0.73607534
1.3411399,-1.2955259,0.18724945,0.8938027,-2.0696654,-2.7308605,1.9369867,1.7619616,-0.8548749,0.9730202
1.1961029,-0.76363033,0.2678801,0.6687168,-2.0865693,-2.8453567,1.5760527,1.2583593,-0.48648393,1.3675582
0.59941083,-0.0509402,-0.005041331,0.5889946,-1.416879,-2.4920056,1.6047716,1.1029769,-0.31817895,0.48177508
0.051450424,-0.6307667,0.28446597,1.2036574,-2.7955341,-3.527487,2.926425,2.5972178,-0.4486792,0.5594164
1.7460823,-0.4187165,0.74390984,0.4838219,-2.7691932,-4.0612125,2.5062418,0.8778195,-0.2572707,1.3760467
1.3447794,-1.327829,0.057797104,0.66620374,-2.4494996,-2.9081838,3.378158,1.8523958,-0.8293403,0.30449465
0.97037387,-1.0437275,-0.12992334,0.7488763,-2.1681397,-2.8639648,2.238073,2.0194921,-0.74804044,1.1589749
0.86515474,-1.0563669,0.17094754,0.8016343,-2.6237683,-3.2115097,2.5598328,2.0169191,-0.7296528,1.3897154
0.38766554,-0.23468062,0.49739575,1.5504142,-2.2028708,-4.5303655,1.7547269,2.0947728,-0.15323223,1.0584786
0.13633725,-0.38963383,0.2322281,1.2258525,-2.3808305,-3.4685414,2.1845303,2.3486104,-0.5470504,0.7707111
1.3569376,-1.0429404,0.2678514,0.30597264,-0.9888419,-2.1659071,1.3988464,0.718004,-0.5939893,0.81532454
0.70969373,-0.44305253,0.27357185,0.70889235,-1.6521503,-3.0305421,1.1756706,1.3731643,-0.2769984,1.269082
1.4016793,-0.7719034,0.036299586,0.453515,-2.2971516,-2.5597162,2.3374872,1.1959054,-0.7165943,0.9737402
0.21966252,-0.33652532,0.32043535,0.70869213,-1.6993926,-2.628929,1.2101407,1.5018826,-0.075171426,0.898118
0.09271469,0.3509112,-0.053061485,1.2773534,-1.7080255,-3.6616657,1.4482765,1.749031,-0.12560315,0.8297246
2.0934544,-1.0560085,0.81038034,-0.17630665,-1.9144005,-2.6809816,0.89447016,0.1860993,-0.34550816,2.2285662
1.5642475,-1.0806643,0.44943944,-0.015040118,-2.2079892,-2.2746003,1.4671476,0.8681474,-0.5022537,1.79562
0.96579516,-0.8562146,0.7706853,0.41076142,-1.8417836,-2.7279294,1.6548355,0.99640846,-0.33895522,1.1176603
1.9147002,-1.0165226,1.0345489,0.28201997,-2.4192963,-3.9492838,0.8721209,0.72122943,-0.020086795,2.7129636
0.9312191,-0.1853754,0.4272195,1.0637343,-2.8757186,-4.668155,2.0102885,1.7821938,-0.221271,1.9340796
-0.9828414,-0.69828004,1.1526979,-1.0636274,3.238079,4.0955176,-2.3296764,-2.157401,0.96215874,-2.3134742
-1.7861856,-0.35484463,1.6983677,-0.7766511,3.2886133,2.9951878,-2.3976433,-1.9718881,1.5298005,-2.3250504
-1.4476378,-0.8282866,1.2096487,-0.7232126,2.1034832,2.2874157,-1.5614066,-0.98184204,0.84955233,-0.9639267
-1.6629186,0.21014689,1.0665698,-0.54380715,2.2142477,2.9619625,-2.0953567,-1.4501967,1.0384418,-1.8093915
-0.75944674,-1.1387578,0.8221338,-1.0718247,2.8904977,3.9085734,-2.724854,-1.8874735,0.997094,-1.132121
-1.7815952,0.1387362,0.34541592,-0.53938854,2.6160092,4.618418,-3.0131176,-1.6409118,0.7521505,-1.6543133
-1.9623138,0.2518009,1.4769713,-0.59014964,2.6587274,2.9149125,-2.5174456,-1.706412,1.5311741,-2.0939875
-0.69979453,-0.297476,0.8512838,-0.47143203,2.4348233,2.051773,-2.5063043,-1.4566967,0.94362503,-0.95049006
-1.2611245,0.2085361,0.67735314,-0.43898425,3.0210536,2.9367669,-2.2880793,-1.7584355,0.9715216,-2.1570313
-1.7163981,0.27413124,0.87232995,0.030836053,1.8653325,1.9462624,-2.2033057,-1.1458195,1.0913703,-1.0895557
-1.135138,-0.63806653,1.4034532,-0.68349314,2.0704665,2.5590546,-1.4053679,-1.3080881,0.94432324,-1.8202769
-0.57630587,-0.22492084,0.5107212,-0.43913352,2.3104165,2.7226486,-2.3184686,-1.6443042,0.45118394,-0.9387522
-1.6855711,0.20015948,0.1488727,-1.1104554,4.584552,5.1499715,-3.8400183,-2.5579214,1.1834546,-2.234477
-0.76643276,-0.29156333,0.51964986,-0.78453803,1.590613,2.6608655,-1.829637,-1.4102261,0.83861613,-0.5409167
-2.0139432,0.86058664,0.23807018,-0.255237,2.7286234,4.3415494,-2.4593196,-1.5181264,0.639265,-2.6674562
-1.4407707,-0.39284706,-0.108728975,-0.6524606,1.9734749,3.6626272,-1.9046605,-0.6546627,0.6502449,-1.2394981
-1.2326595,-0.037647054,0.7595595,-1.3514318,3.2545063,5.5935216,-3.3279097,-2.636969,0.9060342,-2.1623855
-0.7078165,-0.8964768,0.6864226,-1.30458,3.6059403,5.8225937,-3.5564084,-2.652417,0.6151341,-1.8003943
-1.0116776,-0.10704781,0.86316,-0.93874574,3.1122499,4.754354,-3.1858335,-2.4692845,1.0218484,-2.101887
-1.2163349,-1.3275847,1.6067573,-1.5225328,2.8584247,4.281944,-2.800658,-2.0937765,1.1327854,-1.0632749
0.11481499,-1.6985233,0.67647076,-1.6481386,3.3874927,5.1807795,-3.1719644,-2.5080113,0.5469418,-0.99181694
-1.6257854,0.054378048,0.98485315,-0.97959995,3.9876516,4.0751495,-3.194488,-2.554472,1.5535232,-2.4529738
-0.26907322,-1.1662302,0.98281014,-0.8153493,2.1989927,3.071335,-2.4691217,-1.6662627,0.8157796,-0.71255124
-1.2763454,-0.80167806,0.2262749,-0.3675018,1.9167023,3.412976,-1.4495502,-0.7103213,0.5719694,-1.6245259
-0.81466544,-0.62141174,0.86096287,-0.6812955,2.2644267,3.2202017,-1.8849657,-1.572984,0.85732,-1.7035139
-1.3379608,0.67192554,0.8262166,-0.27756032,2.6804924,1.7190702,-2.3990045,-1.6427923,1.1988543,-1.5123639
-1.1779964,0.20219268,0.9809462,-0.18855779,2.197106,1.0308064,-1.8346059,-1.2244638,1.1468987,-1.1898054
-1.5919535,0.5415585,0.91434455,0.18143731,2.030759,0.31496346,-1.6285498,-0.7143629,1.2848881,-1.3581109
-0.058164977,0.79424584,0.8639673,0.14372514,0.84153104,-0.6933464,-1.8351228,-1.1847945,0.8773058,0.2624245
-0.8109698,-0.14519194,1.5791904,-0.3841273,2.0750356,1.1625546,-2.3668373,-1.8011166,1.3441426,-0.6653605
0.42571667,-0.39997536,1.2106234,-0.21660097,0.76707184,-0.8845557,-1.0408549,-0.8293761,0.69358826,0.31860697
-0.81283486,0.14190708,1.53393,-0.106827945,1.4590919,-0.03359521,-2.383733,-1.3296784,1.5040848,0.035669785
-0.121410266,-0.48179168,0.8321346,-0.1741532,0.68914753,0.65326786,-1.2083073,-0.76731366,0.5755114,-0.04857467
1.0524763,-0.44246083,0.6458042,0.011034612,-0.027460106,-1.0788487,-1.0750008,-0.43063217,0.0731992,1.2527386
-0.33970153,-0.4205264,1.2263795,-0.35713091,1.2953036,0.9078931,-1.7678616,-1.298742,1.1068013,-0.33060777
-0.9348918,0.70840967,0.7780082,0.038443856,1.2453239,-0.67664444,-1.2314367,-0.7210093,1.1313494,-0.3860816
-1.3062199,0.12121853,1.2461545,0.17495048,2.5065906,0.39614922,-2.2356951,-1.2775724,1.5267773,-1.1157693
-0.33249506,-0.05968012,1.2561256,-0.48433614,1.738145,1.0580177,-1.8021395,-1.6482842,0.96731216,-0.8116094
-0.73721564,0.32260078,1.9195725,-0.7587892,1.8010446,1.0268998,-2.6901388,-2.3948593,1.7091941,-0.2554076
-1.6701499,0.50915164,1.0463997,0.11830412,1.8722386,1.0108205,-2.549281,-1.2164088,1.4500045,-0.5789685
-0.37954557,0.47666526,0.58795667,-0.028686631,0.970327,0.28001738,-1.6699357,-1.0481522,0.7168236,0.069061935
-0.85260195,0.09413594,0.672122,0.029367652,2.5549908,0.9662949,-1.7925258,-1.2654518,0.9955265,-1.4183394
-0.43680462,0.52146864,0.9921516,0.21726894,1.3039436,-0.20177044,-1.8414309,-1.2455118,1.2257162,-0.5348607
-0.56040686,-0.21589845,1.2011398,-0.74583495,2.5629373,2.360895,-2.7708712,-2.114175,1.0140228,-0.8769256
-0.6455876,0.213232,1.5129074,-0.33083493,1.8868924,0.30843574,-1.7459083,-1.743065,1.3086241,-0.81416893
-0.64821213,-0.5786602,1.5826309,-0.5388566,2.7411027,1.8184135,-3.1474285,-2.1206446,1.4369605,-0.63321126
-0.34586966,-0.10906863,1.1301312,0.1279483,1.5114168,0.050116308,-1.6725252,-0.99353385,0.9405139,-0.65454054
-0.16389462,-0.23320945,1.4101537,-0.842769,2.3740723,1.8327184,-2.6283505,-2.2572474,1.3723105,-0.89613783
-1.4344229,1.1742876,0.85252964,0.31070587,1.7785183,-0.028273188,-2.2909,-1.0709704,1.4365319,-0.71416605
-0.72944635,0.05127248,0.83113766,-0.24524392,2.2396905,1.026933,-2.0667872,-1.3014979,0.9563208,-0.7852261
-0.5259148,-0.28062063,0.31758368,1.0056125,-1.9707707,-2.6764057,2.0420518,2.1514907,-0.012243077,0.0855996
-0.7992297,0.60859513,0.34728816,1.2807773,-2.3056836,-3.159769,1.8650696,1.9727858,0.18163028,0.18743947
-0.54057175,-0.24543107,-0.08065447,1.0725464,-2.633793,-3.620228,2.8725996,2.7805345,-0.2798636,0.8522196
-1.5682403,0.6819975,0.5598912,1.2921711,-1.5198529,-2.7633543,2.0030155,2.2036545,0.5246506,-1.2038686
-0.5497185,0.029589906,0.23186824,0.8339795,-1.27616,-2.1541183,1.8762295,1.7085787,-0.10640235,-0.4934283
-0.7443119,0.627379,0.124093175,1.3894873,-1.2939192,-3.3647096,1.7081788,2.0116317,0.082587704,-0.42322683
-0.6771778,0.118633315,0.09713985,1.3700883,-2.0457811,-3.5023432,2.5848057,2.2910018,0.04100211,-0.13419583
-0.8101343,0.07671757,-0.09676209,1.6491026,-0.99808085,-2.5405805,1.3914609,2.2305143,0.040131792,-0.76201695
-0.49724874,-0.40129733,0.07345711,1.7143694,-2.4429083,-3.6599555,3.0287359,3.1541412,-0.5079876,-0.2908042
-0.4466786,-0.5835107,0.3494932,0.45391876,-1.2303087,-1.3762139,1.9831526,1.5410773,-0.202729,-0.43649435
-0.83084404,-0.25725025,-0.49014547,1.6735722,-3.646481,-4.7076373,4.855623,4.2254233,-0.85476726,0.278955
0.7415391,-1.2163588,0.03815134,0.7637178,-1.6491646,-2.3490322,2.1249988,1.8527098,-0.6289762,0.42089966
-0.724243,0.25255394,0.19888477,1.1838883,-1.4485465,-2.3499484,1.1529224,1.6052097,0.16919705,0.14396927
-0.5793398,-0.67847157,0.4065041,0.92125165,-2.1118069,-2.9863203,3.053739,2.4387677,-0.16761495,-0.09912372
-0.70726883,-0.22484812,-0.12612584,1.1700402,-1.3103318,-1.582402,1.4193845,2.050734,-0.05370958,-0.43911374
-0.31749335,-0.070796475,0.2134321,1.5208287,-2.4264655,-4.4683514,2.7701306,2.8095636,-0.118129,0.33835384
-1.182533,0.33022326,0.12406267,0.95642895,0.13824533,-0.655381,-0.02094993,0.70844555,0.5715724,-0.86050975
-1.624771,1.0207107,0.22954705,1.0324072,-0.76901466,-1.8191488,0.9868842,1.2731582,0.4915855,-0.7713534
-1.0243641,0.5284489,-0.03968063,1.2609214,-0.80686164,-1.6795626,0.7046128,1.4295785,0.28599167,-0.53439975
-0.95752543,0.08425945,0.17628598,1.1358235,-1.0919381,-2.025923,0.95189136,1.7610029,-0.0224607,0.04795022
-0.72959495,0.014107063,0.3393155,1.2414051,-0.78434193,-2.4659433,1.2846587,1.570214,0.07342273,-0.44958678
-1.050433,0.6523421,0.6206341,1.0148857,-0.28941402,-2.5114026,1.054033,1.0152422,0.6279995,-1.058658
-1.0004311,0.32072592,0.25951132,0.65783286,-0.70119226,-0.94093823,0.44561917,1.0075892,0.2621947,-0.2485128
-1.1620431,0.07137859,0.20908794,1.249062,-0.9039945,-2.402521,1.8600519,1.9336933,0.31422582,-1.0547822
-0.7901176,-0.14159244,0.2272658,1.0264746,-0.90157264,-1.4619166,0.86279887,1.5436999,0.12348029,-0.39843842
-0.61060566,0.47847188,0.827242,0.44976047,-0.059019767,-1.581138,-0.39015836,0.069417685,0.6872748,0.14043875
-0.46093503,0.25414765,0.6482931,0.5074276,-0.88789564,-1.7743635,0.5234723,0.8134241,0.39439392,0.044345688
-0.012153409,-0.46262175,0.8079306,0.3401112,-1.6644348,-2.110873,0.906982,1.0068318,0.2703412,1.0856367
1.3557812,-1.7162864,0.49974787,0.25022146,-2.154359,-2.5733588,2.2032752,1.4274698,-0.49620295,1.3389653
-0.13606724,-0.27439386,0.34476227,1.0421597,-2.5468442,-3.838937,2.5726662,2.2897382,-0.122819975,0.77992976
1.0035969,-0.45513397,0.9521295,0.46568966,-1.5700492,-3.5260556,0.8874133,0.6836202,0.08564997,1.6104944
-0.122035205,0.12530707,0.57868546,0.35968137,-0.6878779,-1.8916883,0.3943243,0.46180373,0.37089324,0.49581876
0.048066534,-0.2674533,0.28672147,0.9381537,-1.916514,-2.9647934,1.4995103,1.7954274,0.0003914982,0.73489904
0.5717666,-0.9931053,0.51273704,0.7436838,-2.0160303,-2.4670887,1.4564745,1.5370826,-0.19806762,0.9875965
0.35769457,-0.6407021,0.5168067,0.60423446,-1.5099448,-2.2672362,1.0452571,1.2594082,0.09360039,0.6538507
0.38578114,-0.35755667,0.28824055,0.95834684,-1.7966118,-3.334721,1.693968,1.6377807,-0.1468141,0.83924395
0.5736693,-0.5695825,0.8232926,0.5151672,-1.2755648,-2.4784484,0.9691178,0.79972214,0.005538389,0.7650137
0.40133318,-0.22490185,1.655918,0.38554025,-1.6050395,-3.457655,0.6280088,0.48540062,0.6628597,1.1887395
-0.46213326,-0.80007327,0.08472161,0.72494876,-1.5132343,-1.9858675,2.1094325,2.16192,-0.27301466,0.040243115
0.8133732,-0.71577024,0.6903542,0.41959405,-2.186561,-3.301167,1.3348012,1.3071421,-0.03456813,1.8082539
0.07739746,0.19928364,0.47404554,1.0238954,-1.611168,-3.8863254,0.8562769,1.4612378,0.1263626,1.4693378
0.28319168,-0.45483822,0.5127777,0.5669813,-1.1062353,-2.2259376,0.63897234,0.9975091,0.036166355,0.8572382
0.50364804,-0.3418973,1.0014504,0.3919158,-1.5435814,-2.8366892,1.1987252,0.6194227,0.19447106,0.92805016
0.9080125,-0.35508287,0.5351917,0.6871819,-1.8938804,-2.7636664,1.0480332,0.91803086,-0.0686862,1.1611814
1.1497706,-0.50908303,0.10647231,0.65571386,-1.7185049,-2.705899,1.4521582,1.0549493,-0.44753903,1.0688312
1.8334707,-1.6351905,0.58796304,0.14394599,-2.3246686,-2.6779683,1.5248721,0.9682735,-0.62739307,2.2805488
1.2781705,-1.2787771,0.41493267,0.66855645,-2.6328392,-3.591483,2.718939,1.9653722,-0.60707134,1.2241318
1.7247332,-0.80150306,0.6941925,0.12739466,-2.1204453,-3.1554244,1.0555258,0.5148843,-0.13306291,2.1973982
0.75861347,-0.74810654,0.4689948,0.2727936,-1.473155,-2.429777,1.2613375,1.0014783,-0.004700497,0.9966594
-0.17591771,0.09246431,0.50167155,0.9197332,-1.0488977,-2.8411512,1.0904908,1.2014104,0.20278035,0.18478918
-2.19325,1.4005592,0.50915515,1.1595125,0.4683373,-1.2218194,-0.84367377,0.6304211,1.0550194,-0.8511071
-0.7132389,0.71841896,0.2015967,1.3279893,0.15624738,-1.8715811,-0.7713223,0.5753216,0.50392425,-0.04828416
-0.46518615,0.9831352,0.014609009,1.3526579,-0.40470684,-1.8196256,-1.3082602,0.46352464,0.38277847,0.8669826
-1.5581006,1.9179292,-0.4015763,1.6799836,0.51604635,-1.2258124,-1.4265027,0.4952461,0.5437184,-0.49701968
-1.0799401,1.5396059,-0.40891513,2.1097388,-0.17601001,-2.1879382,-0.83443105,1.1462092,0.20202874,-0.23363145
-1.2978283,1.0834005,-0.5138421,2.1495957,-0.36611608,-1.824576,0.21987009,1.6820087,0.12575077,-1.0888928
-1.287619,0.88965726,0.22050971,1.2870812,0.7467221,-0.8026343,-1.8716562,0.11256614,0.75825006,-0.01167544
-1.6495667,0.937966,0.08480221,0.99338555,0.15715694,-0.8663249,-0.23637587,0.9240248,0.62185687,-0.92005837
-1.8509325,1.2481387,0.08878502,1.7355261,0.5187372,-1.3247554,-0.88493866,0.86612505,0.70926225,-0.9756404
-1.6628937,0.7711144,-0.005639285,1.852641,-0.232932,-1.5284292,-0.09379108,1.6134244,0.5999571,-1.1492231
-1.2266194,1.1381462,-0.15758976,1.2936363,-0.24107054,-1.5200207,-0.24284287,0.8530954,0.48204488,-0.29403418
-2.3346558,1.5341673,-0.30877867,1.4731716,-0.21810159,-1.4014248,0.35191876,1.7375039,0.5355126,-1.321491
-1.4967035,0.44218278,-0.52721775,1.5755996,-0.577759,-1.2944324,0.27168334,2.1326656,-0.010762721,-0.39336032
-0.3287229,0.084320754,-0.06900683,1.2473533,-0.641346,-1.3231378,-0.32282406,1.0040838,0.16509704,0.29919043
-1.3078465,0.23658647,-0.122437984,0.8874216,0.13000423,-0.25493988,-0.36069357,0.8383125,0.31247824,-0.34645298
-0.6974406,0.9123149,-0.44047645,2.2229772,-0.46611485,-2.2274861,-0.6390585,1.3744961,0.06147036,0.08951266
0.81928194,-0.076142654,-0.3139527,0.9805695,-1.1952138,-2.1435745,0.015394196,0.9188614,-0.4539922,1.5736302
-1.1182064,0.9961425,-0.56346476,1.2348596,0.8794233,0.2536379,-1.089726,0.21375118,0.25127092,-0.9880578
-1.6481413,0.6885654,-0.043124944,0.84878075,-0.5295811,-0.41705325,0.16650003,1.1508509,0.2552764,-0.42854968
-1.3446807,0.9002353,0.14506157,1.5507556,-0.4548954,-2.3908741,0.3268994,1.1715274,0.5576613,-0.37709612
-1.1744366,0.8232759,-0.4304203,2.0236506,-1.3114595,-2.4583733,0.33342153,2.2120624,-0.056401208,0.16554092
-1.5816962,1.8416939,-0.4886723,1.6022216,-0.025348507,-1.8204356,-0.46367714,0.92277706,0.43533796,-0.42197818
-2.365314,1.9534774,-0.52449965,2.0903153,-0.093375586,-1.5860952,-0.21249446,1.6889788,0.39659482,-1.2603353
-1.1880819,1.1398633,-0.07272938,1.7426432,0.17555693,-1.4650494,-1.4020655,0.7196835,0.59029746,-0.10586198
-1.1754119,0.108446866,0.15467723,0.6005372,0.55775315,0.052573852,-0.4478829,0.39090717,0.267353,-0.5079101
-1.5638742,0.97735214,1.2097381,-0.232215,2.6099715,1.0790503,-2.6059203,-1.8598515,1.7259768,-1.3353647
-1.2130873,1.1680737,0.8230845,0.060220074,2.081223,-0.18934804,-1.8849452,-1.3557736,1.2005563,-0.76616395
-0.7933678,0.55934924,1.1465901,-0.4985177,2.0635953,1.1633315,-1.9286501,-1.9227324,1.2594714,-1.0905641
-1.3422091,0.92263174,0.55019236,0.2789761,2.9427452,1.5025517,-2.5686002,-1.6024117,1.2538267,-2.0244606
-1.4513527,1.45637,1.1869627,0.20323265,2.1291242,-0.73711675,-1.9321551,-1.4178902,1.6433961,-0.9969771
-0.7011925,-0.49552846,1.2480713,-0.62148213,1.5119047,1.0588597,-1.4947908,-1.2453027,0.9983156,-0.28194878
-0.70635706,0.44145513,1.270451,0.094536275,1.8075544,-0.78246045,-2.1083493,-1.1798037,1.375798,-0.17601927
-0.60439533,1.0218649,0.8712474,0.13918638,2.110221,-0.5512881,-2.3952987,-1.4715998,1.0623605,-0.19244239
-1.5442369,1.04315,1.9128262,0.023827653,2.3482573,-0.21006662,-2.8332927,-1.9471058,2.10503,-0.84019697
-0.53310144,-0.33731753,1.7465559,-0.5464141,2.2426777,0.7766795,-2.1956,-1.7899997,1.4086593,-0.81437886
-0.43946078,0.39173597,0.6620531,-0.33219773,1.7685099,0.7605431,-2.0019124,-1.4367485,0.81826407,-0.2751971
-0.95871776,0.25784642,1.2698864,-0.45558858,2.3677344,1.0574005,-1.6393344,-1.4371725,1.1380948,-1.6460488
-1.1942805,1.0012076,1.0653516,-0.1019354,2.5379431,0.46368498,-2.7870996,-1.7610064,1.5746623,-0.822754
-1.586536,1.8708936,1.1937594,0.046387073,2.5641093,0.21571589,-3.0795841,-2.163353,1.8321892,-0.87423
-0.20482892,0.9897833,1.2579345,0.19385378,1.7621844,-1.0360572,-2.3353133,-1.8526934,1.2290796,-0.026232887
-0.83431804,0.60389155,1.3666741,-0.29977706,1.7154179,0.23443371,-2.2749918,-1.794115,1.524165,-0.21216168
-0.5448683,0.3566382,0.7228135,0.0011735968,1.2075802,-0.13667655,-1.2506397,-0.8503127,0.682023,-0.20052525
-0.3643356,0.06470415,0.90918124,-0.07890569,1.0309311,-0.15580085,-1.2965984,-0.88974154,0.8248507,-0.062463176
-1.2672902,0.24941446,1.1796173,0.09734672,1.8889905,0.52200514,-1.9614646,-1.084412,1.3540555,-1.0054108
-0.3928394,0.19942503,0.6226019,0.059246633,1.2920574,0.6267124,-1.6449685,-1.0821514,0.7710563,-0.42752668
-1.1516999,0.4859256,1.1401583,0.26651078,0.74840814,0.083652295,-1.741751,-0.6743326,1.1313952,-0.3072264
-1.5598365,0.22189637,1.2257915,-0.4001164,2.45577,1.572221,-1.992481,-1.5027108,1.6589398,-1.6786273
-1.0359247,1.045968,0.813496,0.2910158,1.2212806,-0.19547552,-1.5653744,-1.0310651,1.0888919,-0.6495543
-1.6079632,-0.028568938,1.3721166,-1.012632,4.772995,4.4574575,-4.4568048,-3.2162542,1.6160223,-2.0459216
-0.7850487,1.0263126,0.77937186,0.09137001,1.8857008,-0.045935698,-1.586745,-1.3160722,1.0001425,-1.0818012
-1.2662802,0.070377246,0.6098149,0.8304391,-0.91649777,-0.919939,1.0798695,1.5395023,0.18838613,-1.1604743
-1.8541441,1.1472968,0.98179114,0.9766524,0.104718186,-2.2036486,0.18221939,0.6470059,1.1702677,-0.97508764
-2.0985217,0.8358771,0.92372334,0.37543955,0.77788556,-0.5164249,-0.65697265,-0.094107136,1.4488164,-0.9947843
-2.053939,1.4022217,1.1814576,0.2993914,1.267357,-0.6874726,-1.1627305,-0.6536056,1.5294154,-1.0950325
-1.6318448,-0.019597337,0.984391,0.78180134,-0.48964462,-1.8526031,0.878396,1.1910869,0.8271808,-0.6071567
-1.5510832,0.41758746,0.7132106,0.11417626,0.06405817,-0.042775363,-0.08636789,0.16931939,0.8821377,-0.6636328
-2.0510144,0.24186574,1.0009754,0.7918871,-1.2260338,-2.4524,1.841485,1.9031354,0.8672386,-0.8116067
-1.3342915,0.31083697,0.63694227,0.9364362,-0.76245654,-1.7058456,1.2140055,1.3045734,0.5717778,-1.093309
-1.6877701,0.97937524,0.6673158,0.90611374,-1.1276181,-2.6859186,1.5165703,1.4151578,0.60465,-0.55504954
-2.8352304,1.4580073,0.38281536,1.3221915,0.37976077,-1.630676,0.33436596,1.1023606,1.2220283,-1.6386812
-1.7301697,1.0378917,1.2684886,1.0907836,-0.49079874,-3.3988159,1.0881813,0.93946016,1.1763866,-0.89756113
-3.4002836,2.929399,0.35639215,1.63753,1.6882063,-1.7972977,-1.7611654,0.2447354,1.7119181,-1.5150174
-1.7458446,1.661516,0.78678787,0.81351984,0.6229382,-2.063876,-0.5513565,0.14277846,1.285072,-0.8320265
-1.9943658,1.4263515,0.40292156,1.0501055,1.4229594,-1.7657366,-0.47870994,0.40939438,1.1039454,-1.5014608
-1.7706984,1.433595,0.39209217,0.5701867,0.15499905,-1.0917916,0.19970518,0.22778784,0.9336572,-1.0379899
-1.9876262,0.78912556,0.9838232,1.6030308,-1.6136883,-4.10142,2.280521,2.4352174,0.8240942,-1.002647
-0.83623195,0.60283375,1.035225,0.45749027,-0.4623938,-2.167075,-0.048086353,0.37170637,0.86147344,0.27622515
-0.5797936,0.24584965,1.0591763,0.39520407,0.42923576,-1.5624322,-0.9436349,-0.24628888,1.0362481,0.27501175
-0.78921556,0.9449372,0.72971,0.9154209,-0.4490001,-2.9405048,-0.09241672,0.55084956,0.7205758,0.5021673
-1.5796503,1.2875175,0.940645,0.14427647,1.3294711,-0.5658053,-1.2148905,-0.7767229,1.2530117,-0.8533298
-1.6861572,1.5189406,0.5862806,0.62568796,1.3283083,-1.0959673,-0.7054166,-0.3369156,1.079416,-1.2620808
-1.662056,0.60289466,0.94592464,0.7328285,-0.024231695,-1.8917454,1.1205151,0.9830142,0.80801433,-1.531367
-0.7625434,0.7995157,0.49044207,0.53029674,-0.4848816,-1.7097713,0.5880926,0.52258015,0.4252369,-0.36463332
-2.024551,1.5415702,0.32173276,0.92499304,0.7120055,-1.4072127,-0.36245996,0.23813064,1.0806402,-0.987999
-2.1092966,1.664509,0.90120435,1.2037567,0.5578296,-2.5068252,-0.19838746,0.5364517,1.440825,-1.373788
-2.64196,1.5823144,0.62254965,0.9895383,2.3782742,-0.053788655,-2.1191664,-0.41058463,1.5933057,-1.8726969
-1.0738366,1.0200055,0.6559894,0.38976872,1.892936,-0.1711438,-1.5905051,-1.1324363,1.1311306,-1.1458248
-0.8301992,1.6113806,0.562258,0.46655947,1.2128303,-1.2128221,-1.8468451,-1.0624233,1.2479695,-0.08009979
-1.6961889,1.5128686,0.7405243,0.6270044,1.3536816,-1.4082327,-0.7668316,-0.3864113,1.2992662,-1.1460352
-1.4865938,1.6301084,0.32810858,0.52104074,2.316172,0.5365674,-1.7872198,-1.0815455,1.1416068,-2.131319
0.25363335,0.32692295,1.4460367,-0.015805338,0.661417,-1.4212358,-1.3506963,-1.1784381,0.9227005,0.35481864
-1.6001,1.3438351,1.1407384,0.765373,0.9650875,-1.4549974,-0.7798987,-0.3584413,1.3705322,-1.3120632
-2.5839944,1.5745957,1.1601778,0.8769398,1.4898194,-1.0794797,-0.65550303,-0.012214288,1.3968627,-2.090554
-1.522308,0.20702903,0.96250105,0.48860133,-0.47713843,-1.4420764,1.3664713,1.0445682,0.75347143,-1.290485
-1.271788,0.54696906,1.0984313,-0.23511766,1.2876226,-0.11675543,-0.7177649,-0.72737414,1.0885386,-0.96912605
-1.4394137,0.9839616,0.8783951,0.2825258,1.5087209,-0.31067446,-1.8178613,-0.7539357,1.4240023,-0.7484193
-2.8890395,1.4427072,0.76900256,0.586778,2.9850545,0.75547767,-1.2305284,-0.6070062,1.3792562,-3.1771212
-0.43903056,0.63013655,1.1685672,-0.056750286,1.6836569,-0.032690488,-1.9526525,-1.5709099,1.209379,-0.5868104
-0.038749166,-0.345178,1.4167733,-0.53106296,1.3870596,0.07434527,-1.4652205,-1.4878906,1.1049747,-0.14289269
-1.5586911,1.0954186,0.8469281,0.36173543,2.631987,0.277755,-2.311516,-1.1852623,1.4293815,-1.5555936
-1.1413765,1.3813012,1.1576264,0.19208454,2.2111707,-0.42778462,-2.1797287,-1.4889961,1.5621694,-1.2862154
-2.5420985,1.9123921,0.89791274,0.46507734,2.9621148,0.2056967,-1.8138845,-1.3246297,1.9174936,-2.6072543
-1.0960435,0.8338335,1.1738482,0.071227714,1.8010291,0.166026,-1.9161603,-1.2333828,1.4152423,-1.2579979
-1.4362127,1.319645,1.0676713,0.14156619,2.1135402,-0.644648,-2.1013532,-1.275288,1.6175517,-0.79098177
-0.91320413,0.9241415,1.1578444,0.49081275,0.93210995,-1.3102803,-1.4042525,-0.74574625,1.1268394,-0.24063069
-0.9789455,0.7035904,1.443796,-0.4583639,1.3236874,0.11705121,-1.5186939,-1.5413188,1.5203227,-0.66787183
-3.0897875,2.0055075,0.4144347,1.1522242,1.9989877,-0.6169574,-0.9789263,-0.10557726,1.562102,-2.3584175
-1.9895347,1.4161298,0.60189515,0.54236495,2.7888675,0.9267118,-1.4606671,-1.1722271,1.3221375,-3.0164962
-1.459638,1.449085,0.7869841,0.5021927,1.58371,-0.7461833,-1.0398979,-0.92696816,1.2414354,-1.3752352
-1.5805272,0.70295733,1.5439001,0.11080746,1.6630522,-0.10708114,-1.1729167,-0.94568646,1.4306751,-1.6310557
2.856907,-1.1883794,0.48377734,-0.28304112,-0.708444,-0.9592048,-0.104955465,-0.6714874,-0.61261475,1.2738495
1.0984918,-1.0628492,1.2249568,0.08875818,-0.7069534,-1.6534688,0.096242666,-0.21906672,0.30160508,0.91777956
2.3180046,-1.351567,1.5776025,-0.5487472,-0.2648978,-0.98768365,-0.9169381,-1.283301,0.17336139,1.373061
2.2133446,-1.5957271,0.4948176,-0.65317804,-0.06837069,0.6259226,-0.66612875,-0.8213313,-0.47324693,0.98832476
2.4971583,-1.3361247,0.67469144,-0.6386813,-0.07813447,-0.20668387,-0.1722723,-0.6699009,-0.6110644,0.6146418
1.2775542,-0.27317876,1.2009563,-0.038488325,-0.5673294,-1.8635954,-0.6571882,-0.69723064,0.26648897,1.4258583
1.9130815,-0.8272933,1.3076771,-0.31928608,-0.23168081,-1.1661425,-1.1486881,-1.0949565,0.15688264,1.4717948
1.6123912,-1.1448829,0.32697362,-0.4349793,-0.6741022,-0.17838621,-0.04610914,-0.34653383,-0.31939745,1.2297267
0.9989737,-0.25738323,1.217823,-0.020284925,0.034677297,-1.6283443,-0.6702216,-0.67049193,0.34860468,0.7581465
-0.5175789,-0.06918286,0.7025528,-0.045549903,0.22437221,-0.18219414,-0.14289097,-0.07042307,0.47479576,-0.3515251
1.2499305,-1.2191377,1.1695839,-0.19165647,-0.66299236,-0.96421295,-0.8314286,-0.3416435,0.27765238,1.5873371
0.45239058,-0.20407751,1.2607701,0.20439915,-1.0942171,-2.393049,0.34781396,0.20974128,0.55143094,0.79091877
1.9074417,-0.99056745,1.2632653,-0.330789,-0.7600678,-1.9489567,-1.0380336,-0.8020087,0.1889469,2.589951
0.41332296,-0.13321531,1.2418383,0.15508208,-0.07303756,-2.1825626,-0.38815475,-0.17030163,0.60640025,0.6020453
1.8534127,-0.99507296,0.4561231,0.016509753,-1.1694372,-1.0951077,0.18153372,0.08337337,-0.50416064,1.2656658
0.9046773,-0.08209248,1.2518289,0.06467897,-0.6656921,-2.130407,-0.8412754,-0.76934373,0.65903765,1.6888456
0.8115399,-0.66183114,1.0382419,0.32895464,-0.38113424,-1.7236294,-0.70502806,-0.23261608,0.44383886,1.1572412
0.13589197,-0.059001803,0.6468005,0.20595385,-0.3417879,-1.5702682,0.10610181,0.12982243,0.32157037,0.50479627
0.7987105,-0.08274782,0.7978504,0.2392758,-0.89234954,-2.2954607,-0.17770033,0.045919195,0.30998698,1.3548626
1.0088832,-0.74790657,0.79756045,-0.4722669,-0.36762467,-0.5094432,-0.3526598,-0.4288506,0.09791223,1.0019141
0.9183389,-0.7771604,1.7519472,-0.35954487,-0.43315795,-1.3234429,-0.64593536,-0.8370502,0.72280335,1.1064322
1.0971982,-0.44219798,0.7649245,-0.3197297,-0.007981233,-0.55073214,-0.51590514,-0.6145931,0.0045321584,0.5890629
2.64056,-1.9665025,0.9585459,0.32914245,-2.3734322,-3.3249748,1.32072,0.907922,-0.59575695,2.2820878
0.24125752,0.2732849,1.1256857,0.04504594,0.79143715,-0.8007607,-1.1422286,-1.0938967,0.8311301,-0.18460909
-0.07748877,0.46037114,1.1974701,0.20760168,0.90290713,-1.2043884,-1.6132538,-1.0614405,1.0059557,0.21114725
