-1.4541016,3.3274026,-1.4930379,-0.88128805,1.9455462,0.695395,-0.09325504,-0.93994033,0.22254312,-1.4903662
-2.9126954,5.4862075,-0.75894624,-0.7457419,1.3493369,2.3518424,-1.1217462,-2.8251905,1.9855646,-2.2138312
2.6838474,2.2215385,-2.368357,-0.80423844,0.56343484,-1.019498,-0.86237955,-0.7104808,0.32057214,-0.14393736
-1.3359151,4.246096,-1.787933,-0.9213637,2.0165071,0.6090853,-0.48592645,-1.9616184,1.1811423,-1.6239492
0.13129567,5.0169005,-2.2784731,-2.7323196,0.6786342,2.1233125,-1.3160887,-3.1221654,1.0881443,0.38333628
1.8012078,1.7616967,-1.2151918,-1.5671825,-0.29608405,-0.47277975,0.95595646,-0.25908837,0.60278845,-1.509548
2.2429652,1.5230875,-1.0372423,-1.7293307,-1.3033327,0.028464228,1.6526597,-0.118343234,0.8581834,-2.0127234
0.10582499,5.1317716,-1.3094136,-2.2896616,0.07938741,0.37197465,0.94011056,-2.1776364,1.8669707,-2.45057
1.868066,3.1213632,-2.2829404,-1.562191,0.9130545,-1.871204,0.28175738,-1.0218611,1.1887907,-0.9457879
-1.6860303,5.016976,-1.7938421,-0.9686399,2.0928617,1.353248,-0.63460743,-2.2217417,0.51034534,-1.2406685
-0.44413418,5.4560695,-1.9618132,-1.5833895,0.9940265,0.05260837,0.04441455,-1.5525471,0.51756597,-1.5379556
0.2526423,1.6834785,-1.9799446,-1.4228109,0.8118101,0.47795236,0.9365134,-0.6405809,0.5528568,-0.5809435
0.4055612,3.53434,-0.88083667,-1.6514351,0.42010933,0.8783851,0.32974896,-1.4888664,1.5986465,-2.7919393
3.0095859,2.1183434,-1.6033661,-2.253243,-0.7305091,-1.0902325,0.54755545,-1.0022507,1.4351323,-0.8790848
0.6170474,2.4265847,-0.96725845,-1.8774912,-0.5815457,0.83549607,0.8949336,-0.95439386,1.3416458,-1.790068
1.2062188,3.713478,-1.4590213,-1.3465145,-0.23654483,-0.8468516,0.38932258,-0.85496724,0.7880395,-1.4390383
-0.042210266,4.779126,-3.030135,-1.0079292,1.7704332,0.52320755,-0.7051061,-1.908752,0.10458139,0.03337801
0.8053434,3.9926133,-1.6679091,-1.4462633,0.2620811,-0.52209026,0.3765018,-1.342958,1.7605604,-2.3793626
2.0246415,3.0736198,-2.7292445,-0.988946,1.2877483,-0.8576932,0.05147502,-0.8463557,0.14605477,-1.0549569
4.1143456,-0.40675962,-2.345596,-1.8393124,-0.7832662,-1.3422245,0.26349738,0.16994306,-0.39794153,1.8248067
3.4702764,0.8335161,-3.5957735,-1.7605407,1.1633483,-0.06705299,-1.0814136,-0.86721253,-1.9437839,3.488376
0.7994781,-1.3922455,1.734624,-1.5303628,-1.576165,0.8864466,0.5843659,0.06318489,1.687639,-1.6254073
0.32106116,1.723647,-2.782827,-0.0656174,2.2827835,1.1821815,-1.6760601,-0.95328295,-0.7666737,0.8525926
3.747676,-0.4442888,-2.1445653,-2.3831382,-0.4367956,0.123527765,0.8806518,-0.09638947,-0.09516456,0.5930381
4.088903,-0.20196968,-2.8501759,-1.9777703,-0.42923057,-1.0330001,-0.69023615,-0.1330275,-1.8565975,4.200182
3.8272574,-1.4034473,0.11950986,-2.037531,-2.6094594,-2.2192845,2.842888,1.3133937,1.1855574,-1.5739735
2.1192794,2.6023707,-2.2667663,-1.8766277,0.2213779,-0.90396094,1.0740718,-0.6817261,0.0056973174,-0.46549115
1.0705146,1.4680057,-1.6016923,-1.5253922,0.27169192,1.0542793,0.2038266,-0.68770385,0.38709745,-0.6396306
3.6482587,-2.0520096,-0.30129027,-1.2343863,-1.758621,-0.9914471,1.6171138,1.3864499,0.35278904,-0.82771087
5.2710595,0.21122158,-3.286319,-2.3961198,-0.26106524,-1.2828971,0.14149356,-0.29603538,-0.7762501,2.2309265
5.2963176,-0.04952219,-2.6421626,-1.6100006,-0.7552754,-2.3740807,0.77112305,0.9180546,-1.3381021,1.3315809
4.644184,-1.9681859,-1.2187288,-0.89667374,-1.9591889,-3.4486685,2.334075,2.426409,-0.7554852,0.21630365
5.013854,-1.1968849,-0.78832287,-1.4406778,-2.1693215,-2.4071035,1.3577081,1.3540199,0.25991422,-0.57573587
3.2240577,-1.9521484,-0.5649817,-1.118197,-2.2176776,-1.914271,2.3826144,1.9368641,-0.2915423,-0.08151677
4.9840508,-1.00202,-2.0428197,-1.878036,-1.5789804,-3.2414627,2.478918,1.389189,-0.40567923,0.44845816
2.062822,2.028524,-2.9003842,-2.8101196,2.3580105,0.86543655,-0.13770649,-1.5308552,-0.09866171,0.07668242
3.3851638,-0.20607117,-1.5044479,-1.3821428,-0.8343183,-1.1758438,1.1013995,0.9610219,0.506433,-1.0267391
4.2010593,-0.9111861,-1.1180819,-1.6853871,-1.5569689,-1.536513,1.6634216,0.84156144,0.33508664,-0.43540892
1.1897638,1.6637571,-2.030466,-1.5779843,0.3485772,-0.71329856,1.2103019,-0.22973785,0.10561446,-0.27668342
-1.3495922,-2.1630335,5.4518704,-0.0074482597,-3.2825723,0.76133484,1.1899275,0.2540229,3.8565545,-4.895931
1.6226854,-1.547788,3.022774,-0.76739556,-3.2965074,0.2610926,0.6986811,0.7165363,3.3437958,-4.1440997
2.5023332,-1.6897408,1.073178,-0.968736,-2.994166,0.0016922355,1.8668832,0.95044196,1.8530188,-2.6849022
-0.07107876,-0.56670296,3.0202124,-0.9880802,-3.2130246,1.9739851,1.0059533,0.14097317,3.2470796,-4.2288957
0.70057774,-1.9795601,2.9833212,-0.59238076,-3.0583835,0.71973646,1.5605522,0.37202534,2.7572315,-3.2930565
-1.0897374,-3.1798797,6.783348,-0.06222007,-4.711925,2.3248935,0.543104,0.6369941,3.5994475,-4.6674123
-1.2844412,-0.31728372,4.825198,-0.038941536,-4.195898,0.09249699,1.4835967,0.70300364,3.640261,-4.470629
-1.1041007,-1.5915164,3.5972984,0.84951437,-2.241356,1.4719995,-1.2004325,-0.1294938,2.42417,-1.9803643
1.860795,-0.08415109,2.2523859,-1.1058053,-3.4238238,-2.0436058,0.7176519,0.2916881,4.1188345,-3.1782198
-2.305277,-2.7859988,5.9813414,0.37236968,-4.3533864,1.0692075,1.6580105,1.6837565,3.271216,-4.5150676
-1.3876877,-0.23826045,4.199708,-0.15548816,-3.568324,0.5480543,1.1566908,0.57859933,2.9076052,-3.916822
0.5097504,-0.8454607,3.7127717,-1.28265,-3.1806421,3.1659846,0.031230867,-1.2508003,4.052891,-4.645932
-0.1483654,-1.6673425,5.170428,-1.4852772,-3.7042034,2.2430973,0.69301295,-0.3934761,4.476023,-5.128939
-1.4873822,-2.0283525,5.9479795,0.18787381,-2.831739,2.3000255,-0.49245334,-0.47692367,5.509127,-6.4606557
1.1198173,-2.7972827,4.7938533,-0.73457134,-4.0357604,-0.3259896,2.0182474,1.2353121,3.6380322,-5.109982
-1.251547,-4.447464,7.1307654,0.43216333,-4.6097813,2.3010798,0.92141247,1.1613055,4.2372336,-6.0424447
2.6762092,-0.13875999,1.1024169,-1.1434999,-2.4843066,-2.6763978,1.4232892,0.772886,2.4021738,-2.578768
-0.60748273,-1.4491909,3.7391257,-0.17862877,-3.942302,-0.13151646,1.5532304,0.6422018,3.8303514,-3.410706
-0.33677077,0.09927881,3.1517403,-0.4563559,-3.6909158,0.19439605,0.5633756,-0.63220966,4.6084466,-3.390213
-0.41949224,-1.4944665,3.1374218,0.8375076,-3.0248272,0.7956458,0.65710646,0.7044568,3.1705005,-4.1357346
-0.13778524,-1.4459403,3.61568,-0.9811663,-3.1305747,2.5253959,0.69005287,0.05235359,3.3499012,-4.483699
0.6420539,-0.74118817,1.61734,-1.3485826,-2.2959855,1.7904962,0.5626544,-0.030848294,2.1161425,-2.3743956
3.2065644,-1.1289417,1.0862378,-1.0566878,-2.5332937,-0.89959204,1.4028938,0.30729336,3.3310487,-3.8742301
3.3912356,-0.4244039,-0.21434599,-1.8728771,-2.4187276,-2.4919024,3.0511715,1.1720544,1.4311501,-2.256662
2.280882,0.9334023,-0.021465406,-0.05254406,-1.8548946,-1.5879544,0.99139214,0.27839145,2.74663,-3.5851364
1.9430798,0.076526314,0.7335247,-1.2327502,-2.4944627,-0.7484344,0.26278102,0.12897578,2.278613,-1.5609179
1.6602205,-1.5049404,1.2028246,-1.3388059,-2.1049485,0.9531702,1.1161065,0.10780275,2.373882,-2.6090112
4.444556,-1.2396417,-1.7197794,-1.2809256,-1.5258911,-1.5982764,2.7721248,1.636066,-0.25012186,-1.4935615
0.0668288,1.2339791,1.779655,0.17829257,-2.6164699,0.7071609,-0.21547085,-0.34824374,3.0040283,-3.3448186
0.18089671,-2.0401897,4.5907516,-0.69956726,-3.63245,1.0841095,1.3131256,0.5550833,4.277399,-5.7225337
0.10629842,-0.86573035,2.9898512,-1.053741,-3.825075,-0.98237646,2.4102707,1.2731998,3.0996296,-3.7566786
3.0658674,0.35941058,0.5567952,-1.8369421,-2.7096362,-1.4191552,1.6469909,-0.17447552,3.5615492,-3.5962863
1.1222576,0.40090692,2.076041,-1.8880583,-2.5729337,-0.0036500692,0.7482875,-0.78348196,3.6677792,-3.2086902
-0.09775846,-2.655098,3.9442413,-0.4434012,-3.3328826,1.1322622,1.3190897,0.83952177,2.9623692,-3.811759
0.22793199,-4.067186,5.9618597,-0.9297257,-4.2317486,1.8264707,1.6952004,0.8836669,4.2827964,-5.860552
0.33196646,-1.9309478,3.9689033,-0.8842617,-3.7429693,2.1402583,1.9700861,0.6102896,4.05507,-6.2588
1.9579178,-0.3831007,2.411846,-1.7591639,-3.261023,0.3502493,1.7033122,-0.48018906,3.9497054,-4.601826
1.9832004,-0.78423923,2.5792494,-1.2758313,-2.7624435,-0.28125238,1.7407397,0.18323132,3.8711054,-5.2230434
1.503173,-1.4850758,1.8371692,-0.15499118,-3.5912275,-0.096037686,1.8848436,1.3995057,1.9987782,-3.3265893
0.955459,0.15882376,2.1769347,-1.9967854,-3.1204214,1.1149259,0.6853154,-0.5324155,3.3568861,-3.1957424
5.306116,-0.23744613,-1.9032128,-1.7138268,-1.3475257,-1.7140807,1.1344311,1.0530452,-0.83302295,-0.23802063
2.7177744,-0.7508521,-1.2902254,-1.5322382,-0.24445443,-0.23755336,1.0727059,0.21051937,0.00886438,-0.21251068
3.676217,-0.6689515,-1.9718678,-0.9649766,-0.70198756,-1.4287415,0.9691647,1.2018797,-1.5262291,1.253831
4.741749,-0.65823996,-1.6105877,-1.3830383,-1.4038206,-2.4641962,1.5421681,1.5750039,-0.6485279,-0.33818242
4.891608,-0.29187354,-1.7831018,-0.54755574,-1.8920176,-2.8903723,1.0530682,1.098997,0.1690521,-0.23351666
3.8361988,1.027702,-1.4984813,-2.283925,-0.61900777,-1.601722,0.34182882,-0.7845465,1.01307,0.085576564
1.8204356,-0.6138948,0.022712931,-0.2794377,-0.78152114,-1.3550917,0.7026917,0.76501566,0.7431117,-1.1647437
2.4359493,-1.5923451,0.6391848,-0.99562556,-1.858875,0.06467754,0.8470206,0.9294306,0.81674045,-1.4235783
3.5956926,0.432239,-1.412371,-1.2923716,-0.6240348,-1.4939841,1.473304,0.42878455,0.57193285,-1.7386557
3.6749964,-0.6095364,-1.7494657,-2.2184825,-1.1469793,-1.929768,3.2378254,1.2418262,0.41054305,-1.3681645
3.815257,0.102319986,-2.0937104,-1.5561197,-0.19228078,-1.1276559,0.9856794,0.42002988,-0.7606505,0.25452107
5.28059,-1.0589092,-2.1011167,-1.9373713,-0.3599242,-1.9286438,0.71287465,0.31640536,0.70092547,-0.24098691
4.8602514,-0.36490023,-2.3616614,-1.5194037,-0.28708315,-1.9545532,1.2764193,1.0456508,-0.39972225,-0.7352598
3.991857,-1.3571682,-0.8724137,-0.93369186,-1.3712218,-1.0332564,1.2976565,1.4667311,-0.653954,-0.7702631
2.7346523,-1.2997128,0.6451508,-1.1204498,-1.9887944,-1.1712421,1.0527685,1.026188,0.9654006,-1.2420936
2.6124656,-0.5182609,0.6435781,-1.3023926,-2.5141435,-1.261808,1.8671811,0.8943863,1.3536234,-2.1809468
4.699492,0.49494207,-1.8986621,-0.9150993,-0.6512967,-2.6282325,0.79976285,0.52648157,0.24800995,-0.7865571
2.9662323,0.23397064,-1.2580073,-1.7219474,-0.4653771,-0.7661549,1.2918415,0.31582013,0.5478375,-1.2219967
4.1718183,1.2431074,-2.328878,-2.1740706,-0.31273037,-1.4875937,0.23478785,-0.6354381,1.0074048,-0.08977255
3.0581732,-0.6565141,-0.41968787,-1.5694797,-1.5597147,-0.8466915,1.1599932,0.24852698,1.3171107,-1.0819519
4.087591,-1.6689792,-1.2622857,-0.8422079,-1.6593792,-3.1946883,2.5224857,1.945967,0.16207895,-0.4208015
4.309195,-0.7646027,-1.2907645,-1.0910879,-1.443934,-1.6595985,1.303107,0.9640982,-0.008150749,-0.5452877
4.8489714,-0.17641634,-1.2144657,-2.3382037,-2.1300209,-3.1301384,3.2393622,1.3784729,0.7855742,-1.8147942
5.2158117,1.275245,-1.8034941,-1.6158592,-0.6978369,-2.921142,1.591078,0.6165788,0.71568525,-2.5934253
4.670449,-0.68092096,-0.92712384,-1.3837194,-0.613453,-2.2032642,1.1525933,0.61327827,-0.748765,-0.46256498
4.1326747,-0.91759944,0.4488613,-1.3993618,-2.5319564,-0.92107284,0.94670045,0.62048185,1.4659282,-2.081117
3.9212086,0.5818561,-2.9340737,-1.2080979,0.24017404,-1.975675,1.0737498,0.44910023,-0.6981608,0.22758585
3.7171068,-0.4142287,-1.3736581,-1.0630101,-1.5116383,-3.0860171,2.386403,1.6384203,0.52307534,-1.4326347
2.7613945,0.12571687,0.7182831,-1.1273458,-2.2959166,-2.169918,1.5366844,0.55696076,2.0750268,-2.5348473
2.5521998,-0.5462711,0.5282499,-0.9721635,-2.3363616,-0.9221293,2.1246262,0.75573874,1.4858744,-2.7249026
4.1847134,-0.5162935,-0.9979175,-1.0669678,-2.4769022,-3.5647688,2.3728738,1.2992344,1.228841,-1.2330022
4.072093,-0.24599236,-1.7581536,-2.099574,-0.37529498,-2.0518155,2.2336187,0.90757906,0.3674186,-1.231586
0.813227,-0.45378715,0.74327654,-0.19708419,-1.6716976,-0.44957495,0.80821764,0.543864,1.2745714,-1.5400863
4.800986,-1.1630261,-1.1244285,-2.7339048,-2.174485,-1.8237149,3.1381707,1.2532874,0.50171006,-1.3614709
4.5515485,0.8891678,-1.1123375,-1.6965841,-0.9855864,-2.1844106,0.5934957,-0.33490834,0.6684501,-1.0101072
4.6687555,-0.106934816,-1.5744116,-2.0790937,-1.0081416,-2.5878825,1.7958075,0.82199347,0.03422109,-0.51826274
4.6242404,1.1851562,-2.539088,-1.2997639,-1.42079,-2.6644397,1.2295165,0.30757907,0.52995056,-0.4105874
4.371039,-0.19264835,-1.5960517,-1.1759777,-1.5194218,-1.7947344,0.15891239,0.46867386,0.6790676,0.06706834
5.5688987,-0.4180556,-1.3816218,-2.6108904,-1.5900788,-1.7595145,0.95902574,0.053125054,1.7314625,-1.2365087
5.22872,0.24812222,-2.478103,-2.3344932,-0.1866032,-1.9825288,1.2907561,0.17176062,-0.2879045,-0.032696035
1.1849873,2.0349865,-2.0625305,-1.4036593,0.985351,0.64280283,-0.16384551,-1.0915688,-0.21615443,0.20303664
1.2865193,2.9399452,-3.2897098,-0.51629895,2.5003595,0.14382803,-0.6405848,-1.0105336,-0.37211332,-0.757675
1.1373495,3.2217789,-2.1513548,-1.4653901,1.0080197,0.64568675,-0.18256313,-1.436321,1.0991701,-1.6465846
0.3110472,4.6514163,-3.7586236,0.05612048,2.7833114,0.14121181,-1.8975093,-1.4821808,-0.2851306,-0.17379561
-0.26757562,5.497854,-3.6418836,-1.522487,2.640181,0.53383744,-0.075653106,-2.0632052,0.7802282,-1.2748278
2.4105167,4.7064295,-3.8147535,-2.2360651,2.738789,-0.10354522,-1.5311854,-2.5477774,-0.14565712,0.57152444
-0.7198832,4.2627134,-2.9207828,-0.26513425,2.4845932,-0.7743727,0.37968647,-1.025878,-0.2086797,-0.8070779
1.1542649,2.0925388,-3.0882175,-0.9868184,2.0435512,0.84999037,-0.6021892,-0.8239802,-0.9407163,0.5162886
3.0685244,2.6901922,-3.7436407,-1.8355428,1.5233908,-1.3355877,-0.2256887,-1.0830262,-0.13897562,0.81028897
0.7191186,2.2314458,-1.6561533,-1.7611783,0.49136996,0.946259,0.33053017,-0.5634607,0.4712101,-1.266171
-0.080742195,4.595553,-2.3933518,-0.75783086,0.82280844,-1.0029424,0.4720006,-1.2447715,0.7152532,-0.80456454
0.7016807,2.5447187,-2.472274,0.23333761,1.5285363,-0.9150739,0.041063756,-0.45126298,0.51443136,-1.4625528
2.1296675,2.434905,-3.2218108,-0.8900989,1.0681088,-1.1038489,-0.6532527,-0.78215015,0.4017358,0.2320642
2.5274215,2.3090672,-2.9088035,-1.291181,0.48919296,-0.42844343,-0.038329534,-0.46708027,-0.18297559,-0.30104238
0.12380023,3.278401,-2.011808,-1.314454,1.449818,1.1264141,-0.48349315,-1.620044,-0.29239887,0.3266103
1.9071624,2.6011028,-1.788409,-1.6405182,0.3734991,0.09527558,-0.6970362,-1.0830604,1.1827239,-1.0696964
1.6364129,3.7881947,-3.9175804,-0.21287969,1.5739774,-2.2445445,-0.051426277,-0.49993274,-0.14358488,-0.18584576
2.9810998,1.7424816,-2.804758,-1.4399471,0.4554872,-1.5475172,0.85580957,-0.11892721,-0.5105628,0.108849674
-0.12640099,2.9279194,-1.3804113,-1.5618235,0.35672182,1.0548193,-0.28849074,-1.0724465,0.38608578,-0.41029897
0.43582082,3.138833,-2.2194476,-1.9420836,1.329937,-0.010714471,0.5305206,-1.4306539,1.1852403,-1.0443187
-1.2898548,-0.32211733,2.5164292,0.91886765,-3.0269413,-0.055687487,1.3312936,0.65594584,2.7682168,-3.2265716
-0.9858135,0.61309874,4.4210033,-1.629223,-4.266196,2.414647,0.80436873,-0.66422045,4.3949513,-4.601992
-1.2264289,0.43105447,2.081352,-1.8816333,-2.0439076,4.367624,0.11841503,-1.1946275,4.066907,-4.3445625
-2.1770506,-0.5683877,4.5167637,-0.7268387,-2.8186195,2.5603218,0.13819319,-1.2290188,4.7912226,-4.4495416
-1.7035787,1.3941581,2.8121018,-0.89816743,-2.867134,3.530007,-0.4525113,-1.2997965,3.4138713,-3.2623954
-0.9904233,0.2303744,2.5272083,-0.49244633,-2.4313865,2.339272,-0.54097474,-0.7712709,3.20145,-2.7642474
-0.9788964,0.78127205,1.4651519,-0.3654028,-1.8205229,2.061755,-0.0043908954,-0.74217796,2.250184,-2.1788726
-1.3682859,0.831967,1.7240034,-0.30020824,-1.0915177,1.9804236,-0.7019287,-1.0309927,2.6153386,-2.236741
-0.7968993,-0.6163774,3.6158898,-0.7160139,-3.361537,1.7920467,1.7196413,0.03323251,3.886966,-5.09036
0.3948424,1.2775353,0.91883296,-0.35368738,-1.5045074,0.46350312,-0.1918137,-0.86776376,2.6571727,-2.657648
-0.98196054,-0.5365455,2.8836145,-1.7216753,-2.4452615,3.0779662,0.7514186,-0.6817658,3.5740986,-3.5721896
-1.9328039,1.7529484,0.24587907,-0.78701705,-1.5087609,4.8712955,0.42169225,-0.5804019,2.3373294,-3.7233968
-0.7848226,-1.6846424,4.6359067,-1.381227,-3.0468292,4.6125965,-0.42776385,-0.872293,4.635361,-5.2079415
-0.4641018,-0.60668164,3.6222486,-0.9305806,-3.2289393,1.3857515,1.3492389,-0.19922921,3.8538015,-4.5544643
0.50215024,-1.8091266,3.543063,-0.79646575,-3.911724,0.9206269,1.8527367,0.5366627,3.6176949,-4.4245496
1.1693386,0.46550977,0.8697514,-1.8235576,-1.7158341,1.5579597,-0.079635724,-0.8076544,2.188009,-1.8437937
0.57111645,1.1299633,2.864085,-1.5000277,-3.0357435,0.8659744,0.44264793,-1.0289736,4.2864246,-4.467816
0.69913167,0.5272966,0.5355118,-2.0476816,-0.7940095,4.1451297,-0.3941598,-1.1424745,2.692103,-3.7931566
-0.75151426,0.14858812,2.21653,-1.2550279,-1.5565221,3.023137,0.49549353,-1.168453,3.0540912,-3.9444487
0.052164286,-1.6899276,2.658652,-0.96266145,-2.1420357,1.7932936,0.26508698,0.006134659,2.666394,-2.6714668
2.8372033,-1.2359278,0.5603032,-1.2518504,-2.8465986,-2.0258179,3.2011554,1.8354454,1.578724,-3.107062
1.8060943,-1.372729,-0.2480509,-0.12531823,-1.7294514,-1.5846721,2.6420894,1.8471742,0.45022008,-1.8504984
2.447898,-0.38579988,-0.2777959,-0.78833634,-1.0298685,-0.76258767,0.87990636,0.6995406,0.46891925,-1.4486777
3.0121303,-1.8335476,0.16358365,-0.18005353,-2.365919,-1.202073,2.03596,2.0216208,0.51313823,-2.2637687
4.0745993,-2.1016169,0.59292895,-1.0172753,-3.19516,-3.0030441,2.8523843,2.4523773,0.6517534,-2.0708597
4.1906285,-1.5887766,-1.2141019,-1.0552725,-2.4282742,-2.498239,2.8889961,2.4256403,0.1257863,-1.3606822
1.6891509,-1.8723813,-0.064316675,-0.12772962,-1.6057715,-1.9919854,1.7031358,1.7008762,0.112568595,-0.2378994
3.0813603,-1.5049299,-0.5230206,-2.0810966,-2.113517,-1.5853864,2.4810395,0.8517573,0.29324663,0.20354757
0.45898563,-0.48916405,2.756004,-0.1730963,-3.409941,-0.8802079,1.9146028,0.9663732,2.0726142,-3.1574883
1.8618731,-0.90561193,-0.071206465,-0.68458885,-2.642715,-2.615409,3.5672312,2.0323853,0.78883064,-1.5909818
3.4125156,-1.6919186,-0.9511041,-0.822833,-1.6753366,-1.4442767,2.225124,1.581506,-0.08215364,-0.7535771
1.7181392,-1.5492638,2.0723798,-1.5625,-3.3710012,0.09184837,1.9974635,0.96083486,2.5049844,-2.9728198
1.3335726,-2.670343,2.457146,0.069269896,-3.7057993,-2.3497272,4.168336,3.096021,0.518962,-3.1105862
1.4810371,-1.0491219,0.670016,-0.7761457,-2.1396432,-0.52598226,1.5997541,1.0419989,1.0210218,-1.6051887
1.9851639,-0.65105224,1.3884389,-0.7454577,-3.2484097,-1.4531381,2.6277664,1.2896878,1.6244398,-2.8633325
3.9836125,-2.8150387,0.08079295,-0.8675573,-3.2293081,-2.6160135,3.3069696,2.8202002,0.07600843,-1.5749288
3.7619727,-1.9849936,-0.435059,-0.7724715,-3.4200525,-1.7240547,3.7138186,2.5709784,0.80690044,-2.6267161
3.6912246,-0.4399652,-0.52658546,-1.5923963,-2.2766895,-1.5600206,2.6401782,1.00601,1.3658584,-2.4153624
3.4465318,-0.039134026,-0.52672935,-1.4095073,-1.8796182,-2.261468,1.9218607,0.66461444,1.4160181,-1.6744367
3.9559076,-2.1638908,-0.16312335,-0.7317273,-2.6162183,-3.626491,3.8175554,2.753897,0.37169257,-2.1854985
3.1686816,-1.7476993,-0.13179506,-1.4585228,-3.0404809,-1.7149353,2.913198,1.8883959,0.50861585,-1.0616963
3.901711,-2.066815,-0.37672275,-1.4417918,-2.1544576,-1.234266,1.983393,1.5693071,-0.0437439,-0.7030769
0.14200194,-1.3173251,3.1288621,-0.34111065,-3.3112218,-0.4237126,1.5619078,0.685308,2.012856,-2.2928576
3.592256,-2.2893424,-0.6022985,-0.17129126,-1.856215,-2.5054278,1.6124003,2.070235,0.3924211,-0.84974736
1.9474329,-0.6481591,0.26564002,-1.2267745,-1.5380974,-0.6871829,1.7918787,0.9277972,0.7007672,-1.6341631
1.7500057,-0.9249479,2.5142038,-1.5453792,-3.7833052,1.0132381,1.0843723,0.06000647,3.340937,-3.6926985
1.2413044,-1.2954462,2.3886812,-1.7412784,-3.0663486,1.4699502,1.7538763,0.3836378,2.6127927,-3.6627378
3.8312297,-2.1702266,-0.32902676,-1.6593661,-2.8273993,-2.5130367,3.1962438,1.8860435,0.8555277,-1.1840463
3.519403,-1.9017242,-0.23815499,-0.826562,-2.2055624,-1.9663221,1.7484516,2.070252,0.061991014,-1.0156538
6.746986,-0.7827587,-3.5246737,-1.5834429,0.23084079,-3.2679715,-0.06845321,0.9382175,-0.766924,1.3220117
-0.21496157,-1.6187516,2.6126816,0.5153347,-2.6916835,-0.39360362,0.94804597,1.224284,2.2050836,-2.5562944
1.94279,-1.8478186,2.0280726,-1.1995761,-3.0676389,-0.4600457,2.3245602,1.0605495,2.309682,-3.150199
-1.3872919,-1.5471594,5.2180605,-1.3835616,-4.1443405,2.4668937,1.5266459,0.13139716,4.4105563,-5.267713
0.38226342,-1.2879966,3.3617957,-0.96712893,-2.8713903,0.69035804,0.9886117,0.2383523,2.6589513,-3.2967796
3.1690059,-1.5572029,0.27326506,-1.9249641,-2.7063742,-1.3726554,2.8205702,1.3575699,1.1448547,-1.7212168
3.7129927,-1.4386381,1.9446583,-2.0784566,-3.8387678,-1.3281032,2.0520742,0.71018136,3.5298452,-3.8259182
3.3874514,-0.4182194,0.19441618,-1.6649997,-2.714076,-0.6300756,1.8236201,0.36004165,1.887848,-2.2867928
1.2272403,-1.1393658,2.6480277,-1.2948675,-3.1158974,0.05862078,0.8073064,0.40254682,1.6408066,-1.6006532
1.0903566,-1.3067397,2.3667266,-0.6325446,-3.2520785,-0.48176575,1.4713858,1.1909429,1.5763931,-2.3855088
2.0509715,-1.9492537,2.4538176,-1.8550699,-5.204846,-1.6027373,4.778707,2.2043934,3.3466423,-4.776918
