-1.2825763,0.7000582,-0.027204692,0.88134027,-0.6710861,-1.1222802,0.8323278,1.2573993,0.19401771,-0.65404654
-0.59732336,1.4174125,-0.7822243,2.012268,-1.0589654,-3.4048932,0.7711018,1.7472891,0.15289727,-0.08428806
-1.6039993,0.8068947,-0.57106256,1.7301351,-0.37421355,-2.1232047,1.059931,2.0169628,0.0016912073,-0.95184314
-0.74942625,1.2017725,-0.66239595,2.1429396,-1.0506015,-3.2619936,0.98224396,1.8208259,0.14561771,-0.4052454
-0.423219,0.7479631,-0.66467726,2.283293,-1.0824755,-2.8764367,0.22804499,1.8580251,-0.1824648,0.28505853
0.52932525,-0.005535245,-0.113826275,1.2373921,-0.89030206,-2.3595366,0.06463082,1.080361,-0.12991734,0.7776052
-0.37981382,1.4830596,-0.71330297,2.0652843,-0.8777983,-3.4805481,0.6926168,1.704337,-0.019183755,-0.28041086
-0.78953284,0.424307,0.3262815,0.8465251,-1.629056,-2.5814145,1.328907,1.4120803,0.32286716,0.412975
-1.1734873,0.40819627,-0.3349485,1.1470214,-0.1285491,-1.3902774,0.95115286,1.4267461,-0.035575658,-0.84380966
-1.219988,1.2630134,-0.59482276,1.7581776,-0.18254638,-2.5344636,0.9042662,1.7804081,-0.029457256,-0.9853729
-0.6666999,0.5926554,-0.92319727,2.0119488,-0.10604303,-1.6802177,0.045471758,1.6405569,-0.274319,-0.5144898
-0.7723361,0.7062145,-0.32405797,1.3075215,-1.0441883,-2.7469666,1.4568381,1.7434121,-0.0070753247,-0.21095699
-0.95109344,1.0814065,-0.17420024,1.4237425,-0.4461985,-1.9421549,-0.13054872,1.1578584,0.49367458,-0.2898785
-0.99126166,1.8389701,-1.358148,2.3223724,0.19823548,-1.9717525,-0.9062068,1.1171309,0.081226006,-0.2598238
-0.9861252,1.0431118,-0.96181667,2.3761535,-0.72130805,-2.4464676,0.1685178,2.121569,-0.200383,-0.2288773
0.72569263,-0.008556187,0.3247359,0.4287554,-0.2917429,-1.191694,-0.76037675,-0.10490103,0.08813363,0.80340385
-0.21074498,1.1448057,-1.2307881,2.496236,-1.1387643,-3.0171614,0.03645563,2.025488,-0.7028978,0.73408955
0.5212374,0.28955692,-0.47996607,1.3005092,-0.5800826,-1.24882,-0.98766273,0.29275066,-0.18041559,1.1069154
-0.26962617,1.0621977,-0.57855594,1.2628984,-0.08242565,-1.6974344,-0.52909446,0.6220956,-0.0030157268,0.2606354
-1.5165365,1.6268629,-1.0668077,2.4964845,-0.10200652,-2.7973697,0.8908699,2.08269,-0.05040492,-1.3953109
-0.5516577,0.9698461,-0.5068344,2.0034642,-0.3401747,-2.1690373,-0.9119915,1.1708823,-0.04975374,0.5487812
-0.5619325,1.3198081,-0.8607868,2.0803459,-0.942242,-3.279894,0.44115162,1.8112351,-0.20247592,0.31004962
-1.2249777,0.7968833,-0.17267334,1.5040416,-0.05335801,-1.5739031,-0.0024503917,1.1134504,0.2628332,-0.6101526
2.422915,-0.7686251,-0.22055301,0.4859139,-0.85657024,-1.5993223,-0.9203332,0.09841806,-0.6744305,2.1600847
0.067122124,-0.12215089,-0.15632084,1.363686,-0.8956193,-1.9409683,0.34725022,1.0487307,-0.1940376,0.54170465
1.9424402,-1.0291225,0.1620095,0.66343856,-2.2015476,-3.029958,0.9444626,0.90880615,-0.42292184,2.1423554
2.3135076,-0.72033083,0.030200034,0.3979377,-1.5022081,-3.226535,1.5577912,0.5195413,-0.76068574,1.5181594
2.5104408,-0.6464411,-0.23763338,0.9415507,-1.9198953,-3.1671374,0.61807436,0.7877242,-0.9265601,2.164453
3.5133348,-0.44618618,0.04960172,0.8449801,-1.1594825,-4.008233,0.14165461,0.09599681,-0.994212,2.114351
2.5300107,-1.0528386,-0.5852903,0.849926,-2.5694332,-3.5663493,1.8076532,1.5162269,-1.0899411,2.3221686
1.2619978,-0.71699476,0.19628432,0.4913274,-0.61935705,-1.9070916,0.15901208,0.65722495,-0.21546982,0.7735144
1.1619185,-0.4570669,0.73354197,0.5856582,-2.0039563,-3.2281432,0.9151332,0.79066956,0.016384587,1.6499896
1.5157906,-0.59829044,-0.7386018,1.332593,-1.8478416,-3.4040666,1.1958132,1.8503704,-0.8334765,1.63209
1.2202221,-0.25705773,0.1778551,0.8479597,-0.6920745,-1.9636801,-0.59743303,0.13778354,-0.06650902,1.3052686
2.4937687,-1.1563253,0.07367593,0.3761059,-1.6920581,-1.694472,0.22687879,0.15821418,-0.6958569,2.0456064
2.081131,-0.8848436,0.40097672,0.24226813,-0.5203798,-1.3869634,-0.8448016,-0.39726388,-0.2644258,1.7223659
1.7293358,-0.25612265,-0.18578374,1.1836421,-1.264361,-2.772127,-0.31824172,0.54667777,-0.50767714,2.0083246
1.4568999,-0.6621055,0.09036699,0.44136733,-0.92616963,-1.8397273,0.54022694,0.526026,-0.41102123,0.8611622
1.0658337,-0.5007594,0.62198114,0.7187877,-1.5875212,-2.6574347,0.07468021,0.6005696,0.0818761,1.7096817
1.9759697,-1.3897641,-0.4469107,0.5502145,-1.3219389,-2.0274973,-0.06333184,0.95024633,-0.763919,2.6107426
2.1773386,-0.628732,0.17997694,0.95562583,-0.97850275,-2.924104,-0.8203243,0.2153186,-0.16587915,2.1627
1.767605,-0.48122436,-0.27435794,0.76684135,-2.048195,-3.6804245,0.66950315,1.0675694,-0.42429674,2.7779603
1.9249877,-0.72425795,0.004529357,0.7191677,-1.6251994,-2.4142401,0.13937914,0.48571527,-0.42865258,2.0051887
1.2287849,-0.98475796,0.10060114,0.58529776,-1.7900891,-2.04553,1.094259,1.1753873,-0.7071664,1.4752196
2.0493422,-0.93162256,0.13995144,0.17005807,-1.2858226,-1.5671933,-0.029004574,0.13167243,-0.64844763,2.0523825
1.1082879,-0.17978202,0.31769443,0.7379767,-0.8356478,-2.009624,-0.66106826,0.09498893,-0.007083744,1.5463785
1.205424,-0.14450033,0.057182252,0.88230634,-1.7538065,-3.7240942,1.4003427,1.3260549,-0.24803008,1.2123353
1.8275334,-1.3781043,1.0509046,-0.08787152,-0.6839469,-1.1801809,-0.63431823,-0.17679112,-0.19206886,1.5476766
1.4352173,-0.6008246,0.28123918,0.66433096,-0.6287266,-1.2410895,-0.7291241,0.011112813,-0.37443334,1.2250766
1.5907762,-0.20661356,0.52924657,0.0704505,-0.32008913,-2.115447,-0.5460985,-0.22674969,-0.112250075,1.4028816
-0.7711637,0.29862684,0.658003,-0.042636562,1.7731558,0.45304543,-1.561377,-1.0181205,0.9442802,-0.8076426
1.2955384,-0.73625416,1.1867663,-0.47166336,1.8441863,0.17841661,-2.172263,-2.1143417,0.71462315,0.2864395
0.4602516,0.13497163,0.8845433,-0.31263256,1.100764,0.14153498,-2.1047273,-1.6163405,0.69313645,0.64331067
-1.3089588,0.12705772,0.22961016,-0.3472815,1.7029855,1.7701125,-1.4636283,-0.6989467,0.7392002,-0.7401574
-1.0701364,0.09019445,0.78316414,-0.3085126,2.5994549,1.7842127,-2.1271343,-1.4362482,1.0451593,-1.4149067
0.56484574,-0.6999992,1.1288767,-0.6646342,1.6091985,1.5971539,-2.084965,-1.8936447,0.8380088,-0.4393101
0.27227756,-0.04320346,0.59923255,-0.043887038,1.4622171,0.66417533,-2.1993074,-1.3842152,0.74849564,-0.07431495
1.2013646,-0.5982229,0.76380664,-0.31778958,0.41255707,-0.3563095,-1.343735,-1.0109645,0.34692776,0.9383414
2.8479927,-1.3125724,0.50844556,-0.6706593,-0.82744956,-1.3356649,-0.75997,-1.0711435,-0.3435222,2.9387727
-0.15259176,0.37729877,0.7937889,0.030115325,1.0002574,-0.32311708,-1.9777324,-1.0333929,0.9062132,0.38263145
0.06394767,0.07624392,1.559158,-0.02475911,1.2914842,-0.1934874,-2.7065945,-1.8730456,1.3455096,0.5005019
1.1082125,-1.0229933,0.2713225,0.13187203,-0.80726683,-1.0788307,-0.13469398,0.40824717,-0.149976,1.2998185
2.998681,-1.3750426,0.1794839,-0.15285294,0.3552563,0.3332028,-1.7586973,-1.2495341,-0.4090311,1.2236488
2.3609433,-1.2611125,0.23745906,0.8985872,-2.5578697,-3.401068,0.52034605,1.067618,-0.627026,2.917089
1.1375815,-0.356763,0.30652794,0.6272144,-1.2117487,-2.0382342,0.20632458,0.5112946,-0.15425529,1.1171587
0.9028126,-0.31412095,-0.1655677,0.8169193,-1.1325763,-2.3289213,-0.36207828,0.73924017,-0.16196795,2.0649483
2.9468098,-0.88057184,-0.23911795,0.016905624,-0.09490413,-1.3108602,-1.3198342,-1.0128713,-0.39785218,2.304338
2.7664523,-1.4302433,0.8639519,-0.57398957,-1.1507071,-1.6040599,-0.22713965,-0.57939976,-0.5207799,2.5307832
1.696768,-0.45165777,0.45232898,0.5491785,-0.79746276,-1.7771142,-0.45039418,-0.1937743,-0.20841001,1.3447821
0.06077928,-0.42019552,0.3257341,1.0519471,-1.4498034,-2.290754,0.5715602,1.3237988,0.01668337,0.91070414
0.58939266,-0.26106167,0.29313534,0.18134883,-0.5112358,-1.0183645,0.004722804,0.05408722,0.024409637,0.7092803
0.4796826,-0.046864517,-0.11248073,0.33322266,0.02422012,-0.5133178,-0.6719834,-0.049695715,0.031034037,0.57937664
1.0722823,-0.16798645,0.68827915,0.011394482,0.5387058,-0.18550369,-1.5758653,-1.3106018,0.21293612,0.6850342
1.4262031,-0.73475814,0.34537268,0.30359998,-0.59847385,-0.99293125,-0.558612,-0.35045874,-0.1521071,1.3286107
0.6752366,-0.49249285,1.2325244,0.12307124,0.06257375,-1.774628,-0.91088015,-0.46670616,0.76020765,0.87620634
-2.247872,1.7565719,-0.0693419,0.96096104,1.2997032,-0.62078667,-0.97508574,0.25850427,0.95259994,-1.2556425
-1.796435,1.7004055,0.026788116,1.629604,0.83393514,-1.1313893,-1.1508238,0.5015034,0.9035055,-1.3704169
-1.0323055,1.7176337,-0.58621716,2.133871,0.20912957,-1.8321983,-1.4738879,0.9547557,0.4464953,-0.36318097
-1.486771,2.0260289,0.8717027,0.4193446,1.6684799,-0.78415686,-2.508831,-1.2293936,1.4326829,-0.3845019
-0.7798266,0.6685763,0.4463408,0.95261854,-0.058273204,-2.362633,-0.095712736,0.65600014,0.6131699,0.054928336
-1.6162173,1.7393565,-0.5365933,2.2114837,0.12970242,-2.2048786,-0.79013234,1.0650876,0.6203578,-0.4767787
0.12463272,1.3298016,0.6258112,0.5557835,0.20000613,-2.5770469,-1.3856525,-0.62393427,0.8144726,0.97595036
-0.6547868,1.0126712,-0.7283611,1.9326135,-0.2885842,-1.7145681,-0.3179103,1.275971,0.08250253,-0.40002444
-1.105475,2.1788552,-0.24779752,1.9333507,0.9775037,-2.3279827,-2.1871102,0.0995488,0.97006315,-0.1517104
-0.43522862,0.8264189,0.28602958,1.2470381,0.2342791,-1.8089432,-0.8612925,0.20119292,0.681518,-0.22295202
0.6244404,0.0062212795,0.3182901,0.49148846,-0.4455969,-2.0101416,-0.42437783,0.071050264,0.17535508,1.2315359
-1.214679,1.247818,-0.21652749,1.2294673,0.3543154,-1.1434588,-0.651186,0.51034635,0.33315217,-0.45292154
-0.07467491,0.20816897,0.14333278,0.636384,-0.75149983,-1.4815196,-0.07063332,0.62113076,0.09616107,0.73277617
-1.045056,1.1030102,0.2243212,0.75640166,0.36535355,-0.60273314,-1.1131678,-0.0019971281,0.7040445,-0.3011396
-0.270217,1.3498223,-0.27653286,1.8726803,0.38773385,-2.2069826,-1.7014632,0.27419698,0.38564432,0.35089114
-0.33412507,0.9415238,-0.44401744,2.1985984,-1.1335078,-3.3934143,0.08550513,1.9009018,0.011766985,0.43047136
-0.8276245,0.70486605,-0.32044807,1.1960297,-0.4798967,-1.7979517,0.0016245246,1.1498156,0.39384338,0.08730152
-0.5573204,0.40141702,0.50312674,0.4184072,0.107140474,-0.76736367,-0.93676573,-0.033338353,0.6728266,0.24861708
0.33912507,0.5496276,-0.33096412,1.1138909,0.15130204,-1.711106,-0.6316734,0.35336924,-0.026303321,0.3119577
-2.02243,1.6473658,-0.9994739,2.2635462,0.62684137,-0.83358157,-0.5696757,1.4649373,0.4284746,-1.8194592
-0.06682765,1.2212336,-0.29648098,1.6038802,-0.27944803,-2.2158492,-1.424828,0.32309002,0.27690172,0.9431729
-1.2985739,1.3010195,-0.42560497,1.5615604,0.5114887,-1.0355672,-0.79187566,0.78972137,0.26385581,-0.8009839
-1.833944,1.0871904,-0.07282543,0.9942108,0.1904845,-0.9362055,-0.03530374,0.8495172,0.5803498,-0.75211054
-0.41311345,0.1513819,0.6202911,0.58513016,-0.46965823,-1.3502644,-0.20930451,0.4134081,0.4714833,0.25172302
-0.29984942,0.86405385,-0.14111957,1.2601616,-0.3931146,-2.4598255,0.07782012,0.8910961,0.42747337,-0.036543883
-1.9211853,1.9280598,0.1154062,1.9435331,0.7381081,-1.9122571,-1.414973,0.42292804,1.0516684,-0.87105757
-1.9844029,0.9781749,-0.38864306,1.627936,0.64475024,-0.57900274,-0.24030308,1.1248091,0.52575094,-1.5795135
-1.764224,1.665129,-0.8135072,2.6474168,-0.39559454,-2.5305908,-0.06649426,2.0410562,0.014110282,-0.7210853
0.11107815,0.212058,0.13425568,1.0094105,-0.6787539,-1.6828927,-0.5244521,0.6255222,-0.022552684,0.8366075
-0.75101984,0.67972827,0.6142429,-0.4858489,2.7477741,2.1165237,-2.4451184,-2.0627046,1.0392889,-1.5154672
-0.43375036,-0.40366447,1.0111775,-0.5503212,2.2194068,2.154194,-2.227065,-1.7327526,0.9029164,-0.98246545
-2.0977502,1.6361544,-0.6425936,1.9659723,-0.3251728,-1.8764082,0.19186434,1.839462,0.42461294,-1.0650437
-2.5404732,0.8690144,1.5047749,-0.5302573,3.4529665,2.271421,-2.9641333,-2.187086,2.0027988,-1.9367511
-2.025406,0.9172667,0.84336054,-0.5466486,3.2042098,2.1541677,-2.5306792,-1.8203661,1.5531995,-1.887717
-0.47302595,-1.5850105,0.82562983,-0.88015676,1.9822448,3.1073968,-1.8946228,-1.1668984,0.59660345,-0.5318702
0.04802195,-1.2416096,0.5213445,-1.3608509,3.3842485,6.4128776,-3.601694,-2.7657714,0.3930567,-1.9931772
-0.8881075,-0.44354433,0.83861756,-0.16640751,1.5899,1.3121204,-1.9590449,-1.0014873,0.9453308,-0.2861324
-0.3614619,-0.52454036,0.7381265,-0.051812317,1.2012511,0.5162288,-1.3277638,-0.6769376,0.5982802,-0.104410335
0.72688353,-0.12051362,0.31011483,1.4539299,-0.59220904,-2.8493178,-0.4466737,0.7287544,0.21302073,0.8079225
1.0253805,0.0012964755,-0.45476285,1.254735,-1.1565486,-2.6291406,1.0541961,1.1310993,-0.697463,0.7081754
2.4805844,-1.8110757,0.88781965,-1.4492388,1.1389633,3.03179,-2.2344089,-2.3210464,-0.27977622,0.5204722
-0.6811013,1.0046539,0.8605025,0.14762153,1.626582,-0.547311,-2.0670764,-1.215706,1.2748941,-0.30090827
-1.6102535,-0.52137744,0.6101665,-0.5924715,2.9502032,4.0666537,-3.1269476,-1.4212388,0.9485546,-1.3863453
-0.9595748,-0.049757004,0.70298415,-0.20747149,2.1510959,1.6051805,-2.0197449,-1.293513,0.80762607,-0.83920264
-1.7031301,1.4400396,0.6099012,0.54049647,1.9939729,0.87927663,-2.3802123,-1.3275639,1.2802924,-1.4120564
-1.8628789,0.30327553,0.44051233,-0.1410091,2.5704126,2.7649848,-2.5119953,-1.2213641,1.127311,-1.4799541
-1.8260345,-0.35141015,1.282355,-1.232468,3.6231704,4.766435,-3.9744675,-2.3136964,1.3275126,-1.451509
-0.2868332,-0.6069269,0.5673473,-0.46397197,1.1593797,2.1475694,-1.9843285,-0.8466594,0.41659665,-0.05487074
-0.6095103,-0.505823,0.7978821,-1.0915498,2.5675964,2.8477707,-2.0725844,-1.7149161,0.8843651,-1.223538
-0.5153605,-0.6278518,0.5874535,-0.9145641,2.9690032,4.434351,-3.4583926,-2.1997588,0.76905507,-1.1285173
0.48519298,0.07548194,0.04534027,1.3094816,-0.70912504,-2.998905,0.33474046,0.9936745,-0.15661456,0.8060421
1.699553,-0.31796914,-0.06915161,0.87105894,-2.5828629,-4.124451,1.6607363,1.4462525,-0.54094595,2.0877156
-0.18951741,0.4852662,-0.5939263,1.6399684,-0.9100451,-2.5028405,0.2665704,1.6155905,-0.29506075,0.5997663
-0.50499386,0.23583956,-0.41635457,1.5726495,-1.3876146,-2.8781374,1.1950378,2.1314707,-0.20897098,0.4293628
0.83433175,-0.15457542,0.9639605,0.46989447,-1.0694774,-2.4580462,-0.9107292,-0.16187346,0.3453458,2.1951268
-0.36794367,0.69052786,-0.6097785,1.8438812,-1.2376876,-2.374005,0.4817503,1.7952356,-0.32571793,0.25980696
0.5219654,0.37898505,-0.27319267,1.4687288,-1.6097462,-3.5864925,-0.18506299,1.2585304,-0.101198,2.2644792
0.8500345,-0.18063733,-0.00038155913,1.0828335,-1.3220323,-2.7119935,-0.16952494,0.82800937,-0.26583606,1.98014
-0.43285367,0.63983,0.092005745,1.5474571,-1.2825294,-3.7479079,0.7842323,1.7592763,0.09873095,0.700792
-1.8802097,1.6060379,-0.7634002,2.3912804,-0.75085044,-2.5449524,0.5226812,2.2845292,0.33695573,-0.9670307
-1.2647103,1.7128454,-1.0144944,2.8954434,-1.3157791,-4.1421456,1.0333667,2.7756648,-0.34957254,-0.1717256
-0.89927286,1.2831242,-0.595083,2.3349144,-0.36292234,-2.89472,-0.026180148,1.7764847,0.027191237,-0.51695454
-0.37448665,0.6103562,-0.40778908,1.2390767,-0.7447339,-1.5431652,0.23609954,1.1890697,-0.17559667,0.09402901
-1.1167499,0.3943056,-0.23547444,1.5701962,-0.091118105,-0.89779174,-0.015012607,1.4356176,0.09457645,-0.9905029
-0.6136082,0.9138577,-0.40836295,1.7747933,-0.8127035,-3.4020731,0.9018592,1.8248674,-0.02533947,-0.01828513
-0.44766745,-0.06434505,-0.04494807,1.4635416,-0.38115475,-1.863246,0.049494073,1.2903936,-0.16322409,0.23270735
-0.80744267,0.31210297,-0.010124624,1.1175169,-0.805759,-1.6789786,0.38257784,1.2808603,0.24882191,0.09535888
0.13039854,0.693135,-0.4883398,1.4020531,-1.032396,-3.2832708,1.266834,1.4736415,-0.47496706,0.41941097
-2.1597772,1.984607,-1.2670593,2.5161278,-0.26391318,-2.1251614,-0.17223656,2.2731652,0.17706195,-0.84306484
-0.8379699,1.2860799,-0.4895319,1.806647,0.15733287,-2.4031365,-0.05847752,1.0196687,0.37377852,-0.7287389
-0.06056466,0.4004476,-0.49070576,1.9241887,-1.4783429,-2.880802,0.4756927,1.9026524,-0.3356359,0.72105014
-0.77597505,0.67105323,-0.5199065,1.4708182,-0.77627,-2.1445658,1.0916169,1.6708431,-0.24799193,-0.2943707
-0.041633956,1.0650475,0.103179336,1.755698,-0.8227377,-3.638046,-0.0020434856,0.9957043,0.35919577,0.39603677
-0.28364134,0.459552,-0.11748788,1.461042,-1.5237526,-3.0707505,0.90836304,1.7362574,0.030665845,0.46937153
0.57821405,0.72658795,-0.92128325,1.9013181,-1.2410737,-3.5569522,1.0815201,1.3092724,-0.63879544,0.87521124
-0.5169685,0.014072597,1.036354,-0.039119754,1.8822063,0.911428,-2.467216,-1.4569758,1.0415623,-0.43872467
-1.0586174,0.644788,1.0121846,0.094162226,2.6059613,0.5666229,-2.5377252,-1.6364061,1.2610657,-1.0440611
2.3192353,-0.85862434,1.4064208,-0.5914288,-0.5661029,-1.8128703,-0.82660073,-1.1985887,0.24422571,1.9623485
0.62735057,-0.14563763,1.0217239,0.092287004,1.1775862,-0.45052212,-2.0387433,-1.4396174,0.7490491,0.40683153
1.2228665,-0.6622764,0.6732748,0.01619203,-0.3479299,-0.6473837,-1.2280266,-0.6635163,0.11997165,1.5622356
2.2127836,-1.3519834,0.29514265,-0.54649884,-0.5434396,-0.2230787,-0.6674283,-0.5892655,-0.3592127,1.8214669
1.7504852,-0.99200547,0.92588055,0.20654723,-1.1886967,-2.4352348,-0.6235273,-0.15444967,0.12364563,2.451101
1.3358177,-0.4801072,0.43526945,-0.7910637,2.480301,2.558405,-2.3558311,-2.409408,0.16101564,-1.0172212
1.1432003,-0.9270576,0.543733,-0.18457176,-0.7744155,-0.7058936,-0.7460847,-0.2740475,0.08696866,1.8288912
-0.78087336,0.41122854,0.5281225,-0.20830332,1.996751,0.9737904,-1.7421649,-1.2472559,0.8820934,-0.8334993
0.1744582,0.50978875,0.83494663,0.24653934,0.70248044,-1.1559565,-1.7915921,-0.9321197,0.77295226,0.6750263
1.3215829,-1.4191792,0.5056759,-1.0026959,2.8400884,3.761565,-2.9860296,-2.564012,0.23781833,-0.7993268
0.48808214,0.19073851,0.8513013,-0.09307988,0.7582575,-0.3384105,-1.7821825,-1.0999058,0.51152223,0.52056646
0.80529356,-0.2259991,1.1440084,0.15190437,-0.75620633,-1.9825585,-1.1826518,-0.6387059,0.61240506,2.1766992
1.3882226,-0.061073065,0.43667638,0.3583477,-0.6995605,-2.2625334,-0.2883187,-0.2862407,0.1682573,1.3520415
0.537771,-0.17235233,0.619437,-0.39024466,1.4359901,0.5476004,-1.512491,-1.3187326,0.3966022,-0.15791985
-0.43616274,0.0027545393,0.52995694,0.6735346,-0.45442358,-1.623773,-0.19519329,0.55442905,0.47205448,0.5207104
1.0680913,-0.37225583,0.66750467,0.13159616,-0.5683421,-1.4614384,-0.5811499,-0.2506361,0.038687542,1.3570638
0.95535004,-0.17414351,0.34250116,0.45482028,-0.5374252,-1.8536278,-0.70626235,-0.0041687526,0.06892739,1.4972662
1.1424829,-0.3729604,0.40894222,0.4238671,-1.196031,-2.0024953,0.100657046,0.18256126,-0.058774635,1.5107747
0.8703879,-0.5778131,0.84552264,-0.12994693,0.21637538,-0.7646756,-1.8120081,-0.9314451,0.4738273,1.8033864
-0.03187807,0.27283603,0.40918446,0.54120535,-0.01956027,-1.2362118,-1.1338024,-0.15171069,0.5583254,0.8178214
1.2697259,-0.4189719,0.64341295,0.31451422,0.012777634,-1.7809974,-1.1240695,-0.36756605,0.23614317,1.3069272
0.7878862,-0.023475155,0.60676837,0.51179427,-0.48297885,-1.4708129,-0.5724295,-0.32736093,0.26225203,0.8400133
1.5228027,-1.5702293,0.5208286,0.3282537,-1.6269969,-1.5993195,0.61442417,0.74462724,-0.2772801,1.4040627
1.4535594,-1.046238,-0.11412361,0.9943689,-2.3488173,-3.087971,2.2531857,1.6612725,-0.8196674,1.2013807
0.2866891,-0.57371324,0.16282946,0.71066713,-1.992983,-2.7473576,1.5263643,1.7050021,-0.35346973,1.3599507
1.8925811,-0.79275525,-0.53500116,0.72883475,-2.2246027,-3.277067,2.2000499,1.6782523,-0.87201303,1.3247907
-0.18929818,-0.6318166,-0.026069462,0.7637042,-0.69714236,-0.7534611,0.926307,1.305148,-0.19745453,-0.4119047
0.44721004,-0.4599986,-0.39966717,1.5677402,-1.4477079,-2.3179748,0.8889596,1.8576684,-0.399817,0.46427992
1.5122344,-1.1813877,0.12925276,0.8501832,-1.7727572,-3.0012403,0.7602758,1.3910364,-0.69831824,2.0892677
0.4045305,-0.2164932,0.272915,0.8737934,-2.2184186,-3.715431,2.2932198,1.9463476,-0.299496,0.7941894
-0.43522635,1.0630232,0.121367276,1.752994,-0.41560742,-2.9842944,-1.0417724,0.84591204,0.41843426,0.8208076
-1.8643979,1.093815,0.13850296,1.739542,-0.27433434,-2.7121885,0.5496544,1.7649145,0.758462,-1.0305555
-0.74109834,0.7556448,-0.5499673,1.9314358,-0.37312552,-2.18893,0.07902557,1.5430591,0.029267117,-0.32653007
0.8490707,0.5353183,-0.12501457,1.4449648,-0.941633,-2.802519,-0.6079218,0.6718164,-0.020475462,1.1586597
0.36958584,0.06119564,0.27116027,0.85855883,-1.1811968,-2.4881532,0.54122406,0.8801199,-0.006023988,0.79410565
-0.77117324,1.5735257,-0.6344874,2.5047965,-1.2645023,-3.6643705,-0.13173045,1.8890142,-0.16392468,0.7837334
1.0449632,-0.5270636,0.41621453,0.83444965,-2.6182027,-4.164433,2.9685395,1.6371242,-0.20163788,0.79437894
1.5901097,-0.3723628,0.16467455,1.1196804,-1.954832,-3.6356874,1.0926459,0.9806334,-0.32678646,1.5262458
-0.7830879,0.49676287,0.04718837,0.95105743,-0.3827681,-1.7063781,0.40975887,1.1308281,0.13190585,-0.22092256
0.44809875,0.0042687804,0.45558715,0.86905473,-1.4897923,-2.96889,0.7609964,0.9879582,-0.06848471,1.0911765
-0.41675696,0.5438441,-0.402526,1.0624622,-0.4417571,-2.2447572,0.8708233,1.158355,0.010891676,-0.099323675
0.6730891,-0.053677604,-0.034519196,1.5372359,-1.7135762,-3.7708814,0.86809844,1.7794079,-0.3693732,1.2482159
1.7133223,0.14993827,-0.811846,1.854995,-1.6832141,-3.771969,0.5449866,1.249642,-0.7005424,1.6429731
1.1784483,-0.85275376,0.16856104,1.1924154,-2.6660514,-3.966173,2.2631402,2.0296621,-0.60501915,1.4870644
0.07068048,0.16290657,-0.37340155,1.5525453,-1.3526391,-3.3028224,0.9309066,1.8166348,-0.14146204,0.8095669
0.15079406,0.646921,-0.28872278,1.2954506,-1.6671891,-3.9254482,1.3913019,1.7743431,-0.18435799,0.9064671
-0.16072634,0.19878213,-0.0718514,1.1824125,-0.569914,-1.5843928,-0.6215206,0.8498689,0.06021391,0.8495051
0.662735,-0.5049858,0.0766819,1.0925803,-1.8632193,-2.7125957,1.118273,1.5886474,-0.2186674,0.9223844
0.58718103,-1.3593348,0.08272225,-1.2554271,2.212835,4.6270213,-2.6354065,-1.8157538,-0.098165795,-0.4648721
0.5478376,-2.0405557,0.11430791,-1.5674407,1.9468746,5.488442,-1.8718967,-2.0336754,0.11321622,-0.8828348
-0.1875773,-1.4251885,-0.0028204918,-1.0213153,2.23848,4.844984,-1.7031014,-1.4520957,0.09928446,-1.4580829
0.9772769,-2.6376107,-0.5477376,-1.4642205,1.5771906,6.4774914,-1.8942785,-1.6132659,-0.53525096,-0.5244374
1.0444437,-1.9820443,0.0005931556,-0.85584724,1.1879288,4.439413,-2.2459433,-1.097948,-0.06577085,-0.45139763
0.71874344,-1.5121042,-0.24802318,-0.8592639,1.7810068,4.29042,-1.7540901,-1.3081578,-0.30821806,-0.9704352
0.5438507,-1.9497664,0.2288613,-1.8366839,1.9454695,6.981325,-2.8126705,-1.9757477,-0.14222525,-1.1998842
0.049054317,-1.2435912,0.33044535,-0.97703135,1.3156238,4.12075,-2.085881,-1.0161408,0.363891,-1.0267464
0.10210187,-0.75665516,0.7476218,-0.96481264,2.0901856,3.7325952,-3.014542,-2.084405,0.5566337,-0.475033
0.6398162,-1.6685002,1.3489344,-1.254214,2.0683925,3.7735407,-3.0298276,-1.9945928,0.44527656,-0.42686388
0.18334368,-1.5288913,0.43403792,-0.9443365,1.6810597,4.4180737,-2.650086,-1.7184714,0.19293328,-0.10882205
0.651288,-2.0484731,0.6846247,-1.5535369,2.688745,5.913482,-3.3559976,-2.3665106,0.18605769,-0.9158071
0.88486564,-0.97954917,0.43718112,-0.93488264,1.5817951,3.5982316,-2.6520576,-1.666473,-0.09217872,-0.25669765
0.53111434,-1.9513783,0.90054405,-1.593374,3.2914057,5.9692235,-3.100255,-2.5340538,0.55845904,-2.0728219
0.342483,-1.4125528,0.4540086,-1.1522211,2.9636889,6.1171412,-2.6792943,-2.5638094,0.40089375,-2.6287315
0.24629757,-2.127442,0.84014,-1.7407514,3.2296267,4.995004,-2.6677547,-2.288021,0.49702,-1.1281804
-0.14182872,-2.4634864,0.36747974,-1.6081161,2.3006182,6.5608125,-1.9025354,-1.4924712,0.16741529,-1.8970166
-0.4805475,-1.1955297,0.08672066,-0.7794745,1.274022,3.838197,-1.5663536,-0.79959655,0.22448659,-0.7631943
0.24261081,-1.1367005,-0.117777854,-0.5410045,0.8677329,3.5219872,-1.2694311,-0.69510764,-0.24950553,-0.5853151
1.8900415,-1.6014223,0.71042717,-1.2893354,0.7391077,3.0032523,-2.0490012,-1.8723315,-0.14389618,0.52981645
0.99877083,-1.8751987,0.5677662,-1.2980441,3.6625428,6.609573,-3.7027843,-2.8967533,0.11054419,-2.3497179
0.19516987,-1.6799046,0.75050706,-1.3544459,2.4097154,5.757769,-2.623816,-2.2208772,0.4977461,-1.7910833
0.98784125,-1.627037,0.089749575,-1.0390965,1.3301656,3.6869624,-1.4003911,-1.3641669,-0.011674553,-0.77643615
1.6047566,-2.3304684,-0.6054735,-1.6180098,2.4475074,6.247954,-2.4756703,-1.9847656,-0.86857635,-0.6260141
0.5140083,-1.1298449,0.021707669,-0.9540025,2.2067287,4.1839585,-2.3216555,-1.7253501,0.06644569,-1.0261112
2.546331,0.46135026,-0.1927568,0.8441745,-0.8826064,-3.001718,-0.6490687,-0.3564605,-0.5145372,1.9092824
1.7521704,0.06304294,0.14260639,0.9110221,-0.62714666,-2.4656754,-0.7316884,-0.264863,-0.42540735,1.683795
1.8930475,0.0641952,0.6145584,-0.030514244,0.4828637,-1.9818995,-0.7066607,-0.87182254,-0.23441626,0.7892617
0.90873325,0.015249401,-0.15860733,0.8058727,-0.6511612,-2.4873898,0.54167664,0.77167094,-0.42924118,0.7907673
1.6960769,0.012719184,0.16366675,0.6048308,-0.6686372,-1.7102591,-1.25753,-0.31983984,-0.2929396,1.8240386
1.7803551,0.623489,-0.35217682,1.295938,-0.44479075,-2.6395686,-1.0585604,-0.35063207,-0.2629233,1.5103803
1.9736189,0.2631775,-0.43275204,1.156078,-1.3739592,-3.4476264,0.648482,0.52436036,-0.65719295,1.4232544
2.2261424,-0.08112718,-0.48916283,0.8415887,-0.7439176,-2.6795213,-0.58942395,0.12276256,-0.33462822,1.9026978
1.6505193,0.3764615,-0.113261044,0.87431055,-0.054488197,-2.8402479,-1.1377809,-0.11543101,-0.13043447,1.5548451
1.8990618,0.24739166,-0.022346258,0.81640965,-0.59257597,-2.492952,-1.0317427,-0.22012953,-0.6044286,2.1060538
2.6964035,-0.23366374,0.06382227,0.6632694,-0.54490125,-2.8452852,-0.869077,-0.13577324,-0.5231212,1.8260999
3.459425,-0.10693832,-0.1157113,0.5860845,-0.36631578,-2.3889692,-2.0847845,-0.7927288,-0.6096608,2.5442653
1.5850762,0.9159125,-0.5150888,1.5470117,-0.75220275,-3.3420436,-0.86969566,0.21307932,-0.5416699,1.8452308
2.1011975,-0.041531116,-0.12723047,0.87375,-1.0004381,-2.756464,-0.064424254,0.106154144,-0.56981033,1.6382307
1.4836248,0.318587,-0.5424553,0.97933984,-0.31345758,-2.4601526,-0.02544628,0.07919142,-0.44463438,1.0059386
1.2811503,0.45538974,0.2629775,0.5183459,-1.0079181,-3.1121514,0.282906,-0.08638412,-0.07830556,1.5556047
2.2585905,-0.22268856,-0.53590965,0.6504663,-0.5133655,-1.8084513,-0.910387,0.060511023,-0.85278696,1.9498036
2.4331336,0.54561454,-0.56657195,1.3159832,-0.9736115,-3.8243668,-0.51827526,0.1692561,-0.61097026,2.143508
1.1634928,0.887872,-0.048153818,0.80026126,0.025932916,-2.6487632,-0.8617308,-0.3327669,-0.07526161,1.1908109
2.008682,0.54969805,-0.30601254,1.0519096,-1.3482088,-3.0058725,-0.66210884,0.1290289,-0.5235395,2.2107642
1.8993813,0.47081774,-0.3614324,0.95622313,-0.10999405,-2.3079884,-1.0773169,-0.2035531,-0.649886,1.4444227
1.9991354,0.15444295,0.18054178,0.59139454,-1.1411145,-2.5969353,-0.1738337,0.06839882,-0.57658035,1.6225983
2.6766775,0.073400885,0.0016661882,0.58016366,-0.8623623,-3.0731304,-0.90897524,-0.43536073,-0.52210194,2.56189
1.8614557,-0.28868237,-0.8455491,1.1793481,-1.7579067,-2.751834,0.43801528,1.2364682,-1.123757,2.161455
1.9096895,0.05548702,0.2656416,0.45089978,-0.8064946,-2.4654772,0.1687766,-0.28203908,-0.62871474,1.3881402
