-0.6935339,-1.3223501,3.318386,0.5820082,-1.899763,-0.11218983,-0.81183255,-0.9810878,1.9917387,-0.08926801
-1.3847655,-0.71096987,3.4692469,0.22667673,-1.6998751,0.14057058,-0.5177089,-1.5481395,3.6355119,-1.6849195
-1.6932098,-0.1488449,3.481161,0.15983076,-1.5818521,-0.58861804,-0.29257596,-2.0933897,4.317928,-1.719633
-0.5955206,0.5223124,3.2558188,-1.3696086,-2.2751296,0.45152885,-0.6763636,-2.3646293,4.789779,-1.758886
-2.2925267,-2.04823,4.0508566,3.496216,-1.8826414,-1.059213,-1.4647623,0.22384551,2.1836348,-1.4772022
-0.45448664,-0.90786463,4.160923,-0.73675764,-2.5735047,0.2966057,-0.58508873,-1.8976028,3.8671718,-1.1952767
-1.3708477,-0.48776224,3.9285238,0.08431559,-2.1718476,0.4022807,-1.120896,-2.472484,4.3997836,-1.2675624
-0.5946088,-1.650056,2.9801736,1.9039142,-2.2699122,-1.1502545,-0.1285123,0.87752175,1.7701479,-1.9559687
-1.1490948,1.2180201,3.5523262,-1.1126635,-2.4202406,0.012572106,-0.10550222,-2.8222744,5.2715425,-2.468984
-1.3397993,-1.7424048,4.768115,0.1166315,-1.9075924,-0.27263105,0.19050482,-1.4875336,3.065216,-1.597478
-0.86969334,-0.11623982,3.638544,0.13706402,-1.9171292,-1.3759885,0.18921603,-2.2394218,4.591962,-2.1981962
-0.8143619,-2.208849,4.1881113,0.8580167,-3.2833543,0.06757113,0.79323804,0.0029658303,2.0564032,-1.6777792
-2.1336854,-0.9145749,4.2398815,1.2138792,-1.195672,0.15779918,-1.2243497,-1.4220828,2.5206661,-1.3180311
-2.51121,-1.9567422,5.364103,2.2606773,-1.809246,-0.57289344,-0.6774757,-1.3026531,3.175354,-2.1776412
-2.2846658,-2.680161,4.3595495,3.08001,-1.8579205,-1.0768521,-0.054215882,-0.0493922,2.4168396,-2.096173
-1.2488831,-0.4907706,4.26538,-0.2858044,-2.6644142,0.065219104,-0.2824502,-1.7878172,4.595998,-2.2460341
-2.1206148,-2.1320362,4.6534,1.8396529,-2.2382736,-0.6773665,-0.3502222,-1.0911564,3.8650637,-1.980458
-0.3765559,0.6886104,3.8065193,-1.2882373,-2.872798,0.07580507,-0.620153,-2.6831486,5.408632,-2.1899316
-2.1265514,0.07758763,4.151286,0.35475895,-1.573174,0.38589776,-0.14790156,-2.1808596,4.404256,-3.4348702
-1.6889428,0.5614863,3.4584403,-0.8493189,-2.3517914,1.1063673,-0.56315386,-2.216762,5.623302,-3.1473944
0.17704767,-1.0467142,0.6685324,0.9594204,-2.7455444,-2.7743497,3.4062946,3.0263193,-0.08675566,-1.5212947
-0.50358856,-1.278348,-0.68685716,1.0694252,-2.3931732,-1.5098481,3.1204798,4.454887,-2.0385675,-0.19601
0.56556505,-1.9468175,-0.8177062,2.4267602,-1.9862486,-1.606975,2.1593702,4.5745916,-1.6769084,-1.6888005
1.4256603,-2.43654,-0.7046574,2.3596694,-3.3343258,-3.049716,3.3956656,5.5450172,-2.6359391,-0.54141587
-0.15404317,-1.8671645,-0.70458686,2.0476806,-2.9985237,-2.1791134,2.4797766,5.145861,-2.0153031,0.24328864
-1.0197564,0.053257667,-0.06548302,0.37841794,-2.5698743,-2.9348433,4.248732,2.4932473,0.47912025,-1.0469404
0.65302366,-1.3409913,0.785021,0.5609168,-4.1369257,-2.5713391,2.6625545,3.3624945,-0.1526333,0.17792577
1.5672394,-2.203395,-0.31744614,1.1041934,-3.9514427,-2.8913484,4.187532,5.1177707,-2.0218048,-0.4895838
0.52956104,-1.9038397,0.5425347,0.6255708,-3.527876,-2.9269187,4.2711663,3.359292,-0.4729013,-0.43206805
0.8121947,-1.0893732,-0.4439491,1.7361641,-2.713519,-3.0528266,2.6881583,4.327893,-1.3696865,-0.902947
-0.93097126,-1.930776,0.3281955,2.2287796,-3.1934779,-1.7365379,3.021465,5.255315,-1.0295784,-2.0214174
-0.24534053,-0.029984869,-0.925441,-1.0140696,-1.989448,-3.1901493,6.498498,2.5085156,0.47464514,-2.036307
2.7897267,-1.0044645,-0.54387194,-0.013671481,-3.7333093,-2.1528406,2.848036,5.1283402,-1.972152,-1.1834606
1.1249355,-1.3670229,0.071958065,2.2629604,-2.8352547,-2.6114876,2.375748,4.8651114,-2.2457724,-1.620738
-0.8400583,-1.3144712,1.2993627,3.0746145,-3.729195,-2.7771978,2.365244,4.11717,-0.79890174,-1.3636376
-0.8214463,-0.9112137,0.5433798,0.051133834,-2.8579798,-1.8527696,4.1649957,3.8542173,-0.44690204,-1.6622487
0.6911836,-2.3720999,0.4747209,1.4423637,-4.4283886,-2.273879,3.689478,5.256209,-1.0203683,-1.3594943
1.8518653,-1.8400248,-0.021044135,1.0752659,-3.2033904,-2.0048115,2.3312657,4.227766,-2.4751458,0.19376397
-1.5875233,-1.789548,1.5145499,1.5362582,-0.9312242,-1.659837,1.8079756,1.2226777,1.1102216,-1.4332603
-0.9942434,-1.142794,1.31564,2.6867468,-3.2484565,-3.2422447,2.715615,3.8043716,-0.4147259,-1.5910753
5.25663,-1.139583,-1.5804219,-1.6433716,-1.6939987,-0.9639061,0.5743394,1.8805993,-2.3710299,1.8900102
4.4690123,1.1533401,-2.0590472,-1.9140866,-1.2462904,-1.7674817,0.3548101,1.3319873,-1.8110603,1.7181559
4.0857024,0.52905977,-1.6630603,-1.012754,-1.0396111,-1.8153012,0.013076033,1.7366525,-2.0684166,1.4042393
4.704937,-0.7132554,-0.3683404,-1.0392545,-1.6967181,-1.9361045,0.56528205,1.5502855,-1.5920068,0.725503
5.047373,-0.34729373,-1.7518291,-1.3627828,-1.4772165,-2.2336047,0.67234576,2.209802,-1.7135471,1.1100402
3.3082428,-0.56228715,-1.0687674,0.052041195,-2.1869462,-2.7410629,1.2431844,3.6404438,-2.6791615,1.1365513
4.5919933,-0.8287756,-0.915249,-1.5112419,-1.4901905,-2.1200063,1.9941093,1.4486239,-1.349681,0.3280633
4.7559237,-0.59941685,-1.4096684,-1.4954686,-2.7660656,-1.9221659,1.772998,2.9656436,-2.0085626,0.9442505
5.5491896,0.58601207,-2.0803683,-2.380248,-1.7573566,-2.222853,1.3614094,1.7050649,-1.5566571,1.0690991
3.342771,-1.8843058,-2.0302138,0.14808126,-2.2735896,-1.8639998,1.9540416,5.177326,-3.869576,1.4081357
5.6828747,-0.75243104,-0.9553412,-2.2965555,-2.8944373,-2.4195635,2.433411,1.9813788,-1.5491053,1.0172474
5.379706,-0.48358792,-1.6196935,-2.619717,-2.466257,-1.9318323,1.7724426,1.8970511,-1.337057,1.6070153
5.909633,-0.35652316,-1.5635619,-2.6395168,-1.9073297,-1.6424453,1.3083386,1.2998543,-1.2508576,1.092527
3.8093238,-1.4909631,0.39250654,-2.2945056,-2.9323344,-1.8044219,2.131034,1.450783,-0.2071721,1.1198854
5.2182775,-0.048534848,-2.5267076,-1.401801,-1.8461634,-3.15317,2.0054529,2.7208622,-1.7138128,0.9921889
5.6798687,-0.42264053,-1.3459455,-2.199736,-2.0876575,-1.7013121,0.7341033,1.6989633,-1.7912,1.63812
2.934812,-0.7191122,-1.7877513,-1.2085774,-0.1597125,-2.0511522,2.2029815,1.5800611,-2.522882,1.8621448
5.3207006,-0.34175035,-1.6607327,-2.5314493,-1.6543683,-1.8850545,1.3126742,1.3379314,-1.3807789,1.6640097
3.8635073,-0.91014093,-0.79946816,-1.5984935,-2.4130585,-1.0605592,0.5648962,1.7522877,-1.9167405,2.7124126
5.1093535,-0.4058357,-1.224937,-1.7516516,-2.5379255,-1.1926429,1.1117538,2.7865248,-2.4824295,0.8538354
-0.64499986,-0.86411697,-0.9349382,2.684382,0.05695881,-2.0580082,0.3248992,2.0194404,-1.1697162,0.44216776
1.7282826,-0.28596783,-0.87108606,1.2488493,-3.214098,-2.016334,0.64779735,4.3952503,-1.9489851,0.39864308
1.107411,-1.3164388,-0.636845,1.9004097,-3.3718867,-2.7073717,1.0178856,4.7226295,-2.283671,1.6169845
-0.77988815,-1.1301547,-0.77709633,3.3724835,-2.0481565,-3.429832,1.414116,4.05793,-2.4046888,1.6094323
1.2020096,-1.508786,-1.1409783,1.9001925,-2.7389622,-1.8445041,1.4961284,5.4734073,-3.2540388,0.5344748
0.18264517,-2.3313408,-0.7277359,3.0780299,-2.2465873,-1.8649133,1.5324816,6.3067994,-3.649168,-0.3069579
0.89104337,0.30575764,-0.4936297,1.4897475,-2.3819456,-1.6508007,0.13012642,3.6364882,-1.624576,-0.23189497
-0.8455286,-1.9541384,0.33003175,2.0410607,-2.3014162,-1.4539618,0.4633862,2.9324896,-2.0237947,2.7295034
-2.3073897,-1.4891663,-0.0567331,4.8819923,-0.13420436,-4.494482,1.8548683,2.5354986,-0.9263689,-0.12589854
-1.9607073,-2.2384827,0.38757378,3.8084493,-0.83708894,-3.1389275,1.9574655,3.0940483,-1.3469859,0.045092396
-0.17918095,-1.3843222,-0.8006873,3.951175,-2.6845274,-3.5213118,2.8437386,5.949025,-2.1924682,-2.0028694
-1.6825472,-1.0071895,0.06894714,3.9956918,-0.3568531,-4.184888,1.7945527,2.9450724,-0.38636082,-1.361807
-0.27257538,-1.6626674,0.82139176,3.9940763,-1.9995643,-3.5771098,1.0588712,2.8926933,-1.0480202,-0.35710943
-1.1146592,-0.66287965,0.27869576,3.6838255,-0.8751316,-3.3508775,0.45832047,1.7007704,-1.264088,0.97653633
-1.4235973,-2.0877972,0.54139745,4.4365644,-0.83077407,-2.936034,0.22346887,2.0145051,-1.2218026,0.99889463
-1.1549339,-1.5473498,0.33365846,3.846559,-2.7591567,-3.2187572,1.7490389,3.8206255,-0.57424825,-0.6641571
-0.9567933,-1.4449145,0.2160257,2.8036838,-2.5208116,-3.1281862,1.1554503,3.0749156,-1.2846302,1.9969517
-1.1388586,-2.0250595,-0.9217479,3.2199202,-1.4711076,-2.0489166,0.75945306,3.879577,-1.6422466,1.155034
1.0157622,-1.2565678,-0.10404521,0.56238323,-3.3699288,-1.6013311,2.0338213,4.1681094,-2.4064755,1.0792179
1.3173497,0.20511028,-1.7452698,1.5917871,-2.0293286,-2.3114467,1.4048138,4.7988725,-2.965518,-0.15947032
2.1482716,5.1054764,-1.832672,-1.9457002,-0.176925,-2.0714993,0.28373757,-0.5563495,-0.6117246,-0.1436081
0.6931485,1.5761021,-1.316473,-0.12526534,2.365699,-0.58969396,-0.8363741,-1.4712831,-0.788463,0.535193
1.3462018,3.9594994,-2.5380015,-1.107418,0.8498684,-1.8844484,0.35191622,-0.60689867,-0.83352137,0.6686037
2.5424185,4.571618,-2.695971,-1.4734573,-0.09473646,-2.4439912,0.4064944,0.33700785,-0.68738055,-0.28760993
0.70454776,3.1376243,-2.527882,-0.9454868,0.48066118,-1.4058232,1.3976008,0.59700567,-0.76535594,-0.5179984
1.4663732,4.5279694,-2.6474233,-0.51215154,0.16256198,-2.4910374,0.61264896,0.3363702,-0.50235355,-0.7842418
-0.05260005,0.9940303,-2.8754387,0.9521317,5.559451,-1.2261117,-0.8702888,-1.1551495,-1.4357771,0.011684112
-0.62035316,-0.77481896,-0.38452482,1.4993112,-2.5270634,-2.44378,2.4209592,3.8215923,-2.3443818,1.3889368
0.95185345,4.041405,-1.7649899,-1.3562341,0.48910245,-1.9424908,0.23046944,-0.46265903,-1.0092534,0.9634866
-0.35323143,2.053453,-1.5369664,0.2989557,-0.052910596,-2.5570006,2.9252717,1.4016302,0.05854126,-2.2245522
1.7560388,4.70543,-2.6544137,-1.6664959,-0.09197122,-2.0275698,1.069604,0.35440788,-0.35760316,-0.9233541
0.63793325,5.3610163,-1.9456537,-1.1426742,0.4193428,-3.3244953,1.9137517,0.06877705,-0.1599229,-1.6257968
0.80136096,3.6695528,-2.393016,-1.1563375,-0.41582033,-2.244159,2.9779742,1.5175766,-0.09253901,-2.4816694
1.1403702,4.0340905,-2.271254,-0.8734989,0.8462837,-2.2277176,0.18875985,-0.24641606,-1.1066966,0.7280249
1.8361307,4.433132,-2.4304123,-1.2618982,0.38417923,-2.4945621,1.0433718,-0.19524512,-1.1966606,0.08621698
0.5353673,5.3918056,-2.660707,-0.56796604,0.49061543,-3.0559375,1.3188456,0.19804457,-0.9486344,-0.52970636
1.5069293,5.1305723,-2.005226,-1.2939159,0.5429139,-2.2287607,-0.0134078,-1.2587065,-0.4878015,0.3027379
0.69504607,0.8786531,-2.1580033,0.0016474938,3.6782184,-0.93601406,-0.44368502,-1.3340585,-1.1934807,0.72943044
0.60102046,4.237324,-2.153769,-1.078821,-0.32003826,-2.1595712,1.0581813,0.6958472,-0.49597943,-0.24848127
0.15758896,5.801203,-2.849321,-0.69617295,0.8446175,-3.0548637,1.4902861,-0.31578925,-0.635219,-0.5425841
3.0057306,0.5875216,-0.76043594,-1.164054,-0.9290937,-0.48712927,-0.9623376,0.30023405,-2.4640355,3.0061707
1.3032035,0.0094695315,-0.5560055,-0.48769107,0.1777431,0.07226677,-1.5526749,-0.81800485,-2.5091438,4.4481664
1.6263095,-0.6316674,0.57753366,-1.1536655,-1.3894091,-0.51294214,-1.0120758,-1.1527578,-1.5944599,5.2735004
1.0399078,-2.024975,-0.22507745,0.2825269,-0.09689042,-0.31906188,-0.5996882,-0.11494482,-2.6546683,4.697536
1.2163284,-1.2820057,-1.4101847,0.1347663,0.03689134,-0.00047091022,-0.1869736,1.810456,-3.651864,3.3886938
1.8397815,-0.55214715,-1.4005473,-0.5766495,-0.34269527,-0.3093003,-1.2035886,0.12240269,-3.0373154,5.5176864
1.807437,-0.7076279,-0.9931741,-1.672955,-0.29642722,-0.074332595,0.014027681,0.0051027164,-2.619101,4.6776843
1.2145737,-1.2054627,-0.9502107,-0.2466094,-0.9110719,-1.2192085,0.84812295,1.7216971,-2.7398024,3.589325
0.66334283,-0.6052203,-0.41092557,0.47306135,-0.42152497,-0.2791183,-0.95604265,0.8760932,-2.6784635,3.37158
1.2496995,0.31297287,-0.77766514,0.0030173426,-1.0299555,-1.7671541,-0.27904144,1.2437018,-2.3151512,3.3648841
2.20267,1.2733008,-1.3941443,-0.54021806,-1.417773,-1.0032585,-0.8974222,1.0565343,-2.3216467,3.1929448
3.2416294,0.9423879,-1.7022395,-0.820451,-1.0827547,-1.3475288,-0.64478993,1.1054881,-2.4739985,2.9420383
0.8530066,-1.6918687,-0.6146858,1.4157006,-0.74075687,-2.1088219,0.36883292,1.7116427,-2.663972,3.5060575
3.5019798,0.52783763,-2.0839348,-1.8868164,-1.2316465,-1.7699299,0.4003382,1.4161099,-2.790534,4.131652
1.0404243,1.0341206,-1.3542178,0.19788846,0.37553433,-2.6528773,0.9882684,0.4688215,-1.0567325,1.0176346
0.39529532,-0.72470146,-1.3449731,1.5293517,-1.2597847,-2.2540767,0.44739786,2.7593157,-2.8975759,3.333192
1.780429,-1.3862122,-1.3371937,-0.81468445,-0.8564043,-0.78349525,0.49503043,0.8324306,-3.0280275,5.2438903
3.7231536,-0.4695675,-0.17382535,-1.5755405,-2.425508,-0.6288597,0.35862198,1.2184019,-1.6506594,1.747887
1.622627,-1.1787541,-1.6668223,-0.47974896,-0.45432714,-0.17271334,-1.1160171,0.36160943,-3.456204,6.526619
1.0852026,-1.6154909,-1.3099511,0.30531976,0.15569744,-1.1068535,-1.3713042,0.8069215,-3.870172,6.911901
0.5756122,-0.9085743,-1.6296169,-0.42891356,-1.607817,-2.889376,5.5857463,3.8286273,-1.1228191,-1.4377538
1.4408569,-0.6717499,-1.2273138,0.37355655,-2.7638578,-2.4156756,3.889895,4.5490446,-2.5039425,-0.53077686
1.1266954,-1.2200576,-2.036763,1.4133474,-2.6994264,-2.4951682,3.034526,6.5162954,-3.7634535,0.17815146
0.47092184,-2.282658,-0.57196814,0.9089948,-2.6301003,-1.5270174,3.2654917,4.2810087,-1.3049562,-0.5684513
0.014554715,-2.6883903,1.2599728,1.9557335,-2.526374,-3.7071018,4.3099933,3.0484264,0.025316745,-1.7419859
-0.9317352,-1.8019694,-0.60303885,1.2176371,-2.3398993,-1.4421134,3.8963394,5.2329965,-1.7260364,-1.5335774
2.09145,-1.204271,0.024322212,0.5346422,-3.0926366,-2.1192722,1.9664928,3.8804827,-2.1744194,0.17414731
0.99065256,-1.950397,-0.82618225,1.5393785,-2.5497823,-3.011217,3.6159523,5.148808,-1.857739,-1.0989901
0.4166002,-2.1602626,0.07934797,1.3747916,-3.7093117,-1.5858796,2.6681502,5.104963,-2.4075017,0.2571537
2.4190662,-1.2931256,-0.07926679,0.37123984,-3.5544565,-2.361755,3.0385616,4.078521,-2.09338,-0.39752802
-0.5864913,-2.6277523,0.73395216,1.471391,-2.1093335,-2.3008761,3.5452898,2.7750864,-0.10761246,-0.8405156
1.6165333,-0.84995914,-0.6878748,-0.63399655,-2.6554983,-2.533422,4.6920834,3.5051887,-1.4851545,-0.8295813
3.1299064,-1.0115365,-1.6354527,0.21843664,-2.8890405,-1.6941662,1.2938308,4.5402694,-2.9447045,1.0442897
-0.5381845,-2.3991084,-0.3094172,3.3200097,-2.1159563,-2.705349,2.1228454,5.557114,-2.4394608,-0.47281107
0.88703126,-2.40436,0.06458375,1.8899125,-2.9940255,-3.0852094,3.0946481,4.989345,-1.963127,-0.4505363
1.1547416,-2.0450013,0.701643,0.26837838,-3.8979225,-2.332778,3.6445184,4.044869,-1.1272105,-0.35215777
1.294335,-1.5209899,-0.6729888,1.08039,-2.662363,-2.0285947,3.0720704,4.917096,-2.4128013,-0.9652074
1.0322216,-2.561819,-0.2282229,1.3377331,-2.3312073,-2.9048357,3.165878,4.144198,-2.1484041,0.42573613
2.5452447,-1.4960086,-1.7359354,0.48415592,-2.3159714,-1.0766768,2.005675,4.535052,-2.100165,-0.7108722
-0.6100923,-1.710992,-0.69662,0.88121647,-2.2546282,-2.301538,4.5530534,5.1370845,-1.79211,-1.1852914
-0.8930391,-1.1135868,5.677054,-1.3215015,-3.0621943,1.0256935,0.16518417,-2.3348804,4.1852427,-2.2645864
-0.47022077,-0.8800889,3.8116345,-0.99833626,-2.8087254,0.72393024,0.31333175,-1.4930819,3.6845775,-1.9196367
-0.15437052,0.088548385,3.7662866,-0.7616494,-2.323039,-0.24344915,0.53637445,-1.5518862,3.9359183,-3.2177985
0.70250404,1.2386066,1.5270035,-2.5070553,-2.377018,3.1260278,-1.4703453,-1.1222425,2.3271513,-1.2742215
0.48734948,-1.2932551,4.5420513,-1.3032861,-4.474762,0.11218792,1.8391289,0.26660112,1.9363331,-2.1215816
-1.1390233,0.9823664,3.128108,-1.5712554,-2.537415,0.75542843,0.3268244,-2.3596356,4.9334693,-2.5242264
-1.1630458,-1.5966665,5.4277306,-0.07302157,-2.4227605,0.632943,0.8765069,-1.1974852,3.667338,-4.156829
-0.16762109,0.2298803,2.3461444,-1.8483803,-1.8683602,1.7986782,-0.26039514,-1.7155638,4.4419613,-2.8864472
-0.53822076,-0.94677967,4.172185,-0.5331034,-2.3084946,1.0545654,-0.5144553,-2.4434564,3.9932399,-1.9298807
-0.12669292,-1.1080381,2.4478045,0.38821933,-3.2648563,-2.6069083,3.8819962,1.0367734,0.27178875,-0.92164034
-0.1546565,-0.47933856,4.937931,-1.5061162,-3.675949,-0.15094304,1.4261304,-1.4078375,3.5944037,-2.4751852
-0.9134271,1.606151,1.9983194,-0.78131515,-0.599378,0.66845304,-1.8771144,-2.6580398,4.5817475,-2.0004628
-0.74993587,0.2032226,3.1561627,-1.2407168,-1.4468094,0.71731013,-0.013725225,-2.8109229,4.8392787,-2.6544895
-0.08903467,1.7749664,2.097976,-1.5633954,-1.3650658,-1.1264913,0.8244581,-2.7558072,4.640391,-2.365133
-1.0906852,-0.6681184,4.8283224,-0.8233134,-2.7067661,-0.29370248,0.2893527,-2.5613155,5.6900487,-2.7357748
-0.6167224,0.7080124,1.4826723,-1.9143214,-1.9662222,2.8668451,-0.5554323,-1.0601763,3.8904529,-2.7026656
-0.5642613,-0.58638245,2.972039,-1.4482956,-1.9591013,1.9862719,-0.71438736,-2.0742583,4.304958,-1.9619913
-1.032142,-1.4288355,3.2090573,-0.19235872,-1.2288809,2.5609467,-1.3812007,-0.5742527,2.166216,-2.1610627
-1.4275696,-0.3828107,4.8692827,-1.4255855,-2.5759764,1.4865313,-0.4457213,-2.4493277,4.7262464,-2.3120236
0.6563958,-1.4894189,3.9308834,-1.3914001,-2.1871455,0.70284003,0.40891024,-1.28614,2.1399379,-1.4464735
-0.75841665,-1.3242627,1.9097824,-1.3966665,-0.7381916,4.668007,-2.0683453,-1.4617236,2.043425,-0.8653415
-0.93379515,-0.83106595,3.1564636,0.34344992,-0.7970867,1.2507486,-1.0396519,-1.341956,2.182232,-2.089748
0.4224587,-0.9625622,1.2763664,-1.8656418,-0.20267469,5.055217,-3.137667,-1.3961364,0.5974263,0.2731159
0.5624875,-1.1380525,1.0170255,-2.6405091,-0.8482145,6.393723,-3.2733965,-1.0099404,-0.14719035,1.2041593
0.3161495,-1.9305854,0.6115859,-1.4885597,-0.23399505,5.174081,-2.9006371,-1.1238766,0.13638538,1.4877049
-1.2319736,-1.0357794,1.4404938,-1.9771223,0.5642563,5.8283253,-2.6680496,-1.7935148,1.5192655,-0.601188
-0.15335771,-1.5312144,1.8957686,-2.457262,-0.32946542,6.4295654,-3.5995455,-2.1279252,0.9457451,1.0185071
-0.37246802,-2.0011446,0.6742021,-2.368238,-1.0470817,6.850786,-2.7969697,-0.04364551,0.2485286,0.8708641
-0.32972583,-1.5090526,1.3837618,-1.9559307,-0.84835553,6.336685,-2.8719866,-0.6975342,0.52336407,0.011869423
-0.12381161,-1.8855807,2.1554394,-2.2384117,-1.0938239,6.0881987,-2.7379503,-1.2654158,1.0031393,0.14210823
-0.72600514,-2.4711683,2.4936633,-0.29628626,-0.3873202,3.3792076,-1.9225374,-1.3296376,1.1830924,0.016331926
-1.6148665,-0.8707621,3.3817642,-0.8129392,-2.3579757,2.1501398,-0.6430446,-1.6739945,4.475779,-2.1005151
0.30572772,-1.0853072,0.6526452,-3.060134,-0.77186227,7.141078,-3.0112388,-0.3981404,0.047321558,0.38907856
-0.6470294,-1.6097594,1.3238904,-2.4338143,-1.264351,6.676588,-2.8517497,-0.7920375,0.85952103,0.84514505
-0.7795864,-0.18740648,1.5768697,-1.6758835,-0.3785765,4.641534,-3.2893982,-1.829355,1.9814862,0.012184285
0.43747056,-1.2322935,0.887342,-1.8503274,-1.6230932,4.8216124,-1.8243216,-0.035824694,0.4904343,0.08429032
-1.0424389,-0.5583573,3.173262,-0.3266208,-1.8559526,1.1739376,-1.0276439,-1.6031973,2.359929,-0.27569026
-1.875553,-0.67012596,3.4533083,-0.053274326,-1.6781207,1.7779589,-1.4501299,-2.1210213,3.6818972,-1.1703914
0.29695916,-1.1211848,1.0242482,-1.8896161,-0.82285523,6.002425,-3.2529433,-0.2878439,0.17032152,0.059539042
-0.13090304,-1.3719172,0.3841995,-1.9877808,-0.33517924,6.1383276,-2.9282146,-0.80018926,0.4713447,0.63382614
-1.9102213,-0.073597915,-1.9539418,1.8199744,6.1081395,0.3554192,-1.9879287,-1.36735,-1.1669084,0.027948432
-1.7855811,-0.16519591,-1.9605544,1.3174101,5.6089163,0.055701908,-1.3828807,-1.2964664,-1.3415793,0.7568069
-1.02183,1.2940879,-1.6908612,0.7112366,4.9759283,-0.2479288,-1.3527111,-2.1635711,-0.9022527,0.33554482
-1.961024,-0.15008208,-1.3566315,1.453355,4.8240194,0.9688595,-1.4798452,-1.1211045,-1.0734257,-0.32250324
-2.0667472,-0.4026461,-2.9556937,2.2880313,6.3909454,0.5485462,-1.9640821,-0.9543537,-1.8082492,0.7163456
-2.1466167,0.08710211,-1.8106809,1.440753,5.901459,0.5813435,-2.0046272,-1.8626602,-0.8240553,0.4162891
-1.5602483,-0.18984833,-1.3344646,1.6994689,4.7991304,-0.21054703,-1.4689626,-1.4048207,-0.7709135,0.33555764
-1.8467773,0.0005495176,-1.780503,1.9354339,5.558714,-0.41637772,-1.4164428,-1.3662469,-0.8656875,0.030930988
-2.0535843,-0.51013744,-2.5180523,1.5339044,6.2407684,1.1093377,-1.9904395,-1.092368,-1.3513452,0.38543057
-2.7770588,-0.0040581897,-2.1168652,2.6784708,5.8839626,-0.043809358,-1.4162554,-1.3435166,-0.9796151,-0.1836819
-1.7903956,-0.10763685,-1.8443446,1.0781333,5.6802197,1.186471,-2.436225,-1.9873946,-1.2277907,1.2812419
-2.4549,0.07345467,-1.4820437,0.97951716,5.2912226,0.73233825,-1.6445359,-1.7982857,-0.4918451,0.5764902
-1.4894487,-0.040202312,-2.6647222,0.9158377,5.9445944,1.4376363,-2.2749817,-1.5162041,-1.145007,0.6258113
-2.8215055,-0.1755566,-2.524745,2.7162495,7.0068154,0.12614545,-1.6514314,-1.6525371,-1.3377934,0.0111764
-1.1844956,0.6564846,-2.8820107,1.2616179,5.613911,-0.06655562,-1.003974,-0.91390455,-1.585687,-0.018553443
-2.1152918,-0.19407883,-2.3383355,1.9769896,6.2291045,0.4291142,-1.4921931,-0.91402054,-0.5764327,-1.2405503
-1.256945,-0.70291656,-1.3811067,1.1045886,5.673482,0.3181067,-2.2068412,-2.4010034,-0.5889151,1.2370579
-0.9272449,0.87624913,-2.3069477,1.0309396,4.275323,-0.55789155,-1.2324506,-0.8264942,-1.828381,1.3906658
-2.649088,-0.45905513,-2.3233802,2.5379808,6.2005506,-0.32963356,-1.2535881,-1.3484371,-1.0198629,0.41897225
-2.2302876,-0.20234272,-1.7656754,3.0080152,4.929073,-1.4270998,-0.33860543,-0.8815314,-1.2987858,0.06687128
