0.2507373,-2.1479418,0.84907746,-1.2937863,0.5760998,3.8845203,-0.73430806,-1.3040075,0.78836536,-0.7859304
-0.7068685,-1.8977387,0.7708354,-0.4139377,0.64213234,3.7552326,-0.92469144,-0.5312371,0.93350476,-1.5125605
-0.74962413,-2.8210628,-0.7139823,-1.9005942,2.3737338,5.7037153,0.025657104,-0.02834206,0.39966252,-2.0292313
-0.022320285,-1.7146521,1.3245127,-0.6182011,-0.5722769,1.5915499,-0.47228572,-0.5948593,0.40207162,0.7256112
1.3256425,-3.1363046,0.15578687,-2.9037266,2.6122687,6.5039425,-0.78988916,-1.8886839,0.4544534,-2.0945997
-0.51098645,-3.5251462,0.41087005,-1.8347639,-0.036372557,7.4590034,0.8925709,-0.022119217,0.24565248,-2.815469
1.3415473,-4.573907,0.005175964,-2.6845489,0.5861019,8.851507,-0.3748455,-0.9720263,-0.76774573,-0.93412375
1.2710705,-3.5952764,0.27031025,-1.3468152,0.99159336,5.0654316,-1.3863242,-0.7145861,0.025158685,-0.4337275
-0.90398955,-2.385024,1.1403426,-0.7904056,0.41796666,4.2992387,-1.3786284,-0.26965448,0.7344131,-0.788973
0.061824366,-3.25514,1.4006863,-2.2816787,0.7299503,6.2692075,-1.4940139,-0.7009277,0.8971504,-1.4966925
1.1201651,-2.5781124,-0.3292984,-1.3671931,0.637141,4.1009407,-0.4343226,-0.31846648,0.23356648,-0.95094216
-0.41375172,-2.9990098,1.1182446,-1.9722601,2.7904544,4.7333317,-1.8342366,-1.1307658,1.8220477,-2.0033634
0.848018,-2.6896625,0.8971264,-2.766852,1.8173468,6.6311255,-1.4369864,-1.7738124,0.3880797,-1.7193379
-0.27579117,-2.573732,-0.7157399,-2.835598,3.7925835,7.9699497,-1.0368506,-1.2470207,0.8724706,-3.6666243
-1.145992,-2.3241913,0.47774816,-1.557863,1.8145872,4.7239604,-0.060254034,-0.19684607,1.1374422,-2.703736
-2.6816778,-2.2372167,0.37456307,-2.168572,3.9247112,7.226536,-1.9203582,-1.1072022,0.58396375,-1.6081921
0.057351515,-3.584172,-0.34923616,-1.3864216,0.32792825,5.9039116,0.45558763,0.89492327,-1.1899966,-0.81842804
-0.21863328,-1.4759272,-0.28088918,-2.512107,2.55197,5.474188,-1.2062738,-1.664349,0.539842,-1.1173455
-1.3704731,-2.0599563,-0.282329,-1.6939956,2.1676154,4.1596904,-0.45736694,0.04753243,0.2953961,-0.7301401
0.70609546,-3.5217948,0.34187403,-2.0469756,1.0239882,6.46342,-0.8518927,-0.4980352,0.5578402,-1.9090077
-0.24474053,-2.8810372,0.9432281,-1.381409,1.1405615,5.5476885,-0.81286335,-1.0298797,0.39644563,-1.5324011
-1.1110008,-3.3014333,2.41505,-1.1916662,-0.2479227,7.0549836,-1.7371447,-0.89578575,0.8368145,-1.6409332
-3.3441205,-4.04957,1.5726655,-2.4725466,3.4529715,7.7454824,-0.9878565,-0.8612463,1.6120181,-2.4066339
-0.15701903,-1.9756558,0.7059025,-1.0247176,0.56561,4.860215,-0.77049077,-1.2015468,1.5468779,-2.451834
0.1159568,-3.6495326,-0.60509676,-1.9671055,1.666597,7.870571,0.20045875,0.030648805,0.5210469,-3.8984714
-1.2601529,2.138151,0.9169815,1.539745,-0.20603515,-3.2105713,-1.093617,-0.18967387,0.9211117,0.21093255
1.1469809,2.8003266,-1.6703176,-0.17870542,0.17702411,-4.0113635,0.6709906,-0.24766016,-0.7720272,2.1153352
-0.17449392,1.2745826,0.48312467,0.23624368,-0.0034383312,-3.036837,1.0516043,0.11920381,1.1371704,-1.1850245
-0.7559081,3.1272373,-0.2118861,0.10982485,0.7229289,-2.776817,-0.7985065,-1.0680605,-0.1491553,1.7255766
-2.4154735,3.9429452,0.3962479,1.3467963,0.72033125,-4.4792423,0.9975047,-0.08708053,2.2474155,-2.9246037
-1.7509289,5.682967,-1.1321863,1.2967137,0.8790435,-3.5668695,-0.24970926,-0.76333845,0.689829,-1.1943257
-0.7672108,3.312397,-0.34329906,0.22482646,1.4468683,-2.6224668,-0.269796,-0.8896741,1.5990492,-1.735808
-3.9702373,7.1244617,-1.0057337,2.0585654,1.6183857,-5.466242,0.60428154,-0.4271,1.0683558,-1.7546473
-0.2991969,2.638201,-0.33063388,0.8662605,0.22402282,-3.8921611,0.72222614,-0.25839448,0.18955944,0.069058575
-1.2836847,5.1959276,-0.5928898,1.0811636,1.9037107,-3.9267664,-1.4908056,-1.1757039,1.2178059,-1.0594405
-1.2022697,5.060741,-0.4295714,0.7207657,-0.08167185,-4.9519653,0.7380731,-0.18766332,1.5431874,-1.3925928
-1.2712369,3.131231,0.36007172,1.3236065,0.3120913,-3.8863893,0.72508276,-0.35793394,1.0950519,-1.5541514
-2.0351663,6.5442886,-1.5232491,0.46383536,1.4531842,-4.1599026,0.30374658,-0.96273106,0.098597236,-0.14200985
0.27121663,3.612459,-1.3887447,0.23889394,-0.16956963,-5.176514,2.9452572,0.7426029,0.55669,-1.6194782
-4.209057,6.81695,0.48065946,3.9580293,-1.1861302,-5.3909807,-0.71273875,0.61163807,1.6925765,-2.3255758
-1.0549408,1.9741633,-0.36997125,0.9382457,-1.3443556,-2.683729,1.5075843,0.6421658,-0.41678303,0.6733382
-1.6605904,2.3764596,0.24549292,1.2027723,-0.7484461,-3.8061078,1.4839064,0.87624717,0.7004348,-0.68792486
-2.9543104,4.0665655,-0.32826242,0.7973785,1.0991439,-2.2810833,-0.104511455,0.10191611,1.5589074,-2.1162074
-0.93846333,2.1112678,-1.2455986,0.20279022,1.0712477,-0.9844382,0.7735586,0.31702077,0.36628506,-1.6433673
-1.2215543,4.689707,-0.5910848,0.44934005,0.93778825,-2.846925,-0.37496513,-1.0014118,0.42221975,-0.605146
-5.373654,6.3762965,-2.1951413,1.3314708,3.1085095,-2.886125,-0.86728144,-0.015370987,-0.15790005,0.5838188
-1.944272,5.7924833,-2.031549,0.3804323,1.6694528,-3.2518575,0.9696226,-0.45357966,0.84033895,-2.080423
-1.7839403,2.9026089,0.30063492,0.81811446,-0.5045224,-2.4179351,0.6156856,0.12773943,0.8006035,-0.9352907
-1.8614876,5.1325197,-1.7447019,1.0044711,0.769513,-3.912454,1.4389884,-0.09287172,0.10198263,-0.8602839
-1.4878045,7.404233,-0.5177209,1.0733353,-0.15697418,-5.4697137,0.4627731,-1.7122784,1.0747391,-0.77623826
-0.8072797,-0.6905381,2.48879,1.417933,-1.1923095,-0.4438763,-1.5998538,-0.25948754,1.1206994,-0.1339269
-1.1036911,1.3975599,1.0680062,1.1239246,-0.4058174,-2.1180356,0.08139196,-0.090664975,1.8828365,-1.9244417
-1.3179188,0.9228539,2.161726,0.84379435,0.054947242,-2.5877635,-0.50341666,-0.2979608,3.2217946,-2.7663078
-1.8204768,0.7437139,2.814316,1.628571,1.0348443,-2.3035655,-2.0420604,-1.140922,3.5580652,-2.6332924
0.13193515,-0.9883382,2.1392457,0.24482925,-0.361825,-1.5698125,0.39876384,-0.23180193,1.956099,-1.7934254
-3.3226533,2.241291,0.45292613,0.7329206,1.7190155,-0.5304212,-0.7754206,-0.21234933,2.3714643,-2.7331083
-2.118186,0.5080373,2.2053056,0.8218344,0.0651921,-1.1400924,-0.6411008,-0.35232353,2.5145705,-2.0998256
-1.1192229,0.4056061,2.218394,0.97839636,-0.16261813,-1.8904064,-0.1190439,-0.57627475,2.1598463,-1.9853476
-2.0969312,2.521438,0.10858135,1.1877087,1.2683746,-1.4641314,-0.9152869,-0.10341031,1.7271951,-2.361173
-0.9617003,0.7022427,0.5504903,0.7744964,0.86245966,-1.7552164,-0.43911436,-0.028796218,1.0611657,-0.82624924
-1.6066675,3.7650664,-0.6232285,0.36891907,1.917423,-2.7979553,-0.81475616,-0.7355037,1.1550131,-0.6043911
-1.9583764,0.34336716,0.6908985,0.52741104,2.1359403,-1.2811797,-1.602936,0.08862225,2.4197187,-1.5507814
-2.0621579,2.4021094,0.9438703,0.94356924,0.408929,-1.9151349,-0.119148836,-0.21375346,2.8198452,-3.3986614
-0.40237284,-0.28661287,2.772781,0.7437636,-1.0737795,-1.8603246,0.10451692,-0.46942633,2.8845959,-2.6187253
-2.8638082,2.3070333,2.9447503,2.1956265,0.7345471,-3.077906,-2.407777,-1.0628661,3.1133628,-2.1872818
-2.508482,3.3278208,0.153493,0.8219452,0.32563263,-2.234193,0.5237513,-0.11807629,2.204216,-2.614951
-1.0612805,1.1182036,1.1483296,0.7623704,1.1588708,-1.941406,-0.42651772,-0.4572696,2.7902625,-3.19853
-3.2477903,2.913501,1.0513422,2.098885,-0.2841537,-2.7087617,-1.1155251,0.38558882,1.5489777,-0.7838508
0.17999,-0.3271858,1.2601967,-0.10790998,0.3733197,-1.8119006,0.57437646,0.02660758,2.3316622,-2.6014385
-0.5435588,0.9598997,0.07983461,0.5880015,-0.35543734,-1.8783159,1.1555744,0.39448088,0.85604703,-1.3118371
-2.1075063,0.8489644,1.8398263,1.6187359,-0.033166125,-3.3685591,0.16515845,0.40010932,2.6239524,-2.1646223
-1.811963,0.733652,1.1189907,0.7176034,0.87491786,-2.1584818,0.5650438,0.12729925,2.694012,-3.1207256
-0.6740216,2.0353248,0.16056567,0.12695467,1.7411278,-2.3978975,-0.89262676,-0.92487425,1.7851212,-1.1631848
-1.1091533,0.22301896,2.0779662,1.4211727,-0.9268343,-3.4989674,-0.1640891,0.43882748,1.9237343,-0.6185887
0.33207113,0.29368323,0.7293523,0.5259156,-0.056945384,-1.6866963,0.08795673,-0.21997052,1.4545982,-1.5840038
-0.23216422,-0.89040726,0.60207295,0.6439704,-1.7864336,-2.0537515,2.6659157,1.3081633,0.8262287,-1.0752106
-3.304745,-0.116021365,2.1046047,2.8654363,-2.1751416,-3.2946355,1.4647813,2.362579,1.543966,-1.645563
0.14205776,-0.3413692,0.009923891,2.0138142,-2.2818413,-4.0332184,1.9003617,2.6803358,0.12672436,-0.24323148
0.26259452,0.87461823,-0.41956767,1.1101179,-1.5764667,-3.5346048,1.3133528,1.3991135,-0.33243862,0.8115983
1.7598114,-0.8098715,-2.3433363,-0.18336698,-1.8364301,-1.9478209,4.328678,2.0196502,-1.742581,0.90598744
1.2451426,0.9193596,-0.7091653,0.5803884,-1.6785438,-3.2435484,1.9565625,1.0983135,0.08255338,-0.2780308
0.70668864,0.30348063,-0.54023904,1.6688384,-2.3970718,-3.5375597,1.224837,1.7161306,-0.9731276,1.7932055
-0.8461049,-0.6910495,-0.14664835,1.4124135,-2.6384997,-3.322747,3.7998643,3.0011363,0.1905577,-0.7830706
0.21802327,-0.12697928,-0.2353309,1.0068089,-1.800027,-2.954826,1.5615549,1.5035721,-0.41647136,1.1887108
-0.027647108,0.061371222,-0.5465023,0.28650075,-0.10568097,-1.9387903,1.7199209,1.0263122,-0.18027617,-0.23306751
-0.94676065,0.22504832,0.43226376,1.6054188,-0.4513213,-2.7120311,0.7065536,0.80800265,0.5403523,-0.36166963
-0.35637063,0.33071887,0.3071268,1.4440526,-1.8535185,-3.4204595,2.330207,1.7829068,0.19203226,-0.85282326
-1.8095417,0.7904756,-0.7193958,1.5868834,-1.7153587,-2.7041461,2.4854326,2.0710363,-0.24132244,0.17432699
0.12338059,0.079142116,-0.6786512,2.4836047,-2.163837,-4.6103415,2.2466424,2.8543036,-0.5159203,0.059038572
0.5783981,-1.6845552,-0.29302573,0.245701,-2.4561837,-2.3042839,3.709084,2.1771896,0.029152613,-0.017933168
2.1117187,-0.8195434,-1.0313227,0.2841668,-1.8714994,-2.7720265,1.4357349,1.3590823,-1.41585,2.7135935
-0.9674554,0.19640942,-0.12729552,1.7778393,-1.9675393,-2.1973085,0.90477794,2.1609986,-0.19543117,0.3614095
0.6835027,-0.5526638,-0.559099,0.78355974,-1.8057069,-1.796185,2.6540983,1.7802371,-0.5841692,-0.57602596
1.3047508,-1.1068937,-0.586088,-0.11363806,-1.6432605,-0.57213235,2.386664,1.0157466,-0.87348115,0.21855295
0.7597715,-0.28029042,-0.046673663,1.525972,-1.7970427,-2.9735026,0.8924056,1.432719,-0.39364886,0.80995286
2.1584272,-0.45168358,-1.543118,-0.043752983,-0.35637373,-2.8077247,3.0862567,1.4039947,-0.21317433,-1.1811658
2.8613672,-1.3119042,-0.9919601,0.15700842,-2.0505617,-2.4475977,2.6615608,1.3702846,-0.8861985,0.71020126
0.7796589,-0.64673394,-0.44976547,1.2780858,-1.8823442,-3.7983978,2.4844685,2.3378055,0.28270644,-0.5234033
0.23508762,0.23802002,-0.8036971,0.7716065,-1.5136485,-4.312003,3.676099,2.1843991,0.5511377,-1.1139086
-1.9220757,0.24131905,-0.5482271,2.0048614,-1.6793967,-2.4626102,1.7780501,2.7193754,0.07567433,-0.24066556
3.4975219,-3.8588517,0.030415908,-0.7669154,-1.4492607,0.95835537,1.6523157,0.9792878,-0.19725792,-0.82291985
4.0710964,-2.5640187,1.1131892,-0.20390661,-2.1817868,-2.8813155,1.1130311,0.182542,0.72752184,0.5109942
2.6392252,-1.7871454,0.36082765,-0.23931201,-0.25898188,-2.3211281,0.64882,0.448758,0.71684074,-0.25043076
2.8754418,-2.002427,0.48901615,0.47773856,-2.1152024,-1.7220421,0.45416328,0.54651946,-0.65844005,1.5634543
3.58585,-2.4433773,0.6727965,-0.7910398,-0.3617016,-1.4541943,0.733972,-0.61775297,0.34548932,0.2957841
3.0812445,-1.6590109,1.7023973,-0.014151283,-2.1924067,-1.9234233,0.6176129,-0.21082467,0.7044779,-0.26674613
3.5888095,-1.7512375,0.87201804,-0.6216361,-1.0741171,-1.0015451,0.34420604,-1.0093821,0.12850596,0.47801816
1.6136256,-1.49669,1.1718669,-0.19434442,-1.5922061,-0.22234431,0.15331602,-0.5306484,-0.0441687,1.1253272
2.6381998,-1.2397332,-0.8521814,-0.49080765,-1.0266008,-1.1744685,0.6704668,0.4454971,-1.1809534,2.2909548
3.2556818,-1.6395389,-0.38554302,-0.26562,-1.003646,-2.3647609,1.0536582,0.7354302,-0.31434435,0.90836
4.042755,-2.089606,-0.18192248,-0.6910354,-2.6710956,-1.2003984,2.439607,0.7464612,-0.31668028,-0.1325905
0.34701648,-0.17576657,1.7997575,0.7495747,-1.1599168,-2.7461221,0.100407675,-0.28490788,1.5968812,-0.37502706
0.5530895,-1.501652,2.7603624,1.4219867,-2.5685685,-0.49235034,-1.1687009,0.033400185,0.66947496,0.1667906
2.1526575,-1.7081403,0.2580736,-0.72829044,-0.75259316,-0.30882227,2.1766226,0.2562657,0.54889977,-1.9383515
1.3088288,-1.2994214,1.5269637,-0.5446666,-0.42326683,-0.7739116,0.595381,-0.2758804,1.4542472,-1.6416527
1.3216863,-1.2904624,1.3643732,0.21882136,-1.4145592,-2.8005724,0.856343,0.49664456,1.172438,-0.014347829
4.318219,-2.5266056,0.9946376,-0.54421663,-1.5296276,-2.1207078,0.66119754,-0.43556207,-0.15938284,1.2854196
1.5781302,-0.8931405,1.8724473,0.08059098,-1.0347985,-0.8390461,-1.0148716,-1.0480579,0.6880655,0.46185142
4.216058,-1.9057294,0.7185783,-0.7093294,-0.44440174,-1.2444351,-0.6125405,-0.78916115,0.47435597,0.31586283
3.9471893,-0.91841644,0.79610115,-0.8801071,-0.42621166,-2.7926254,0.5793833,-1.1194135,0.3231551,0.34243762
1.0128922,-0.9060921,0.29321018,0.6763719,-0.712077,-2.719337,1.0356901,0.7151689,0.36897677,0.22759056
2.518098,-0.9339457,-0.51282334,-0.32786155,-0.039098248,-1.7595501,0.81659746,0.25574306,-0.23859103,0.264469
4.3748784,-2.314037,-0.12111576,-0.8111185,-0.86030084,-1.4660277,0.76701444,0.16800553,0.113586195,0.104477994
2.13676,-0.8543789,0.7249898,-0.21564837,-0.40462792,-2.2732277,-0.37089235,-0.5532685,0.2982706,1.4369994
-0.11328323,-0.7640956,1.1098454,0.7273642,-1.4440511,-2.4465358,1.6729107,1.1347381,1.1169605,-1.1150959
2.882581,2.166369,-0.82656837,-0.821302,0.7818195,-2.705321,-1.1962491,-1.8168522,0.07961754,1.371409
1.5725403,-0.091039225,-0.17755629,0.525494,-0.55740243,-2.5649736,-0.03011742,0.2787362,-0.6029503,1.5844247
0.90781015,0.97301143,0.985654,-1.0844922,3.0465496,-1.9565022,-1.7462701,-2.1767256,3.0829983,-2.241905
-0.12268554,-0.57647324,0.1138279,1.2422402,-1.3266984,-3.2893174,0.5166197,0.65773785,-1.1591393,3.8743927
0.15756686,0.83973,-0.47880414,0.7869441,-0.10398455,-2.5553827,0.42630565,-0.28852275,-0.42310742,1.6968559
0.55102736,0.5194187,0.99252045,0.8252949,-0.048865005,-2.7183623,0.029445263,-0.5367186,1.3350089,-1.0857583
0.47281778,0.89089936,1.27653,0.24874078,0.4489513,-2.5016994,-1.153894,-1.199946,0.9951829,0.38187277
-1.4709392,-0.4439661,2.0520747,1.3209244,-0.34266973,-1.5594332,-0.7852701,0.17013595,2.1782463,-1.3085299
-1.3697112,-0.27635503,2.0613818,1.525601,0.8833463,-3.400132,-2.558788,-0.3980976,1.4005877,1.8880067
1.8979393,0.59108794,-0.39147666,0.10417539,-0.27094448,-2.6812298,-1.4929898,-1.1077996,-1.0540673,4.38427
-0.6682488,-1.5273039,1.4064267,1.4546546,-1.2051822,-3.1020954,0.7153489,0.9738186,1.2796881,0.49114886
0.47493798,1.0066973,-0.4878858,0.7478178,0.42916602,-2.5312855,-0.68902516,-0.26059464,0.18329848,0.98075694
-0.24039261,-0.059824258,1.7473465,0.45701545,-0.26877284,-1.1185353,-1.8631673,-0.67316854,1.4712192,0.43525875
-0.7621118,-0.06328021,2.564359,0.620725,-0.41953045,-0.6492831,-1.8156475,-1.0913814,2.2991972,-0.8554859
1.0335356,-1.7925496,1.4368259,-0.43877357,-0.12173465,1.8826149,-1.3518257,-0.88661337,0.5913774,-0.33931202
1.6515151,-1.1527836,1.5925322,0.4282592,-0.89254856,-2.2302384,-0.8119023,-0.70368576,0.6862832,1.3119926
-0.7815224,-0.7187849,1.6446929,1.0059367,-0.15592897,-1.2571752,-1.8555906,0.14715987,1.2715095,0.60287666
-1.3925065,0.17459236,1.6180308,2.0447035,-0.9286742,-3.1963756,-0.46189848,0.80371135,1.7716347,-0.59722525
-0.08076142,1.7147195,-1.3013042,0.95634085,0.40401465,-1.9033165,-0.6862203,0.31966108,-0.928002,1.4889799
1.1988604,-0.9501938,1.3473041,1.1767498,-0.8751807,-2.616486,-0.6926896,0.0826111,1.2915616,-0.11697752
1.2237211,-0.088255405,1.4692628,0.56884,-0.4274503,-1.9075289,-2.462394,-1.8350912,-0.2534544,3.5991232
2.1155155,1.217159,0.4816205,0.4983096,-0.13808955,-3.8695383,-0.7238688,-0.79789114,1.7855605,-0.8039411
-0.40382522,2.0650864,0.94364375,1.9069308,-0.2702513,-4.6674337,-2.2248142,-0.7383183,0.9183664,2.2694497
-2.186722,0.82969445,1.9421809,2.1280117,0.038376495,-3.5078547,-1.8976781,0.30426988,2.4560866,-0.33621523
-1.7693392,0.8076708,2.1898494,1.8185977,-0.47416842,-3.0923946,-0.9295208,0.3943836,2.4168768,-1.6809987
-2.0548453,3.1198995,-0.068190165,1.2232803,1.1260654,-3.3362782,-0.20109694,0.07765711,1.4282277,-1.4456258
0.21639512,3.6439977,-1.6590186,0.16803508,1.8125318,-3.55815,-0.7362532,-0.69621074,0.19740634,0.46367365
-1.6031151,2.6175997,-0.24826185,0.9708902,-0.24996825,-2.2057807,-0.04471753,0.5304,0.08918423,0.08710288
-2.2042124,2.9932945,1.1296561,1.058868,0.45475066,-2.5372334,-1.1445849,-0.6741745,1.7551146,-0.84991777
-1.7175188,4.5612636,-0.28087303,0.8647433,-0.47458804,-4.8404903,1.4985148,-0.030496709,1.0552379,-0.7509233
-0.3973217,3.1373408,-0.47909328,0.3739494,-0.83733124,-2.4735518,1.2284224,-0.15607744,0.31215936,-0.6980169
-1.6717923,3.0444553,-0.9927798,0.6669195,-0.24823369,-3.7357292,2.799772,1.0695056,0.96203387,-1.968656
-2.0259316,4.175025,-0.103003204,0.77999586,1.2922747,-2.6606143,-0.23360626,-0.8385717,1.8497101,-2.298
-0.5858741,3.2828486,-0.62229747,-0.41319716,1.1935447,-1.4313741,-0.6520009,-1.0433615,1.1032803,-0.9016565
-2.1964343,3.8291576,-0.5011979,0.2181728,1.8695089,-2.3854496,0.21209955,-0.42840928,2.0510087,-2.7730615
-3.4479537,4.8580847,-0.07789035,0.9778043,1.6734926,-2.9099858,0.53613186,-0.39190462,1.3720772,-2.6281185
-4.246187,5.528016,-0.8999497,1.4078325,2.1317084,-3.8305295,-0.6060595,0.24640173,1.3725272,-1.3068155
-1.147069,1.8090034,0.26014134,0.18012837,0.6839795,-2.7712097,0.82075536,-0.14269257,1.8499125,-1.6679873
-0.7408807,3.1870458,-1.1780288,-0.022462025,1.3187405,-3.241334,1.2095896,-0.4953425,0.8044971,-0.8309033
-2.3489957,2.5136566,-0.06910506,1.2232137,0.5091913,-2.2166395,-0.20581016,0.36588335,0.85483444,-0.6957643
0.16985162,1.1594319,0.35977104,0.1283945,-0.3604861,-2.253554,1.7454028,0.2236746,1.7637649,-3.0854206
-2.3064985,5.487459,-0.54983705,0.27562988,2.123827,-3.8187108,-0.5285969,-1.0749772,2.3994708,-2.2364204
-1.3021213,2.6245244,-0.1176364,0.6533908,0.81755245,-3.5085511,0.97759795,0.14043462,1.8867565,-2.2522285
-0.06656098,3.2531812,-0.6800166,-0.17650034,1.4894917,-3.0047262,0.19786361,-1.0315782,1.1633358,-1.2144129
-0.87008977,3.3381035,-0.5705102,0.07971282,0.84605795,-2.2909024,0.52430344,-0.40002537,1.2002658,-1.9363753
-2.0386844,1.5189794,0.92039806,0.9630101,0.7975007,-1.3983681,-0.5439714,-0.28052634,1.3327373,-1.3181307
-3.1231284,5.300544,-0.5987286,0.51678985,2.0162098,-3.53312,-0.15235932,-1.029193,1.5698634,-1.076178
-0.81043243,1.0038027,-1.5702219,1.1759874,-1.4262029,-2.7949283,3.3167918,2.45515,-0.86757606,-0.4242676
-2.8961005,2.4624624,-0.063154,2.6605036,-0.82784945,-4.377338,0.18596321,1.8113742,0.6656662,0.23340687
-1.1986532,0.3074563,-0.25616166,1.9281672,-0.8951262,-3.2610538,0.55134654,1.9717245,0.6361786,0.093737535
1.7467365,-0.40584016,-0.92727757,0.43276852,-1.5209574,-3.4814966,3.2159464,1.2714369,-0.6288008,0.21603236
-0.44674367,0.36977792,0.21133503,1.6184021,-1.2634226,-2.9384446,0.9823289,1.4079841,0.79379076,-0.9024776
0.03996209,1.3158841,0.4087172,1.0738729,-0.9622041,-2.498965,-0.50146943,0.0071741715,0.5768287,0.4219516
-0.94610965,1.2016596,0.17377318,0.6433125,-0.46153134,-2.749507,0.92974895,0.41342,0.813746,-0.11345697
-0.39786965,2.0960991,0.047981963,0.9739683,0.14337109,-4.0977535,-0.09440091,-0.1168144,1.1619083,0.114022784
0.87299025,-0.32905716,0.25270903,0.7009353,-1.2853297,-2.2802866,1.3925211,0.8096353,0.6529762,-0.7943001
-0.31886858,1.5679462,-1.2475533,0.8314143,-0.43673074,-3.8561375,2.0658464,1.9705979,0.15013736,-0.8121691
0.6462933,3.3942618,-2.1171083,0.13384406,-0.29221195,-5.251206,2.9619596,0.7568278,0.013346534,-0.40226132
0.0066728443,1.2114142,-0.914378,0.042643026,-0.22717641,-2.1850102,3.6340177,0.6117037,1.5474502,-3.7551067
-0.79235363,0.14968757,0.40008953,0.94755334,-1.2282455,-3.01564,2.805866,1.3465203,1.2528166,-2.0406272
1.0854073,1.1088078,-1.2779585,0.12923275,-0.6064966,-3.0799036,2.4964037,1.2207972,-0.20799373,-0.8108965
2.3321588,0.066798516,-1.0804404,0.5402093,-1.3870834,-3.7124074,2.3729541,0.9969522,-0.44379354,0.31943655
-0.74480903,0.016259305,-0.13366228,1.9442635,-0.8567766,-2.8641407,1.094979,1.8305991,0.6063367,-0.9268553
0.46454275,0.68490094,-0.59689665,1.2531959,-1.1304651,-3.2648542,1.2425058,0.8178641,-0.21238275,0.6913941
-1.3070629,1.2525289,-0.7174532,0.8414096,-0.9407023,-2.7016034,2.2604034,1.3711283,0.06704306,-0.1945447
-1.183131,0.105498984,-0.2101918,1.139544,-0.34197342,-2.0553217,1.724237,1.1643362,0.28557026,-0.66141933
-1.2332189,1.785591,0.8572998,0.7752302,0.27180356,-2.2893858,-0.868079,-0.68371874,1.0735623,0.2028152
-1.108044,0.56725526,-0.38437748,1.4295638,-1.8688166,-2.811856,3.0867894,1.9037333,0.2718062,-1.148236
0.13229172,1.5249369,-0.96437836,0.3316967,-0.8195534,-2.2799754,2.3768687,0.48353153,-0.11030127,-0.6659336
1.2091753,-1.0764637,-0.7575255,0.5272674,-1.5896491,-2.2945883,1.8561857,1.3373358,-0.3732891,1.1204934
-1.4506879,4.551962,-0.534435,2.3534966,-0.19926979,-6.093432,0.6008101,0.66877675,1.7299279,-1.8628101
-1.5465603,1.818454,-0.53418046,1.131109,0.6755874,-3.3869188,1.7869587,1.047544,1.6754459,-2.7615745
-0.9897499,-0.34981275,1.6883545,-0.8621164,2.7361681,0.22656202,-2.0993793,-1.3557492,2.4228835,-1.533481
-1.0073198,0.37238717,0.85682815,0.38963747,0.977389,-0.73154163,-1.8044207,-0.47966903,1.1300355,0.18418697
-1.0481287,1.5958817,0.931633,0.7978738,0.14395766,-2.0489924,-1.0863401,-0.2552551,1.4199458,-0.65138394
-1.1091713,-0.13031225,0.74997264,-1.3880327,4.166843,1.4799731,-1.4438839,-1.6941882,3.1341896,-3.728414
-2.085755,1.3386405,1.0497086,0.55306095,2.377104,-1.2841222,-1.9455236,-1.1469113,2.076269,-1.0987175
0.41078514,-1.7048228,0.825198,-0.38597584,-0.1702749,-0.08131321,0.13868979,0.08695633,0.52348447,0.35091814
-0.98942137,0.35377598,0.42765757,-1.0087004,3.8489625,-0.31876656,-2.4738016,-1.2335802,1.7947408,-0.5670563
0.10780962,-0.29593754,-0.5603921,-0.39220178,2.6941986,-0.56064415,-0.97452104,-0.42609954,0.44841465,-0.08993592
-2.4275255,1.738493,0.92192,0.049779706,3.1180875,-1.8095217,-1.2045796,-0.63714606,2.6946466,-2.6582594
-1.1170437,0.61841613,1.033846,0.47869688,1.6203517,-1.8489294,-2.4570086,-0.6736584,1.1740338,1.0694067
-0.5693175,0.1457944,-0.6882015,-1.0134022,4.5265813,-0.6741248,-1.0876558,-0.94123954,1.426913,-1.0917977
0.09274174,-0.04102066,-0.4380045,-0.08682527,1.2604173,-0.68993056,-0.757113,0.0063527822,0.24488351,0.33576792
-0.54984313,1.840195,-0.89625746,-0.9924398,4.536687,-1.3338008,-1.4723065,-1.2140256,1.2910122,-1.2341701
-2.3954935,1.5667369,1.6057228,1.4878346,0.43641078,-1.7816916,-1.3650466,-0.4027554,1.5986018,-0.8510042
-1.9715679,0.9459078,1.127175,-0.16456904,3.1337729,-0.6877173,-2.2171252,-1.0906008,2.447004,-1.5936347
-2.736546,1.5244551,0.7935335,1.0980403,2.9015684,-2.0026264,-1.8417671,0.08037732,2.0888474,-2.063396
-1.1249666,0.7048772,0.31941327,-1.4528229,6.2150707,0.75614446,-2.8839643,-2.1337326,2.9195044,-3.4564302
-1.8698156,0.46065784,1.9211895,-0.79016215,2.758699,0.30127674,-1.637132,-1.3333138,2.3921437,-2.28011
-2.2681415,0.30614382,0.72752005,-0.33954078,3.0843287,1.0299933,-2.0492663,-0.79915303,1.8126203,-1.5307622
-1.5186118,-1.3631592,1.6794184,-0.8757169,2.2754474,0.43877178,-0.9496019,-0.96577924,1.6218284,-0.35610998
-0.82264435,-0.13652994,-0.039676502,-0.72903115,3.74605,-0.31077188,-0.40907997,-0.70552146,1.3957424,-1.9630343
-1.4831219,0.29389393,0.105079666,0.36628073,2.7435899,-2.1600487,-1.932115,-0.2977452,-0.3490185,2.6697352
-0.56541294,0.29762864,-0.72359157,-2.919322,7.024416,-0.8366732,-1.4252019,-1.3795792,2.2191381,-1.7055594
-1.8412282,3.2334607,-0.16525976,0.29322702,2.8801932,-3.063942,-1.2510061,-0.8320262,1.3206611,-0.67826515
0.6673629,-0.5471538,-0.051998734,-1.8785361,2.5918746,0.6400701,-0.3049681,-1.2687576,0.83245456,-0.64661705
-1.0022869,-1.107592,0.046191588,1.4423307,-1.6917156,-2.8005357,3.815363,2.9348674,0.952537,-2.6923187
-1.092536,0.03683257,0.08315684,1.8119613,-3.7445936,-3.0804732,3.7634735,2.6068819,-0.1963519,-0.17609632
-0.5967308,0.14058466,-0.3151544,1.1494544,-1.8123518,-2.5116074,4.6015415,1.9330395,0.36540523,-2.8737996
-0.21858431,-0.39720064,-0.4779548,1.2369756,-1.1172215,-2.091843,1.1070185,2.0886571,-0.34667277,0.22612941
0.80703676,-0.3381955,-0.8918504,0.8107005,-1.9978498,-2.166726,3.1205614,1.8697213,-0.29294166,-0.9009466
-1.2356416,1.0697895,-1.1184566,1.7728012,-1.7129972,-3.4899497,3.4052196,2.6165872,-0.2660879,-1.0253295
-2.7184448,-0.63554335,0.57572,1.7204795,-1.8209314,-1.9531312,2.7451499,2.6861649,0.47490335,-1.1603968
-1.3090608,1.1973543,-1.3639297,1.964807,-2.0058484,-2.7375753,2.3921869,2.9506748,-0.30116853,-0.8529104
0.775155,-0.9416837,-0.8977429,0.14374176,-1.0894897,-1.107819,3.0129836,1.3709265,-0.58199835,-0.619403
1.1190546,1.1689069,-0.6004079,1.6641661,-1.5263455,-4.3217463,0.9114855,1.2795072,-0.10714819,0.27415743
0.6846604,-0.94481236,-0.36198768,0.4714089,-1.0790634,-1.701796,2.0062122,1.2425921,-0.011045117,-0.2805825
0.108275995,0.6365369,0.060018286,1.318811,-1.0951047,-4.0496984,1.6271129,1.0390359,0.4987699,-0.29840997
1.7717255,-1.9394754,-0.17407344,0.65337354,-1.6724657,-2.4342406,3.0200708,2.200303,0.19371542,-1.6166228
0.7951543,-0.1520444,-1.0021117,-0.39023614,-0.7440587,-1.6312618,3.42749,1.3170981,-0.36383677,-1.1361829
-0.18621327,-0.99648076,0.22453763,1.2356557,-2.3977654,-2.2397952,3.1397007,2.106543,0.57379466,-1.4968321
0.6390145,-1.11424,-1.0632273,0.9199067,-3.698597,-3.2474601,5.5906754,3.2871559,-0.71351683,-0.62444854
-2.259929,-1.3510292,1.4374727,2.436501,-3.2041397,-1.8370178,1.6719633,3.115967,0.7677755,-0.94676745
-0.23484577,-1.1741134,0.59920335,0.98453605,-2.3213665,-1.4064655,3.04052,1.6462909,0.72472286,-1.9388615
3.128378,-2.4553847,0.14343111,-0.29259568,-2.3691998,-2.5311801,3.5726292,1.1671224,0.09902223,-0.4866091
0.6246304,-1.6793399,0.38998973,0.56419116,-2.419745,-1.9639604,3.47768,1.5570756,0.37366325,-1.0112195
0.6439172,-0.6851167,0.1355661,0.20684357,-2.1816797,-1.4909339,2.3003027,1.248007,-0.11595369,-0.081434436
1.0571735,-2.8847563,1.5440216,0.14792119,-1.4883958,-0.70433885,1.9189236,1.1155958,1.6266927,-2.416129
2.223134,-0.7397961,-1.2058218,-0.23122688,-1.468517,-2.678842,3.7464228,1.4541076,-0.21743965,-0.8508564
0.86545587,0.0364711,-0.83817077,0.09712973,0.114709094,-2.8098786,2.3964036,1.0964208,0.4331752,-1.4372504
-0.85135245,-0.7558268,0.67575175,1.6595988,-1.4853126,-2.1035147,0.84812856,1.3913208,-0.061022405,0.5927285
