-3.5145004,-0.97336996,1.559472,8.018454,1.0990779,-2.8742971,-2.2332842,1.5655555,-1.4100925,-1.0416821
-3.5057838,-1.3034253,2.5511298,6.2677774,0.5356494,-2.5846376,-0.64672965,0.6780569,-0.5074959,-1.128997
-0.4623926,-1.5023793,0.43499562,5.5669227,-2.7271588,-2.1357725,-0.41081625,2.0707169,-1.1516209,0.4504799
-4.8323455,-1.4319402,1.7092384,7.102478,1.3039615,-1.6697515,-1.4915072,1.1951182,-0.38912544,-1.4816548
-3.3877728,-0.5355915,2.340873,8.298708,-1.3738325,-4.744845,-1.2943834,3.2383547,0.27814373,-2.6273217
-2.3201578,-2.542157,0.92350006,7.8560753,0.528305,-4.0521097,-0.80218357,3.2088246,-0.9672246,-1.7533878
-3.9253995,-2.056643,1.2269412,7.3287086,0.61964923,-3.6297145,1.5234896,2.8015347,-1.1927807,-2.564221
-1.5273265,0.10021928,-1.029801,5.0312014,1.6589453,-3.5799565,-1.5369049,1.4465865,-1.0535946,0.5604389
-2.9749167,-0.6270337,1.4261377,7.5879393,-0.16872013,-2.6592753,-2.519006,0.79913783,-1.7034107,1.0309267
5.971417,1.3058517,-2.3576503,-0.8394694,-2.3505232,-1.9400755,0.8034758,1.0976522,-0.3560157,-1.4834878
-3.244335,-1.3056252,0.1445146,6.011303,1.0652101,-2.2160249,-0.84237766,1.5261486,-0.2463291,-0.9294374
-2.843263,-0.61696553,0.2791336,7.629075,0.85422045,-5.181687,-0.55916387,2.0835514,-0.4498714,-1.0266076
-2.425076,-1.1881765,0.8075988,7.0366697,0.22680113,-3.1784682,-2.4686868,3.0524836,-0.39018685,-1.5165478
-1.6369722,-0.033496037,2.0973825,7.3399963,-1.3743968,-4.581324,-0.9822904,0.33693057,-0.7384483,-0.24802935
2.6793096,-3.135657,0.059964467,0.12580499,-2.088043,-0.20927227,1.1698561,2.4013882,-0.27194884,-0.8996345
-1.9099715,-1.6080865,1.6145569,5.700911,-1.4455376,-4.15383,0.5310146,2.009502,0.18718919,-0.9277866
-2.9408424,-1.1950758,1.775138,5.7829213,-1.0012085,-2.6208408,-0.54831785,2.19729,-0.68958,-0.63270175
-4.465661,-0.035811454,0.29020885,7.2959995,1.9671736,-2.3975291,-1.496404,1.5342959,-0.93542767,-1.5982218
-2.4420712,-1.1965357,-0.59676236,7.0412226,0.5789003,-3.4492836,-1.1531307,3.2520242,-3.0079308,1.0775659
-3.9493916,-1.8984381,1.7298542,7.516782,0.535017,-3.2322261,-0.419501,3.0037694,-1.4269446,-1.768907
-1.4478338,-0.91090167,0.7474711,5.5219917,-0.9082386,-2.316905,-1.6146089,1.9157866,-0.007286042,-1.0365922
-2.378164,-1.2451994,0.6123834,5.577721,0.90045196,-2.6177018,-1.6496288,1.8302964,-1.4042791,0.59489393
-0.74379146,-1.6323408,-0.1302555,5.2006598,1.0401876,-2.4208136,-1.4051986,1.9164454,-1.1711318,-0.67160463
-2.3895462,-0.436227,0.9931655,6.197303,0.12742016,-2.9590478,-1.8581691,1.152794,-0.52576125,-0.20085496
5.187949,0.46043977,-1.6938865,-0.7611478,-0.6666122,-1.2330217,0.623851,0.3797183,-1.054147,-1.2147086
-1.6964122,0.29471537,-0.26586258,7.3802185,0.64254063,-3.8754065,-3.2676244,1.119699,-1.4428093,1.3166943
-0.52787364,0.20116094,-0.0057815127,4.7872987,-2.2981646,-2.032082,-1.2277154,1.5546299,1.505823,-1.7575344
-0.044532686,-2.056807,-1.0224502,2.5910022,-1.6819782,-1.6358085,1.8231062,4.613804,-2.4947262,-0.08129114
-1.1791396,-1.3021057,-0.7900114,3.6404083,-0.4585914,-2.9369946,0.79051846,3.4748883,-0.07645059,-1.0376912
-0.74361897,-0.21487103,-0.23300909,4.4892635,0.30253455,-1.9536098,-0.79536015,1.4059584,-1.0550996,-1.0921215
-1.0576769,-1.1812972,0.6741574,5.1180277,-0.96854395,-2.5089102,-1.8530124,1.6835604,-0.4604905,0.48681837
-1.5258613,-1.8472646,1.7579023,4.2304473,-1.723448,-1.0254017,-0.018530935,2.1233172,-0.096933305,-1.8388451
0.8383912,-1.8508325,1.8253081,2.9908245,-2.5335305,-1.3910238,0.825733,2.0873237,-0.80581,-1.8903424
-0.11472759,-1.254815,0.32065675,2.877435,-1.3581903,-1.9543213,-0.503982,2.2233706,-1.2527617,1.0475214
0.070001215,-2.6356223,-1.4844135,-0.18133733,-0.03654124,-1.7639507,1.764859,4.2770057,-1.0135916,0.9226578
-0.9283886,-1.1934354,0.6527116,3.6072433,-2.9054916,-3.3212242,0.988,3.2330317,0.20566157,-0.43219244
-1.7901733,-2.6434832,0.97586226,2.8341427,-0.62541467,-0.16976205,0.59025353,2.391395,0.017968804,-1.7558206
-1.2819787,-2.2410474,-0.3125349,2.265426,-1.3028779,-1.6351837,0.17589913,3.3642926,-1.4694453,2.3494353
-1.8221805,-1.3172147,0.41477212,5.037847,-1.1257043,-3.0054252,1.1365892,3.292954,-1.1645329,-1.376979
-1.7331605,-2.1141593,0.122735664,5.801337,-0.15311599,-3.6667476,1.0479265,2.7389793,-0.40764132,-1.770162
-4.034202,-2.4522047,2.416598,6.650766,-0.052787244,-1.3664474,-0.83590174,2.1531506,0.1521782,-2.7834907
-0.32763973,-1.3342929,1.8280119,5.2591896,-2.0524642,-3.4618378,0.24756412,2.4093537,-1.7384539,-0.8344027
-1.4514581,-0.7904799,-0.1684805,3.784908,-1.461993,-2.0103471,0.44624454,3.1996317,-1.6964371,0.13342115
-0.8882216,-0.47995722,-0.0005274825,3.8567343,-0.5117043,-3.3464937,0.7911262,2.5111885,-1.1741996,-0.64092326
-1.6579211,-3.621747,0.97331715,2.9291108,-1.6950977,-2.698669,2.1991503,4.8184414,-2.1925733,0.94545877
-1.4923885,-4.4099092,1.4908403,2.125332,-0.8143597,-2.2623825,2.1335442,5.1508064,-1.7662666,-0.4265114
0.053516477,-0.8630518,0.40047035,4.8117304,-0.65297514,-2.040581,-1.5427006,1.3144282,-2.7453003,1.3403622
-2.0969226,-1.9057592,0.086200014,3.9480402,0.26652464,-2.1704907,-0.5035328,3.2113495,-0.11812356,-0.52521193
-1.0608132,-1.3849888,1.5199728,3.2670991,-1.4435992,-1.7823695,1.2053918,2.0954967,-0.31873745,-2.036736
-0.23250231,-3.3828912,2.170242,3.3049676,-1.5807827,-1.5267454,-0.09371315,1.9360691,-1.089799,0.5354022
-2.8437078,-2.3783014,2.8059545,3.7449543,-2.0765285,-1.5087494,-0.03844042,2.473867,2.3755784,-2.4557443
1.0782331,0.47087172,-1.1044805,-0.92498523,-1.6824841,-2.5427828,5.2309256,1.5772992,1.0332888,-3.3184414
-1.83974,-3.0723743,0.65951574,1.6472824,-1.4072022,-4.36053,6.8617067,4.558292,-0.19286582,-2.9706287
-2.6765778,-1.0636058,-0.22051667,5.019244,0.031410716,-2.838839,0.5133469,2.6771379,-1.7395104,0.17835248
-1.4956203,-0.60720927,0.34246042,4.498473,-1.20368,-2.5316997,0.4294595,1.6253514,-0.46620932,-0.58982575
-1.9766397,-0.17440736,-0.8216597,7.429557,0.6448929,-3.1422539,-2.0551035,1.9848889,-1.0780363,-0.61854875
-5.104275,-1.6559727,0.772916,8.306316,-0.6709654,-3.942511,-0.12691961,3.1123662,-0.28769645,-0.46206892
-2.4973357,-0.6008945,0.49033466,6.8893657,-1.712081,-3.8129992,-0.40449357,3.3723845,0.15915558,-1.8031932
-1.5639422,-2.2941732,0.1319309,8.282834,-0.016916595,-4.3746853,-1.2324207,3.1299424,-2.0472949,0.024551421
-0.4479597,-0.119048625,-0.07006045,3.5624058,-0.7350663,-0.7988215,-0.5852126,1.0176617,-0.95350814,-0.8125359
-2.738844,-0.6639072,0.5948752,5.1527524,1.0584323,-2.970895,-0.96221745,1.2995541,-0.4556534,-0.101293296
-3.38678,0.8825635,0.38318378,5.4604197,1.227941,-3.7138143,-1.6134453,0.91899717,-1.316869,1.2454445
-3.4634683,-0.13010034,0.745018,5.9297953,-0.31531054,-4.322931,-0.02984251,2.043675,-1.2898308,0.84969723
-2.101843,0.57207465,-1.5628767,1.3970771,2.853172,-1.018763,-1.0671688,-0.49855745,-0.7965425,2.2365727
-1.5778143,-0.72913384,0.5397584,3.4248257,-0.18545717,-3.1036847,0.5384088,1.4504255,-0.31172967,0.0056091547
-1.8538659,1.1766698,-1.3784424,3.8590002,0.44858238,-3.0620255,-0.5094513,0.7862853,-0.022109717,0.4648788
-2.9541001,-1.0909594,1.4266089,4.739383,0.5297053,-3.993032,-0.7974089,1.5286571,-0.80429256,1.5313512
-1.9033918,-1.5358143,1.0021119,0.5196391,1.1871464,-2.0938654,0.89859325,0.73755205,-2.177201,3.4488978
-0.3592001,-1.8565636,-1.288664,2.088987,0.15506926,-1.2983891,0.45590514,1.9699622,-3.1623816,3.1892729
-0.44868872,-2.7630281,-0.16623624,2.2412634,-1.3240266,-1.8248785,1.3242635,3.9474936,-1.7324973,0.6044835
-0.53943646,-1.1640168,1.1202401,1.552757,-0.8067936,-2.2979388,1.9036937,0.71678174,-0.1712139,-0.3674181
-1.2512473,-0.3451466,1.5568935,4.6175575,-2.4323914,-3.3030941,0.4094987,1.288431,-0.056270003,-0.3005191
-0.58136094,0.15990847,0.117152646,4.381376,-0.92098284,-3.2081928,-0.07630144,2.0327072,0.07893923,-1.9163145
-2.0887127,-0.97149813,1.1472399,3.8349092,-0.5886336,-1.9916807,0.76828355,1.6242939,-0.95666075,-0.76529765
-0.86187625,-1.6610129,1.1525989,1.115691,-1.4444759,-3.0265198,3.6972554,2.7930093,0.874761,-2.5227208
0.4388784,-1.7253535,0.7480447,2.4884264,-2.2938852,-2.9282033,0.8481315,2.5756001,-1.2752519,1.0841446
-0.34220955,-1.2617195,1.8694382,-2.298931,-2.5186222,4.715385,-0.89241314,-0.8257877,1.3542236,0.10757944
-0.06722918,0.55937576,-0.35215515,-0.9969296,-0.20720613,5.256725,-2.2396703,-1.685819,0.13309056,-0.1303451
0.10057381,-1.7823703,0.5576191,-3.1116111,-1.072396,5.736875,-1.1614746,-0.23156425,1.9158524,-1.1701721
2.3286543,-1.1776905,0.5713955,-2.641216,-1.6964524,5.6152563,-2.1537135,-1.7495042,-0.20750904,1.2313057
0.37757745,-0.700992,2.132311,-1.4507613,-3.573415,4.8507905,-1.3777438,-0.9872522,1.8949476,-1.0182396
1.2436085,0.6206223,-0.112610385,-3.8328292,-2.384063,5.6840005,-0.10307844,-1.6815118,0.78736365,-0.2700047
-3.4436536,-1.5633663,0.6813966,-0.5477602,-0.5987323,6.6759143,-1.9508985,-0.8226166,0.63412714,0.7749759
-1.3004807,-2.4083407,2.1680536,-2.7588575,-1.3714797,7.38164,-2.343294,-0.31951228,2.2853043,-1.4656266
-0.54858756,-2.135064,2.33684,-1.7909199,-1.029782,6.119106,-2.0365977,-1.2568014,1.3472848,-0.76702654
-1.5360081,-2.2594235,1.2261846,-1.1466678,-2.58787,5.763558,-1.0601845,0.5972345,0.82994115,0.02190134
-2.0642245,-1.0161724,-0.032207113,-0.7392573,-1.0443263,5.453156,-1.5731127,-0.32984334,1.4424373,-0.15897518
-0.684348,-1.1038783,1.733445,-2.2582734,-2.1611254,6.6596446,-2.0283701,-1.1872885,2.3298645,-1.1816354
-0.9100853,-0.7980423,0.06474163,-0.74289644,0.17638642,3.6715698,-1.1721666,-0.9836106,-0.38885674,1.2092867
-1.7810218,-0.5087669,0.32045665,-0.34879568,-0.3150723,5.163173,-2.2599947,-0.9824002,1.5201757,-0.9406785
0.20949909,-1.013835,0.6888607,-2.1612613,-0.68287635,6.158078,-2.7347887,-1.746804,0.033903033,1.3217487
0.97059,-0.3041417,1.3733702,-2.6197293,-1.3336205,6.0567584,-2.447328,-1.615202,0.9165702,-0.77004445
-1.5006073,-1.9169623,0.67339826,-0.8361642,1.0649991,6.506911,-3.282066,-0.45915207,1.4491584,-1.6026912
-0.15499642,-1.3611608,1.1359441,-1.7744777,-0.89873254,5.10792,-1.6582466,-1.2458695,1.0271846,-0.1680851
-4.115191,-2.3592448,1.353978,-1.1249425,-0.6832207,6.7202845,0.09286301,0.24059987,2.0673425,-2.3459272
-0.45976344,-0.34559026,-0.059440386,-1.6057615,-0.5822951,5.0982413,-1.6990112,-0.9371891,1.2237662,-0.77672565
-1.4914646,-1.1923839,1.927532,-2.5336893,-1.1884608,6.4945197,-1.3150102,-0.58881617,2.2010698,-2.3743901
-0.60574925,-1.8585091,0.9518356,-1.1322052,-0.09741688,6.4152446,-2.8900428,-0.6070019,0.59139943,-0.5261831
-2.4936216,-2.7316031,0.32305983,-0.96717197,-0.6759013,5.154144,-0.5371623,2.2357259,1.8424,-2.1553144
-2.510968,-1.792251,0.65449524,-1.4449798,-1.8767366,6.409409,-0.074794844,0.14488524,2.6875935,-2.2792087
-1.2392175,-1.8430474,0.6655551,-1.0320694,-1.002213,5.4143224,-0.9924421,0.15032324,0.45846263,-0.6000152
-4.2600365,1.779804,2.8905635,-0.7715852,-2.4393768,-0.011179917,1.7590351,-0.2808715,6.750594,-5.2134533
-1.021113,-0.39561778,3.1332603,-2.2083392,-0.7128567,1.710961,0.882734,-2.5169992,7.1304107,-5.667364
-1.9238255,-2.9097853,7.0177364,0.7257094,-3.5028372,-0.18944234,1.6047986,-0.55093646,3.640905,-3.6377664
-0.9484924,-0.7020081,3.863916,-0.8694004,-1.7328475,2.1840022,-0.31489396,-1.7221731,3.5859206,-3.3074055
-1.309571,-0.29828826,2.9285889,-0.5356757,-2.1475425,1.49022,-1.4088272,-0.9113362,4.356569,-2.0331292
-1.5996454,-0.40516275,3.3840766,-1.2588559,-2.3946257,0.5787491,1.7385381,0.758793,5.414998,-6.0044765
1.1690861,0.97203875,1.0866705,-0.53670055,-2.5109205,-1.0068295,0.24906848,-0.9804865,6.33388,-4.660323
-0.6211897,0.2658803,3.2667265,-0.34667712,-2.013625,1.90864,-2.1858451,-2.0224395,5.4507494,-3.5485005
0.12744984,1.2803898,2.237278,-3.360966,-1.0389302,-0.083345555,1.4091462,-1.9545785,7.0728316,-5.4200325
-0.7320626,-0.7273501,3.4078617,0.9329441,-2.573147,-1.7821046,1.7195963,0.56887376,2.1058207,-2.8581324
0.19446144,1.0997112,2.7186286,-3.3381588,-1.4648423,2.3059769,-1.5691162,-2.3007298,4.135294,-1.4938109
-1.9062157,-0.8753185,3.6879437,-0.30311415,-1.7635825,1.6516598,-0.5133689,-1.5146202,4.1398644,-2.6299582
-1.2110415,0.203863,2.9091337,0.08025607,-1.676573,0.06649158,-0.049854234,-1.382107,2.9237523,-1.8384916
-1.142024,0.7712976,3.579442,-1.0186791,-0.931683,0.50320244,-0.6898551,-2.0855799,5.454343,-4.423744
-1.1884184,-1.3531735,4.073854,1.2984195,-1.3428636,-0.89126724,0.8697894,-0.66029894,2.8534756,-3.5016356
-0.09972283,-2.4079113,6.0583215,1.9758879,-2.7714932,-0.23502654,-0.7089805,-0.9521308,1.6503328,-2.2542872
-1.1166463,-2.4482348,5.6531405,1.6134359,-3.2708786,-1.5465375,0.4883656,0.962446,2.21897,-2.3758993
-1.8961272,1.641448,2.1595252,-0.4524573,-1.9414985,0.044903226,0.8741061,-1.1294469,4.049536,-3.27322
-1.8047576,-0.51645243,1.6645285,1.5971717,-0.59419644,0.34222603,0.029614344,-0.803098,2.6970382,-2.5054545
-1.4091902,-0.5159303,3.7968807,0.055548694,-0.6219105,0.99502844,-1.4600503,-2.1588254,4.8597136,-3.4662986
-3.084472,1.8418663,1.8426422,0.5954234,-0.7564886,0.8311295,-0.64462084,-1.7617239,5.2645674,-4.179056
-1.4551222,-0.29547095,3.758719,-0.29448357,-2.0309136,-0.098816805,-0.5889707,-1.1480291,6.9840736,-4.726434
-3.3383873,-1.9481577,4.2936344,0.52696866,-1.5864582,0.16741365,-0.6518655,-0.30899024,4.260178,-1.33092
-0.9893552,0.6978067,3.2131803,-0.21342716,-2.2455716,-0.46549016,1.2356796,-0.4765377,7.140387,-7.813493
-1.7108434,-1.0171171,5.5652175,0.96379024,-3.5152361,0.36372417,-0.42885095,-1.099575,7.209891,-6.0825543
-4.423534,0.41450647,-1.5491878,2.988395,5.555711,0.8462218,-3.2898874,-0.82912683,-2.818394,3.155045
-3.0663865,-0.01687345,-3.097406,2.3601387,6.0545144,-0.15853181,-2.4682739,0.15334108,-1.2329273,1.4232382
-3.3811653,-1.4350199,-2.0006275,2.2141013,7.3508015,-1.216939,-1.5672928,0.16220564,-1.6694096,1.4231312
-3.7436764,-0.59366107,-2.7287214,2.3786545,5.9953055,-0.8287626,-1.4541079,0.74095225,-1.3615848,1.5807272
-2.8705294,0.6257291,-0.18137817,1.6262825,4.0506053,-1.2625889,-1.1819377,-1.6227432,-1.0490153,1.9709724
-2.4394794,-0.14971167,-0.63625175,1.3507226,4.1906734,0.005570717,-1.9033772,-1.5541734,-1.1992224,2.2924995
-2.7353232,-0.11657259,-1.0082055,1.9829826,4.10419,-0.18369585,-1.9523534,-0.3153943,-1.2425979,1.441355
-2.8188984,1.2688982,-2.4130967,-0.09793878,4.7664423,-1.4176126,-0.54986286,0.14309528,-0.7300489,1.9453636
-2.745373,0.69025207,-2.8112853,0.8178296,6.8341646,-0.03996461,-1.6809347,-1.0901756,-1.5984691,1.557047
-1.6804984,-0.37750638,-2.3114038,1.2023141,4.615988,-0.56929094,-2.2618635,-0.19071072,-0.18561932,1.6893405
-2.1116486,0.44577613,-2.1705186,2.1859984,6.92529,-2.4744759,-1.7212301,-0.2062248,-2.0721219,1.3600045
-0.14559451,-0.025075287,-1.7396812,-0.055116896,3.7979424,-0.8676475,-1.1885953,-1.006331,-1.0729573,2.2854714
-2.6288064,1.7215433,-4.1632752,0.7537056,5.473964,0.8888898,-2.584099,-0.662439,-1.3725585,2.5686522
-1.2786517,0.9488667,-2.618355,0.7442406,5.877885,0.72698134,-3.3388524,-2.7072182,-1.5264,3.188943
-3.235344,0.32040456,-2.1923096,1.9026649,5.593324,-0.028811269,-2.1914976,0.0008506775,-1.1421173,0.98024035
0.19684342,-3.8398123,1.360161,0.4358534,-2.8924441,-0.63830984,2.7505605,4.50712,-0.48802415,-1.4247702
-2.422134,-0.45161268,-3.3637576,1.5025271,5.7197003,-0.80105513,-1.5691395,0.5622574,-2.617171,3.5558205
-2.309177,0.20261416,-3.366002,1.8896986,5.8702464,-0.59589654,-2.1208618,-0.70806295,-1.8702089,2.972732
5.3040586,-1.4316375,-0.88693,-2.58201,-1.6083202,-1.997763,2.4586768,1.6713983,-1.8826145,1.0713185
4.527148,0.17918855,-1.4446788,-0.7203612,-2.4893663,-1.0997459,0.7217931,0.8275043,-1.7831275,1.3024292
5.311826,0.24260178,-0.53772306,-1.2070119,-1.6882629,-1.9989141,0.75115806,-0.40815663,-0.93569577,0.6071023
3.7065585,-0.9444394,-1.9200577,-0.7920517,-1.7153151,-0.7713173,-0.22611476,1.3236,-2.2787514,3.5046535
5.357263,-1.630812,-0.3555139,-1.4239635,-2.4986162,-0.9047392,-0.30549783,1.383111,-0.96860695,1.3610983
6.600322,0.6051295,-3.119369,-2.8142622,-1.6140203,-0.10317915,-0.45183498,0.6210507,0.2547926,-0.057080925
5.47284,0.87220144,-2.6274486,-2.9782135,-2.3945932,-1.7691922,2.2765489,0.9461278,0.14068142,0.055766404
5.5162683,-1.2136449,-0.57680106,-1.659728,-1.8524628,-1.7125791,0.20518471,0.95214,-1.1508197,1.4314101
5.5473247,-0.23079735,-1.0617118,-1.5543168,-1.4521499,-2.587489,1.2651838,0.5512188,0.42608497,-0.8640455
4.355369,-1.371879,-0.4677367,-1.7571777,-2.1563966,-1.1910154,1.5852126,1.2937496,-0.3361486,0.1402654
4.0658364,0.65929997,-2.0855443,-2.0704067,-2.278701,-1.6391412,2.1217628,1.8848375,0.89227676,-1.4570229
5.540075,-1.0918099,-2.0422485,-2.053401,-0.12754934,-0.5217196,0.3819986,0.5193379,-1.4262425,0.80755645
5.4735165,0.0065129995,-1.0313327,-1.9437513,-3.0433953,-0.76602757,1.3162408,0.9575881,-0.3080441,-0.82600796
4.7105575,-0.3237477,0.17210348,-1.5924677,-2.9905162,-0.16974598,1.1301938,0.0136193335,-0.094794184,-0.81023276
5.248912,0.4128451,-1.6365831,-2.456729,-2.036081,-2.4581602,2.2099962,0.26397806,0.13480374,0.45276302
3.122724,-1.313608,-0.047771763,-0.5138603,-1.2736807,-1.0370945,0.5231535,0.5923809,0.801427,-0.87905467
3.5557902,0.35689345,-1.110538,-1.9093285,-2.1155646,-1.5704604,1.6813112,0.31311423,-0.18912636,1.0152537
2.6036005,-1.9266182,-2.3584015,0.19230857,-1.3646755,-1.613213,2.2432523,3.94555,-1.5465027,-0.17517602
3.3843222,-2.200207,-1.8036848,-2.5162432,-1.0815845,0.0068358853,2.0585802,2.5487394,-1.1413428,0.65760505
4.206084,-0.59240997,-1.2766895,-1.3341157,-2.1437063,-1.5909196,2.7701042,1.713067,0.49980655,-2.3393264
4.1535487,-0.016471446,-1.2163185,0.042609837,-1.9573305,-3.9895897,0.7051795,2.0868788,-1.3870922,1.67178
3.7058716,-1.597259,-1.3581098,-0.32012057,-3.0384405,-3.1427126,2.5607057,3.363862,-0.94193554,0.7286949
3.8527668,-1.6936288,1.0996474,-1.7766496,-3.2238967,-1.3477433,1.6360394,1.6470132,1.2272494,-1.3864003
4.350119,-0.8682046,-0.2945808,-2.2661781,-2.9979775,-0.66856223,1.6637386,1.4427259,-0.99613726,0.49305165
2.9756086,-0.11970204,-2.1201177,-0.65962076,-0.0626896,-1.8368357,0.8167533,0.9525,-0.78778255,0.96529347
0.040160865,3.8150635,-0.20362239,-0.5349967,1.2370393,-1.4434532,-0.67589754,-2.2536378,0.5296799,-0.2176761
0.07347265,3.7517385,0.1351314,1.3235345,-0.43821087,-2.963761,0.23383783,-0.96149075,0.72826123,-1.472169
-0.1849164,3.46356,-1.757537,-0.29227248,1.1292453,-2.4081836,1.0595084,-0.71102303,0.21716386,-0.23918116
-1.0443811,5.512786,-2.5044894,-2.2711275,0.97204727,0.80580735,-0.88212395,-2.3116212,1.9189883,0.13373065
-2.0924828,4.1654997,-0.73507977,-0.92324585,0.19882935,-1.3281026,0.75840384,-1.754547,0.9620111,0.816926
0.039583683,2.9900882,-0.5155301,-0.41140196,-0.033471063,-1.0891302,-0.80266696,-1.0016819,1.4675717,-0.5365005
-1.4615333,5.723384,-2.641017,-1.1743839,2.4262457,-2.8576665,0.30858546,-2.7958484,0.9632076,1.8720294
-0.29957333,4.0865536,-0.6535075,-0.47560352,0.5398282,-0.88389564,-0.07497324,-2.791121,0.94857395,-0.11553162
-0.22162461,4.5186834,-2.659815,1.1360817,1.5349636,-2.5724664,-0.99387926,-1.7586828,0.0035721362,1.1867878
-0.852901,4.096363,-2.0906591,-1.2763996,1.9268191,-1.0429972,1.4996207,-2.1323235,1.2478514,-1.1273675
-0.43521026,6.666419,-2.4889295,-0.94257635,0.5855364,-2.3585317,0.22387587,-2.512742,1.7403592,-0.1903919
0.82579684,3.8939276,-2.5047727,-0.8454676,1.1374686,-0.86580855,-0.6539973,-1.7518532,-0.20632678,0.9218003
0.1320431,6.7976184,-3.8010406,-1.0694897,1.3644083,-0.8711857,-1.0846225,-2.4717107,2.4958649,-1.2877795
-1.9032962,-0.394833,-1.617457,1.6106167,4.2795014,-0.9151619,-0.7938765,1.0113963,-1.6744467,0.3761475
-1.2908478,6.356946,-3.1095467,-0.3318952,2.2639163,-2.4810169,-0.27831203,-2.0578952,0.99615943,0.18088782
-1.8274231,5.959411,-1.515921,1.2806597,1.9145994,-2.1243887,-0.95449084,-3.8335886,1.1228045,0.018773675
-1.531163,4.6990137,-2.4799166,-0.13067292,3.489553,-1.5955089,-0.13612197,-3.2787795,0.77385926,0.28413743
-1.9212272,6.093852,-2.673114,1.439453,0.9376796,-1.8247424,-0.78967345,-2.3686814,0.5204226,0.70875895
-1.3964186,5.7281528,-3.0865788,0.21296322,2.295702,-2.667772,-0.27328193,-2.565794,-0.682744,2.570828
-1.5320868,6.191212,-2.7340438,0.8265913,2.5554998,-2.2192752,0.666231,-2.3815641,0.40623155,-1.592043
0.52208424,5.3731513,-2.0678267,-0.5498871,1.6635652,-1.6330755,-0.7444448,-2.4507828,0.6434369,-0.6924629
-0.31019202,1.9168081,-1.6009334,0.27317712,0.1413084,-1.9432226,2.3162923,0.31378025,0.28495327,-1.4023728
-0.99004376,2.9258156,-1.6387762,-0.51213443,1.0821872,-2.1790078,1.8303616,-1.2144243,0.027503043,0.78951
0.098979,3.717126,-3.8555484,-0.4001578,1.9384441,-1.6634871,0.57993346,-1.2640533,-0.121872336,0.9429062
-1.420017,7.479092,-1.7671596,-0.03452072,2.2414334,-1.3595037,-0.8747502,-4.3566046,2.0070336,-1.7559122
-0.41467014,-1.6134375,2.65164,1.6492321,-1.9680984,-2.4420714,0.93651086,1.4856216,0.3855684,-0.505213
-1.816716,-3.19275,4.3154874,-0.32378182,-1.2363582,0.6230543,0.06037955,0.53140306,1.8758787,-0.73438394
-2.560359,-2.2488246,1.8682752,4.508473,-0.6606621,-1.5005997,0.9857752,2.7215362,-0.19743994,-2.8566346
-0.24692386,-2.6280823,5.7287383,1.1015931,-2.8520815,-2.0902061,0.87494147,0.60296905,2.0144386,-2.441012
-2.1578224,-1.5778065,1.2935979,5.083905,-0.6214152,-2.3743963,-0.62760544,1.9355601,1.1268984,-2.0200615
-2.5990376,-2.5186927,7.5301247,-0.8735367,-3.2447708,0.31527525,1.0671589,-0.58102703,5.0374956,-3.6398573
0.16117296,-2.8717387,5.9401937,0.89924383,-5.4088745,-1.4746964,0.14629184,0.9146553,1.6388031,0.46370435
-4.0026727,-1.3672518,3.358821,3.244025,-1.4862978,-1.7063457,-0.3777573,1.5848354,1.7639421,-0.8500761
-2.8714418,-3.6555157,3.944972,3.6382697,-1.6139438,-1.2767395,0.0005541295,1.9332072,1.4424509,-1.619635
-2.2000935,-2.3447866,4.294132,4.379076,-1.5071189,-2.7233653,-0.58241814,1.1061952,0.98980486,-1.4278988
-0.17198396,-3.5527358,4.757051,0.14217052,-3.3735354,-0.16238427,1.5713245,0.8434448,2.3305447,-2.3678923
-1.3060255,-2.5821872,6.14424,-0.89261895,-1.9344208,0.037393697,0.9384854,-0.1098232,2.0103884,-2.1249824
-0.8857964,-2.7798285,3.9128232,0.8683999,-1.3219738,-1.278004,0.28456402,0.65639764,1.916232,-1.1186061
-2.638375,-2.434109,6.4122796,1.2027786,-2.0948212,-1.8382355,0.99873644,-0.07536423,0.3649955,0.40624434
-1.5972432,-1.8170979,6.117978,0.5885244,-2.3040278,-2.8401532,0.9800839,-0.10412207,2.7242577,-1.5916632
0.88426375,-1.1531762,5.037726,0.26737526,-4.7586703,-0.9058961,1.4685262,-0.17241076,2.615149,-3.0219564
-2.2705755,-0.90925443,2.616586,-1.1481884,-1.1661232,3.8315136,-0.81071144,-0.5723359,2.60818,-2.2732282
0.047698915,-1.1140047,5.100165,0.23747823,-3.6742966,0.013587721,-0.1174549,-0.39369375,4.5070543,-4.404609
-3.3833034,-3.6228714,4.7530017,4.436526,-1.5507119,-2.2465866,0.45681745,1.7035533,0.50645304,-0.87002707
-2.7572315,-1.4253225,1.387543,3.9075363,-0.24306339,-0.8273224,-0.48763067,1.3128835,0.29160187,-1.1349208
-3.8038595,-1.797871,4.017339,-0.76953036,0.24817097,0.59067124,-0.36625195,-0.58749926,3.2246435,-0.51905966
-1.8222826,-2.3036914,5.788012,-1.2335327,-2.068722,-0.8368024,2.238242,-1.0953087,2.405206,-0.7942467
-2.510831,-2.2693753,0.9722971,1.9082036,-1.1006548,-1.9924625,2.6568844,3.1504722,0.6530849,-1.4994076
-2.1187701,-2.518697,1.9628469,3.5140922,-0.8676533,-2.1642513,0.5918379,1.8806611,1.2709731,-1.6087139
0.08371356,-0.4816939,-1.6277045,0.4613775,2.3081229,-1.0612446,-2.004573,-0.10984355,-3.898727,6.2259545
-0.24116871,1.2194557,-0.76981527,-0.72807026,1.0128103,-0.5584927,-1.8970182,-0.8443874,-1.4505016,4.3967447
0.54039574,-1.1604635,0.32135642,-0.04067001,-1.0363238,1.1041288,-1.6250148,-0.20563376,-2.6726005,4.8330855
0.25046736,-0.529567,-0.30767754,1.8245769,0.4494569,-1.1376345,-2.1619978,-0.73318106,-2.36829,4.841057
-0.8113333,-0.7477008,0.48915425,-0.9675095,1.3619967,-0.17944294,-0.78307974,-0.97759104,-1.9964786,4.8698816
1.4059097,-0.75538456,-0.31878266,-1.2291678,0.210222,-0.31209493,-1.293351,-0.15425555,-1.9934896,4.652538
-1.2228274,-1.2587891,-1.1750492,1.3971843,1.7753148,0.05750171,-2.0505817,0.09049648,-1.8136044,4.2452044
-3.2734828,0.53218627,0.8335804,2.1800215,0.9772676,-0.8678293,-1.1363866,0.02260068,-1.5028611,2.2183743
-0.87449646,-0.68648267,1.9232432,-0.5646739,-0.14852768,-0.39987412,-1.4921834,-0.7077621,-1.4530936,4.5076094
-0.933409,3.7594385,-1.6791031,0.30837557,1.3482692,-1.0458988,-2.5315237,-2.6937103,-1.2344912,4.812675
-2.5807674,0.39885047,0.5391641,2.9420025,0.9827494,-0.65811104,-1.9775201,-0.7806567,-1.00843,2.323307
-0.22530237,-1.1206658,1.3403214,0.96598065,-1.4775269,-1.2938929,-0.79177064,0.5619792,-2.7054172,4.7825785
-0.35868195,0.21976137,-1.0186943,-0.9135842,1.9712634,-1.8867999,-0.82157713,-0.11432515,-2.1783967,5.1825323
-0.91209614,-0.88775194,-1.466309,0.61973983,2.182069,-0.07709607,-1.907293,-0.25628135,-3.092473,5.865885
-1.4426146,2.1010692,0.61250997,0.3414821,0.6670993,-0.7871905,-1.3224082,-2.180365,-0.5291282,2.695469
0.09984586,-1.3497344,-0.19187842,1.3316894,0.22107016,-2.6277218,-1.4473454,1.0869287,-2.686059,5.5971055
0.4082473,-1.1408631,-0.8774303,-0.03240267,1.8341081,0.21458656,-3.2611792,-0.98676646,-2.8027263,6.8694916
-0.29950133,-1.7205318,-1.441532,1.6114192,2.1767564,-1.1058481,-2.269535,1.232055,-3.5554128,5.298168
-2.360962,-0.6822401,-0.013523143,0.044226762,2.175672,0.5594559,-0.9962754,-0.71744186,-2.8382473,4.7134175
0.11098024,-1.147138,0.8222033,0.6275433,-0.3713585,-2.0720792,-0.9608769,0.5311035,-1.9647866,4.6441765
-0.88016653,-0.98980546,0.66947085,0.49713176,1.0601547,0.8776464,-3.2692692,-0.76151115,-3.540423,6.454533
0.6559235,-0.5473405,-1.1571697,0.054973315,1.2885861,-0.605533,-2.628909,-0.049108624,-3.5414157,6.5420756
-0.6632397,-1.1212164,-0.3171548,1.5300424,0.24965388,0.0921715,-1.8712031,-0.34884912,-3.8194492,6.429
0.07635921,-0.5483556,-1.6217717,0.98577946,2.5691113,-0.8644571,-2.0004816,-0.55863833,-2.8070583,4.78707
-0.7787094,-0.10032591,-1.0753335,1.1849532,0.21068636,-2.63339,-0.2090566,0.78421843,-2.3999777,4.9530296
