0.31720263,0.02351299,0.5664666,0.31337857,-3.0382788,-1.1570822,1.6366227,2.0014758,-0.9643204,0.40443996
4.617952,-0.86399376,-1.2435793,-1.2237439,-2.6978962,0.14627641,-0.46645865,1.7770271,-2.8688123,2.7217894
1.600766,0.23503205,-0.6128433,-0.6242156,-2.4708529,-2.0442886,4.6813645,2.3795762,-1.5133106,-1.5024979
1.2463714,-0.28820845,1.8423645,-0.90429825,-4.840232,-3.439294,4.9994154,2.6092606,-0.51934195,-0.72933394
-1.6456959,-0.3719277,1.326966,1.0798898,-2.919429,-4.2451205,6.830567,4.0549603,-2.2185636,-1.4751407
5.0251527,-0.24778625,-2.38048,-1.5063181,-1.4476999,-0.6325916,-0.56322074,1.2394756,-3.1741688,3.6398427
0.8203673,-1.3296604,1.5909412,-1.0661721,-2.8502777,-1.7792087,4.2707944,2.0425751,-0.05768007,-1.5234519
0.5243332,0.7201228,1.2024384,-1.3080153,-2.6444914,-2.536071,4.3866982,1.5303158,-1.6240795,0.062133633
-0.5549488,-1.1432668,2.6880577,0.10490115,-3.3487823,-2.4365637,4.1020617,2.1304946,0.094947055,-1.5606099
-1.0808228,-0.25481692,3.2952688,-1.274925,-4.0243015,-2.7496264,4.916378,1.9731522,0.23071457,-1.0854062
1.7856025,-1.735418,1.8490137,-2.0084546,-3.6953056,-0.9749924,5.3067603,2.1131835,0.37393218,-3.0579915
2.3979077,0.6874019,0.7350756,-1.5324087,-4.024501,-2.378452,4.5275683,1.6490914,-1.1359676,-0.88773185
0.3019266,-0.33880463,-0.18581283,-0.15357395,-1.6219482,-1.4110839,3.1663716,2.3403792,-0.8695557,-0.863436
1.464178,-1.3709865,0.8095513,-1.327681,-2.64678,-1.7530389,4.097137,2.9429474,-2.0747387,-0.19981176
2.362992,-1.4033064,1.4201422,-1.162139,-4.6649656,-1.491463,4.204519,2.6718266,-0.8325356,-1.2878449
1.8171954,1.6745855,-0.6747645,-1.8671463,-2.0605662,-2.0114658,3.6119153,0.9394822,-0.849117,-0.43337306
-1.2949152,-0.453289,2.000719,0.7610913,-4.0394754,-4.020295,5.6908975,3.1869507,-0.756187,-1.2533854
2.564212,-0.9154123,0.38952768,-0.77618927,-3.4052875,-2.7426236,3.837172,2.9353583,-1.2152474,-0.63171804
2.038551,0.02693966,-1.1350181,-1.9272952,-0.938782,-1.2176216,2.999752,2.360575,-1.6778216,-0.33170825
2.4232402,1.0060973,-0.31456757,-1.8377564,-3.6570718,-2.8171904,4.203261,2.2494268,-0.45476633,-0.85993755
1.1255583,0.047566056,1.122133,-1.0100148,-2.8393595,-1.8241851,2.9351954,1.0547798,0.6659157,-1.187081
0.09331102,-1.5875863,0.79326445,0.6154497,-2.060897,-0.6123302,2.5806515,1.7617915,-0.9808874,-0.4330119
7.423517,1.8323156,-2.19316,-3.7838783,-3.3301685,-1.0228667,1.2113237,-0.2455028,-3.0039613,3.177023
1.9347217,-0.6651548,0.211604,-1.1407412,-2.4057348,-1.2903583,2.875426,2.1515107,-1.5901096,0.055659227
1.0187838,-0.5138241,0.6338118,-2.1465714,-2.3046358,-1.7761858,5.2671037,3.932425,-1.4439676,-2.6462178
0.31256205,-2.276792,1.3708286,0.9899619,-3.134054,-0.43126526,1.5208368,3.438698,-0.9212139,-0.8038715
2.1861162,-0.73316705,1.3368299,-1.2379456,-2.7299492,-1.1511958,2.840782,1.2448788,-1.4433992,-0.09619594
1.4066063,0.16592869,-0.1972804,1.0523864,-1.9517541,-2.5174196,-0.7025713,-0.1450223,-3.7642634,6.753407
4.3880167,-0.5162308,-1.2013727,-1.0805964,-2.070867,-1.7666676,0.81721073,1.168194,-1.6460658,1.9476105
3.5459173,0.3412791,-0.8516011,-2.3010526,-2.2792928,-1.1839421,3.085364,1.7690983,-1.5428919,-0.44682175
0.15021318,0.76132977,0.730735,-0.4444437,-2.264108,-3.2700963,4.007279,1.7792196,-0.6850293,-0.7708471
1.4387181,-0.230266,0.32677358,-0.37163186,-2.3140402,-2.0304902,3.3631446,2.0267646,-1.2680409,-0.76591945
1.5932744,-0.78670526,0.18708956,-1.2899187,-2.1843312,-2.3093283,4.031343,2.222951,-1.4042535,0.028613172
3.5381427,0.96766233,-1.123672,-1.937735,-2.225845,-1.5431917,1.8600814,1.6739532,-2.231727,0.9031376
6.2820735,0.61551297,-0.80767655,-2.6462486,-3.712899,-0.72728443,0.9131481,-0.062823296,-1.3036222,1.4192687
2.0838633,0.26791486,-0.5579961,-1.0275737,-1.200237,-2.1013057,2.886995,0.38103956,-0.68619275,0.010230653
5.1812744,0.45092192,0.17814398,-2.5789914,-3.5681534,-1.6911776,2.6183422,0.66413414,0.05879827,-1.101353
1.7967265,-1.5454185,1.3706418,-1.4765286,-3.0125163,-1.3515985,3.2886813,1.8741026,-0.1504479,-0.7683639
2.2635455,-0.73181593,-0.34640723,-0.46826565,-2.5707362,-1.956058,3.2570412,2.8401227,-1.7799398,-0.4774601
5.7236705,-0.9399539,-1.3274984,-1.8654053,-2.4211009,-1.4279575,1.0901725,1.6288862,-2.8271773,2.3324223
1.8801051,-0.42238703,1.0319865,-1.8873653,-2.9859538,-2.3858178,4.5377417,2.1279647,0.033542544,-1.9638789
2.929307,0.38888523,-0.78461945,-0.9628683,-2.926656,-2.134656,3.1535473,1.7240298,-1.3366972,0.10903128
3.9793262,-0.33440658,-0.5248747,-1.7630945,-1.4339203,0.22433124,0.66910136,0.6986669,-1.3639354,-0.085423745
4.020228,-0.5732194,0.11653637,-3.2895687,-3.326755,-1.1153514,3.7114723,2.5571895,-2.433856,0.26480848
1.2199656,1.0696,0.81430113,-2.3109927,-2.2148924,-3.1765428,5.6010537,1.5822864,-0.013311282,-2.4752688
4.121587,0.29952013,-2.8210099,-1.4319079,0.85649097,0.06526688,-0.27353138,-0.28445482,-2.7872217,2.308957
1.9065908,0.63948774,0.38433784,-1.4648557,-2.0659113,-1.3467888,2.215192,0.66164017,-1.0457671,0.19190398
3.2811444,1.1135441,-1.5963748,-1.9129814,-1.3674903,0.049506098,0.69532984,0.12291947,-1.7559624,1.4472246
5.7425585,0.1930758,-1.8037907,-1.8490623,-2.0208888,-0.51750326,-0.24216473,0.26450688,-1.7202927,1.9825963
4.395666,0.9154314,-1.4567736,-1.473764,-2.269286,-3.883911,3.4272225,2.0496764,-2.962758,1.2363299
1.147269,1.2156272,-1.3031793,0.7364729,-1.078368,-3.0356557,0.64873165,1.0821002,-2.333676,2.9435666
2.3718765,-0.80570185,-1.6449685,0.8416724,-2.1271594,-2.6532772,1.083003,2.8593993,-3.5511475,3.7638617
4.2101784,0.86708736,-3.7592654,-0.5055009,-0.12676644,-1.6348338,-0.94566363,1.4804438,-3.9359264,4.359013
1.6943865,-1.0222309,-0.6560237,0.804799,-1.5998821,-1.5230999,-0.2552228,0.6294583,-1.8675953,3.7940917
-0.29602903,-0.28887203,-1.7361302,1.5843118,-0.2193166,-0.9700842,0.19290328,1.1724646,-4.0891514,4.9068365
2.015663,-0.4524456,-1.907605,0.46897882,-1.2382932,-1.1844525,1.273586,1.5711739,-1.7156165,1.2908763
1.1212707,-3.2939045,0.4629236,-0.76122296,-1.3080766,0.121384114,1.7460344,3.7166793,-2.4801672,0.5841327
2.7801223,-0.7230501,-1.1181915,1.6272156,-2.4253976,-2.169027,-0.9647538,0.5865259,-3.7491868,6.156803
2.9956908,0.317939,-1.5814741,-1.366148,-0.33067232,-0.10682884,-0.89266646,-0.39416847,-4.1181474,5.579594
1.131978,0.9474995,-1.9847186,1.3169353,0.29609197,-1.678052,-1.0755986,-0.24365693,-3.788511,5.2020545
-0.52046597,-0.9761213,-0.45370698,1.8411196,-2.4734254,-1.8546596,2.249943,4.695929,-1.3312836,-0.91910505
2.3991547,-0.8110273,-1.5638506,0.29950458,0.60840476,-1.4126132,-1.1501424,0.13005278,-2.8675528,4.3988543
2.5250773,-0.025137872,-1.7577928,1.3850456,-0.53662515,-1.1636627,-2.855264,-0.2810089,-3.8486712,6.675791
1.4667149,-0.32750276,-1.5230085,2.0011835,-1.7671349,-2.772222,-0.057375968,1.3699839,-2.334046,4.065408
-1.2748108,-2.1967537,0.9310193,1.7411659,-0.38661605,-1.7557483,0.80568737,1.32149,-3.0693092,3.9495745
0.07917041,-0.37980622,-0.40477216,1.4080484,0.39673233,-1.4926068,-1.2607002,-0.8721973,-4.284585,7.038167
-0.32018048,-0.7005565,-0.53383404,2.0182204,0.73700345,-0.94741654,-1.2718601,-0.21485126,-2.5245516,3.8880246
0.31003428,-0.9945841,-0.15627897,1.0500567,-1.9084921,-2.0667193,1.5507097,1.8926816,-3.7714326,4.154295
-1.8614839,-1.1699429,0.75158125,2.7117746,-0.7486572,-1.540487,-0.43423933,1.1250331,-3.050296,4.2990055
-0.29026878,2.4030788,-0.23888743,0.6613696,-2.4362187,-2.349545,1.005887,-1.0855821,-1.4272785,3.940134
1.8204273,0.19031408,-1.2234634,0.49219126,-0.7385435,-2.4206443,-0.7300999,0.7794876,-2.820099,4.751577
2.797838,0.56429565,-1.3013649,-1.2939628,-1.4001994,-1.3526365,0.68970966,0.1936768,-3.125167,4.338297
2.2119913,-0.031151623,-1.1861217,0.8088405,-1.2512733,-0.630764,-1.6614764,-0.10102841,-3.4809048,5.425016
1.4257212,-0.21907133,-1.0549735,0.27833414,-0.3624565,-0.8522122,0.05376093,0.06464037,-3.0495963,3.8572884
1.9832125,-1.6014026,-0.54034024,0.15751182,-0.35759085,0.6994373,-1.6048527,-0.055784404,-3.1897705,4.728547
3.1479266,0.6641103,-2.0121157,-1.2895991,-0.54991347,0.047976762,0.048844144,-0.7012464,-2.1117172,2.8412504
-2.8213685,0.73817503,4.2983723,-0.24697512,-3.6099122,-3.4370954,4.091164,-0.15534979,2.6390874,-1.4759647
1.3785026,2.210459,0.5627295,-0.8056936,-2.8357978,-2.67147,2.6223063,0.22342324,0.8426427,-1.5069131
2.7456005,-1.1705829,1.1063037,-0.9250774,-3.758756,-2.3739138,3.8456867,3.347886,-2.071807,-0.68319756
4.4163594,-0.34689486,-0.704721,-2.2759771,-2.7755175,-0.121805936,1.1275554,1.2598236,-0.7768676,0.030881695
4.653932,2.3622317,-1.9491599,-1.5459831,-3.1487296,-3.2273877,3.147089,1.5354272,-2.083148,0.32298112
2.100381,0.4608917,0.051999442,-1.7178216,-4.0290546,-2.5690534,5.47693,2.5779793,-0.42739677,-1.7288014
-0.8774818,-0.51048267,2.5656884,-1.2388768,-4.086135,-2.6533496,7.0166583,2.4751496,0.3319612,-3.0563307
1.0480037,-0.6804149,0.9665704,-1.657857,-2.746503,-1.6563685,4.7538314,1.3194735,-0.6729264,-0.5204034
-0.08214193,0.755525,2.419662,-1.0756158,-4.0549984,-2.7707522,5.457261,1.6755617,1.5770134,-3.7806988
1.7502594,0.40022218,1.2945632,-1.5267814,-3.6006796,-3.1747546,4.992248,1.3726219,-0.027123377,-1.3149673
-0.083036,1.3070993,0.336735,-1.9471925,-2.9265718,-2.5582013,6.314531,1.4384677,-0.9917087,-0.80993426
2.2403808,0.30656657,-0.89928794,-1.392237,-1.5625,-2.3776214,3.521261,1.7829802,-1.6369884,0.19359684
-1.3839812,-0.9690199,2.4091566,-0.77887887,-2.485324,-0.7257354,3.6190498,1.1706064,-0.39260733,-0.33559987
1.3808097,0.92678404,0.50944567,-1.0588582,-3.3133574,-2.819517,3.6097848,0.42283988,0.10407336,0.2121067
-2.4431252,-0.8567802,3.3228762,0.6305602,-3.9934618,-3.4029903,5.6173015,2.4902778,0.76605624,-1.9420403
0.5728926,0.60417235,0.9369967,-0.751963,-3.4423394,-2.757502,4.0202203,1.7292931,-0.14442404,-0.6008746
1.7720819,1.1513747,0.3544507,-0.7307653,-3.6050346,-3.7729757,5.430974,2.3177183,-0.8196032,-2.0013466
-0.10374694,-0.57552445,2.26806,-0.3082736,-3.2826464,-1.7800581,3.1471179,2.5294175,0.11385661,-1.9214323
1.1215069,-0.042385787,-0.5719638,-1.5143836,-2.035995,-2.8448215,5.2414265,2.7300246,-2.0512743,-0.10364089
2.7293096,1.3983246,0.51430386,-1.6305795,-3.2164838,-4.019681,4.1037407,0.917912,-0.032591864,-0.7143498
0.18510044,3.2210605,1.2145195,-0.45724976,-2.4802873,-2.6786845,2.143752,-0.48783243,1.7025971,-2.425264
-0.9412515,-1.5566736,1.5113475,0.49915403,-1.7569485,-2.784332,4.495724,2.3264022,0.83462375,-2.4865344
1.0003991,0.42923182,0.59810334,-1.0448666,-2.376353,-2.60445,4.5421743,2.1643152,0.26734972,-2.7656198
0.67762536,1.4405267,1.3689692,-1.5978936,-2.2451212,-2.3275926,4.534309,0.28335834,1.653286,-3.7405148
1.2654946,-1.2924051,-1.0367638,0.2700886,-1.9400141,-2.3772464,3.2467582,4.4871607,-2.4142804,-0.1982229
3.9331012,1.1298386,-0.6555635,-2.9279327,-1.2310767,-0.5307766,0.6673947,-0.3943506,-1.1403561,1.2028213
-1.1451666,-1.4184932,-0.78855157,2.5809617,0.41869187,-2.0342972,0.6405788,3.1873305,-2.133,0.81904864
-2.4510436,-3.023653,0.8167618,3.822585,-1.22316,-3.4167166,3.0690665,4.8433714,-1.1374124,-1.1691124
-0.6150161,-0.9595089,-1.0104142,3.2791553,-0.046934605,-2.6238153,-0.65768456,2.5298464,-2.8786106,3.256648
-2.039577,-0.998819,-1.1564553,3.5533125,2.014307,-2.4361556,1.4182472,2.6119876,-0.9188295,-1.7628659
-2.386111,-0.012202948,-0.56879216,3.8984666,0.6681669,-3.1373577,0.31709597,1.0879554,0.67105454,-0.39755666
-2.371154,1.1211057,-1.6041037,4.0515866,1.0212457,-3.7350361,0.31348473,1.4270725,0.40071696,-0.4709059
-3.206503,-1.0741407,-0.6671772,3.3185904,0.2830726,-2.2368634,3.273814,3.2614155,-0.11104132,-2.510988
-1.3470509,-1.3133272,-0.037581272,1.6053087,0.40932548,-1.7655401,0.9302309,2.1340427,-1.2763262,0.5934937
0.8967756,-1.8328241,0.34527716,-0.028163195,-0.16991729,-1.0339566,1.4254253,1.9045382,-1.6018326,0.17520186
0.49672365,-2.0968916,-0.21916902,2.9095414,-2.3921573,-3.0191753,1.8243856,4.9583807,-2.2337322,-0.07443962
-2.7983387,-1.7900017,-0.30441505,3.4755588,-0.51797223,-3.0777326,3.8609884,5.695782,-1.6479385,-2.7655523
-1.7670722,-0.7150421,0.76725787,3.8596606,-2.116279,-2.3896592,-0.3372081,1.8788052,0.6898255,0.12588924
1.3706524,-2.3334556,-1.2283716,1.4344484,-1.6968629,-0.6764021,1.8059127,4.4507604,-2.559159,-0.56691533
0.15168452,-1.1072761,-0.46122253,1.5283868,-1.9240763,-3.4716296,4.30569,3.349471,-1.8054826,-0.46104378
0.28529656,-1.0871744,-0.15711933,2.3299313,-2.011749,-2.8075876,2.485654,3.319179,-0.28603667,-1.7954041
-2.552267,-3.1859188,0.53811204,4.748792,0.58546954,-2.3809373,1.6207814,2.9070425,-0.9675346,-1.1063508
-0.39483586,-1.6387001,-0.018520363,1.8718324,-1.7132213,-3.842715,2.7413201,4.884195,-2.2315104,0.39669627
-1.928554,-1.374069,1.4022279,4.6768527,-1.4602084,-2.922397,0.83122826,1.7558428,0.8768329,-1.5943097
-1.8361737,-0.38184264,0.36020404,4.159616,-0.9284539,-2.3265455,-0.35507354,1.2381849,0.23517542,0.031126194
-1.9892246,-1.3096607,-0.15517068,5.7195563,-2.4612124,-3.2889428,1.4181793,4.1518154,-1.0579087,-0.8488453
-1.3675041,-3.4052541,0.5437063,3.229569,-2.0138593,-0.48262146,1.7518256,4.9992194,-2.7072735,-0.4881007
-0.070615284,0.73057055,1.0343163,-1.824644,-2.1652825,-1.8405161,5.993452,0.66811097,2.374923,-4.943871
-2.0049877,0.25635064,-2.5078785,1.3759811,5.350896,-0.41838303,-0.15443388,-0.6595298,-1.530315,0.38597786
-1.7603691,0.13671538,-2.4623437,1.2294288,4.4486713,0.012555867,-1.336576,-0.2267223,-1.8452127,1.8693235
-0.72245544,1.8265909,-2.485168,0.2364776,3.593976,-0.2680411,-0.09486812,-1.0087659,-1.5203214,0.54255784
-1.1771917,0.955976,-2.570808,0.9391177,4.3433275,-0.5369513,-0.8531003,-1.2711298,-0.49771369,0.7683903
-1.9785668,0.33401746,-2.7334287,1.0833735,5.136429,-0.34990087,-0.34996206,-0.5277199,-1.3169045,0.8415935
-0.5830106,1.5807492,-2.631608,0.18136062,4.4988556,-1.1979152,-0.76586133,-0.96220446,-2.023327,2.0669734
-2.4335573,0.067659706,-1.9402025,1.4383087,6.2153006,0.17783871,-1.6636763,-1.9546885,-0.86967367,1.0851388
-1.7366021,2.1793344,-3.0636976,0.38767856,4.3913174,0.30214006,-1.1973965,-2.1008275,-0.006737545,0.9544232
-3.024248,0.28029236,-2.3505344,1.0730413,4.8366737,0.13141656,-1.3192883,-0.55979294,-0.78893006,1.7188615
-1.0348408,1.3071572,-2.3978312,0.24540563,4.3002253,0.23385364,-0.2812277,-0.9049612,-1.1743832,-0.200636
-1.5728705,0.10364491,-2.166423,1.4527807,4.231719,-0.057014376,-1.4224019,-0.41809675,-0.6414825,0.52712715
-1.0810609,1.3417698,-2.2660806,0.2880413,3.7231398,-0.64094734,0.16548127,-0.93032193,-0.9254567,0.4301076
-1.596794,1.9818269,-2.9049017,1.0088731,4.3466673,-1.2199385,-1.3788533,-1.0011386,-1.5201739,2.3702497
-2.369956,1.3753645,-2.7107503,0.5313962,6.7377777,0.40379196,-0.97114795,-2.3304334,-1.1264096,0.611682
-2.0030134,0.41668618,-2.2195504,1.8853803,4.1713824,-1.212761,-0.53832304,-0.5128013,-0.8155456,0.95509756
-2.088334,1.0098715,-2.049399,0.79739517,4.7449064,-0.3218023,-0.7359126,-1.0279306,-0.0989434,-0.17146051
-1.820543,0.6488582,-1.2599047,0.4343331,2.8198187,-0.34367618,0.10194796,-0.7311766,-0.4597488,0.61250323
-2.1875615,0.34469596,-2.6385534,0.15110426,5.5337934,0.87275124,-0.67926055,-1.0549885,-0.21035673,-0.04195199
-1.3193666,-0.65932095,-1.6187932,0.39173353,4.063223,0.42350477,-0.29321522,-0.2685085,-1.301924,0.69562507
-1.4438362,-0.40507492,-2.0083697,1.4975243,2.9310532,-1.0248632,-0.28287902,1.3486313,-1.3146396,0.76600415
0.20760378,0.1246036,-2.0414488,-0.2841012,2.8620722,-0.0010946989,-0.61310464,-0.036457762,-1.2035962,0.9647112
-0.65652865,0.60431087,-2.0132103,0.473077,2.8765965,0.18826225,-1.0094336,-0.69544977,-0.44787186,0.80709434
-1.64183,0.11190426,-2.9817617,1.9294782,5.3696184,-0.45465568,-1.7728064,-0.14249659,-2.8530962,2.5321898
-1.7816727,-0.37444428,-2.3068945,0.5953896,5.5902205,0.066666126,-0.16368583,0.07640892,-1.8893278,0.3313375
-1.1542534,-0.28595695,-2.1123042,1.4997579,5.364417,-0.60821176,-1.1914144,-0.7728404,-1.6752272,1.0541679
1.0426508,-2.8056612,0.2587302,-1.3562281,-0.08088678,6.1921034,-1.6753278,-0.40728724,-1.3763505,0.1353172
0.69155526,-2.5580766,0.08580104,-0.65644616,0.9261849,5.0608306,-1.9002478,-0.59532416,-0.645742,-0.40173236
0.4994902,-1.9718583,0.089934744,-1.4682875,0.7038485,5.608777,-1.8291674,-0.45988515,-1.6104784,0.39539123
1.2393355,-2.580768,0.62534463,-2.050934,-0.32230282,6.0415387,-1.6687796,-0.53842217,-0.5729906,-0.19253317
0.45891047,-2.665323,1.527081,-2.4089005,-1.2893313,6.176241,-0.37837854,-0.14714253,1.1141138,-2.3423295
-0.31284997,-1.1353443,0.7365945,-0.5799038,0.10288566,3.268486,-0.95452684,-0.47142866,-0.7421673,-0.026686706
0.15388903,-2.7915897,1.7725731,-1.717678,-0.488092,4.5973845,-0.6599342,0.48286492,0.98058015,-2.4978402
-0.057875745,-2.3300562,0.87057114,-0.5026659,-0.76103497,6.2934422,-1.9341335,-0.0027854145,-1.6461289,0.07814767
-0.2617112,-3.1262476,1.435864,-1.014068,-0.833833,5.6261487,-1.3060741,0.47157788,-0.33410174,-0.6645379
1.0431645,-3.49565,1.6811849,-1.5823298,-0.7394724,6.34484,-2.936665,-0.14097488,-1.0391548,0.8660567
0.050072648,-1.7201017,1.2285064,-0.7188192,-1.1720307,4.023509,-0.72180814,-0.17756294,0.025109693,-0.8447895
-0.82373023,-3.0603395,1.5746093,-2.1494663,0.1990492,7.37867,-1.8601685,-0.13458991,0.5445478,-1.8182534
0.5480215,-3.222729,0.7984687,-1.6986059,-0.8798125,5.9405437,-0.6745892,1.6028504,-1.1369014,-1.1804806
0.4814301,-1.8932742,-0.08355286,-1.660774,-1.2801285,4.7153177,-0.008008093,1.643219,-0.26937053,-1.8077322
0.8886855,-2.7254589,0.6004851,-1.5457453,-0.19030762,5.335656,-2.2297573,-0.30638397,-0.29124427,0.40205303
0.8416359,-2.6419709,-0.034637935,-2.0228956,-0.26693326,5.2032776,-1.2177267,0.76893723,-0.19858597,-0.78589356
0.289055,-1.1913015,1.9076543,-2.2376213,-0.41299528,4.667991,-0.96695036,-1.7315885,1.2164094,-1.3483338
0.7361739,-0.85204065,0.83473176,-1.6659367,-0.30912375,4.0398407,-1.3354344,-1.50813,0.67510504,-0.47478983
-0.92638427,-2.4191005,1.6086226,-1.696909,-0.8019197,5.923583,-0.86260563,0.52684754,0.7800913,-2.1038635
0.9745328,-2.6582394,0.26027283,-2.2500458,0.1181981,5.64535,-0.57844085,0.5358749,-2.0453637,-0.09915239
1.1613888,-1.3576018,-0.75535697,-0.99857646,0.1918341,5.2309694,-2.2074194,-0.53525716,-0.83473253,0.12881604
0.6781553,-2.3433337,2.0656598,-2.4709642,0.095933676,6.147513,-2.5498304,-1.5290663,0.86747175,-0.96499205
0.8458667,-2.7312644,1.2821333,-2.0541291,0.70293975,7.088361,-2.6557195,-0.94093114,-0.5683538,-0.9305566
1.8660095,-1.9957703,0.05586212,-2.4988546,0.7107922,5.07792,-1.608809,-1.0750265,-0.64474213,0.03974361
0.6984161,-2.3061388,2.6662514,-2.4835505,-1.7638466,5.28,-1.5333059,-1.989368,1.5538535,-0.1479963
-2.3243093,-0.12448911,2.6520898,0.22461061,-3.0472057,0.093931705,1.4704099,0.48996598,1.8280023,-1.282205
-2.2207391,1.6697289,2.246731,-0.21147026,-1.1779206,-0.16000131,0.9185435,-1.2445762,2.5248837,-2.2449894
-2.543869,-0.5138155,4.7818613,-0.607186,-2.0797672,-0.6361277,1.1751955,-1.0378728,3.0381672,-1.5393902
-1.956837,-0.06641433,3.6977952,0.31920373,-2.8747218,0.88515854,-0.9903449,-1.7744267,5.7351294,-3.1295285
-1.013514,-0.50489676,5.096217,-0.09895392,-5.3184853,-0.8012227,1.4586592,0.24588019,3.9130335,-2.8632054
-1.0289539,-0.97536206,5.0486073,-0.068449125,-5.2663345,-0.17303517,1.8652215,-0.29774714,2.903866,-2.2441006
-1.7702477,0.5067923,2.2826777,-0.44834113,-2.1795971,0.15686157,1.1715057,-0.58022213,4.0397573,-3.2996287
-1.958234,1.1593639,3.0800593,0.19532801,-2.7967665,-0.34681,1.4056294,-1.5589907,5.162184,-4.1956735
-0.71925205,-0.6754621,3.535863,-0.23675968,-3.7138708,-0.065072685,1.6586347,0.2982961,2.5432608,-2.5111396
-1.4838336,0.8500483,3.805277,0.07633151,-3.4478886,-0.5352043,0.51973015,-2.098424,5.173294,-2.902587
-0.53889304,1.8095282,4.362102,-2.1117637,-4.4331627,-0.9681802,1.4302871,-2.3115869,5.979145,-3.1685941
-1.6871607,0.86924684,2.6255865,-0.90934366,-2.7614615,2.916292,0.16602546,-2.9392576,4.640913,-2.854345
-3.146443,0.3409843,6.111891,-0.54984564,-3.5030298,-0.13804755,0.85079026,-2.6882858,5.411035,-2.8515313
-1.4100242,1.4836463,3.1712606,-0.4288622,-2.7035358,-0.5791781,1.0088739,-2.8207195,5.796813,-3.6290119
-2.286095,0.9065355,3.984379,0.6548888,-4.336233,-2.258579,1.974108,-0.8703097,5.697719,-3.3711898
-1.730866,2.8425295,1.9163718,0.21215431,-2.44309,-2.0330372,1.4020271,-1.8996768,3.6809309,-1.9733416
-0.74214,-0.016192555,3.7567172,-1.8833239,-3.2059739,1.5657295,0.72785014,-1.9480852,3.6012075,-1.8139051
-1.9547935,-0.13402353,5.06909,0.14500289,-3.8920705,-0.53846097,1.6047192,-1.9291832,4.2885804,-2.5264845
-2.558508,1.4665672,3.0802104,0.17323975,-1.8712151,-1.2940819,1.4252923,-1.6362765,5.6242723,-4.413815
-2.2270555,0.8332108,4.6270237,-1.1708946,-2.3802655,1.0031979,0.8910582,-2.1955347,6.46292,-5.6440296
-1.3662454,1.6216484,2.4498353,-1.0078348,-2.8357337,1.2318895,0.480263,-1.2547514,5.7466116,-5.0151887
0.54866165,2.959832,2.1319926,-1.0026451,-3.186501,-1.2752492,-0.8577197,-4.0611925,5.9399085,-1.0673329
-0.5939893,-0.41395888,3.9833753,-0.9701911,-4.397954,-1.1679063,3.483413,0.9595964,3.2366555,-4.0006194
0.29057115,0.6610179,3.289066,-0.9360606,-4.0249453,-1.2359505,2.2435162,-1.0465819,4.3991876,-3.5905643
-1.4297147,-0.09164283,2.2153492,-0.22058126,-0.693686,1.3383509,-0.3191254,-1.0456676,3.3688285,-3.0746205
-0.22340277,4.1562395,-1.6802411,0.740938,0.042447686,-2.5738618,-0.29938763,-1.0661609,1.0198181,-0.036236603
1.4125869,0.99470234,-0.3396967,-0.9271105,-1.0194402,-1.6557581,1.204195,-0.019614443,-1.6739757,2.1103873
0.5089806,2.1497111,0.8153708,-0.75320876,-2.7055295,-3.151589,3.4581485,-0.18638828,0.21433176,-0.26591974
-0.62934256,5.535988,-0.22757015,-0.21307828,-0.7005453,-2.2155914,-0.06863497,-3.124484,1.755274,-0.018699892
-0.0029577538,-1.1121207,-1.163563,2.1235938,-0.035687298,-3.2222292,1.4853773,2.873291,-3.514919,2.8000636
-0.6677051,4.8870726,0.12570372,1.1744494,-1.9299536,-3.0484445,-0.16869742,-2.6660624,1.8937979,0.5056976
0.98536557,3.933018,-1.3838015,-0.0022395998,0.5585294,-1.1551772,-1.9092395,-3.2217593,2.1559315,0.20889938
-1.7046485,1.4811436,2.5557072,0.47938168,-2.7792575,-1.3366538,0.62534684,-1.0386261,2.7373164,-1.0655172
1.1363232,5.86094,-2.9027839,-0.68880415,0.2095474,-2.659592,0.37083215,-1.6826974,0.89029,-0.43454313
0.97409123,6.3975825,-2.4749491,-0.91278636,-0.9672241,-3.3021467,1.3023193,-2.475668,-0.49252063,2.064793
-0.019398905,5.047312,-0.59140515,-0.24959905,-0.50083137,-3.60403,0.31301045,-3.1942794,1.4428257,1.3646917
-0.13947174,0.9442618,-1.1159348,1.5988939,0.12147689,-3.5162184,0.59806484,0.5858396,-0.42209494,1.3882853
-0.34213945,6.8659062,-1.948039,-1.0078046,0.25277856,-1.5404315,0.2276954,-4.4239182,1.4703174,0.28542927
0.06409658,5.4831295,-0.34908885,-1.2978697,-2.636624,-0.992152,0.60238427,-2.6011028,1.3690802,0.3256838
2.4307141,6.787794,-1.6427963,-2.0948925,-2.9346,-1.8352618,0.7625647,-3.1899161,2.24251,-0.59061253
-0.57746786,3.5334594,-0.10321621,-0.20099892,-0.17550904,-2.1865082,1.0182619,-2.0163717,0.32675505,0.49525678
0.28870785,5.564518,-2.11317,-0.6294216,0.12928945,-3.4804208,1.1267085,-2.361948,0.59349453,1.0898944
3.0465074,5.9227915,-2.3400671,-1.9780637,-1.6104224,-2.757292,0.7862507,-2.0844984,-0.568053,1.6775602
0.86265755,2.4004126,-2.9332182,2.1867993,0.5243635,-3.5075374,-0.40314937,0.2805472,-3.5305972,4.4030194
1.3756063,6.10363,-2.964959,-1.4759989,0.3440218,-2.454435,-0.4375946,-2.6138973,1.6755857,0.44469225
0.40841597,5.7034063,-0.8466599,0.54880744,-1.2609353,-3.1444485,-0.64720225,-3.1164446,1.1714939,1.2406389
-0.027961724,3.75657,-3.2647676,2.1267529,2.499396,-3.0265157,-2.0528085,-2.3338451,-2.0966518,4.5657988
0.7907167,5.0903525,-1.9017582,0.35970592,-0.61095643,-3.3299863,0.18169159,-2.5025408,0.32458246,1.5943059
0.50557244,1.6066306,-1.1144891,0.5477814,-0.54284394,-2.9173045,-0.13961811,0.13232422,-0.65514225,2.7343302
-1.3432809,0.24030402,-1.2175618,2.74264,-0.19524896,-3.4326956,1.0615914,1.5933479,-0.77991307,1.4589313
-1.0415043,-0.93907857,1.9680543,-1.2297385,-2.3355386,-0.7998457,4.5006804,1.7139504,-1.197097,-0.72464484
6.0246015,0.18335566,-1.833658,-1.4874827,-3.2652185,-1.8831365,1.044662,1.8586085,-3.6447024,3.2701461
2.3832037,0.08309665,-0.4620235,-1.8084323,-2.6449223,-0.95983124,2.441512,1.1234121,-0.6859319,0.4666794
-0.89744514,-1.6455984,2.6986272,-0.40220797,-2.9833171,1.2300035,0.49031723,1.0479164,-0.3362357,0.95399845
-1.723619,-0.5682713,0.5755514,0.45201272,-1.2456365,-1.8495548,4.145143,2.305399,0.25313735,-2.194982
-0.020329796,-0.18125045,1.8341901,-0.9413515,-2.364501,-0.87182975,3.7172613,0.2542545,1.1971192,-2.5873685
0.16731414,0.48099503,3.3826916,-0.3932861,-3.424805,-1.0440981,0.9530515,-1.4149704,1.7888565,-0.47286814
-0.3092888,-0.6064162,1.3546262,-0.32205933,-2.6215425,-0.76186395,3.4561954,1.7191097,-0.84108037,-1.0717734
-0.808557,-0.836578,3.0339448,-0.1845348,-5.201872,-3.0434816,4.5384355,2.9301643,-0.16401772,-0.07399989
-1.7480797,-0.551803,4.181777,0.21740936,-4.20632,-1.4485446,2.7497094,0.74087685,2.2097487,-2.1741376
0.04175564,1.706921,2.874129,-1.7380131,-3.105221,-2.838324,3.2357857,-0.7006177,1.9236596,-1.3855845
1.5274618,-0.8685696,1.0399357,-1.0965124,-3.1091707,-2.0583975,3.71479,2.7960606,-1.8451347,0.08167102
-1.6539683,1.4034667,3.5524402,-0.111194566,-2.3051262,0.47348318,-0.9097969,-3.0326781,5.957339,-3.4519162
0.61100525,-0.19771734,2.823456,-1.734048,-2.451261,-1.033154,2.270369,-0.43359518,1.2648402,-1.0994487
-0.514824,0.27285385,0.7423023,0.06458308,-2.3767555,-2.097142,3.4717205,1.6145258,1.1987529,-2.4594107
-0.32271484,-1.3682965,5.533835,-1.5295926,-4.2612085,1.17318,1.2443359,-1.2139547,3.0388744,-2.3473113
1.1256886,8.024652,-1.8355515,-1.5619718,-1.5860977,-3.2751627,1.22914,-2.2675445,1.277416,-0.92914104
-0.28939384,-0.64074695,1.826523,-0.68375754,-3.5588822,-2.0448987,4.4151406,2.6458592,-1.7456464,0.07963347
2.11937,0.45283702,1.3720767,-2.0228832,-3.2199335,-2.2246082,4.1782727,0.42665935,0.8398758,-1.9643236
-0.21878523,0.79861844,2.674348,-1.4483457,-3.2579184,-3.0715306,3.9754407,1.3718733,1.0500548,-1.8181089
2.382833,-1.1258703,3.1028764,-1.7455645,-5.0538063,-2.0022285,4.3073792,1.4980654,1.060358,-2.2805312
2.3712776,0.06917599,0.51577085,-2.250899,-2.8883173,-1.5098152,3.4905815,1.943202,-1.6503861,0.115812294
0.17365623,-0.1082257,2.8640866,-1.6574595,-3.5148478,-2.6486523,5.121243,0.8063414,2.468415,-3.3532045
-0.35826796,0.92010665,1.7645215,-1.0361599,-1.9349272,-2.545696,3.8540437,-0.18812978,1.6286513,-2.1183476
-0.00335332,-0.63939595,2.0754807,-2.1851535,-1.639858,-0.5851877,4.367433,0.02260217,1.3933812,-2.8340895
