-1.8481313,-0.3831424,1.5755153,4.315627,-1.4429263,-3.293392,-0.05134408,3.043932,-0.27612853,-1.5692637
-4.918154,0.23892438,2.850164,4.8290696,-0.9586589,-1.6576787,-1.7908101,1.4365463,1.4112072,-1.1910101
-3.840337,0.30006295,2.3686454,4.1407113,-1.0630008,-1.4220374,-1.230878,1.772713,0.5488514,-1.2366698
-3.3069456,0.15603954,2.0853078,5.14979,-0.9905128,-3.137669,-1.1856059,2.2415233,-0.21282619,-0.6009676
-1.4160514,-0.73392063,1.1385478,3.2822928,-0.29581606,-2.7868192,-0.5878836,1.8093146,-0.15557793,-0.34810382
-1.8619815,-2.0170937,2.145361,3.5233743,-1.4928162,-1.3327324,0.01896374,2.4712276,-0.15920767,-1.2633982
-3.7162945,-1.4392391,3.7592149,3.619127,-2.121818,-0.72858524,-0.11935578,2.4003444,0.96456134,-2.4318893
-3.6025293,-2.1481462,4.395939,5.354413,-3.2272882,-2.0912488,-1.328349,3.4217668,1.5745777,-1.8992548
-5.34347,0.019094229,3.1383557,6.281551,-1.9926851,-1.4749957,-1.1714753,3.0141206,1.1290599,-3.2876515
-3.2111373,-1.8016806,4.043846,3.3815172,-1.5840963,-0.93863976,-0.92284286,1.6890241,2.5714054,-3.2084894
-1.6874723,-1.4095428,2.9074156,1.8161227,-2.471892,-0.39915475,0.39516157,1.4925112,1.7388031,-2.453062
-0.81370443,-2.1554422,2.0144565,1.6989068,-1.6170528,-0.3978774,-0.038824245,1.7247955,0.5253309,-0.9649237
-0.17076723,-0.7373331,3.1861327,1.4228424,-3.462733,-0.62902343,-0.8783119,0.76254463,2.8544183,-2.412716
-2.6196826,-2.449792,3.8494241,3.4879854,-1.4604166,-1.2736244,-0.52069116,2.1253448,1.3634411,-2.6166997
-2.6276677,-2.7470424,4.155655,2.4716465,-2.4217415,-0.059882313,0.60387194,2.4575677,1.6817281,-3.5741978
-3.3277893,-0.95245457,2.2750423,4.071666,-1.7803758,-0.1873394,-1.926559,1.5109886,0.7046218,-0.48035744
-1.3735617,-1.3737941,1.8801147,2.093717,-1.7925205,0.114739805,-1.2806427,1.123664,0.587525,-0.020802759
-2.6077077,-0.96933794,2.3011982,3.508104,-0.803238,-1.3065423,-0.9181706,2.026273,-0.13441288,-1.1456326
-2.130269,-2.702582,3.3082516,2.8586054,-2.6397746,-1.4318148,0.09723514,2.6656933,1.2550958,-1.2520084
-2.2492564,-1.0676156,3.755207,1.4906994,-2.1323423,0.5597378,-0.74051124,0.6190691,2.8704195,-3.1897528
-2.4596705,-1.5241857,5.1295223,2.6836383,-2.9758425,-1.2654961,-0.7374782,1.6030943,2.8273296,-3.1678486
-0.5532736,-1.0761497,1.9207586,1.356505,-1.8828545,-1.780594,0.9760631,1.6904804,0.55458856,-1.3025159
-0.81989264,-1.5504627,3.4151263,0.8657346,-2.528397,0.1375266,0.34049553,0.6932124,2.9114304,-3.5814767
-1.8622152,-2.4666774,5.500799,1.532066,-4.1088595,-0.41375723,-0.20132841,2.132473,3.2204227,-3.3681874
-1.7056429,-0.03668791,2.7093267,1.0832968,-1.3956896,-1.1138482,-0.2841602,0.30302516,2.3416898,-2.0270472
-2.3778598,1.0265546,-0.12447235,3.7824335,0.3822006,-1.6796381,-2.387846,0.71024954,-0.803193,1.6234114
-5.167838,-0.8737156,2.4554412,5.4738283,0.024087742,-0.95478106,-2.7046125,2.2348971,-0.91770136,0.6272187
-4.3075986,-1.9176502,1.9423755,5.58723,-0.2360019,-1.4171125,-1.6254594,2.7797494,-0.3346298,-0.32243434
-4.5353737,-2.4879386,3.1232293,6.066294,-0.09133746,-1.7885545,-1.9923525,2.2035446,0.60826516,-0.9281549
-2.5887074,-0.5979229,1.7239383,4.611347,-0.15114732,-2.5848992,-0.5618084,2.0519269,-0.030714393,-1.5071423
-3.8364751,-0.16017821,3.3812597,4.331868,-2.402649,-2.4171908,-0.52081925,2.1261168,1.6075397,-2.1369488
-2.5478241,-0.08975226,0.7954359,4.397052,-0.17035334,-0.47784683,-3.1128397,0.49329725,-0.2566609,0.9724464
-2.3488305,0.121181786,0.4709733,3.905874,0.46105617,-2.50629,-0.5980924,1.589126,-0.22038193,-0.905996
-3.7997298,0.43769193,1.5049453,3.262561,-0.49144405,-0.33481345,-1.6910946,0.97797644,0.30616286,-0.082019754
-1.9162713,-2.0396485,1.1466056,5.375251,-0.9426485,-3.3390858,0.3201548,3.6086102,-1.0574099,-1.2266718
-3.0875113,0.2053662,1.7761904,4.217911,-0.7249605,-2.0674284,-0.8190336,1.7589287,1.1312001,-2.1174922
-2.5795784,-0.022002816,1.1586931,4.0906715,-0.3430699,-1.5710514,-0.936604,1.7703291,-0.038869113,-1.3121874
-3.276227,-1.276324,2.3335292,3.9557195,-1.2098963,-0.9362576,-1.5139686,1.8119915,0.472645,-0.48793688
-3.1100047,-0.32174408,1.2686688,3.5543048,-0.506182,-0.5909287,-1.9726582,1.1919382,0.07280329,0.48118868
-1.0669583,-1.0382235,0.9287912,3.346719,-0.6829064,-2.4798923,0.8449205,2.2672234,-0.31756335,-1.8543258
-2.2428343,-1.0700955,1.5428644,3.8611372,-1.5675217,-2.6188018,0.89019907,2.6662798,0.52622044,-2.0068753
-1.7512552,-0.26512754,1.1963807,3.7686594,0.20974897,-1.8141237,-2.1111746,0.6873245,0.23755625,-0.21023735
-2.0499475,-0.5393608,1.4805089,4.034763,-1.7156594,-1.5196428,-0.16078486,2.116323,0.38240942,-1.88768
-3.8145506,-1.5032806,1.733847,6.474926,-1.197771,-2.4670103,-1.667989,3.0263853,-0.91142356,0.4376258
-1.9390293,-0.6018721,0.3063615,3.868009,0.1848161,-2.0180888,-0.57224995,1.9840435,-0.5332107,-0.74959844
-1.946541,-0.9577932,1.6303805,4.6971874,-1.7775698,-2.2826426,-0.5697261,2.5290303,0.41112837,-1.6420121
-2.617098,0.0056475997,1.3035369,3.888327,-0.49072546,-1.9247323,-0.29164803,1.8834097,0.22045359,-1.9723301
-1.8422955,-0.9127823,1.9093643,4.9693356,-2.1737149,-2.3377364,-1.316247,2.500575,0.55240726,-1.251517
-2.4443843,-0.93153054,0.87615114,4.552452,-0.8025139,-2.3787258,-1.145119,2.1531482,-0.029272825,0.21014121
-1.6162678,-0.27790192,0.65792674,3.003227,0.050853506,-2.1253374,-0.7632878,0.9489124,0.35813627,-0.22220626
-0.85418266,1.7322984,-2.3689773,-0.07271287,5.273602,-0.5811453,-1.7885317,-2.5807295,-0.25041765,0.94401294
-2.768467,2.6934786,-2.61645,0.562932,6.2891097,1.6350576,-3.259193,-2.7301664,-1.8492413,1.8191882
-0.7824793,-0.19099176,0.3745808,-3.8914974,0.40744585,5.9864454,-1.6853392,-2.3975987,0.7843708,1.2342124
-1.2192167,0.35749584,-0.82883805,-2.8858016,-0.04150641,8.253091,-2.482882,-3.0348053,-0.51361626,2.089761
-0.20426296,-0.28912497,-0.78530115,-4.354105,-0.122720465,7.9777327,-0.98205733,-2.6805792,0.5362387,0.36985153
-0.01654081,-2.2103255,-0.049239606,-2.143573,0.43779665,6.9029026,-2.3293133,-1.8253978,0.37651798,0.48989657
-0.6026762,0.113891184,-1.0906312,-2.2695818,0.9598976,5.912362,-3.564889,-2.3727574,-0.2170563,2.9197855
-3.4986153,0.12845725,-0.041382723,-1.9553438,2.5447078,5.6057987,-1.2234858,-1.5656189,-0.35893512,0.2901622
-2.207939,1.8346288,-0.33409643,-2.3882167,1.1604334,6.5363665,-2.8702059,-3.690279,1.816586,-0.12509659
0.17687283,-0.6664683,0.39793837,-3.3182352,-1.3150167,5.551674,-1.2089461,-2.092752,1.3210593,1.0315459
-0.94781035,0.48449153,-0.5248687,-2.3999994,1.6791852,3.0249603,-1.0387666,-1.9388787,0.16654196,1.20592
-0.09368594,-0.047922194,0.7077291,-1.4958093,-0.8047653,2.7172973,-1.113768,-1.1817113,1.1052635,0.089784704
-2.6715274,1.1533806,1.7963641,-1.6485841,-0.82375616,4.95448,-3.0370631,-2.4507494,2.4128902,0.4206177
0.60948205,-2.1091294,3.986367,0.3875541,-3.4504817,-1.0973724,0.52545065,1.2311575,3.3386226,-3.5006528
-2.326925,0.2605093,4.238077,-1.5448061,-2.151321,4.245338,-1.7637933,-1.9505168,4.8663673,-3.8811612
-0.46969736,-1.3069289,0.82854205,-0.5817145,-0.7373056,3.798249,-2.0677657,-0.7351155,-0.35839653,1.3587787
-0.12977283,-0.69133973,1.4787366,-1.4827591,-1.8632283,3.514129,-0.827544,-0.70205843,1.221379,-0.7281681
-0.744904,-1.2154152,1.0443331,-4.346974,-1.8250183,9.071371,-1.4754505,-2.4175954,0.97027564,0.50604385
-0.55396587,-0.11275387,0.60946506,-0.78950083,-1.557786,5.3915915,-2.3003054,-1.7807406,1.3339093,-0.37610894
0.00088085234,-1.8821225,0.14218588,-1.9731077,-2.1256282,6.5548096,-1.3612753,-0.4411412,-1.5766498,2.4968157
0.26252717,-0.365587,-0.457995,-2.9128945,-0.80023456,5.8591094,-1.410801,-2.1501527,1.2466674,0.36169
-1.7511002,-0.458272,-0.8243814,-2.289843,1.9229194,6.3655734,-2.2296407,-2.726245,0.59996593,1.0264257
-1.4417881,-0.6419152,0.8148814,-1.5961415,-0.09470977,5.83822,-2.3876576,-2.516406,1.1772712,0.5125781
-1.2921643,0.23712003,0.11188538,-4.20228,1.3068699,7.647733,-2.1162019,-3.3372917,-0.017308623,1.2726482
-0.9564375,-1.4285836,0.5632268,-3.741164,0.6173071,8.3133955,-1.6753184,-2.3254237,-0.054715797,0.47025305
-0.23398082,-1.3729724,-0.06497286,-3.3450089,0.2830642,7.041666,-1.7546597,-1.8352269,0.2741222,0.79332465
-0.749607,-1.2859858,-0.27477193,-2.9076765,-0.8006771,6.218019,-0.9844359,-1.2982903,0.38097104,1.4086684
-2.800401,4.8944664,0.0035390109,-0.74932206,1.3175875,1.9152001,-4.0056705,-3.796391,1.8550415,1.3095587
-2.3093064,7.102429,-0.7921139,-1.3515296,0.8968989,-0.9092512,-1.7693552,-3.2024431,1.3922895,0.93358976
-1.6102947,4.7709417,-0.66763467,-0.3017858,0.28696126,-0.9103197,-1.8175635,-1.7558173,-0.1396819,2.358799
-5.5168023,7.2390275,-0.5539355,-2.1163037,3.30644,2.8156958,-3.0203767,-4.8775344,2.0638883,0.423125
-2.3477867,6.0462623,-2.5715227,-1.3414174,2.8166227,1.8154927,-3.2300763,-3.900186,0.18071261,2.2666614
-2.4725416,7.87899,-2.2181149,-1.137184,1.2312992,-1.2089121,-1.0864167,-2.4907875,-0.948354,2.665451
-3.3458188,6.146314,-0.98589504,-1.9429115,1.8404745,0.22663948,-0.98914623,-2.685442,0.29286048,1.1479814
-2.4028034,6.1188803,-1.6353035,-1.8731989,1.1853908,1.1390058,-2.154861,-4.1469927,1.1238437,2.4025176
-2.055074,5.3284907,-1.2563791,-1.7073789,1.2936394,-0.014791608,-1.4192816,-2.9031143,0.3004106,2.2592075
-1.539833,7.028384,-2.6762457,-2.8440907,2.8804708,1.7614769,-2.3021584,-4.5659723,-0.76877475,2.7381496
-0.7075937,5.6862326,-2.6961293,-1.4710455,1.8101944,-0.75402987,-0.7583438,-2.4018455,-0.94516015,1.8874497
-2.960585,5.5832844,-2.2921157,0.047485754,2.6957042,-1.3339947,-1.4525412,-1.9144415,-1.4175804,2.8483944
-2.6918108,6.4807186,-1.4240512,-1.369679,1.1406583,-0.07443544,-1.2850318,-2.2896204,-0.3992115,1.8502245
-1.4497992,3.1422887,-0.36752722,-0.9281354,0.271406,1.5183719,-2.3549113,-1.8786029,0.8747753,1.0020628
-2.0763423,5.804527,-0.61575675,-1.0854229,0.18835302,0.30128023,-1.112427,-2.3206878,0.7333385,0.17992523
-4.900484,5.780964,0.9888553,0.060793072,0.3461663,-0.20951883,-2.0329905,-1.9216284,1.7984319,0.23542935
-1.1331424,6.620606,-3.5341866,-1.1512896,1.7950937,-1.5181737,-0.72370744,-1.6666275,-2.669931,4.0321913
-0.95244974,4.143589,-1.1093037,-0.24927971,1.6144857,-1.3992008,-1.8845344,-1.9140071,0.21971771,1.6023425
-2.4826407,6.0892105,-1.2799152,-0.2834241,0.7883696,-0.54026425,-1.468428,-1.7697626,-0.36318806,1.3556437
-2.2552435,7.8628054,-1.0847801,-2.742819,1.8481776,-1.0287523,-2.2391748,-4.243479,1.591999,2.3059642
-2.5361063,5.203669,-0.44170058,0.3282273,2.1245735,-1.1598964,-1.9147394,-1.9926399,1.1427442,-0.78767735
-1.0982566,4.482107,-1.2387716,-2.8810968,2.0535488,1.009113,-2.1147609,-3.0614743,-0.48032466,3.0847163
-1.2581989,7.835574,-1.2749151,-2.0459626,0.49578804,-0.05464369,-2.5249286,-3.7990346,1.0756578,1.2991039
-0.27441275,2.861332,-0.32227546,-0.6733911,-1.0461705,-1.1378626,-0.976527,-0.79122627,0.4449927,1.8358896
-1.1827825,2.6890578,-1.6674162,-0.57425416,1.1726707,1.2477516,-2.282355,-1.6613802,-1.6589034,4.007973
1.0187691,-0.36802876,-0.19502538,-0.10102627,-0.99579674,-1.7191457,1.311455,1.1294351,0.17158973,-0.37467986
0.36848313,-1.0302982,0.10197313,0.2849716,-0.23766284,-1.427295,1.8940763,1.8327311,-0.55836785,-1.3173819
1.0938649,0.67032784,-0.6322928,0.4852526,-1.2776685,-2.464525,2.3728697,1.6162452,-0.5163481,-1.4641144
0.9458416,-0.99940485,-0.3409601,0.330449,-1.4057125,-2.3903906,3.4521532,2.5393891,-0.70473623,-1.6691887
1.209089,-1.2591239,0.029605344,0.7267652,-1.9090542,-1.9103929,2.5342343,2.5562458,-0.7398331,-1.2245007
0.2497101,0.40161783,-0.2804597,0.29728067,-2.1552238,-1.7076952,3.0324247,2.1473985,-0.57015955,-1.4891524
1.0620936,-0.79050857,0.16891576,0.93517315,-2.0840385,-3.033076,3.146428,2.6818051,-0.2515158,-2.0342102
0.89874727,0.80344194,-0.13704227,-0.18638667,-1.2666463,-1.1741003,1.3782184,0.69351375,0.07224679,-1.1631172
0.7826775,-1.3582318,-0.4146042,0.86359847,-0.9666311,-2.7658749,3.084395,2.9563298,-1.2851745,-0.9775395
-0.2754745,-0.6544843,1.3986521,0.95803,-2.0917513,-2.4649174,2.8479404,2.473289,0.6003374,-2.8708537
0.056169286,-0.32094625,-0.11463921,0.40505913,-0.9900355,-2.8437326,3.8496385,2.7535505,-0.49494958,-2.4070063
0.8327467,-0.8980792,1.0932186,-0.0054096878,-2.2714481,-2.3913949,3.219287,2.0623422,0.07874459,-1.9221413
0.27287847,-0.7905481,0.13146697,0.028449386,-1.1114554,-0.61514246,1.6100893,1.3666855,-0.26300937,-0.73812556
-0.37758142,-0.4502441,0.8589589,0.9275403,-1.9749514,-2.294115,3.28448,2.3477197,0.17595655,-2.5609558
0.45064908,0.835126,-0.38207066,-0.97419965,-1.0660906,-0.34739265,1.3683633,0.83501995,-0.42712337,-0.36197832
-1.0580062,0.88595885,-0.8865257,1.9085513,1.8821212,-1.7266771,-0.72348124,0.087818384,-0.3025386,-0.27596942
-0.9545844,0.23185503,-0.62657535,1.5902026,0.93341595,-2.408847,1.5074039,1.7718489,-1.1486384,-1.0674605
1.1176896,-2.484814,0.37572998,1.1046449,-1.4375654,-2.9172184,3.1533725,2.670383,-0.03477259,-1.8066275
0.35970932,0.3802055,0.4513896,-0.4791712,-1.3588277,-0.43706128,1.7930708,0.9861337,0.23052135,-2.092937
-1.2881911,-1.5082636,2.923001,0.7258508,-2.8398802,-2.2565331,3.4688873,3.0531116,1.3574294,-3.6464598
1.2633501,-1.707931,0.32716346,0.6663052,-1.1004362,-1.7937235,1.9720877,1.9003205,-0.08854678,-1.6792285
-0.098355964,-0.7173622,0.15403302,0.39642996,-0.68847704,-1.662911,2.3234344,1.8746822,-0.36752427,-1.3307611
0.3779781,-0.88258517,0.7746826,0.8490305,-1.9611446,-2.2025745,3.1560543,2.7695827,0.21317405,-3.0705624
0.82017857,-0.9850027,0.36067414,0.6512706,-2.1105769,-1.9618615,2.45827,2.2413802,-0.06514253,-1.4817439
0.10965018,-1.608566,0.76458174,1.0530741,-2.3301868,-1.2101991,2.7235923,2.5436373,0.286365,-2.4100776
-1.8208832,-0.92795587,1.1954933,3.5556557,-0.30851287,-2.3079412,0.57772005,2.187983,0.22374073,-2.376923
-1.9516951,-0.33377475,1.32017,2.652016,-1.2776613,-0.7697737,-0.71790075,1.5890502,-0.33503127,-0.119494386
-2.4910853,0.06272453,1.1827173,3.9042253,-0.60938066,-1.8878232,-0.7281078,2.0042424,-0.6870621,-0.70468897
-2.8574255,-0.5925376,1.5770239,4.248496,0.020543411,-1.5735255,-1.6259845,1.5880257,0.42231044,-1.1749356
-3.0283988,0.933459,0.49641806,2.291992,-0.39946464,-1.2363405,0.47928858,1.2485994,0.23435599,-1.0148559
-2.1697001,-0.8728599,1.7268022,4.8720813,-0.4608733,-2.1114109,-1.6742532,1.3141873,1.0114962,-1.5393145
-3.0634165,-0.9411928,0.8595367,5.117543,-0.0314437,-2.189805,0.149855,2.6896324,-0.91706836,-1.5939827
-0.7054427,-1.6848786,1.4361811,1.4639326,-1.9340602,-0.6637602,0.55624896,2.0125053,-0.25151896,-0.2924523
0.37590647,-0.8668232,0.6856356,0.81504655,-1.6367004,-1.1180838,0.55297214,1.1453252,0.40672246,-0.5360949
-0.021169946,0.41882688,-0.16227902,0.23835996,-1.361242,-1.9243346,2.292058,1.7917217,-0.8076931,-0.5463367
-2.2075665,-2.965569,3.1775453,2.5595603,-2.6438456,-3.0967004,2.8706384,4.0441027,0.61124945,-2.2589645
-0.46410233,-0.5400112,0.5764413,0.73089063,-1.7715524,-1.328407,1.9106451,1.6246806,0.2952536,-1.1514403
-2.426511,-1.4885813,0.8224557,3.7926772,0.08162059,-2.5159013,0.59925205,2.9188552,-1.182268,-0.578937
-0.43551493,-1.7084684,1.3081063,0.53616416,-1.6286372,-1.4099888,2.118226,2.1875014,0.7947085,-1.9249973
0.3042393,-1.223104,0.27704322,1.362852,-1.1719944,-2.0520744,1.7477417,2.193246,-0.40820688,-1.1543845
-1.129378,-1.7285092,1.3822355,2.5356393,-0.6713597,-2.518129,0.7837897,2.2856898,0.32938126,-1.2971262
0.4283831,-1.8043597,1.4118586,0.78121734,-2.4899595,-1.5193852,2.402996,2.4864726,0.049854726,-1.917064
-0.45022148,-0.32378754,1.1724852,1.4730959,-1.6872777,-1.9468755,0.5249731,1.8254539,0.27914903,-0.8658841
-1.1738135,-0.5273701,1.3417566,2.5908518,-2.3993711,-1.6962641,0.38871294,2.1146193,0.341374,-0.96293336
-1.0477585,-1.8985274,2.3627155,1.5501935,-2.2822213,-2.290326,2.1999211,2.945344,0.8952464,-2.4658852
0.72722393,-1.8820138,1.6744574,1.1518216,-2.6006737,-2.7015765,2.5501826,2.70609,0.45647416,-2.3323216
-1.1827728,-1.3016875,0.82918125,1.4875929,-0.65818715,-2.1082547,2.3701835,2.7497497,0.06304225,-2.308868
-0.25810206,-1.8741484,0.7480241,3.2229044,-1.5164648,-2.416624,0.41638154,2.7780519,-0.7182698,-0.4392965
-1.3656645,-1.4166658,2.2604558,2.4729807,-2.4472842,-1.0838039,-0.047453627,1.7218066,1.6021507,-1.7410767
-1.7022069,-0.14703354,2.0811806,-0.15971234,-2.638827,-0.31379658,2.211328,1.769752,0.5975851,-1.7132857
-1.6766192,1.3995061,-3.313887,-0.47924063,6.398525,1.852527,-1.2634484,-2.8523717,-2.0765224,1.4621588
-4.094748,0.7520773,-1.8157781,0.93714035,7.5003285,1.6833481,-2.6544237,-2.6762004,-1.6129603,1.5165641
-2.4761722,1.3407393,-1.7945135,1.3518459,5.6599298,-0.735361,-2.1013298,-1.0958242,-2.2046883,1.9419664
-2.2554843,1.0791473,-1.4464394,-0.5205898,4.9702964,0.7025089,-1.6540896,-1.7409974,-0.30930305,0.7884314
-4.742881,0.79130393,-3.0445282,2.0688264,7.452916,0.90435445,-2.2976546,-1.238918,-2.9197283,2.6720712
-2.8276553,0.6591249,-1.947385,1.4955026,5.5362372,-0.12227549,-2.9899404,-1.3446168,-2.2584758,3.470059
-1.375862,-0.47107193,-1.3238848,0.6118581,3.047358,1.4477826,-1.1614902,-0.7030121,-0.77633643,0.5866983
-0.8114168,0.5918409,-2.7555916,0.08281329,6.1422048,1.5012807,-2.7186778,-2.2853055,-1.8694555,1.8939153
-4.4045963,1.0811903,-1.3509225,2.074586,6.471987,1.8234826,-3.1503835,-1.8330795,-0.5050572,-0.28729147
-1.574398,-0.03410381,-2.3303392,1.2769628,5.060049,0.12240538,-2.5071216,-1.1331948,-1.8038787,2.5539665
-0.5634083,-0.74396044,-2.970554,0.7000134,5.06892,-0.1709002,-1.2316921,-0.7258667,-2.2897444,2.6455739
-1.0255481,-1.2560753,-2.943497,1.7930361,4.7889514,-0.7894666,-0.5988115,0.69050086,-3.1660798,2.17272
-3.2770803,1.2341111,-2.8554091,0.7538346,6.4050393,0.37556633,-2.3200436,-1.3678721,-3.2620983,3.966178
-1.1907443,1.3807893,-3.6188843,0.86171925,5.868901,-1.1684914,-1.0853146,-1.1370367,-2.7145815,2.640028
-1.7160959,1.9821198,-3.8018825,0.5327065,6.701488,-0.21224567,-1.7872217,-2.134007,-2.0940914,2.1308856
-3.3694916,1.7217054,-3.6176355,1.1083934,9.930789,2.8393726,-4.2835107,-3.8366714,-2.3555603,1.3079977
-1.2311796,-1.115834,-1.9419299,1.6014936,4.4733734,0.36914167,-1.9115641,0.16842386,-2.6702237,2.0715544
-0.90359205,-0.21264434,-2.0252326,0.9411442,3.664514,0.11774483,-1.9504492,-0.25560474,-2.5943604,3.0627189
-1.3403631,-0.09952515,-1.3561659,1.2572523,5.57327,-0.4749726,-2.8821263,-1.5576485,-0.7780051,1.301668
-0.48389143,-0.08247095,-4.226347,1.3860097,7.001818,-1.6835201,-0.42685318,-0.68286526,-3.094991,1.9120013
-1.2498151,1.1598055,-2.958102,1.4105384,5.7851577,-0.6320989,-1.6142521,-1.5632223,-1.6638436,0.99572355
0.24189569,-0.77452666,-1.7874496,1.8360543,3.233346,-1.4213386,-0.89565897,0.19878763,-1.6764159,0.67071444
-1.0706996,-1.2711432,-1.4919883,1.5387808,4.176184,-1.1873299,-0.010672018,0.6744946,-1.4957585,-0.1525555
-1.1954042,-0.8834431,-2.607083,1.8867804,4.984038,-0.23421133,-0.35765082,0.45390445,-2.8288393,0.55933666
0.17514355,0.21111256,-2.6605914,0.92795765,4.3583884,-0.41200355,-0.9905611,-1.4389378,-0.7963685,0.2475675
-2.5920944,1.2138798,-4.267911,1.3385171,8.926486,1.2952968,-1.9688206,-1.9390036,-3.0196166,0.61248034
2.80047,-1.1617799,-1.1074667,0.07683265,-1.0098988,-0.56317234,-0.60508114,0.7249199,-0.9638642,1.6516347
3.2111187,-1.7879462,-1.010917,0.6374476,-1.2828516,-1.8776983,0.73454,1.653213,-1.0962806,0.5836841
3.59543,-1.1111398,-2.2249591,-0.1169436,-0.7716657,-1.636413,0.17433001,1.2565293,-1.9579886,2.5737767
2.537598,-1.7721081,-1.8083595,-0.1275293,-0.8747743,0.1587871,-0.031997576,1.0461032,-1.5876765,2.2977424
1.9415517,-0.09510881,-1.5479544,-0.8755219,-0.89700764,0.17627701,-0.086979344,0.06553787,-1.0303261,2.0719404
3.2611113,-1.3321259,-0.79144,0.23584056,-1.0170751,-1.8117254,-0.17464228,1.0080361,-0.9447526,1.275425
2.3928626,0.22914666,-2.3918524,-1.3485855,0.6561722,0.03370273,-0.7803123,-0.59340036,-1.4587873,3.111348
2.9718049,0.6137412,-2.1083336,-0.1639593,-0.93930155,-1.666806,-0.3808565,0.039961874,-1.0625639,2.4091105
1.0314711,-0.08834985,-1.5066313,-0.1276196,-0.22003599,0.30384973,-0.2500481,0.4868909,-1.3375278,1.6347607
3.2813427,-0.16858587,-2.1043026,-0.31172404,-0.6707662,-0.8730904,-0.52414215,0.39889833,-1.0188419,1.8486729
2.4190888,-0.76918066,-1.3536034,-0.23452017,-1.1289198,-0.62701726,0.5587641,1.2233466,-1.4039655,1.2541611
3.567862,-2.0695806,-1.5193272,-0.06576887,-0.35779834,-0.6901636,-0.36133885,0.71602756,-1.1988628,1.6033355
1.681558,-0.8740186,-0.60046506,1.019901,-0.24444456,-1.3949177,-0.68006754,0.5922931,-0.8803508,1.0946397
2.8763378,-2.0062814,-0.91813815,0.4575621,-0.65441704,-1.8119342,0.7645118,1.7941623,-1.164798,0.3699392
3.4162328,-1.4814582,-1.5924777,0.3487451,-1.1203648,-1.831986,0.373842,1.4442836,-1.0590128,1.4308333
2.8699954,-2.130969,-0.59858507,-0.16867545,-0.94991237,-0.8055824,0.33581695,1.493949,-1.0955876,0.8986361
2.6484525,-1.8738132,-0.712653,0.4451909,-0.82834816,-1.1250805,0.30512387,1.1797456,-0.9210886,0.66143954
1.4886317,-0.03220877,-1.3289008,0.46884745,-0.2682022,-1.3997175,-0.31632984,0.5781047,-1.0307667,1.7367505
3.9084964,-0.96061146,-1.5578772,-1.1778903,-1.3888365,-0.32430786,0.53857845,0.68053496,-0.92787516,1.0593102
1.4079734,-1.4072442,0.024417803,0.765434,-1.1117215,-1.7445573,0.41567075,1.4264823,-0.34235123,0.45596436
2.914675,-0.40014204,-0.91245353,0.31339368,-1.5186945,-2.1252363,0.284882,0.9562305,-0.13042486,0.45956752
3.3263288,-1.3667138,-0.8738727,0.2413486,-1.6498804,-1.9803827,0.023879126,1.1314425,-0.9365915,1.8554205
2.0939853,-0.79877734,-1.710805,0.7078341,-0.60853136,-0.97833145,-0.34664917,0.9844519,-1.5009446,2.031952
2.834926,-2.6730602,-1.208214,0.39744532,-0.80956167,-1.2519561,-0.044993952,1.7725579,-2.0439913,2.9167447
2.3992717,-2.5507383,-0.47708672,0.5878916,-1.3547498,-1.6618857,0.26480675,1.7156618,-1.0756114,1.7634819
-0.022669837,1.5470619,-0.1519181,-1.4653541,-1.4927198,2.3433936,-1.420104,-1.2742101,0.6121149,1.2594329
-1.0479649,-0.5129736,1.8208545,0.08723098,-1.1623236,2.7324998,-2.289058,-1.0751938,1.4648987,-0.014414184
-0.4250592,1.1518462,2.5145671,-2.1205053,-4.202592,2.058126,0.012617126,-0.6695076,3.1550312,-1.326678
-2.2154472,-2.5389292,4.626525,2.838464,-4.272117,-0.1429458,-0.28946573,2.4360237,3.1702142,-3.694482
-0.9640655,0.25873226,0.9231253,2.4271362,-1.0661677,-0.7480665,-1.257518,0.40987796,0.36042973,-0.3281003
-1.7195069,0.91046077,4.3003697,-0.8393401,-2.0242538,1.6752886,-2.1555424,-2.4276881,5.989877,-3.8366385
-0.77137864,0.0008339286,1.7316252,-0.3213854,-1.2970244,0.8689133,-0.013951942,-0.038412213,1.8220768,-2.1236129
-3.0340474,-0.2538933,3.6515725,2.3037407,-2.3027813,-0.25725845,-0.8725141,0.8781453,2.712881,-2.7924283
-0.57730263,1.4987731,1.8254588,-1.0500737,-0.60738313,1.3234681,-0.57776177,-1.9927872,3.5218382,-3.5046148
-2.5683708,-0.60788584,4.1544147,1.4578322,-2.9037905,-0.22096595,-0.43109262,1.1467296,3.3254924,-3.1322222
-2.789293,-1.0602317,4.3196526,1.985131,-1.7799958,-0.29602155,-0.7220943,0.5762007,3.5933015,-3.9333954
-1.583469,-2.335727,6.2158837,1.0714154,-3.5793808,0.30890182,-1.3387256,0.08315599,5.456986,-4.2916737
-1.9468628,1.9313359,2.9913433,-0.59159493,-2.4771364,1.3183459,-1.5098608,-1.4288563,3.8458986,-2.0722466
-1.2220997,-0.82992154,5.47404,1.4188781,-5.7659206,-2.951864,1.4807875,2.2925725,4.7950506,-4.4950337
-2.61774,1.1541264,3.1030493,0.13629588,-2.430008,0.4820812,0.13119313,0.15387732,3.166571,-3.260118
-2.684934,-1.3193691,4.9291325,1.834251,-3.9169977,-1.0312647,0.7372288,2.119686,3.092978,-3.683349
-3.612562,0.61908466,3.7288945,2.1959271,-1.7377169,0.35356995,-1.769511,-0.11454618,3.604826,-3.2443247
0.32018667,-0.76412535,0.7290711,-0.8561264,-1.8617467,2.5153058,-1.0290476,-0.4377544,0.96474326,0.33755675
-1.0481186,-0.39290255,2.8165643,0.90038717,-2.4165895,-0.13122061,-0.11158629,0.5194734,2.5445333,-2.6753035
-0.14638425,-1.6756408,3.2401636,1.2508307,-2.6105118,-1.1772398,0.061122224,1.3097878,2.2221942,-2.3723493
-0.10303901,-0.048719764,2.819643,-0.47469553,-3.1226315,-0.3962288,0.9355632,0.775165,2.4106226,-2.9121037
-1.1807032,0.95497185,4.077774,-0.35533962,-4.3669753,-0.30552152,-0.98048615,-0.6236397,5.3097706,-2.7183971
-2.74837,-0.46815836,4.5329742,1.0393418,-3.779565,1.4240721,-1.5857989,-0.0061348677,3.7583423,-2.2395053
-1.7043513,-0.45574823,4.26725,1.0367073,-2.945374,-0.96759343,-0.6355131,0.5560173,4.105132,-3.3843246
-2.260569,0.95086914,4.1946383,0.09243205,-3.6851594,0.6805568,-1.1544713,-0.6618644,4.2399216,-2.4423647
1.0715903,-1.8230336,0.47213334,2.0847926,-1.6329606,-1.9145466,-0.30735558,1.8491552,-0.69717383,0.7097871
1.506151,-2.2526138,-0.376885,0.7494149,-0.63564837,0.05732429,-1.1973665,0.92642736,-1.0598664,2.0046673
1.0522441,0.057795346,-1.7315574,-0.34012815,0.36077744,-0.013110161,-0.5881313,-0.20432246,-1.3645662,2.483169
0.9079523,1.7772727,-2.1180382,0.19480139,-0.28822738,-1.3841194,-1.8026423,-0.3280847,-1.1476027,4.1786194
1.5679951,-0.20575425,-0.17789209,0.89278924,-0.85499,-1.8185085,-0.3818581,0.6154512,-0.26227772,0.5533497
0.29767925,-0.57559234,-0.395436,1.6943592,0.19856925,-1.2741624,-0.55892515,0.7801901,-0.4566586,0.10126039
3.2843049,-0.56654835,-2.0772703,-0.3808491,-0.86398476,-1.812313,0.37812155,1.0906056,-1.8733099,2.6839392
1.730562,-1.0249473,-0.68770605,-0.08689579,-0.5209355,-1.1810919,0.22378415,0.63813317,-0.6096046,1.2500367
1.7510413,-0.47586924,-1.1558683,0.08586109,-0.46215308,-0.90559316,0.24710125,0.798719,-1.1359388,1.0763446
1.0361185,0.663096,-2.4988585,-0.5570507,-0.088909164,0.22183314,-0.119471386,0.41650876,-2.068078,2.8918357
2.3409758,-1.6268051,-1.0480589,0.055949166,-1.1969379,-1.2970033,0.70695746,1.4340872,-1.2423093,1.6028719
1.2437512,0.41761476,-1.4930731,-1.1314187,-0.19437595,0.72530925,-0.9798461,-0.68151104,-1.031652,2.8492036
-0.02154328,0.5032869,-1.5777047,-0.6132364,1.8705949,-0.44519523,-0.920686,-0.40264928,-1.7249949,3.192328
2.259063,-0.3191018,-0.0013732165,-0.69604695,-1.4389995,-0.95493746,0.5858685,0.3425704,0.6282716,-0.670371
2.8415792,-0.45817798,-1.4378959,-0.07758033,-1.0831305,-0.75024176,-0.34406626,0.37535658,-0.85248995,1.5710824
1.280486,1.3663719,-2.0007517,-0.12267169,-0.33577687,-0.8936709,-2.08279,-0.5911832,-1.7181749,4.9564753
2.3471117,0.277103,-1.7104218,-0.24782139,-0.2432162,-0.9146848,-0.70814955,-0.10213125,-1.0858132,2.2154708
1.6218475,0.4837548,-2.2386138,-1.5007082,-0.13508613,1.3715881,-1.3430307,-0.63109624,-1.7672691,3.906972
2.2035959,-1.5903525,-1.9601749,0.6656203,-0.09824814,-1.0339472,-0.20141359,1.553599,-2.8414268,3.1394837
0.594058,0.43655258,-0.7388137,-0.22188121,-0.6065835,-0.45927623,-2.4833627,-0.8397951,-0.8494791,4.9067535
0.69233316,-0.024964988,-0.11813657,-0.2132855,-1.4544894,0.26460627,-0.7540539,0.122051,-0.30189782,1.598399
-0.7052641,2.3409963,-2.1342406,1.3037525,0.8261567,-0.74810755,-2.382224,-0.3123541,-1.8193821,3.606676
2.010855,-0.6109723,-1.1536845,-0.7204424,-1.0042498,-0.19980496,-0.49378252,0.13532603,-0.7276405,2.592298
1.9567693,-0.45459878,-1.589082,-0.4115406,0.01764609,-0.2447667,-0.41756815,0.10444021,-0.856192,1.7010623
0.9455936,-0.33597896,-1.5904145,0.5485262,-0.06156425,-0.054014176,-0.31728303,0.25168046,-1.1168115,1.5416036
