-1.5031514,-0.09531489,1.9099599,2.1824079,0.6445844,-0.36143237,-1.8208671,-0.37888852,0.7665699,-1.3162063
-3.105444,0.73358124,3.25438,0.9896951,0.013153322,-1.1704651,-2.0826616,-0.3503562,2.8736365,-1.1371983
-1.1451747,0.64420193,1.1093868,0.51681286,-0.5289891,-1.740853,-0.25448722,0.08117605,0.8282114,0.5209216
-0.32476076,-0.85752696,1.7251655,1.0481936,0.9457889,-0.65105826,-1.484168,-1.3770603,1.6001627,-0.6009462
-2.9865167,1.7406797,1.2261488,1.2645888,1.4023219,-1.3975375,-1.567173,-0.9612445,1.8161628,-0.52767205
1.5631995,-0.3444214,1.952194,0.4485529,-1.6992251,-3.1781108,-0.74390787,-0.5333765,0.97528857,1.5337349
-0.9839848,-1.746182,1.991692,0.8582773,-0.729006,-0.41450602,0.28071225,1.4200531,1.5270534,-2.1563306
-2.2529118,0.8303105,3.2417,0.83295596,-0.9746037,-1.0862844,-1.8344824,-1.1492746,2.0695863,0.3062048
-1.7545918,0.94481355,1.8846332,1.2488266,-1.0003226,-0.9611993,-1.9595128,-0.22643411,0.91003823,0.984501
-1.0856231,0.43362707,1.8660282,1.3726616,0.81079835,-0.950179,-1.6798007,-1.6440117,1.8690413,-0.9412009
-0.33237934,0.27208275,0.84021723,0.8935032,-0.58884394,-2.4441335,0.34843993,0.3488606,1.09281,-0.4091506
1.1747469,-0.7752903,1.8366543,0.9280895,-1.5167782,-4.3217287,0.03680707,0.72821915,1.144899,0.7826614
1.1447033,-0.40509108,0.34336898,0.3976361,-1.4148556,-2.629418,0.6393339,0.41073424,0.18410856,1.3136153
-0.46114984,0.590531,1.3068584,1.5358509,2.1572616,-2.80737,-0.5473002,-0.943186,2.2655766,-3.0294006
-1.0698596,-0.84048957,1.5317324,0.92083323,-0.30489025,-1.275187,0.2607775,0.10704354,1.0945432,-0.4075545
-2.233075,0.33292663,1.0729548,1.1049366,-0.182111,-0.7281815,-0.36203307,0.105000176,1.3559538,-0.4329934
-1.4026784,-1.0822462,3.0578635,1.5972881,-0.65947807,-2.0316396,-1.1122327,-0.04697811,2.5529296,-0.7809923
-2.2424228,1.0619292,0.3024999,1.9967093,0.5664994,-0.30200392,-0.89765877,0.39728963,0.22414127,-1.1193945
-0.04106935,-1.9378865,2.856287,0.96123934,-2.0452025,-2.0129852,0.24828877,0.23943537,1.5735989,0.15010242
0.666637,-2.1314552,1.1335201,0.93043005,-1.795611,-3.0263965,1.8919084,1.5045657,0.92020357,-0.058562562
-1.7895415,-1.3752375,2.6087942,1.2141178,-0.743492,-1.5174685,-1.6841177,0.62658334,1.9910157,0.7659133
-4.310982,-1.4924035,3.3327239,1.2967963,-1.7222148,0.68970174,0.19594629,1.2696769,2.527427,-1.7014978
-0.7401037,-1.009556,1.0586945,0.5991702,0.825694,-0.04344614,-0.39392906,0.018481262,1.7015622,-1.9802173
0.8955591,-0.16771787,1.5985886,0.7099276,-0.7825243,-2.6579316,-0.9500272,-0.66038305,1.5090128,0.52097064
-0.66549623,-0.420416,2.9958823,0.7445553,-1.1014913,-2.8196468,-1.4975612,-0.32188866,2.0361867,1.0767616
-1.3638294,-1.4292386,-1.3897269,-1.3422937,2.600697,6.5434933,-2.104025,-1.1630893,-1.0427773,0.7931438
-3.2098026,-0.7883659,-0.85608065,-1.1419122,4.5594373,9.549429,-3.568814,-2.8004487,0.012275107,-1.6524702
-2.134392,-1.0432837,0.5112345,-2.0062597,1.2967108,7.7189484,-2.0113394,-1.8319396,1.4147757,-1.8512291
-2.289107,-0.30046362,-0.5635539,-1.0719826,1.8985687,5.000518,-2.583831,-1.6488838,0.11179004,1.5480796
-3.0176375,-1.2131188,1.0435424,-1.3231846,2.3149168,6.5109844,-3.151691,-1.653295,1.5781534,-0.97024816
-2.8709798,-1.3107605,0.36025742,-2.0550523,0.9814964,9.564737,-3.829235,-1.3742367,0.24686319,0.43067867
-0.8201784,-2.1518488,-0.507058,-1.6770166,1.9360353,6.486554,-2.8679717,-0.65585,0.11382454,0.25179547
-2.5836396,-1.2327273,-0.9491143,-1.039403,1.7445843,7.0852556,-1.5499269,-0.63282484,-0.4359696,-0.27998686
-3.9948971,-1.0650822,-0.5477973,-1.2732677,1.9739991,6.361672,-2.6944985,-0.06218555,0.9079262,0.5095451
-1.4435719,-1.7167838,0.21922517,-1.3849207,1.2247678,5.7461224,-1.8568375,-1.6435893,0.8423449,0.18310039
-2.066602,-1.3687046,-7.095933e-05,-1.7767553,-0.2265048,7.8782635,-3.2568307,-1.0888653,-0.344626,2.2428424
0.142959,-3.8755956,-0.53171444,-2.2161024,0.74588263,9.371779,-2.3360379,-0.60301584,-1.1705111,0.61206084
-4.554745,-0.3037598,-1.3726308,-0.7429594,2.9825227,7.02617,-1.8502165,-0.32714248,-0.76248574,-0.018978193
-3.177975,-0.28362662,-0.710011,-0.792665,0.6425178,7.44812,-2.2418764,-0.21899942,-0.88745975,0.29688996
-2.2569404,-0.5330069,-0.7457844,-1.974529,1.933576,8.252815,-3.4355578,-1.6836064,-0.07904071,0.57142454
-1.4297944,-2.7346997,0.35065964,-0.7832787,1.4264023,7.357393,-3.3688858,-0.4969832,-1.0054001,0.738209
-1.5375937,-4.8391614,-0.16273457,-3.1693547,2.1779578,11.376876,-2.1812959,-0.4861065,-0.17051676,-0.80540097
-1.6679695,-1.392556,-1.1941303,-1.1342006,1.1848702,8.587065,-2.3747282,-0.5373773,-1.6371186,0.26753873
-1.816055,-2.657887,0.7500901,-0.57478285,1.9137384,6.8254395,-2.19235,-1.1843323,1.1129093,-2.0361693
-1.0141873,-0.858438,-1.2418013,-0.94182014,1.6189822,6.1018124,-0.76348484,-1.126921,-0.8102685,-0.8689502
-2.5022304,-0.6359078,0.008571476,-1.3929493,-0.17325613,5.853307,-4.0649033,-0.40904602,0.63419366,2.754174
-1.2883306,-3.477891,-0.2776073,-0.62880516,2.4967585,5.661867,-1.882075,-0.032034896,0.5823925,-1.0456113
-4.6556025,-0.723058,0.41475973,-1.2133325,2.4116104,7.045764,-2.955266,-1.8825145,1.4149079,0.21055083
-0.66487426,-1.1744077,-0.5868225,-1.7414649,2.1478646,6.324769,-2.306285,-2.0402727,-0.14986512,0.29113048
-4.450559,-0.5067302,0.8852397,-1.3656915,-0.025074743,7.3309317,-2.895763,-0.5012112,1.1417146,0.52387947
-2.5015976,1.0349929,0.6252811,1.4513652,2.471134,-1.4895439,-0.7820093,0.5763135,1.9359765,-3.2426035
-2.8304937,-1.0804968,1.8716244,0.62787926,2.4103553,3.4808536,-2.8021874,-0.93139046,1.5797534,-2.2268333
-0.25399688,-1.8426642,0.6881068,-0.29432517,3.2211878,3.7754686,-2.3218544,-1.806265,0.84258425,-1.9673654
-0.7605671,0.7095806,1.0254763,1.062228,0.54023963,-2.1213439,-0.45506358,0.0093734935,2.0685592,-1.9809424
-4.191912,3.182672,-0.8962592,1.7513491,6.319165,-0.3978039,-2.4641392,-1.7486709,2.016128,-3.4867194
-4.350954,1.3779099,1.5093236,0.19947915,2.9080114,2.0384145,-3.5235662,-1.8489465,2.5547853,-0.84178144
-2.2043035,2.0986333,1.946028,1.2163298,2.13754,-2.500616,-2.8597803,-1.8152843,2.947388,-0.9890819
-2.1936717,0.55492795,1.4442394,1.5783614,1.3548039,-0.5932659,-0.9960979,-1.3898067,1.6775182,-1.408783
-0.9693748,1.3979008,1.1970559,0.8836274,0.96733075,-0.5840128,-2.0146744,-2.149672,2.4835892,-1.1529706
0.22380519,-1.507601,0.850862,1.0411687,0.110519074,-1.1934248,0.5186473,0.120477356,0.73134065,-0.86041075
-2.2384818,0.010365605,2.2605166,0.12105123,2.9428735,2.050955,-2.8959672,-2.7167375,3.6878402,-3.058223
1.5872277,-0.1007548,-0.5122874,1.0118861,0.6361693,-1.99337,0.41970587,-0.18742073,0.052298583,-0.88593155
-0.3441268,-0.097001284,0.07495028,0.76295686,1.0533631,-0.600017,-0.49161205,-0.0061509535,1.0419852,-1.3611295
-1.7462503,-0.07929221,1.4122871,1.9043492,-0.17027855,-2.9505115,0.7115494,1.0352849,1.324201,-1.3644629
-1.5201665,-1.0018106,1.8111776,0.8824476,-0.37945214,-0.96894157,-0.60237855,0.009531267,2.1279893,-0.3386138
-1.161351,0.45943803,1.4638375,1.0294776,2.4025555,0.14872335,-1.0407335,-1.0942042,2.0058591,-4.1463575
-0.44347736,-0.9265787,2.865961,-0.041066334,0.22239685,-0.98660755,-2.4051657,-1.2816093,3.3076622,-0.25208414
-2.684398,2.555712,1.6595179,1.0019838,1.6512903,-1.6508036,-0.5505704,-1.3828328,3.0695698,-3.5826182
-1.7056035,0.58512515,0.87179196,0.77309126,0.79291695,-0.18481378,-2.1403067,-1.3253914,1.0947977,1.2523979
-2.047154,0.8282755,1.1637496,1.2407827,1.2130636,-1.0246313,-1.1004907,-0.37984285,1.5204276,-1.3516625
-2.2701378,1.8864613,-0.795702,1.5894651,2.5688646,-0.60975116,-0.7526118,-0.27201572,-0.30005807,-1.0317657
-3.496345,1.330008,0.8402101,1.1432952,3.8139977,0.28472185,-2.5544376,-1.1145918,2.488981,-2.7073863
-2.7841856,0.18458933,3.6570585,0.6986763,0.5521001,-0.3606373,-2.64889,-2.0837748,3.419453,-0.6079671
-1.8625928,1.8786163,-0.33611342,1.4928057,4.8728533,-0.7142648,-1.3592511,-2.4234724,1.6926112,-3.1691053
-1.7879207,-0.56921166,1.2951304,2.3973238,2.8843143,-0.45050204,-0.50566214,-0.1402838,1.7048218,-4.7433248
0.33391362,0.04137218,0.27217275,0.34630433,-1.149956,-2.1386268,-0.6167496,0.21030426,-0.12135533,2.865883
0.013579227,0.6653576,0.17250097,0.9842034,-0.57263607,-2.065482,-0.2762973,0.096513994,0.3445161,0.7175368
-0.36308375,1.2088666,-0.004943371,0.39099663,0.189199,-1.0532328,-0.76264566,-0.92056626,0.62913406,0.71106917
-1.1488689,0.03814608,-0.6636958,1.328733,1.4645408,-0.8261066,-0.097192734,0.6344413,-0.21311927,-0.47092462
-1.6807176,1.1911261,-0.412126,1.4139541,1.683918,-1.6117823,0.16714571,0.19139215,0.5945535,-1.5051918
-0.119557,1.1755636,-1.2596713,0.38069314,0.9277018,-2.0555472,-0.6092205,-0.00407023,-0.6178002,2.2046921
2.4929907,0.69451076,0.10740852,0.71681386,0.8281767,-1.9751085,-2.1036887,-1.9028106,0.16141126,0.99591094
2.023164,1.2055373,-1.6633714,0.41377527,0.43715388,-2.8049345,-0.7480407,-0.38000497,-1.2028775,2.695646
2.2258484,0.82413703,-2.0184896,0.9579796,0.8612878,-4.6958175,1.984809,1.1127354,-0.61269724,-0.6243816
3.3953085,-0.7292762,-1.0554823,0.7819067,0.025508203,-2.6023624,-0.20032953,0.17795926,-0.9290106,1.1560502
2.756419,-0.33607838,-1.7785906,0.3028767,0.03598983,-2.1472735,0.78067714,0.6749516,-1.1598637,0.91419286
2.0753295,1.3119364,-1.5803252,0.6860076,-0.45684367,-3.1638286,0.72558814,0.59132284,-1.455135,1.2591518
1.5343287,-1.008003,-1.5533818,0.7987629,-0.05952821,-1.7893927,1.6904167,2.006414,-1.6813934,0.07798815
1.9590496,-0.7928585,-0.63481545,0.49461633,-0.23332974,-3.1228063,1.6625085,0.8211452,-0.24757987,0.11307688
0.2933124,-0.039643362,0.06765926,1.157857,0.14518574,-2.8503115,-0.09307949,0.45230904,0.78660357,0.11942619
-0.9037181,-0.51676834,0.20841214,1.3468177,-0.5890768,-2.2121308,0.46418887,1.1406598,-0.3082863,1.3829317
-2.192558,3.6973238,-2.1362455,1.6471963,0.7073599,-2.3598263,1.9364395,0.5667384,-1.010623,-0.84494644
1.0585729,-0.25500098,-1.0049409,0.5588463,-0.067881875,-1.3251457,0.22077052,0.5705088,-0.8733321,1.1847281
-0.7040682,0.34120268,-0.9338877,0.6784849,0.9775986,-1.2151966,-0.4059242,0.07323126,-0.55592513,1.762693
2.522268,1.7053957,-1.5389551,-0.51479554,1.0621587,-3.7989569,-0.22795795,-1.0201957,0.27215713,1.558122
2.1891854,-1.3933241,-1.0338463,0.8813993,-0.38156214,-1.9712822,2.807744,1.4291805,-0.44097543,-2.0614793
-1.4699414,0.9759509,-1.1846637,0.99321324,2.3052826,-1.512214,1.0478319,0.1326563,0.7025484,-1.9433244
1.049288,-0.7704806,-0.33737114,0.12804055,-1.1582199,-1.2383561,-0.45955685,0.47494292,-0.7811726,3.1247978
1.7972618,0.8708758,-1.1981012,0.37753123,1.2776315,-1.9524506,-1.8257481,-0.7949913,-0.6851213,2.152891
0.49504647,3.136157,-2.217155,1.0183628,2.3331077,-1.4811767,-1.9375448,-1.182644,-0.8015282,0.6575179
-1.4096588,-0.019032419,0.059239864,0.27442595,4.1169825,1.1552486,-2.0490031,-1.5331471,1.7559018,-2.337558
-1.3163022,-0.13865429,-0.4726502,0.9214002,4.3821306,-0.03997849,-1.4992956,-0.14636254,1.1494904,-2.805176
-2.2354856,1.3859036,-1.8803002,0.49453926,5.523508,0.3846147,-1.8863767,-1.052989,0.55556,-1.2597631
-0.84837943,0.87177676,-1.5170003,0.186406,6.076371,2.8905842,-3.5483193,-1.8638535,0.53061396,-2.7095313
-0.79819834,0.96583444,-0.5774658,0.82610667,5.335574,-0.5572944,-1.7096578,-1.7411613,1.057281,-2.8666298
-3.0341308,0.11817974,0.72107244,0.84270036,2.9237602,3.0857232,-1.9668428,-1.1173887,1.5168761,-3.0267808
-3.317481,0.0408172,0.5464824,0.14966388,3.1552536,3.6873934,-3.0351422,-2.006197,1.5356791,-0.69899625
-3.3634038,1.0775263,0.73559725,1.481177,4.146395,0.7665104,-1.6541016,-0.8875392,2.0861075,-4.3121643
-1.8771684,-0.9279892,0.7720535,0.2263248,3.3741562,2.866012,-1.4849375,-0.7934714,1.8154877,-3.933881
-2.3225138,1.0965998,-0.43136212,0.44022012,4.6931906,1.7303036,-2.6364362,-2.095333,1.1838577,-1.6675154
-4.8894715,0.8415043,0.6371676,0.29609632,3.3180206,5.1690073,-3.0967886,-1.4029579,1.1112567,-1.9054261
-2.3095102,0.6178643,0.6474148,0.5078297,1.6432594,1.8738456,-1.7808437,-0.87211806,1.5611436,-1.8307997
-3.8038304,3.0445337,1.1176449,1.4070369,5.7202053,0.022130623,-3.92907,-3.3471572,2.4189923,-2.6087081
-1.0077963,0.5133034,-0.93293273,0.6478195,3.6468828,-0.6716793,-1.3935823,-0.7384313,0.71202576,-0.8151376
-3.8963726,0.7980059,-0.5910957,-0.31653965,4.557414,6.5646753,-3.4211254,-2.3210752,1.057077,-2.2893426
-0.7120837,-0.6731262,-0.0496722,1.2243271,3.0559318,0.4995414,-1.8994349,-0.39871618,0.17819637,-1.1995107
-2.7397797,0.73680687,0.1718801,-0.41280884,3.142666,1.9121552,-1.9264961,-1.3435396,1.8185761,-1.3243963
-1.5103568,0.34410596,-1.1751401,0.779332,3.830631,-0.18351291,-0.63808835,-0.25927836,0.5042399,-1.6650234
-4.22648,-0.20030051,1.1182455,1.3891516,6.50019,2.2621334,-2.8210893,-1.8460451,2.7988627,-4.8962836
-2.8370044,1.8013802,-0.47503284,1.3342581,4.2742586,-0.55475545,-0.6978908,-0.67562634,1.1709614,-3.3102612
-2.7546618,0.6666926,-0.94737947,0.4145622,4.5059195,2.2460315,-1.9464661,-1.168354,0.7192997,-1.7465926
-2.887318,1.5549457,-0.0318608,1.3273327,5.962908,0.7214993,-2.7595937,-2.503151,2.2673013,-3.701125
-2.63534,1.769994,-2.173667,1.4108281,6.354469,0.55462134,-0.96647143,-0.933785,0.40314355,-3.775578
-3.6230545,2.9108703,-1.6962212,0.8464488,6.868195,2.254484,-2.4469833,-2.4567664,1.7615391,-4.377254
-2.7585018,-1.2821672,-0.27246428,-0.1290492,3.3593857,4.066742,-1.1674815,-0.33773616,0.56639165,-1.9993225
-1.89585,0.7258867,0.15000421,1.3905824,-0.53250223,-2.1543446,2.3148394,1.2928792,1.1678766,-2.422585
-1.8506246,1.3218722,1.5281211,0.9481499,0.7564447,-2.3899736,-1.4171283,-0.8020529,2.2826853,-0.31957257
-1.9562961,4.0220656,-0.8982656,0.9287961,0.898907,-2.155334,-0.024204064,-0.7187802,0.67933667,-0.7133036
0.21968293,-0.8618105,0.49414244,0.78793186,-1.0120349,-2.826502,0.6029822,1.5044559,0.07790298,1.0070785
2.0350366,-0.8626626,-0.4269208,0.35747063,-1.4334239,-2.6694493,1.9763159,1.269624,-0.42822647,0.20109244
0.7257124,0.5903347,-2.3907957,1.0868511,0.8983794,-3.2391572,3.7259922,1.955888,-1.3811512,-1.9482723
-0.3312855,-1.31886,1.1111535,2.0972893,0.04802502,-1.9641037,0.016995203,1.3950087,0.7095082,-1.7311633
-1.6467512,0.3579678,-1.5985867,0.80753046,0.59272414,-0.9591216,3.0590687,1.9852779,-0.22858495,-2.3377032
0.9080003,0.024884284,-0.6163105,1.6127748,-1.5498008,-5.3130517,4.8861074,3.1193178,-0.05973441,-3.027941
-1.2078103,0.43205243,-1.3287238,1.8635926,-0.2962018,-3.0521312,2.9894373,2.8958073,-0.6718263,-1.6119738
-0.027161561,0.6632799,0.023313135,1.1446577,-1.3243557,-3.2681713,2.0587537,2.1345437,-0.13116765,-1.2419128
1.53129,0.6405581,-1.2368749,1.2116797,0.016088985,-3.6966188,2.3936148,1.2994112,-0.043537922,-2.1158712
-4.251537,-0.15352869,0.62677276,1.6976483,1.7094136,-1.0858792,1.6528113,2.084148,2.12692,-4.354873
-3.4515293,1.3655431,-1.5492576,2.1988568,-0.6695519,-3.3713515,5.6868,4.048552,-0.05707211,-4.1629024
-3.4837654,0.11277783,0.107440054,2.0020704,0.7470016,-0.1742074,1.3889152,1.8656521,1.7217865,-4.2832413
-2.3929965,-0.76453763,2.0439177,1.8801614,-0.86848646,-2.7302415,1.2462801,2.3465912,2.2623975,-2.9545922
-2.1547482,0.99564224,-1.1934487,2.169438,3.0353596,-1.9978349,0.6144975,1.1238987,0.93855125,-3.5209718
-2.3578265,0.6829713,0.220112,1.9213142,-0.15494063,-2.6322043,2.3121054,1.9025726,1.1305199,-3.033164
-0.07417234,-1.1850498,-1.5903153,1.8608866,-0.9409753,-2.7707064,5.718335,3.976572,-0.5526539,-4.4380183
-2.2066116,1.3470156,0.60138357,2.395924,2.620793,-2.7282367,0.54785794,0.54290366,1.7416036,-4.865317
-1.3038281,-0.18027097,0.8653718,2.4393044,-0.14858511,-3.3602993,1.8192211,2.3771918,1.0939759,-3.5310376
-1.6864493,-0.23690942,-0.4960802,2.0504365,-0.24248925,-1.8988147,2.6360931,2.6188092,0.2283709,-2.9177902
-2.63884,-0.028541207,0.55844736,2.7579672,0.41012633,-3.2539577,1.3733658,2.4739537,0.8597658,-2.4817345
0.31763434,-1.0377853,1.8071038,1.1760068,-0.90038306,-1.877746,0.28797853,0.7231921,1.2100143,-1.6480334
-2.7967567,0.2414828,-0.45313433,1.9227537,2.474375,0.29399526,0.15047689,1.1866069,-0.21393955,-2.7424328
-1.802648,0.28884387,1.0170792,1.6906967,-0.49069184,-3.071647,0.71698993,1.4822052,1.2663124,-1.067247
-1.3144597,-0.57207596,-0.9929079,3.1697042,-0.72261167,-2.7778208,3.0102336,3.4598734,-1.8309007,-1.428352
-2.28092,-1.6033077,1.1464479,2.8109362,-1.5640993,-1.7000935,0.010896634,3.5428512,-0.97549963,0.70128393
-1.5329925,-1.1873918,1.0360457,1.812494,-1.3378781,-2.7617538,1.3099184,2.288501,-0.06179107,0.50029415
-2.9322717,-0.7914384,0.5682774,3.5728667,0.040657587,-2.254145,-0.20188692,3.541207,-0.7136352,-0.7851494
-2.027869,-0.3444422,-2.0234718,2.9751053,0.7428273,-1.3353969,1.473353,3.026364,-1.7399011,-0.70035726
-0.41941908,-1.5536273,-0.052072316,2.5080347,-0.23506421,-2.5938408,2.4967868,2.5314212,-0.7456784,-1.9000579
-3.0060272,0.47746783,0.42246348,2.496957,0.24189615,-0.6473204,0.037164222,2.1898854,0.002845116,-2.1821356
-2.5146217,-0.6690214,-0.88446355,2.4421158,0.5541882,-0.23030643,1.4910446,2.5851114,-0.5430936,-2.2295454
-2.862182,0.23739281,0.587965,3.0416229,-0.63088953,-2.0899148,1.2029362,2.9687016,0.47061604,-2.8479764
-1.3751664,0.011164695,0.886083,1.9139805,0.60515815,-1.7506603,-1.1386434,0.12414144,0.7440561,-0.0011763424
-1.8630787,0.5586805,0.12796071,1.524581,1.1160868,-1.7038885,-0.055510867,0.8725887,0.14554486,-0.7437088
-3.0431602,-0.33219904,0.5533072,1.6238754,0.17902312,-0.20144425,-0.063573346,1.6712782,0.1274606,-0.52357435
-2.1156237,1.5182905,-1.119756,2.2274961,4.0179067,-0.93454754,-1.597428,-0.3374104,-0.04234416,-1.6188096
-2.06505,-0.2955227,0.24780604,1.9005196,0.27846324,-1.0346254,1.0363184,1.2023121,0.16162658,-1.3793024
-1.5306274,-1.3764663,0.98161185,2.611429,-1.7019178,-1.9817233,0.67465645,2.2045124,-0.5694459,0.7358148
-2.4209003,1.6807301,-0.073215514,2.4096198,2.1904564,-2.914476,0.27710998,0.44079596,0.021070607,-1.5996574
-0.9488348,-1.6048632,-0.8342694,2.3709085,-1.3573432,-2.4737253,4.056662,3.6361482,-1.1622488,-1.6029054
-0.55608964,-0.87989944,0.2591474,1.8946805,-0.8421623,-0.9779778,-0.051955838,1.6475685,-0.2797978,-0.11462952
-2.9225087,-0.49883533,0.7528845,2.4918046,-0.019150011,-1.8128493,0.7488294,2.8015234,0.14126182,-1.6118678
-0.16693744,-0.64777416,-0.8071631,2.7407572,-0.7311736,-4.6166105,2.544364,3.3734868,-1.1246443,-0.6098848
-2.5925825,-0.12483841,-1.0702184,2.0577497,3.289666,0.16588421,-0.65015876,0.92380965,-0.72329414,-1.229608
-1.6707271,-0.74978065,-0.23247406,2.9959035,0.9079903,-1.6157999,0.6102944,2.2175815,-0.2068797,-2.2341588
-1.9307858,-0.26411846,-0.55899394,2.8258607,-0.4953334,-2.5855927,2.0499682,3.5885713,-1.1033958,-1.4414582
-1.9031752,-1.9589553,1.1675723,2.40076,1.1914167,-0.2505337,-0.37528142,1.4647151,0.24282584,-1.9273342
-0.9978193,-0.95829266,1.2414672,2.0934901,0.026665993,-0.25860798,-1.2601682,1.1549233,0.5744993,-1.5144668
-1.0264684,-0.35855004,0.027611822,2.245652,1.2573755,-1.6865766,-0.19993983,0.8391257,-0.5498291,-0.5419852
-1.1083951,-1.2469332,-0.0953155,1.7211015,0.85047096,-1.8555089,0.30888373,1.9783738,-0.19547841,-0.31310385
-2.0530777,-0.38872635,0.49444175,2.0736692,0.027985252,-1.6524816,0.083377585,1.6127615,0.41666293,-0.5516626
-1.1460646,0.25780576,-0.5091679,2.5194225,-0.09697332,-3.2539642,2.102436,2.413552,-0.4532497,-1.8080119
-2.4984272,0.7094682,0.20458567,3.030176,0.78895366,-2.2338908,0.56349057,1.6611674,-0.18344396,-1.948896
-0.5038901,-1.9697795,-0.36217952,2.5245101,-0.3502339,-2.5500648,1.3615854,2.9818175,-0.9191085,-0.22054796
-4.353564,0.36305654,-1.3999708,4.475456,0.94649965,-0.95292753,1.7938533,4.41938,-0.6840308,-4.507774
-2.4811132,-1.071069,0.20188466,2.195666,1.2262945,-0.8042526,1.1464578,2.5083196,-0.30305147,-2.5476754
-2.6481926,1.8469954,-1.317158,2.2432718,3.6729622,0.19657089,-1.739576,0.22021145,-0.06812928,-2.3638177
-1.5942941,-0.10129315,-1.2485248,3.021272,3.081267,-0.25978726,0.94559914,1.4191506,-1.3037784,-3.9078848
0.84046286,-1.0757241,0.37068626,-0.0012822747,-0.5567017,-0.75287867,-0.9984712,-0.16757461,-0.027191348,2.3315322
-1.1096526,1.6454201,-0.9258144,2.2267532,1.0737351,-2.4580388,0.4350554,1.1300614,-0.79892486,-1.1513559
-1.2617409,-0.9202438,1.4847302,1.640759,-1.1763873,-2.5940182,0.6871579,1.6443119,1.0771759,-0.53001654
-2.3474245,2.282543,-1.1997005,2.3967898,1.2761806,-2.406327,-0.5474073,1.0215472,-0.63962215,0.09769975
-1.7654554,-0.45625424,-0.16293465,2.8603716,2.1084228,-1.6062094,0.26990384,1.3340348,-0.31260234,-2.2263618
-1.5795351,-1.3981593,-0.59410644,2.1624494,0.12855092,-2.0769942,1.9639791,3.180487,-0.80036384,-0.97427183
-2.1304765,1.1669307,0.26672298,2.5911145,-0.039690487,-3.7085698,2.6345294,2.1342347,0.49516773,-3.3356218
-2.9193609,0.44355214,0.57652605,2.391484,1.6340057,-1.2811494,-0.13095267,1.2923975,0.60903126,-2.5972178
-1.4328927,0.87646765,0.39904368,2.3910089,0.5478572,-3.0016773,0.40515935,0.92713857,-0.14995,-0.91235405
-4.1078906,1.2428894,0.30546018,2.7765987,0.6964174,-3.0425417,1.3118559,2.9001296,0.6172459,-2.680898
-2.3402433,-0.90092194,1.0629947,2.7149148,0.8537466,-2.0345035,0.59819514,2.1421816,0.31983736,-2.334142
-2.218356,-0.82423013,-0.358997,2.62738,0.50652647,-1.4588833,1.8476266,3.2035139,0.07668661,-3.382972
-3.4636328,-0.64233327,-0.5681803,2.9348977,-0.69705284,-1.4112513,1.6488621,4.2463284,-1.3731184,-0.7000477
3.1791818,0.45684952,-0.02330932,0.3932293,-1.1116364,-3.372096,-0.46147,-0.91796196,0.124802224,1.7018996
3.0487711,-0.07631773,-0.026895635,-0.36615837,-0.34346816,-1.8391428,-0.7886045,-0.86661774,0.09425937,1.1925349
4.134573,-0.43995446,0.9042251,-0.44751847,-1.0861027,-2.902336,-2.2786555,-1.4354703,0.22418508,3.3098552
4.138389,-2.2458172,-0.29804587,0.39812696,-1.1858765,-3.7427237,1.2688376,1.2514498,-0.6547268,1.105749
2.9421353,-0.05286771,-0.5918958,0.22956727,-1.0510521,-2.500743,-0.32512727,-0.31429264,-0.5530963,2.236874
1.980225,-1.6990714,2.6113093,0.41578114,-0.5498489,-2.0720751,-1.6790069,-1.7619057,1.6566405,1.1243101
2.8666868,0.42956716,0.48322436,-0.16630046,-0.6606801,-3.3764303,-1.6334971,-1.2240076,0.39587456,2.8866348
0.40149063,0.4473819,2.13741,1.1467317,0.9297164,-2.0874083,-2.3273118,-2.0842583,1.8669176,-0.36904734
2.6864824,-1.7454646,-0.9864911,1.0189142,-0.8897056,-4.279536,3.291968,2.2892423,-1.3249831,-0.06610885
0.94677305,-1.0855906,0.8844936,0.97533834,-0.21306446,-3.4161918,1.1565081,0.96039045,0.988862,-1.2093734
4.242759,-0.6628115,-0.021651328,0.028546512,-0.4693274,-2.7284913,-1.0639826,-1.1790634,0.23201153,1.5905617
2.6059096,0.15971172,-0.26597074,0.8398514,-1.4979078,-3.736931,-0.2804377,0.3004874,-0.5586066,2.4270794
3.7180772,-2.279485,0.47126296,-0.28909194,-1.299564,-1.553448,0.015451979,-0.71646005,-0.32192844,2.3037374
2.5891922,-1.9504008,1.2249047,0.1588669,0.13987139,-1.4966326,-0.14080976,-1.2167792,0.7593335,-0.031851575
4.255654,-1.2062275,-0.60737395,0.5072198,-1.0860211,-3.3707664,-1.2271038,0.29513827,-0.73965204,3.1864989
3.8444421,1.1026263,-0.099811405,0.05063729,0.29294428,-4.41232,-1.632816,-1.3968558,-0.30459374,2.5316668
2.2266414,1.0193346,-0.7465799,0.8227387,-0.39686048,-4.3232927,0.029896569,-0.074195825,-0.71416837,2.129226
4.105334,0.3153239,-0.81884825,0.32834595,-1.0714581,-4.1101837,0.45420098,0.20668548,-0.8347802,1.4621602
2.334871,-0.2698247,1.3595017,0.40574646,-1.0884635,-2.9316576,-1.4516699,-1.0551654,1.1937578,1.4984566
0.9303825,0.69174004,-0.40985277,0.29412767,-0.2116426,-2.148433,0.8226267,0.052719418,0.091420166,-0.10267986
5.2418885,-1.622647,1.3800001,-0.23877473,-1.5838598,-3.4248147,-0.52335536,-0.8735102,0.12801078,1.5769469
1.7148522,-0.91035646,0.34158924,0.2223962,0.3173078,-2.0209816,-0.43281674,-0.09671766,0.38056934,0.5114146
2.026201,-2.3809977,1.3189589,-0.13393568,-0.8153027,-1.497047,-0.64848596,-0.5183284,0.2727314,2.409744
3.5482,-1.5145411,0.06253597,0.26965946,-0.88630456,-3.1394036,0.26084745,-0.17065462,-1.0694144,2.6131208
4.3162227,-1.4445877,0.5198183,-0.6764452,-1.5625511,-2.113819,-0.93450123,-0.5083299,-0.24925232,2.7103305
-1.4512194,0.55485004,2.2968001,0.7366552,-0.20634541,-0.605823,-2.2175515,-1.1960084,1.8365641,0.32459205
-2.2283723,1.160732,1.0676931,1.5792025,0.44072056,-1.1826314,-1.6766123,0.008758999,0.4672026,0.35973376
-3.3913615,3.2067587,1.0759542,1.3447803,1.7109193,-1.2493017,-1.466708,-1.2954247,2.0988643,-2.0181735
-1.9461461,1.4516563,1.5944043,1.0473317,-0.4668183,-1.3895888,-1.364504,-0.6560946,1.3896408,0.3656686
-0.3162392,0.18927017,1.5764843,0.98817503,-0.18319672,-0.3915947,-1.6394485,-0.7061539,1.265374,-0.7106388
0.0151651725,0.5984902,2.3920407,1.5841404,-1.26466,-2.0980523,-2.099307,-0.86670786,1.4920783,0.31185478
0.5524124,2.3107452,0.63624096,0.24521327,1.6788781,-2.0646307,-2.6914716,-2.796172,1.7295122,0.42369074
-1.4913527,-1.3701203,2.4755647,3.0230386,-0.3293711,-2.8916504,-0.718041,0.87486356,0.4253425,0.017770007
-3.2540514,7.7234354,-0.8490299,1.5429702,0.878378,-2.9870589,-3.494204,-2.302403,0.4128127,2.3653245
-0.62090254,1.3903348,1.1277283,0.92453325,0.12403167,-2.7044687,-0.27041465,-1.0644708,1.6491182,-0.5893881
-2.8011706,2.0484529,1.3749241,1.8431635,1.6011927,-0.8517539,-2.5891,-1.2161132,1.812089,-1.2019645
-0.30953443,-0.5116346,2.6170218,0.7923232,-1.3200357,-2.615827,-0.99176985,-0.23277047,2.261504,0.36476475
-1.0418164,0.6254377,2.3658617,0.23260255,-1.3421937,-1.6078824,-0.12962541,-0.16157779,2.3497198,-1.2286621
-0.6157541,0.9710515,1.4831508,1.0122111,1.3357364,-1.5601966,-1.175631,-1.2747997,1.5645084,-1.7117716
-2.1153529,2.7620602,1.6996274,1.069732,1.5199383,-2.2240477,-2.1108384,-2.298316,2.4831548,-0.7465815
-2.4896238,-0.75743526,3.0101655,0.3185355,-0.19704878,0.36213833,-2.6214685,-1.8598231,2.0958834,2.1705627
-1.9717606,1.0463877,-0.44143292,1.0362726,3.7359908,1.0605967,-1.415832,-1.3189027,1.1160696,-2.8158886
-1.9941745,-0.36031288,4.655803,1.9057634,-1.6433355,-3.939418,-0.47034812,-0.50435543,3.4993718,-1.1429719
-1.133433,0.73170555,1.5265259,0.6997527,1.2112325,-1.8372905,-1.1992177,-1.3535124,2.21726,-0.85667974
-0.9941869,0.7812941,1.5380951,1.0031133,0.28576967,-1.2848535,-0.62853307,-1.2868187,1.96966,-1.340306
1.0086281,1.4066412,-0.7830268,0.812831,0.50165325,-1.9928975,-0.56321365,-0.30039757,-0.36973494,0.355034
-1.3194607,-0.91893226,2.467548,1.787332,-0.8204852,-1.5497663,-0.98143965,0.7619788,1.6117413,-1.0430549
-2.8292077,-0.49743935,3.0911782,-0.13156764,-0.31162456,1.2614131,-2.8064337,-1.2296952,2.9315293,0.5750474
-3.555803,0.9853094,2.9975557,0.885993,1.455264,-0.6450975,-2.2878225,-2.4681604,3.4432337,-0.7729327
-1.5922368,4.4098105,0.21679887,1.9164262,0.51937026,-3.4610507,-1.0888505,-1.496305,0.7290045,-0.13629408
