-3.828797,2.9826014,0.4484604,0.87704873,0.24664262,-0.15636611,-0.65205896,-1.1484067,0.9220347,0.1711108
-3.808615,4.6276345,-0.74845904,0.393601,0.885,-0.87651944,0.6243678,-1.7477374,0.5818441,-0.042926684
-2.4972641,2.7267544,-0.9049957,1.8659191,1.1840149,-3.11769,0.07376523,0.011851162,-0.06598409,0.61368334
-2.4395525,4.559546,-1.835697,0.78960073,1.6289297,-2.6262372,-0.19345845,-1.4938049,-0.8293093,2.3262136
-3.3495796,4.8784065,-1.2379489,1.3043189,0.9480492,-2.3764222,-0.0934502,-1.2050998,-0.11402362,1.1391426
-2.7266366,3.6981528,-1.2769735,1.6227938,0.30121854,-2.8849573,0.25471026,-0.056864113,-1.2904055,1.8998711
-3.1441717,3.323597,-0.8875105,0.71389425,1.5544177,-0.8760016,-0.9901057,-1.4581211,0.5411162,1.0394818
-2.908294,4.118619,-2.1957278,2.7375088,1.3038679,-3.705554,-0.46089083,0.029565126,-1.2539724,2.0639064
-3.9760363,4.900783,-1.713809,2.3537796,1.3306115,-2.5064,-0.8996274,-0.8435957,-0.92661434,2.3321824
-1.9355093,3.9309785,-0.6907136,0.61905706,0.05667101,-1.7981298,0.31889457,-0.9452688,-0.16299415,0.45210493
-2.4998705,4.203139,-1.9846084,1.3197742,1.0878865,-2.4416673,-0.6799976,-0.6960465,-1.1761686,2.7195048
-2.8058965,4.7859025,-1.4060395,0.331464,1.1258253,-2.0221868,0.16060041,-1.6081884,-0.40510735,1.5513059
-3.0402856,4.7475924,-0.63471586,0.041350007,0.6449927,-1.5038193,0.03653632,-1.7291334,-0.38180816,1.7818714
-2.703988,5.4870734,-2.4726021,0.3481052,1.7432636,-2.6589704,0.43511802,-1.5558376,-0.8468611,2.166663
-2.8257575,4.348012,-1.6813629,0.7047172,1.8158039,-1.3326142,-0.26173687,-1.5997694,0.29451755,0.6845969
-3.3261163,6.1630673,-1.6960773,0.64367145,1.423993,-2.14666,-0.38712925,-2.2791603,-0.05482503,1.6289654
-1.8600742,5.167148,-2.1489906,0.6800847,1.0727683,-2.6953888,-0.6673928,-1.0415177,-1.3417686,2.8074725
-3.4712305,5.2672286,-2.451797,1.1243865,2.371803,-1.8841057,-0.006602004,-1.743758,-0.6100872,1.0711926
-2.9694192,6.5314765,-2.1644251,0.73068833,0.9759759,-2.8503351,-0.046169713,-1.8954613,-0.55431217,2.087826
-2.8410437,5.4349236,-1.187876,0.5509861,0.18205237,-3.4091642,1.0902516,-0.8088326,-0.8625546,1.6490587
-2.4149022,4.1645656,-1.7149317,2.043721,0.56468725,-3.1769352,-0.55490595,-0.27348876,-1.3257028,2.4205494
-2.687942,4.0890784,-1.8254999,0.39038002,1.1744571,-1.4745425,1.2414552,-1.2496102,-0.5887809,0.53405035
-4.2117295,4.672665,-1.136069,1.7445128,1.0603178,-1.2367911,-0.9213874,-1.3291643,0.21985492,1.4699326
-4.164254,5.091931,-1.4123371,0.8677008,1.9836358,-1.9186459,0.4662701,-1.9744053,0.7068458,0.089799985
-2.4758303,3.898186,-0.7868359,-0.1945281,0.9791986,-1.3357838,-0.10730858,-1.6214755,0.23779747,1.1893088
-3.1064868,0.99702,-3.3610697,1.7266072,5.3595924,-0.25520313,-1.9827864,-0.6708443,-1.7121707,2.597267
-1.9149548,1.5658894,-2.572664,1.0870826,3.776049,-0.67952716,-1.1220344,-0.9020483,-1.4902114,2.115712
-1.5341288,1.1419445,-2.754764,-0.44466394,4.004769,1.3149551,-1.3431062,-1.4637392,-1.0985183,1.9421121
-1.8864845,0.858101,-3.9132755,0.33835247,6.034387,1.1547625,-2.092733,-1.4485252,-1.7679133,2.8191214
-3.6516063,0.721701,-3.5366752,0.723488,6.6080165,2.5686123,-2.1990263,-1.8763843,-0.70848006,1.2510122
-3.22466,1.295446,-3.4002593,1.3659046,5.064921,-0.05251932,-1.6066263,-0.6793868,-1.4531533,2.4313388
-3.8965247,2.0730991,-3.6857603,1.6677884,5.7075667,0.28490925,-1.6487677,-1.1013045,-1.5806304,1.9200712
-4.599175,0.4358367,-1.7611201,0.89911675,5.351872,1.2698281,-0.7390779,-1.2033217,-0.6663976,0.63659084
-4.0160856,1.4071409,-3.3050618,2.1531742,5.489112,0.05655873,-1.3243848,-1.0018737,-1.034646,1.5086006
-3.353493,-0.0034650564,-3.158838,0.82968265,6.056998,2.500536,-2.0444672,-1.3266835,-1.0684974,1.4833158
-3.790095,0.78884816,-2.9909337,0.24095619,5.694965,2.7293255,-1.6171582,-1.5612242,-1.2725164,1.5684484
-2.4301968,1.5881371,-3.4041593,1.2678078,4.1449523,0.94420195,-1.0900977,-0.49200225,-1.6761291,1.1037182
-3.7080762,1.5553169,-3.989516,2.1041436,6.5681944,0.33905733,-1.9586309,-0.945502,-1.8874534,1.9305454
-2.9929047,1.1337355,-2.7764823,0.066307485,4.878751,0.9654693,-0.37965488,-1.2393053,-1.0016338,1.3142357
-3.1389005,0.5504154,-3.3752713,1.5645825,5.4048476,0.9445168,-1.1379565,-0.46237892,-2.1401103,1.5714079
-3.6573226,-0.6021513,-3.246062,2.4794762,6.088271,0.4322461,-0.98043585,0.18030244,-2.252107,1.3547622
-4.0175996,1.0359918,-3.6706564,1.8001499,6.1199574,0.14493835,-1.8393259,-0.59078735,-2.0722427,2.815106
-1.9188582,0.8343661,-4.012996,-0.16707242,5.4169836,1.528439,-0.8668875,-1.0365674,-1.9496318,2.0333908
-3.0691745,1.3222393,-3.012249,1.2697054,4.928712,-0.30876875,-0.91622376,-0.9675111,-1.6002895,2.1138048
-1.4302362,0.55101395,-2.4925914,0.6590221,4.0691943,-0.5533246,-1.3063198,-0.72937125,-1.4947761,2.4805684
-2.5992966,0.12038371,-1.2360799,2.3644702,2.3945725,-1.2762195,-1.0712758,0.473262,-0.87091994,1.4258188
-3.5306866,0.50783,-1.8755497,1.387202,4.390606,0.6887001,-1.261341,-0.8698508,-0.8070907,1.3739371
-3.933759,-0.019313306,-3.233163,1.5429543,6.152054,1.6053369,-1.7760435,-0.9437447,-1.6145381,2.200953
-3.5881543,1.0678716,-3.1672478,1.8294138,5.147896,0.1451819,-1.6200278,-0.7460241,-0.7624312,1.5204624
-3.1722524,1.3113056,-3.4455965,1.6841565,5.413037,0.094845146,-1.2039454,-1.1554527,-0.83785844,1.0691348
-4.6345453,-1.7862414,2.0594442,-0.112588264,1.4929904,6.557126,-2.0946486,-1.6596682,2.1747859,-2.1097047
-1.5381173,0.22628441,1.4562039,-2.5859237,-0.71371925,5.730112,-0.3893122,-2.3671863,1.5940875,-1.4430267
-2.644282,-1.5189321,1.5239396,-1.0898371,0.38771442,4.935313,-0.4181748,-0.89640516,1.2232512,-1.7802618
-3.4951608,-1.5806407,2.2182546,-0.9404556,-1.008434,5.309107,-0.33501482,-0.61544627,1.8247336,-1.775291
-2.740252,-1.7804071,2.0153682,-1.7832825,-0.2034935,8.189341,-1.6728929,-2.0437427,1.4994394,-1.4292568
-2.6290302,-1.1311451,1.8802984,-0.886512,-0.26706374,5.1482363,-0.7966705,-1.252552,1.3421074,-1.3144437
-3.786235,0.74192333,-0.05501307,0.6940434,2.1486962,2.8515322,-1.4223418,-1.7778211,0.8570751,-0.12784591
-3.2702718,-1.7500566,1.755861,-0.9785397,1.3195004,6.2867217,-1.0087826,-1.8435998,1.8087418,-2.4435766
-2.8056808,-0.5681511,0.35207182,-1.1787001,1.3387187,5.7229934,-0.7731287,-1.7375791,0.8553634,-1.2662855
-3.347265,-2.4540956,1.2343117,-1.1130587,1.1036888,7.0736604,-0.98047394,-1.0706749,0.82073456,-1.3076137
-4.630483,-1.1237403,-0.1440558,0.20973383,3.5369396,6.5442266,-2.219724,-1.914289,0.8180173,-0.9683975
-1.5862029,-0.08639234,1.0389748,-2.1027186,0.29845172,3.7369294,-0.057541505,-2.065768,1.4321605,-0.8912453
-2.8050728,-1.6663634,0.72695374,-1.2258108,1.7899407,6.0342503,-0.8128249,-1.7481654,0.993558,-1.43686
-2.1903887,-2.036067,1.2645876,-1.9429171,0.03195384,7.016595,-0.3017485,-1.4058812,1.4653944,-2.1242886
-2.045875,-0.66306907,1.4698629,-1.9670676,0.41682974,5.9554296,-1.5538597,-2.1695483,1.1620227,-0.48961818
-2.530107,-0.5624164,0.69563895,-1.9234073,1.6461121,5.869795,-0.9990793,-2.0759103,0.93757707,-1.0773919
-2.0837724,0.09034324,-0.015805017,-1.473154,0.6875378,4.494712,-0.7021162,-1.3645315,-0.16534278,0.41564775
-1.6591856,1.2878686,-0.62698144,-1.3432317,2.016733,1.4704311,-0.6460682,-1.526346,-0.81040984,1.7505311
-2.1061873,0.45844188,1.3585502,-1.8087219,-0.03223437,6.049029,-1.1395414,-2.9317176,2.700045,-2.347739
-2.7020857,-1.8982493,1.9440291,-1.4160575,-0.29049814,7.155144,-1.2466147,-1.5679221,1.0727774,-1.1326201
-3.3605187,-1.5374712,3.0877984,-1.5611763,-1.019795,6.478399,-0.90799576,-1.4548881,2.5020635,-2.4358578
-2.085764,-2.1220274,1.8212309,-1.275723,-0.2690168,5.7350364,-0.35769647,-1.0020559,0.97479635,-1.6081296
-1.9922909,-1.253126,1.5293701,-2.4908123,-0.08287206,6.891077,-0.38862354,-1.988961,1.4542079,-1.7597731
-3.0362487,-0.34410256,0.90571576,-1.5598322,1.3875031,6.178216,-1.3342313,-2.342288,1.4713616,-1.3136045
-3.111317,-2.0527074,2.3964813,-0.96557313,0.113479495,6.8947215,-1.2821865,-1.8803887,2.6063812,-2.8636236
-3.2265322,-0.662827,2.9538996,0.44959188,-1.3555505,1.4379038,-0.08836463,-0.52725977,3.3495657,-2.8083355
-3.7954745,-0.4677223,3.1830828,1.6756188,-1.5152069,0.5066862,-0.5429545,-0.42873877,4.320648,-3.462164
-4.572951,2.1520884,1.1075915,1.69316,0.5627116,0.6375947,-1.6419178,-1.451751,2.183321,-0.7643731
-5.029651,0.45400015,0.8391453,1.8728768,0.60553527,1.9780428,-0.6735233,-0.92129844,2.5171325,-1.903066
-3.7432253,0.80595696,2.51877,0.7465913,-1.2869803,1.59825,-1.1038109,-1.2135067,3.3100994,-1.9047962
-4.156603,1.0008173,2.2280743,1.5710155,-0.69293666,0.032873154,-0.46627516,-1.0928771,3.81164,-2.7495718
-4.049853,0.80383456,2.8097904,0.16723876,-1.1318724,1.7155179,-0.71958184,-1.6718991,4.0019054,-2.2009354
-3.6111176,0.073910266,3.9143655,0.40327308,-2.4813538,1.6153014,0.46660388,-0.77052844,4.762041,-4.774028
-4.366685,0.6035956,2.820778,1.4675606,-0.6116667,1.4275931,-1.5035341,-1.5104904,3.6109924,-2.3755627
-2.9911275,-0.7846985,2.9997826,1.6353177,-1.621271,0.10674578,-0.42737585,0.12622523,3.081093,-2.4030168
-2.4690564,-2.431172,4.2907734,0.13941622,-2.6202466,2.3675053,0.008092716,0.4779986,2.939938,-3.1921334
-4.3300276,0.9689468,3.3031561,1.1957666,-1.8037075,0.8927624,-0.9709579,-0.95788485,3.8442035,-2.4355607
-2.4702709,-0.1919528,3.856099,-0.88883436,-1.9940176,2.2827063,-0.2612617,-1.2515206,3.7238877,-2.9422069
-2.7081554,-1.1245706,2.6092484,1.5609251,-0.9734793,-0.2109518,-0.87852764,0.14618646,2.5034683,-1.3167813
-2.885664,-0.86817,3.2534113,0.43816912,-1.5887727,1.8369806,-0.76337004,-0.5831383,3.3089988,-2.6339173
-3.8185713,-0.028216809,3.0126107,0.42711425,-0.75238,1.8495029,-0.6126274,-1.1018403,4.0591455,-3.3205388
-4.3798404,0.7434,2.1749506,1.2251738,-0.22889927,1.533672,-1.6333212,-1.6863511,3.209385,-1.3484932
-3.2734997,-0.89559186,3.5724084,0.9150276,-1.5441253,0.8347538,-0.39095932,-0.11129865,4.2509723,-3.7815702
-4.4393525,0.36909738,3.021526,0.61583614,-1.4318323,2.2782478,0.14209227,-0.7811808,3.2806003,-3.2404084
-2.6370542,-0.4655861,2.9604454,0.364942,-1.7416884,0.598106,-0.0014487803,-0.16531932,3.0798328,-2.3279648
-3.3730621,-0.12436947,1.3366919,0.37418303,0.5174062,1.680768,-0.9891679,-1.1407447,3.0420332,-1.6186132
-4.008874,-0.6185974,3.613496,0.7206106,-1.6442441,2.3442817,-0.67299324,-0.7079764,3.9168746,-3.3594215
-3.6942928,0.15852469,2.501773,2.2429075,-0.77226317,-0.017164916,-0.67187446,-0.746011,3.597766,-3.0089831
-5.1065288,2.1882071,1.7413721,1.4547986,-0.058556348,0.47576547,-1.2193382,-1.4188142,2.8990476,-1.3428062
-4.4294853,0.2978666,2.8556921,0.6203269,-0.05090967,1.2852026,-0.6908502,-1.0817771,3.6253228,-2.8653822
-0.61095744,-0.52143997,2.0362546,0.52497846,-3.8670082,-2.3376274,2.2354715,2.1539783,-0.23593536,-0.120181546
-3.1247804,-1.0113845,-0.5542912,3.8273735,0.8395606,-1.8717766,-1.2400248,2.2326388,-1.2851204,1.959719
-1.4503344,-0.8959867,1.9705868,1.3571614,-2.7539306,-2.0287023,1.007838,2.195523,-0.5711733,0.48310065
-3.1208594,0.42251858,0.51137036,3.7460527,-1.0005591,-1.6315889,-1.3807915,1.2139518,-0.105867825,1.1484293
-3.3815653,-0.38066196,1.1134914,3.0440578,-0.7922931,-0.7999805,-1.0863714,1.3882809,0.16743764,0.3224885
-0.52967006,-1.327091,-0.5288265,2.1120667,-0.97415686,-1.8196208,0.5027767,2.3673148,-2.2470376,1.9210804
-2.0504682,-0.057626933,0.92336005,2.5875995,-1.7444879,-1.3772385,-0.5384135,1.4142482,0.2897085,0.29223073
-0.9476318,-2.5495844,0.51289046,3.3028564,-2.2655249,-2.602793,0.5858738,3.9115949,-1.2799841,0.6240134
-1.8059615,-1.7288617,0.5473538,3.7707515,-1.758589,-2.9343123,0.30396307,3.1842592,-1.4686726,1.2496145
-1.966189,-0.51261145,0.42278922,2.4527543,-1.2746038,-1.4470377,-0.26122326,1.4773052,-0.61464876,1.1333253
-1.092669,-2.1205878,1.3140781,2.9678326,-2.1429327,-2.1018946,-0.07382269,2.6395006,-0.30432442,0.22447167
-1.1032705,-2.3000145,0.21916224,2.694156,-1.2768668,-1.8485858,0.5671893,3.2829773,-1.6627413,0.7024132
-1.9532336,-2.7680166,-0.11340298,3.8708959,-0.4958811,-1.492998,-0.15267935,3.339387,-0.7800183,-0.20252599
-0.18206716,-2.7608202,-0.95953614,2.9012468,-0.58900297,-1.8922448,0.12910597,3.4478247,-3.3251994,2.5292268
-1.0521288,-1.8630017,-0.27493358,3.576799,-0.78603005,-3.1524796,-0.25685716,3.135765,-2.1795995,2.2235084
-3.0238626,0.048427314,2.4495323,2.204534,-2.6871068,-0.90603375,-0.09784347,0.97534686,1.6832273,-1.067987
-3.9109719,-1.5863332,1.6378243,4.579096,-2.0062242,-1.3871727,-0.77767366,2.8549695,-0.18763515,0.3693276
-1.8811939,-1.7733606,2.1308594,1.9497508,-2.0077,-0.95005596,-0.08190817,1.8549433,0.80152124,-0.6248833
-1.7845201,-1.0285178,-0.10898271,3.7623692,-1.4290001,-2.8743322,0.014946982,3.052899,-1.2326254,1.1038022
1.8954996,-2.6608007,-0.5545178,-0.16572335,-1.5886406,-0.9875076,1.7220056,3.2481666,-2.8285148,1.4546415
0.02016846,-2.672972,0.38101345,1.0065645,-1.6898371,-1.710041,1.6619316,3.213715,-2.2028267,1.2531548
-2.8438835,-1.2457573,-0.3060355,5.5047464,-0.8681725,-2.9853559,-0.61075515,2.986332,-0.82546234,0.61817896
-3.2096143,-2.4523022,0.28202188,5.555332,-1.2903281,-2.7363596,0.09717886,4.1811585,-1.442474,0.32388043
0.69161135,-2.4034207,-0.16449614,0.666114,-1.3976296,-1.7343494,1.1934974,2.9594345,-2.1617465,1.6552072
-1.7297744,-2.9692528,0.32779878,3.6768484,-0.982818,-1.8867517,-0.08772431,3.546863,-2.1134198,1.6444248
-3.9934304,0.62497365,1.4001468,1.3326938,0.20926699,0.9778827,-0.9033405,-0.77965933,1.4176074,-0.64453167
-3.4587493,-0.9185029,3.3762527,0.983273,-2.7753468,0.9813088,1.2231622,0.6298491,2.700615,-3.2140825
-2.8396852,-1.3949355,4.579798,1.0411744,-3.959174,-0.01846826,0.49198645,0.9814821,3.2671883,-2.8781316
-3.1897619,-1.0778332,3.0173118,2.0790472,-2.1486914,-0.21701181,-0.741978,1.0503812,2.138536,-1.3758634
-4.157924,-0.29018608,2.812997,1.7990485,-1.3495709,0.715495,-1.2596684,0.16992965,2.267439,-1.1123439
-5.8521314,-0.1292344,3.3441367,3.293584,-0.9932358,0.40465212,-1.3827012,-0.15456527,3.9126298,-2.9302707
-3.8665993,0.559963,2.7756908,2.1298053,-1.9126357,-0.28183234,-0.66728383,-0.29645997,2.3580606,-1.2889982
-5.38504,0.98875403,2.0211215,2.722316,-0.47168732,0.05267018,-1.2278042,-0.28970626,2.1422136,-0.8942738
-3.2466156,0.6649256,2.2490532,2.6194158,-2.7336292,-1.6404402,-0.06037142,1.0139604,1.1317577,-0.43092906
-2.8236692,-1.4046155,4.1255383,0.8476518,-3.3247995,-0.44611812,0.71235603,1.3306711,1.9708723,-1.709975
-3.717131,-0.8570759,3.8765404,2.207448,-3.1139674,0.18391478,-0.5465523,0.71848065,2.5977523,-1.8417017
-5.052989,-1.6705048,3.8336968,2.3869987,-2.4845366,0.8776859,0.21062033,0.8856244,3.228702,-2.946753
-4.8786397,-1.2566793,3.9887187,1.4689602,-1.3592603,1.8238947,-0.8976355,0.12421845,4.057459,-3.433058
-1.4960026,-1.0684673,3.3035228,-0.40081897,-2.9355674,0.31602466,0.98124295,0.6592705,2.102289,-1.9454216
-2.2777092,-2.4566243,4.911675,0.47172534,-3.9454942,1.3105798,0.10398008,1.1130638,3.0233095,-2.7058342
-5.864294,0.0908142,3.960558,2.3857963,-1.748424,1.3590916,-1.0552386,-0.8707592,4.594623,-3.4808002
-3.8121724,-1.015448,4.596812,1.5388749,-2.468405,0.06274176,-0.36465836,0.39079294,3.4093163,-2.9147751
-3.3809934,-1.1648761,3.8822896,1.763203,-3.3156943,-0.060892463,0.72536963,0.87936634,2.3690934,-2.2890277
-3.8930957,-1.2276851,4.874676,1.2958275,-3.288743,0.9523449,-0.39624214,0.33103386,3.8148243,-3.0768108
-5.566074,-0.6337091,3.917543,2.6269755,-2.1578913,0.8633312,-0.99187523,0.08025648,3.5455487,-2.158751
-4.6078396,-1.2625442,4.49641,1.060342,-1.9617833,1.7645189,-0.30760878,-0.3522299,3.9203007,-3.3024542
-5.4720674,-0.53726923,4.1690154,1.9923064,-1.6100013,0.71828485,-0.71829325,-0.033830523,3.863567,-3.0297925
-3.3950918,-1.24568,4.1000214,1.590649,-2.5073445,0.12555003,0.1656477,0.31089118,3.1983054,-3.1429093
-3.2597194,0.9082136,3.1194527,0.5606724,-2.278542,0.7001138,-0.14881256,-0.6025467,3.2023737,-2.55425
-3.5979426,-0.28945962,3.6588604,1.5280086,-2.8622665,0.17205119,-0.24290247,-0.12437117,3.2204149,-2.1939244
1.5026416,0.7130704,-2.799245,0.42280924,0.84401846,-1.7004151,-1.9273916,0.37153637,-4.3028316,6.816719
0.97101724,-0.6746931,-2.3962634,-0.47868782,0.9540442,-0.08492124,-1.2894179,0.6786304,-4.604236,6.783886
1.5668055,-0.9817238,-1.2621005,-1.5034093,0.012213618,1.4370161,-1.687237,0.15426546,-4.9701204,6.8430552
-1.7448275,0.094702065,-2.6039984,1.0087682,3.715958,1.9458874,-3.608783,-1.0817509,-3.6508563,5.928545
1.4421625,-1.3621806,-1.2400825,-0.21740687,-0.026465684,0.07745093,-1.59459,0.6786907,-5.1495075,7.0624204
1.5949064,-0.36048445,-1.8978616,-1.1034154,0.9521011,-0.1444247,-2.090217,-0.18631727,-4.75659,7.7535524
1.3834813,-0.5801977,-1.4884505,-0.8522806,1.7463831,0.009888738,-1.9565096,-0.5887217,-3.600732,5.426343
1.2303437,0.7111094,-1.7127182,-0.42830908,0.57902026,-0.83766866,-1.3192647,-0.2795086,-4.47354,6.3911524
1.9867358,0.14374116,-1.4167601,-1.0626564,-0.56917715,-0.8453599,-0.64665276,0.5343947,-4.062984,5.770044
1.352843,-0.47619638,-1.8400108,0.15391994,-0.4007748,-0.2887128,-1.0525415,0.7155673,-4.063505,5.722055
0.49838808,1.1840426,-2.348658,-0.25037074,1.677833,-0.8637309,-1.1804693,-0.56165886,-4.418487,6.133739
1.0784695,0.64305913,-1.4138594,-0.5199076,-0.012902364,-0.55186063,-1.1715887,-0.17286491,-4.2218294,6.17194
0.6058879,0.44017985,-2.2248325,0.39960915,-0.051202804,-1.0687833,-1.2536923,1.0131059,-4.1213765,6.238827
0.45982304,-0.16464525,-2.6641862,-0.80739653,2.028973,0.5252501,-0.9388129,-0.054815054,-4.7211437,6.1867647
1.6137376,0.40318522,-2.6958764,-0.40051568,0.91852736,-0.93239784,-1.5187652,0.18875211,-4.7115264,7.0184574
-0.38179275,2.4573953,-2.8502865,0.4912815,1.5955988,-1.2889841,-2.332698,-1.1811302,-2.7711835,6.3096657
0.5783952,0.52908695,-1.6291903,0.2806853,0.9838594,-0.78986406,-1.369772,-0.52152854,-3.348275,5.1129894
-0.888159,-0.41054854,-2.0990818,2.131478,1.4155236,-1.3456451,-1.4982507,1.0691416,-3.2316859,4.720521
0.10807613,0.54601264,-1.9578916,0.28119922,1.2000542,-0.9406358,-1.3694246,0.13616377,-4.1771936,5.90804
-0.11787399,0.7826878,-1.3161395,-0.036379874,0.39060035,-0.8548931,-0.7721716,-0.095992416,-2.6554658,4.3800683
-0.04761853,0.20593211,-1.223768,-0.27518582,0.6010395,0.4274472,-1.0491756,-0.118667126,-3.3831234,4.9649086
0.024701752,1.7755681,-1.7570105,0.4200108,0.362713,-1.2930607,-1.4604576,-0.12477788,-3.4407623,5.451937
1.8716019,-0.2569358,-1.4832336,0.041175008,0.12966123,-1.4061527,-1.6101515,0.7035336,-4.372636,6.1530213
0.40333435,1.9593939,-3.29839,1.1734939,1.8985573,-2.4403017,-2.1968513,-0.09489426,-3.994433,6.3273273
-1.2194953,0.99285054,-1.3336084,0.55759823,1.6136692,-0.7490958,-1.3298408,-0.61116403,-2.1409101,4.241852
2.3053913,-1.0023527,-0.50254273,-1.3091507,-1.1761688,-1.187815,0.583296,0.9773469,-2.430301,3.4105248
0.51853085,-0.9636235,0.55728847,-0.88737315,-1.2370361,-0.34127998,1.2109382,0.9538588,-1.4551626,1.3576975
2.968816,-1.1161919,-0.9422143,-0.7520799,-1.0933836,-1.3565325,0.85330695,1.1939852,-2.6086779,2.3083758
4.66992,-1.5447661,-0.23014928,-1.7658694,-2.4958878,-1.3090475,1.3893452,1.2776105,-2.6368463,2.3357196
4.2218146,-1.874209,-0.022044372,-1.9440244,-2.8206196,-1.4829102,2.4668126,1.6651521,-2.6894414,1.9285249
3.0333183,-1.3065301,-0.11757776,-0.7797799,-2.0492244,-2.1924918,1.8780711,1.6874254,-1.854637,1.1718136
3.5527947,-2.396661,0.14321104,-0.99685204,-2.7511382,-1.5985237,2.2032554,2.2922297,-2.2110374,1.2724007
1.2359687,-1.7070879,1.4726584,-0.68881595,-2.8619523,-1.9385076,3.2057428,1.9936459,-0.5363855,-0.9906914
2.1884706,-1.2922441,0.26200777,-0.9777769,-2.1254983,-0.8784865,1.8365166,1.1020415,-1.6690061,1.087047
3.0112333,-0.7937628,-0.03489391,-1.0697223,-2.4970555,-1.8939018,2.3912172,1.4072254,-0.9846279,0.028316632
2.249238,-1.1538115,1.2257704,-0.9060885,-3.2880716,-2.0565348,2.7151167,1.7894986,0.17294767,-1.3445529
0.66913146,1.2998186,0.23326354,-0.005443544,-1.9302548,-2.5950675,2.0792022,0.29146808,-0.14400068,-0.5049536
2.019953,-0.13185278,0.19832917,-1.662578,-1.9849377,-1.4704838,2.768557,0.7082584,-0.95411503,0.013357446
2.8400135,-1.4557992,0.55874264,-1.457988,-2.344679,-1.6992651,2.9826813,1.6454418,-1.1844074,-0.5752221
3.3768594,-1.799665,-0.165788,-1.6959783,-2.1266909,-1.3325622,2.359332,1.5719793,-2.2045734,1.467256
-0.9524978,2.143891,0.18055308,-0.725576,-0.081358045,-0.615641,0.89187986,-1.33603,0.32922286,-0.09424169
2.5997512,0.05403599,-0.3051025,-1.5625162,-1.6799569,-1.5496143,1.618849,0.50904214,-1.4829338,1.4244941
2.123303,-0.7824713,-0.06707691,-0.625082,-2.0076811,-2.0564275,2.972922,1.5284696,-0.90515023,-0.9081017
1.5339035,-0.82168335,0.5468402,-1.0277591,-1.7346319,-1.7607698,2.7051878,1.2857578,-0.34201518,-0.97569287
1.3792235,-0.05837038,-0.720213,-0.38775316,-0.5931245,-2.0037608,1.4815315,0.7435943,-0.89419943,0.56596047
1.4096596,-0.21687436,-1.1472024,-0.27712354,-0.5677515,-2.1234536,1.2249708,1.3193021,-2.4375002,2.3317611
2.1097937,-1.0302231,-0.6908026,-1.0308987,-0.68810403,-1.3501484,1.472409,1.1957014,-2.3334343,1.888966
2.2716331,-0.78760093,-0.5492032,-0.77019393,-0.8982171,-1.4678441,0.9383252,1.1113107,-1.7930858,1.5149189
0.20026538,1.0928017,-0.39228863,-0.07240033,-0.6102521,-1.2232542,-0.09156227,-0.04250753,-1.3306595,2.2079759
2.667542,-0.9880841,-0.27878723,-0.46752065,-2.0860846,-2.6956792,2.4637384,1.8826325,-1.3690788,0.41209716
-5.343263,-0.83474433,2.8064911,4.2894216,-1.574762,-0.9221256,-0.93443364,1.5334101,1.6905186,-1.2471486
-4.32647,-0.90358305,1.49561,4.665948,-1.240529,-2.5017033,-0.5169929,2.304169,0.026881717,0.4262479
-5.0358825,0.36092088,0.51642793,4.3493886,-0.17515382,-2.4684641,-0.083981365,1.6381745,1.3182899,-1.1688056
-3.5210238,-0.3534658,1.596209,4.6215215,-1.3079946,-3.133235,-0.16607855,1.7655709,0.5476408,-0.6071873
-3.4317029,1.2756531,-0.8099962,4.0406947,0.38495722,-2.5094712,-1.4516227,1.2960324,-0.70208657,1.5175439
-3.225424,-0.8420439,0.3110278,4.3716464,-1.2377561,-2.6950057,-0.6572978,3.0907278,-0.44167373,0.7394093
-4.981537,-0.50495577,1.0274518,5.3676753,-0.095808655,-2.385132,-1.2397909,2.119868,0.54469734,-0.3263334
-4.995376,-0.055237323,1.1585262,5.1331677,-1.838477,-1.6803455,-0.5445013,2.3050992,0.627377,-0.5967378
-5.234597,0.15276358,1.5611714,5.2764277,-1.5108417,-2.1640573,-0.8561432,1.5929408,1.4338511,-0.89247406
-4.7677016,-1.7515053,2.8448985,4.3021684,-2.1779904,-0.9120207,-0.603541,1.8836198,1.8842199,-1.378263
-2.921312,-0.7703148,0.75237375,5.1923223,-1.8903489,-3.0863628,-0.8727523,2.692088,-0.63222355,1.0525209
-4.2593794,0.89158463,1.6198506,5.207622,-2.0724938,-3.7017326,-0.70602393,1.526161,2.1956995,-1.4407898
-3.5254703,-1.272074,0.5409512,4.4625106,-0.7473806,-2.3475776,-0.12454529,2.3203812,1.1647025,-0.98291814
-4.4621773,-1.7153934,2.9676712,2.8666978,-1.2587734,-0.4439907,-0.3122872,1.0317768,2.5285947,-2.154018
-3.9659417,-1.2858328,1.2797542,4.703477,-1.1313212,-0.9352428,-1.8140934,1.8482547,0.54771656,0.1907079
-4.788964,-0.124213636,0.7828949,5.9336276,-1.0548114,-2.413424,-0.9770307,2.2099485,0.46008542,-0.4711163
-3.9688337,-0.33991024,2.0779698,4.0711083,-2.3866267,-0.16257536,-1.2348714,1.1992059,0.65319186,-0.1848857
-5.6300607,0.036911726,1.5207057,6.4796143,-1.6878264,-2.696495,-1.5420713,2.575104,0.7942428,-0.37024158
-5.6112013,-0.15339592,2.0942714,5.901276,-2.086921,-2.8057427,-1.1785195,2.1222095,1.6466916,-0.60572255
-3.9636981,-1.4846951,-0.3190261,5.315741,-0.095621824,-1.6952057,-1.3726702,3.4113894,-1.3969368,1.1324203
-2.9470465,-0.70627123,1.015421,3.6428804,-1.2958016,-2.505158,-1.1158463,2.180811,0.042263724,1.1500453
-5.5408463,0.1523518,2.4892986,3.464075,-1.4336908,0.1303727,-0.38957757,0.46736234,1.792306,-1.7236404
-5.4743376,1.2248231,1.7038097,3.81752,-1.2803253,-1.3024138,-0.923844,0.6601226,2.1101794,-0.9497453
-5.207024,0.18888631,2.0987883,4.6212096,-1.0801512,-1.6719202,-1.8282095,1.3836901,1.3698251,-0.33877897
-3.1955476,-0.7546974,-0.31487513,5.5352483,-0.3556896,-2.9657516,-2.0482697,3.0082254,-1.1989292,1.8782141
0.6755475,-1.6372313,1.554086,-1.0278217,-2.958694,-1.5414028,4.2763467,2.170093,-0.121367775,-2.3225775
-1.118957,-1.2739058,1.6285203,-0.17822236,-1.8807119,-0.9694271,3.2399392,1.5201752,0.7208035,-2.3688445
0.4449648,-1.5960466,1.8452774,-0.5446042,-3.1003225,-0.9620359,3.4248033,1.6676776,0.3954111,-2.3222961
0.32404757,-0.69428384,0.88926727,-0.38447294,-1.816465,-1.5191085,2.9321482,1.2561014,0.37751743,-2.0660505
2.4324818,-0.6168045,0.884935,-1.8054031,-3.4967124,-1.5624762,3.9415193,1.4356737,-0.010601364,-1.866495
-1.573779,-1.8021061,1.9685631,0.40423158,-1.4410154,-0.38572395,1.5957098,1.1979575,1.1776663,-2.012076
0.23851177,-1.6456356,2.0582268,-0.8758477,-3.8862927,-1.5452045,4.71308,2.2340436,0.13795444,-2.324232
1.4687656,-1.7320775,1.5411758,-1.2326928,-3.1270418,-0.4677528,3.1774383,1.3263843,-0.35198888,-0.9657587
1.5664867,-0.88183296,1.3180156,-1.1561531,-3.354508,-2.2356062,3.823844,1.7678225,0.117983915,-1.7470993
0.41033897,-1.622636,1.303967,-1.010039,-2.6274729,-1.3899133,3.3919177,2.0836768,-0.118624516,-1.1442654
1.2612416,-0.992082,1.0703923,-1.293394,-2.7724707,-1.8762932,4.285942,1.497313,0.797523,-2.760312
1.0254873,-0.76746404,0.72986037,-0.6374366,-2.3097894,-1.8049886,3.3519397,1.2168374,0.6133393,-2.1543977
0.815552,-0.16947888,1.0892882,-0.520367,-2.8269808,-3.1383595,4.032845,1.6423354,0.05344955,-1.6581367
-0.3449761,-0.12605944,0.6895292,-0.492812,-1.5310684,-0.96439564,2.7014425,0.6302228,0.61560684,-1.6608125
0.82244015,-0.0305928,0.25151357,-0.1594198,-2.5234795,-2.02565,3.1360898,1.1764122,0.4109399,-1.6031677
0.982807,-1.0871272,1.6543735,-1.2998475,-3.3967934,-1.579085,3.988616,1.614404,-0.04852563,-1.510674
0.67893344,-0.4522222,1.1027958,-0.9834279,-2.6150286,-1.2859627,2.7192008,1.0992055,0.055252485,-0.9164454
-0.6427864,-1.1027654,1.9985383,-0.13793498,-2.3408399,-0.920676,1.9036853,1.179313,1.1674999,-1.8468615
1.6337173,-0.50000083,0.6651341,-1.3909614,-2.0199494,-1.8682308,3.9986887,1.310673,0.40978357,-2.9461415
0.6700547,-1.1500392,0.80644006,-0.35804307,-2.5643663,-1.6046911,3.1880383,1.9705739,-0.14081016,-1.6299884
-0.88689095,-0.47762358,2.0645618,-0.3326164,-2.6351388,-0.46990204,1.785017,0.70054615,1.5891987,-2.0997238
0.40268782,-0.1881927,0.66420346,-0.8096522,-2.6647158,-2.2361076,4.5756383,1.585841,0.4792014,-2.651928
0.64489955,0.923686,0.0009814687,-1.0104679,-1.6214806,-2.029331,3.256693,0.44579437,0.20267314,-1.4005126
0.5012338,0.17743203,0.7542138,-1.3401961,-2.0657697,-0.28585085,2.6754007,0.16330487,1.3507239,-2.562417
0.95507234,-1.2964616,2.0879407,-1.3218323,-3.8472106,-0.5744136,3.6694903,1.5321074,0.48798302,-2.436878
