5.219795,-0.4618549,-1.357814,-1.1220143,-1.7852519,-1.3979526,0.23926279,1.6070952,-1.5423025,0.7416559
6.187106,-0.45212695,-0.62977,-2.856939,-2.9275727,-0.6285381,0.74139345,1.2151399,-1.4564549,1.0645386
6.296796,-0.7323574,-0.97614574,-2.91146,-2.523921,-0.9322347,1.114934,1.4945306,-1.2466018,0.6582559
5.339287,-0.37442085,-0.9829898,-2.4185555,-2.23578,-0.95690435,0.6642922,1.0756048,-0.8059075,0.89836925
6.318595,-0.05111917,-0.92541146,-2.805437,-2.5645912,-0.82961935,0.24022284,1.4302278,-1.5919251,1.0468553
4.1851435,-0.21273044,-0.8995955,-1.6151562,-1.4134686,0.12760946,-0.7208005,0.324587,-1.1098844,1.4955341
6.319301,-0.21225712,-1.7501223,-2.846754,-1.9149057,-1.0874481,0.7997553,1.1457431,-1.7405447,1.6115516
6.062378,-0.26944295,-1.3574092,-3.0896077,-2.1790583,0.060870703,-0.13903806,0.91383386,-1.1969957,1.4349402
4.754576,0.29146382,-1.2730802,-1.7081578,-0.39806816,-1.7148507,0.374993,0.42969564,-1.6591238,1.1224389
5.6070204,-0.2918432,-0.9677701,-2.2533922,-2.4267068,-0.8644387,0.7246202,1.4070157,-1.6623013,0.95067734
4.82974,-1.35901,-0.7607985,-2.4835215,-1.1838799,0.5952781,0.31612575,0.8887547,-1.8412094,1.2069861
3.2921,-0.98550636,-1.0585401,-2.0077338,-1.7870923,1.94471,-0.42511705,1.21772,-1.7840623,1.7683542
5.9994583,-0.10380194,-1.4463632,-1.8257477,-1.9837838,-1.259138,0.4125429,1.2384579,-1.3270456,0.54471433
5.3370223,-0.5148227,-1.7209902,-1.9436562,-1.5228423,-1.6652786,1.2983365,1.5372978,-1.9768735,1.3771111
5.5902205,-1.0664828,-0.4621908,-2.6833837,-2.3423696,0.37772086,-0.803524,0.21995959,-0.94007754,2.326179
5.042672,-0.3920125,-0.65617424,-1.8756698,-2.2754147,-0.9584448,0.01188096,1.9637692,-1.8091422,1.1552778
5.8340015,0.064571045,-0.5516088,-2.6955566,-2.367313,-1.4977167,1.3708742,0.8305274,-0.98624945,0.22957963
4.4262743,-0.72801673,-1.4269726,-1.5150619,-1.4936785,-2.1146023,2.2356112,2.1134005,-2.1341681,0.79852104
5.501766,0.6606774,-1.3719418,-2.2923288,-2.7262762,-1.0208042,0.32589686,1.7804527,-1.1159593,0.49123365
5.673852,0.11772778,-1.3165705,-3.1414776,-2.0662441,-1.1258023,1.4172534,1.5643985,-1.532099,0.7528844
3.815945,-0.06031192,-1.828006,-2.4414191,-1.3640873,-1.0532966,1.7295734,1.3181579,-1.3847758,1.4658669
5.986294,-0.33107144,-1.3812687,-2.6655788,-1.9675695,-0.84788567,0.88912666,1.1518362,-1.2115984,0.59430474
6.3319254,-0.7179589,-1.8575671,-2.9484982,-1.6357573,-0.5896513,0.403292,1.1571598,-1.5426801,1.676242
5.439079,0.59644234,-1.2693802,-1.7351067,-2.668664,-2.6042023,1.3979187,1.8177407,-1.8020025,1.0920656
5.4514084,0.112575375,-0.8656205,-2.2687328,-2.037572,-1.1446483,0.13787767,1.0725315,-1.5828315,1.3761692
0.38771358,-0.45953983,0.7756937,-2.3588104,-0.7747648,5.6928654,-2.8974707,-0.29749966,0.3844631,-0.41438317
-0.8174943,-1.3369381,1.1052945,-1.4102082,-0.7262435,4.2697763,-1.6300209,-0.6561855,0.41899034,0.7994957
1.8224826,-0.04189188,1.5831102,-3.0964582,-2.287549,4.4295897,-2.3636549,-0.8792093,1.1098845,-0.055445082
0.32509956,-0.28838098,0.55444324,-2.4454124,-1.5723507,4.155839,-2.1766202,-0.31440976,0.33931792,1.6271794
-1.0236733,-1.4460146,1.6649796,-3.0318499,-1.3711184,7.758777,-2.8335483,-0.51427203,0.78602505,0.10130393
1.5431296,-0.8252892,-0.066735715,-2.2202034,-1.9114257,4.125023,-1.4215908,0.92214584,-0.47894025,0.44102854
1.5380304,0.22754315,0.26275373,-2.2080326,-0.4704173,3.720498,-2.4530098,-0.8003781,0.5809698,-0.24684605
0.04443506,-2.1765394,1.8425097,-1.2578107,-2.1573822,3.421705,-1.1771833,0.41926286,0.33624795,0.7535696
0.8378474,-0.65260583,1.4941884,-3.042454,-2.2749414,5.4774284,-1.9707496,-0.5103536,0.7290412,0.090934776
-1.1023837,-1.3797328,0.88425004,-1.5595354,-1.0004312,4.8001485,-1.4435145,0.1117078,0.20589256,0.5334635
-0.11442234,-0.4835155,2.5767248,-1.1342396,-1.9732777,1.7960527,-0.2337043,-1.3421302,1.7130822,-0.7588245
1.1722761,0.116979234,1.4345679,-2.9984107,-1.6655767,4.098318,-2.0849538,-1.0880287,1.097969,0.059519432
-1.0799228,0.16191313,3.5884843,-1.1897793,-2.2795348,1.5238771,-0.6124866,-1.772747,3.6560988,-2.0262866
0.9352516,-0.6524549,0.8582381,-2.7522178,-1.223641,5.4709406,-2.3840137,-0.74137735,-0.03761661,0.6624678
1.0062294,0.53493655,1.8062971,-2.8945518,-1.6842109,3.2289765,-1.4768513,-1.8008759,1.7290878,-0.3237926
0.55824554,-1.2080356,0.53076106,-2.6459587,-0.5614861,7.1830006,-3.5698438,-0.1391795,-0.59783554,0.6282286
-0.017665917,-0.9897793,0.731935,-3.002495,-1.4723905,6.4541893,-2.0185323,0.19411466,0.26473856,0.029930823
0.85841274,-0.8899328,0.39199823,-2.9964805,-0.24114472,6.50902,-3.1919448,-0.7810555,-0.28605384,0.8200509
-0.3340329,-0.8271889,1.7422435,-2.715138,-2.003675,5.427814,-2.2221313,-0.47097045,0.71855795,0.8405743
1.6275729,-1.3402147,2.3262033,-2.7115588,-3.265352,4.1191792,-1.3823088,-0.47774327,0.6519793,0.6278257
0.8032117,-1.356753,0.4171453,-1.9617522,-0.51748955,4.773241,-2.3964684,-0.21069407,-0.52110755,1.0911425
0.095879056,-1.2548012,1.5912681,-2.5871825,-1.6841761,5.562022,-1.9788342,-0.5937117,0.8673099,0.09326675
0.9463348,-0.97435147,1.521343,-3.0595274,-2.170075,6.16564,-2.890015,-0.34650844,0.5021561,0.5860326
-0.23346922,-0.59557724,2.1572845,-2.2967086,-1.7382725,4.6277037,-1.5677444,-0.7738285,1.3541259,-0.8388893
-0.27289608,-1.1769382,1.1324089,-2.286858,-1.8439354,5.0912123,-2.011855,0.2407986,0.28067812,0.9855978
-0.4506781,0.9828264,2.663819,-1.513667,-1.895595,-0.32073855,-0.3892859,-2.7721229,5.588033,-1.9953669
-0.50073683,0.9192026,2.3747392,-1.2765616,-1.5928348,0.17890996,-0.35483035,-2.161923,4.4961553,-2.1721501
-0.47512794,0.43917432,3.3363247,-0.81444985,-1.618163,-0.49379414,-0.026244093,-2.2972088,4.600658,-2.6612654
0.5442326,4.132181,-1.0339396,-1.250076,-0.4285389,-1.0859699,0.29741466,-0.8112787,1.0347086,-1.1834977
-1.0223981,0.64316297,2.7728734,-0.73682564,-1.2294756,-0.28804412,0.09599969,-2.060775,3.8692274,-2.0584502
-0.94232345,1.2911274,3.19772,-1.5777223,-2.160253,-0.18740508,0.06586118,-2.6322198,5.4922156,-2.5334938
-0.4346201,-0.16747132,4.0129375,-0.94051576,-3.0874543,-0.53414273,1.5604298,-0.65637493,2.5884662,-2.3459713
-0.89557725,0.58889574,3.783172,-0.7464002,-1.8866264,0.07126242,-0.27629322,-2.6263025,4.9064775,-2.9663093
-0.702428,1.0223507,2.1524596,-0.48369795,-0.9800701,-1.3918788,0.6775931,-1.7241356,4.3630486,-2.9931314
-0.34106034,1.772328,0.9399109,-0.48342526,0.24333835,-0.7166082,-0.22152941,-1.6100477,1.8618947,-1.3850923
-0.6959435,0.44146797,3.0451126,-0.47226185,-1.2365019,-0.13578922,-0.84070176,-2.7040207,4.7368455,-2.2619493
-1.9962858,1.1563364,3.8520038,-1.5284288,-1.4376713,0.040883955,0.3724421,-3.0235815,4.9774194,-2.4382415
-0.28766337,-0.650423,3.8149366,-1.2943965,-4.2650723,-0.7627238,3.0860136,0.31541172,2.767498,-2.6848576
-1.1640611,1.2257013,3.170212,-2.1440377,-1.4399294,0.9090193,-0.17868723,-3.0508351,4.875967,-2.170403
-0.68669933,1.8124365,2.4443648,-1.3005984,-1.5579449,-0.060484234,0.1458437,-2.85136,4.609908,-2.5024273
-0.58684444,1.1057764,2.2165966,-0.91869926,-1.2046821,-0.49628687,0.93715364,-0.597534,2.8742137,-3.3197787
-0.97637355,1.6020046,3.0921686,-0.7604095,-1.3356376,-0.81479,-0.1379179,-2.7977884,4.911201,-2.8157637
-1.6118407,-0.43786356,4.2110176,-0.095890425,-1.5334067,-0.13919514,-0.104964525,-2.602136,4.3855925,-2.2091587
-1.2346069,0.69860786,2.509322,-1.019103,-2.2298102,-0.016669307,0.16495323,-1.1655769,4.0957174,-1.8312236
-0.87662184,1.990539,1.7884082,-1.6023413,-2.2823954,-1.1503022,1.593136,-1.7821531,5.3850937,-3.0488431
-1.5183542,1.4109966,3.3423638,-1.4772079,-1.7027007,-0.2135261,0.5139791,-3.2199376,5.7998633,-2.9633482
0.15887037,1.2075405,2.1349616,-1.5490947,-2.2434053,-0.82490176,1.4611026,-0.6438726,3.1049137,-2.7461812
-0.563163,2.5123937,1.9311457,-1.4446797,-2.319275,-1.1014585,0.5701114,-2.0797422,4.946963,-2.3675473
-0.3318194,0.82389265,2.627104,-2.1271052,-1.8982679,0.69611794,-0.26929864,-2.385731,4.0367475,-1.0392896
0.0007045027,2.1325512,1.1135366,-1.7168097,0.019573092,-0.7273806,-0.048591647,-2.2634027,2.9921398,-1.4576565
-1.6687351,0.049141936,-2.0914063,1.3684808,5.0868587,0.5683623,-1.7817181,-1.2739913,-0.041045174,-0.47046542
-0.82035625,0.46098277,-2.4170835,1.3290943,5.05258,-0.36365563,-1.616546,-1.377573,-0.6997631,0.27911884
-0.7146247,0.14927778,-1.8999257,0.8165323,4.9987817,0.46586746,-1.5527436,-1.6645985,-0.3700164,-0.3613057
-1.2649952,0.6479138,-3.1348624,1.1396,6.9144053,0.22762576,-2.062685,-2.1122088,-0.7606487,0.24823743
-1.21041,0.7738873,-2.1018333,1.1579787,5.8103876,-0.11780399,-1.4125742,-1.7100142,-1.1502298,-0.16083258
-1.0338062,1.7282945,-2.7295551,0.89585084,5.828018,-0.16234654,-1.5301843,-1.6249049,-1.2374877,-0.2168476
-1.718098,-0.2679681,-0.70780736,1.5591712,2.892354,-0.4715429,-1.59083,-0.9916307,0.19020902,0.8988823
-1.311336,0.7172445,-2.4616706,1.5546633,5.913309,0.426374,-2.0895863,-1.8084675,-1.2564032,0.22763771
-1.7522771,0.3236349,-1.8112632,0.8351014,5.36587,0.45337212,-1.4987687,-1.8509302,-0.08922638,-0.09303171
-1.8400973,-0.24222204,-1.5516986,1.0524538,5.271427,0.43857384,-1.3420291,-1.881706,-0.061150294,-0.08753217
-2.08664,-0.17878968,-2.1480975,2.055652,5.8872705,-0.15244165,-0.87445307,-1.1591411,-0.582281,-1.0103277
-1.9184858,0.32271087,-2.1771672,2.0830193,6.609321,-0.49278682,-1.8101201,-2.0775802,-0.38075864,-0.3931371
-1.3068916,1.1523658,-1.9230242,0.83537656,5.7305,0.18850441,-1.9775572,-2.7277787,0.2546708,-0.40200293
-1.4863967,-0.019547023,-1.6636295,1.9324688,5.2495613,0.01924881,-1.9139762,-1.74484,-0.5679308,-0.068539925
-1.8943522,1.2656512,-2.6875353,1.8338612,5.3841953,-0.9376755,-0.38502255,-1.2314891,-0.9692814,-0.5087093
-1.8204857,1.0587617,-2.7522707,1.6608114,6.1684103,-0.255067,-2.0006049,-1.4946787,-0.99574757,0.22553831
0.02278111,0.46547726,-2.2263134,0.60172945,5.10007,0.023587193,-1.7809371,-1.6901774,-0.6268698,-0.01933933
-1.7964629,0.6916154,-2.170764,2.0364413,5.424302,-0.44766983,-1.4797933,-1.1611378,-0.62751293,-0.57939106
-1.5846125,0.252646,-2.0008774,1.3527261,5.825187,0.5468364,-1.961063,-1.6121342,-1.1353284,0.12821752
-1.8301504,0.54730195,-2.696756,1.8592954,6.1614914,-0.056043867,-1.5781808,-1.2975785,-1.0063239,-0.25941843
-1.9212612,0.61561,-3.0138848,1.822672,6.0865993,0.059902426,-1.2443056,-1.0986621,-0.75223684,-0.7161165
-1.8980854,-0.8436757,-2.2861738,1.6307399,5.8860245,0.25883844,-1.0161049,-1.2699518,-0.84421265,0.11909317
-1.1786416,0.79563415,-2.6936116,1.4586188,6.0487013,-0.20725653,-1.4475967,-1.4497464,-1.1094084,-0.35776263
-2.0347471,1.1284372,-2.3493066,2.5017757,6.4769173,-0.5398213,-1.4932938,-1.5649397,-1.354252,-0.9882516
-2.3620229,-0.1642259,-1.7003173,1.2116654,5.503565,0.42311078,-0.94660985,-1.8781106,-0.0021585785,-0.2822644
1.8261724,-0.33041158,0.15731798,-1.6892762,-2.1948838,-0.63850707,2.5161877,1.8669049,-0.07586382,-1.1865125
2.1009974,0.5734349,1.7533767,-2.6978133,-3.6298385,-0.7033528,2.946456,0.76359266,1.4781426,-2.3834867
0.61553174,0.5738174,-0.88839734,-0.9495711,-2.9242835,-2.1788466,4.326405,3.4647324,-0.70276225,-1.1486211
0.69167495,-1.051931,-0.23342615,-1.1553954,-3.4850903,-1.724516,5.0434437,3.2812474,0.30297816,-1.5466934
0.6456044,0.26926932,-0.19176534,-2.156545,-3.328124,-1.4541106,4.8245635,2.66381,0.53402007,-1.6411893
2.620542,-0.43849742,-1.3173186,-1.14391,-2.9930003,-0.9997292,3.0150528,3.8914483,-1.5212637,-0.8788244
1.277156,0.39562693,-1.7746456,0.8243852,-3.064562,-1.7880845,3.1604006,5.851196,-2.3586226,-2.3272357
0.805707,-1.3545961,-1.1669428,0.57757896,-2.3001328,-2.399857,4.7228427,5.0529275,-1.5893298,-2.3748415
2.6903076,-0.67804205,-0.8799478,-1.947876,-2.895098,-0.35384083,2.708944,3.7355971,-1.8660264,-0.24718627
-0.57166636,1.0429655,-0.42094505,-1.1065623,-2.580018,-2.5349216,4.7689576,2.1967318,0.5710038,-1.2667435
0.4271684,0.2719681,-0.5269284,-0.5093866,-3.229602,-2.7071161,4.65061,3.7039008,-0.55848354,-1.3457259
0.112431265,-1.441575,-0.099567294,-0.24312894,-2.0747094,-1.3339106,3.7101204,3.1046555,-0.92150295,-0.7521518
2.3588204,-0.9122166,-1.7206733,-0.10352332,-2.7066307,-3.1329732,3.6040041,5.600021,-2.114553,-0.8005726
3.2849255,-1.9313198,-1.6073885,-0.46281093,-1.7363687,-1.7011427,2.4133642,3.1267154,-2.1804504,0.88898534
0.5383166,0.47839656,-2.097601,-1.1587006,-0.34843072,-1.5302813,3.9574735,1.5315013,0.32345495,-1.5661092
0.4007227,-0.39193144,-0.25443253,1.2999113,-2.3654149,-1.5284352,1.4555391,4.212064,-1.8340757,-1.0215291
1.33732,-0.75977916,-1.1676028,-0.52718174,-2.873561,-1.3722136,3.2615755,4.4858356,-1.599955,-0.71769136
-0.0861891,0.5345601,-1.0478479,-1.0030015,-2.175745,-2.2318199,5.0353303,2.7061126,0.78708357,-2.5108626
1.5596708,0.099638306,-1.486344,0.52647525,-2.91294,-2.702372,3.6713254,4.914555,-2.0407448,-1.4388838
2.1680264,-0.74643344,-1.497676,-0.10126426,-2.9600523,-2.8897626,3.4084947,5.05429,-2.293983,0.06478577
0.9685975,-1.0484828,-1.1843421,-0.5641805,-2.2230835,-0.618288,3.5857513,3.6516807,-1.4815661,-0.91782665
1.4154092,0.025562488,-0.24305904,-1.6221993,-2.22411,-2.39193,4.879192,2.2724702,0.31850982,-2.2322905
2.399137,-0.4444857,0.048533916,-2.4777033,-2.2114863,0.45080662,1.6080645,0.8177844,0.43891102,-0.4797341
-0.67832136,0.5626756,-0.014679104,-0.50169665,-2.7579904,-1.7471074,3.9451885,2.4204054,0.3228625,-1.4296339
-0.21954735,0.86564296,0.71767664,-2.0485296,-1.6614784,-1.339636,3.6725314,0.8549946,1.5665286,-2.310427
0.3992357,0.83891714,-2.9159112,-0.8028843,3.8048537,0.80598515,-1.8624388,-1.7937776,-0.48012686,2.0349743
-1.0813588,-0.009796448,-0.8833933,3.411974,-0.477303,-3.3331614,-0.13087752,1.9669704,-0.67864347,1.0210334
1.3844193,-1.9953943,-1.186577,2.054533,-2.411233,-2.5796003,1.3941371,5.195109,-3.2945151,1.3871926
-1.5636561,-0.45532146,-0.9240763,3.587014,-0.13366395,-2.2398515,-0.2007699,2.441302,-0.43766886,-0.24840063
0.3817513,-1.4421779,-1.6130042,2.3770297,-1.4706283,-1.4097322,0.33230296,4.912643,-2.7739534,0.72763103
-1.7351547,0.8762228,2.239211,-1.1707615,-1.8531171,-0.5405658,0.71238554,-2.654582,6.2020097,-2.1792753
-2.030518,0.3904141,-1.0656896,2.5125217,1.0873746,-1.6420382,-0.85557437,0.6699133,0.13541132,0.6155446
0.020491889,-0.25899372,1.445517,-0.27216962,0.023818523,-0.59035534,-1.0142835,-2.3247752,2.9783049,-0.06087625
-0.680586,0.27142566,-0.5312814,2.1935022,0.650197,-2.040771,0.06881973,0.60761493,0.8976157,-1.5026699
-0.69796836,-0.736139,-1.5922921,2.2334266,-1.7948494,-2.4502633,2.5379457,5.8283134,-2.5035253,-0.8406052
-3.5032887,0.03211721,0.50776523,5.3987255,0.0520693,-3.5582736,0.47938123,1.2448438,-0.30245095,-0.6536986
0.22050329,3.7216046,-1.8042808,0.4645165,1.3875077,-2.9656272,0.490315,-0.8045907,0.49892354,-1.122676
-1.9355878,-0.8614172,2.7367787,3.2346458,-0.29675516,-0.96120757,-2.493017,-0.7036114,0.9673533,0.109537534
-4.2070723,-0.5968829,0.560822,5.170518,0.690449,-2.5911503,-0.46785265,0.9398787,-0.020020857,0.24612862
-3.580142,-1.734252,0.361355,7.332246,1.0537302,-4.458704,0.72744375,2.6011705,-1.3700536,-1.2626525
-1.1695522,0.363173,1.6735088,2.4966958,-0.59247077,-2.3155134,-0.28212053,0.06763723,2.9542804,-3.3860557
-3.1150756,-1.7032748,1.8385122,3.5363407,-1.3313237,-2.1479368,0.49199763,1.3426,1.7089738,-0.9075099
-2.451046,-0.96225137,0.03563954,4.292111,0.29233697,-2.9430451,-0.36638924,1.4501516,-1.8579257,2.273287
-2.7203612,-0.5361721,3.0267966,2.1600618,-1.4136797,-1.7081691,0.067277834,-0.50722235,3.2601976,-1.8161155
-0.24795768,0.99701434,-0.32774237,0.59370875,-0.96385753,-0.8460352,-1.8276895,-0.10750673,0.29877317,2.4255145
-1.7790204,0.114232324,2.3788273,0.36766037,-1.6571873,-1.1018653,0.90971625,-1.077279,3.7014432,-1.9678591
-0.12403261,4.96751,-1.4087757,-0.89095926,0.10562381,-1.4794883,0.8282167,-0.8907586,0.8668949,-1.7685883
-2.9672427,-1.6412749,-0.7134698,4.7144146,2.054285,-1.6991208,-0.76948595,1.423993,-0.3418602,-0.37817198
-3.4040737,-1.0005769,0.40894592,4.074319,0.012542799,-2.9574528,0.97476804,1.1422632,1.4411489,-1.0231892
-3.4438605,-1.4204514,-0.93096066,4.718441,0.7542652,-3.185945,0.62933654,3.4725144,-0.25198212,-0.77016467
0.7588049,-1.9592386,-0.76439476,0.25228426,-3.3300855,-1.4663594,3.2902806,4.8349786,-2.326315,0.7512168
0.81118774,-1.4978081,-0.15002877,0.9900957,-3.379006,-1.2966133,1.1640168,4.834703,-1.562435,0.066581346
0.9517374,-0.4117625,-1.1725345,-0.10248893,-1.2484661,-1.0066118,0.6219365,2.425966,-0.64270926,0.6551103
1.5446177,-1.561891,0.8469313,0.46728218,-4.664654,-0.86045116,1.2988842,4.5205193,-1.0621434,-0.46788698
0.896481,0.035856403,-1.4010825,1.3852122,-1.9068023,-1.7376589,0.37792885,2.6715014,-1.6262563,1.3037014
0.09800867,-0.8420597,-0.5835738,2.1464486,-2.48291,-1.8734691,1.0645186,4.185101,-1.3670188,-0.36404318
2.0804605,-2.0647304,-0.8054552,0.03407019,-2.330349,-0.77898186,1.5434768,3.8210733,-2.3259583,0.8886493
2.4631498,-1.1699162,-0.58265465,-0.74574465,-3.6738265,-1.361571,2.6878934,4.463071,-1.7678672,-0.25843418
1.3195256,-1.0958341,-0.89021516,0.9129945,-3.7182722,-1.2435868,2.1896114,5.343388,-2.3806171,-0.28405267
1.3727165,-0.3795196,-1.7023214,0.28949264,-2.8194978,-2.052834,2.5800703,5.089173,-1.6431861,-0.6060149
1.0442979,-0.09799184,-1.2339587,-0.092872,-1.6287737,-2.2657323,1.0958233,1.4916509,-0.45761657,2.1533182
1.4478955,-0.8153463,-0.8417909,0.51161164,-3.0379853,-1.1368182,1.2441745,4.715168,-2.4611673,0.5119182
-0.26880255,-0.45474806,-1.6007651,1.6737542,-2.0733395,-1.2046053,1.9912258,4.7580476,-1.7985744,-0.8524086
0.86421835,-0.19719037,-1.4696333,1.2737954,-3.0087156,-2.2263408,2.1631656,5.377958,-2.2579331,-0.41213888
1.0059698,-1.8432754,0.13879347,-0.08382582,-2.0648134,0.21621028,-0.55319476,1.5107675,-1.5098628,3.1999552
-0.46502128,-0.62092906,-0.011541203,-0.032922015,-0.30841023,-0.4660492,0.6666641,0.04631967,1.7577194,-0.5912234
1.3586981,-0.17070457,-0.7706046,-0.052629597,-2.073274,-1.6903771,1.3741485,2.4638138,-0.9771637,0.53896624
0.61206776,-1.9055457,-0.49943686,1.1637709,-3.0968652,-2.2921414,2.5604994,5.1724534,-1.3143961,-0.405999
4.522353,0.78022593,-0.8300619,-1.0210886,-2.735772,-1.17945,-0.037041,2.5082998,-1.2746484,-0.50056636
1.4986396,-2.2528262,-0.5006267,-0.5361901,-3.163312,-0.77762574,2.3794284,4.928369,-2.0069005,0.52847034
0.091597326,0.22789684,-0.81794965,0.76751226,-0.8813244,-1.6535361,0.59445965,1.643848,0.8655013,-0.91488385
-0.19019207,-0.8467994,-1.0433358,0.8574017,-2.3469882,-1.3465433,2.493778,3.963158,-1.2073873,-0.26464635
-0.447604,-0.33708325,1.3962629,0.4889564,-1.5349786,-0.5976462,-0.5241103,0.016931415,1.1496514,0.3283556
2.505684,-0.742385,-0.19825697,-0.45667276,-3.203991,-1.2687067,1.1967903,3.2227113,-1.85335,0.9410617
0.9568399,-0.25046244,-0.09744194,-0.41193426,-2.0919902,-2.6263847,2.5999205,1.9278586,-0.028725415,0.050476365
0.4839795,3.5774245,-2.0389533,-1.008982,1.4650937,-1.5306602,-0.068709165,-1.3454014,0.4443062,0.1376059
0.31796405,5.590289,-0.84711677,-1.1386817,0.51840264,-1.7095752,-0.81516886,-2.1852586,1.225811,-0.7197457
0.02013222,5.076352,-1.3417594,-2.0565658,0.4033089,-0.99999255,-0.73355925,-1.6962173,0.3230278,1.181269
0.32218984,6.445644,-1.8323468,-1.559599,0.8459377,-1.8436861,-0.54724514,-1.372877,1.0222108,-1.3080977
0.58209807,5.9059167,-1.6728767,-0.9412444,-0.4476135,-3.1883545,0.64096093,-0.8375108,0.15215814,0.011487834
-0.47875986,5.960413,-1.9245293,-0.8174879,0.19129315,-1.9430629,0.10996434,-1.0919293,1.5655521,-1.4541001
0.74488974,6.7064495,-2.1627612,-0.71402407,-0.26975295,-3.2518392,0.7952057,-0.7623573,1.3001801,-2.2280214
1.4272027,6.1477585,-2.2076077,-1.4373322,0.59229386,-1.8589284,-0.7638741,-1.695293,0.72477674,-0.71247035
-0.07920947,6.0412664,-1.0692713,-1.2729043,0.6926544,-2.4928594,0.18592218,-2.0429835,1.3335727,-1.1140594
0.41984728,5.763446,-2.1251636,-1.3250748,0.66268015,-2.4551654,0.32711336,-1.3226515,0.83656675,-0.6600056
0.6905273,6.208989,-1.4628454,-1.5761373,-0.42311934,-2.3751197,0.06009331,-1.3179231,1.292979,-0.8990945
-0.8845995,5.517276,-2.2761636,-0.55077994,1.0978035,-0.76774687,-0.97587365,-1.3463444,0.9583172,-0.6855338
0.052730627,4.3619103,-1.3757474,-1.18888,0.7847259,-0.5779712,-0.7775817,-1.6208098,0.5184705,-0.0027970746
-0.2772169,4.438308,-1.633472,-0.65220815,0.3992106,-0.7539764,-0.63091934,-1.0614256,0.88683486,-0.60963523
0.37553528,5.326331,-1.6998551,-1.31831,1.0074339,-1.5427351,-0.41490194,-1.9010427,0.542215,-0.19714695
0.27786943,6.531399,-1.4239974,-1.5876878,-0.009468168,-2.3009038,0.036357787,-1.7213298,1.1482872,-0.71792257
1.0081319,6.220293,-1.5920382,-2.7482314,0.19152996,-1.1279929,-0.01851711,-1.7198898,1.4523888,-1.4804658
0.027025795,5.836175,-2.6262856,-1.7547045,1.709858,-0.8427204,-1.3437963,-2.330737,0.7925454,0.6309532
-0.10376682,6.8203754,-2.4384441,-1.1920259,1.856906,-1.6604952,-0.9391732,-1.9988652,0.9032498,-1.0948707
0.53940827,5.3790197,-1.6265514,-1.3477759,0.21074471,-2.2406874,0.38509318,-1.4839278,0.61577636,-0.21776062
0.23259234,5.6356955,-1.1911443,-0.8537596,1.2081875,-2.472116,-0.72342646,-2.224463,1.1340531,-0.5784046
1.1364386,6.086237,-1.6886512,-1.9921167,-0.41095945,-1.8062086,0.11362699,-1.0160246,0.59583366,-0.77162904
0.9392704,8.076661,-2.6545444,-1.7715249,0.2755426,-3.0085392,0.27940086,-1.4493413,1.1718239,-1.6160433
0.6677771,5.604833,-1.5748622,-1.4038036,0.085609525,-2.4099648,0.90519154,-0.8643222,0.491145,-1.3052996
0.25497133,6.1286407,-2.549325,-0.9231267,-0.1366857,-1.7514398,-0.114990026,-0.38276595,0.38911766,-0.6706446
-0.56323886,-0.8170312,2.7399392,-0.8935494,-1.1852685,-1.3020442,0.91744953,-1.885965,3.4183784,-0.5149089
2.3875852,-1.1215075,-1.4429357,0.7178162,-3.7072294,-2.6425588,2.7528217,5.568766,-2.4418125,0.043903045
1.4355148,-1.0004612,-0.59035367,-1.1014962,-1.9146181,-1.6435436,2.6226685,2.202768,-0.123233125,0.15381321
1.3423334,0.77975994,1.6760931,-1.9936669,-2.0150638,-0.6258574,1.6028523,-0.3291022,1.5894408,-1.9259986
-0.91626966,-1.2438047,1.3812778,0.29719144,-0.7344992,0.38174635,-0.07219276,0.10181565,1.3053645,-0.59609944
-0.39866823,0.24814698,0.801205,-2.0805576,-0.97536457,-0.115976214,1.9564953,-0.8301297,2.7072906,-1.3219329
0.50818086,0.06811585,-0.9401586,-0.7594844,-0.7253536,-0.025356669,1.8480129,1.0647362,-0.23356354,-0.6770025
0.17473425,-2.700848,1.255025,0.30259058,-1.0495685,-0.72781664,0.80614644,-0.87277174,1.6465212,1.1346595
-0.076998316,-1.4857491,2.6906655,-0.28424177,-2.1980054,-0.7065373,0.7846228,0.19505599,1.3080828,-0.2655551
1.0274608,-0.5167416,-1.3213048,-1.1411979,-1.6412011,-1.5381291,3.317757,2.3180668,-0.5460935,0.14750189
0.8857217,-1.5762802,0.32616276,-0.6619542,-2.6346598,-1.1015165,1.6121227,1.8984452,0.07421912,1.2584697
-0.3481344,-1.9120389,0.92591274,-0.2091602,-2.5375075,-0.17120582,1.7124058,2.3676517,0.3180936,-0.15616757
2.4940186,0.96630555,-0.70332265,-1.9153504,-0.23802733,-0.79667985,0.35886654,-1.00606,0.81631976,0.16835183
1.1108664,-0.37636518,1.718672,-1.615376,-1.7808908,0.978932,0.11329317,-0.18994051,1.4214463,-1.3394443
0.2308887,-1.1082208,0.18153924,0.48963192,-2.7831066,-1.9776297,3.4385364,3.635518,-0.79287356,-1.3551711
3.3183117,-0.81640095,-0.91192794,-1.6509969,-1.9190153,0.28306183,0.3722351,2.11517,-1.4131316,0.80900985
1.1690091,-1.4528955,0.252863,-0.48415342,-2.3154259,-1.3936539,2.2236898,2.2456691,-0.7450173,0.4951923
1.6212913,1.5113193,-0.46407068,-2.312993,-1.5537077,-2.1430316,3.2688432,0.020210452,0.8771041,-0.6639264
3.5968032,-0.24547055,-0.27142382,-1.0120729,-2.7448547,-0.9246389,1.1660167,2.4095974,-0.77186906,-0.98396033
0.89332384,-0.10206594,1.5290401,-1.3465804,-1.7456092,-0.81953233,0.33186528,-0.8729043,2.0657616,0.10131606
1.1880769,-0.45785454,1.1355495,-1.0827739,-3.0364945,-0.88776654,1.4671227,0.65063703,1.1599482,0.031943463
0.119274326,3.1596568,-1.0051453,-1.1531786,0.10773231,-1.5766711,1.6898676,-0.102122046,-0.04528612,-1.029155
-0.5723717,-0.45649153,0.69909847,-1.6052382,0.6668998,0.20408142,0.9204936,-2.0529132,2.403831,-0.24716932
2.919526,0.23894194,-1.6045792,-1.1733997,-2.5687845,-2.7154636,3.462259,2.99771,-1.2374603,-0.14250177
0.6511249,0.33410773,0.11106737,-1.3583013,-2.1637876,-0.8647292,1.5195217,0.8033831,0.87998706,0.16802174
5.045729,0.40644,-1.0845813,-2.5562506,-0.6782278,-1.0814055,-0.15296826,-0.043173976,-1.5670015,1.8670913
1.4586716,-1.3919734,-0.54650545,-1.1367271,-0.68077874,1.7402285,-1.7018324,0.40857306,-1.5109164,3.3840725
1.8964227,-0.9716663,-1.144445,-0.8150008,-0.94292164,0.1700665,-1.2663367,0.31912753,-1.7271733,4.5827284
3.1843624,-1.6758384,-1.7268183,-1.8525532,-0.33102712,1.1632613,-0.66911703,1.0864534,-2.6852221,3.554964
0.43301153,-1.6286395,-1.9557476,-0.48659104,2.1014428,0.46714398,-1.1062845,-0.7319466,-1.4697273,4.2456064
1.644573,-2.1037285,-0.7384789,-0.552452,-0.4950584,-0.1908569,-0.5953859,0.74762243,-2.3929749,4.682993
3.0331926,-1.9891499,-2.4983203,-1.4740684,0.7476865,0.4859715,-0.63839483,0.57442355,-3.6244192,5.4516273
3.2768216,-0.09950829,-2.1064863,-1.9962714,-0.52681243,-0.47257227,-0.6093713,0.40350267,-2.0165849,4.23347
1.7654277,-2.1319683,-1.5962077,-0.94414824,0.39871606,0.70840293,-0.7927669,0.81948787,-2.8807516,4.6630354
3.3968542,-1.6639199,-1.4293997,-2.4321065,-1.3695289,1.4320982,-1.2645851,0.7494795,-2.3419938,5.0957713
1.3123106,-1.3981708,-1.4828101,-1.3818989,-0.19018361,-0.32578713,-0.079339534,0.31548324,-2.023534,5.2929053
2.35849,-0.89320546,-1.9145207,-1.5269814,-0.994329,0.42376453,-0.59940463,0.21245149,-2.7964926,5.855289
2.6666718,-1.6579933,-1.8638098,-1.8911997,-1.1253753,0.8937381,-0.6459793,0.48989537,-2.2335992,5.4731646
3.4793124,0.14642525,-1.9668508,-1.503308,-1.0267345,-1.5279858,-0.3005655,0.98339987,-2.2531366,4.09706
2.2685046,-1.7644409,-0.25537163,-1.1130842,-0.36906764,-0.495717,-0.9453626,-0.49498326,-2.2832618,5.4745626
1.9742134,-0.72696924,-1.7776921,-0.71273106,-0.59327435,-0.15150133,-0.48737085,1.097663,-3.4570374,4.916218
2.5917614,-0.909561,-2.0560517,-1.508954,0.6592554,0.17089662,-0.99773157,-0.069898315,-2.7075267,4.8259554
2.787925,-2.3039358,-1.120317,-1.7824758,-0.34862253,1.1300426,-1.1624931,0.40648583,-2.0485487,4.4930243
2.6093292,-2.0450795,-1.8033738,-1.1023531,0.07777247,-0.4496656,-0.22264588,0.9284444,-2.5423117,4.564483
4.572979,-1.5292118,-0.9382334,-1.5850711,-1.6379954,-0.6548555,-0.6077893,0.2795237,-2.2648106,4.479594
2.536217,-0.8665597,-1.9735279,-1.9375043,-0.9334432,0.62420315,-1.2218106,0.14352468,-2.1143813,5.8783846
1.9715636,-2.0869567,-0.8345853,-0.9561196,-0.32881084,1.8534032,-2.1960254,-0.28742602,-1.4349341,4.260473
2.5808702,-1.003162,-1.2051396,-2.079153,-0.5315484,-0.1799264,-0.7232546,-0.028089918,-2.5375624,5.810979
1.931596,-1.6368133,-1.191128,-1.132154,0.18415621,0.3799808,-0.825155,-0.13203046,-2.898601,5.352998
0.79170644,-1.0074987,-1.8244452,-0.016725726,0.5041145,-0.5316098,-1.1804748,0.41005328,-2.255989,5.1133738
