1.54967,5.1789913,-1.0998929,-0.8002454,-1.4565623,-0.12982278,-0.7198036,-4.1871305,0.7201534,1.2456365
-0.6717038,7.113511,-1.7890208,0.6013673,-0.24195737,-1.2954668,0.16189906,-3.9168608,2.0482442,-2.0594447
-0.31930387,7.275126,0.27334285,1.1595907,-1.100786,-1.02785,-0.78102076,-4.4739738,2.56714,-3.0655282
0.6825204,3.9810202,-1.443264,-0.9067437,-0.7563718,-1.3046224,-0.15188485,-2.5270312,1.4706544,1.0919076
-1.2457983,5.099518,-1.9506886,0.5080297,0.6972249,-1.6426915,0.24792767,-2.790241,0.61009055,0.8392273
-0.9202777,5.509633,-1.3737032,0.7894596,0.022101581,-1.7826961,-0.24261478,-3.3583286,0.5172446,1.0134462
-0.1334253,6.5011387,-3.135902,0.17964981,1.167059,-0.9373774,-0.18580797,-3.6468313,-0.6377463,0.72396433
0.7190525,4.5127616,-1.5638981,-0.41574043,0.4553398,-0.6045372,-2.0102487,-4.5565352,0.59603256,2.7389774
-0.4041717,7.2380633,-3.6981726,0.22733353,1.811702,-2.1371434,-0.06315272,-4.5596337,0.9779133,0.82020885
-0.2606846,6.7015476,-2.619083,-0.4755633,-0.013982475,-0.89958405,-1.6481124,-4.8036613,1.528894,2.341208
0.7066973,7.6526027,-1.8419764,-0.3367933,-0.7540356,-1.5185747,-0.06768196,-4.9660635,0.9503569,0.17878377
0.22323462,8.143542,-2.5321538,1.163694,0.34146073,-1.5313997,-1.8018823,-5.905758,1.8202608,0.5043015
-0.55688024,5.9167385,-2.6488976,0.15116118,0.6757442,-2.1125526,-0.29761714,-4.571608,1.521157,1.7269812
1.113887,7.652433,-2.5372944,-1.516947,0.079735756,-1.3014629,0.57952833,-4.1307178,1.0581967,-0.9294946
0.25524056,7.314334,-3.932096,-0.10922789,1.1771584,-1.3778406,0.2931003,-3.8188758,-0.002698712,-0.11410367
-0.803715,7.3247433,-2.0702899,-0.22400993,-0.8211208,-0.14345415,-0.09765946,-3.423856,0.8947446,-0.25141215
-0.5800681,6.236784,-2.4461758,1.0423977,1.5714595,-1.2265928,-1.6098386,-4.5933557,1.098352,0.6615929
-0.5599655,6.751173,-2.6493175,0.5827516,1.012397,-2.1015515,-0.26334572,-3.4338598,0.4879288,0.07935942
0.07590718,5.458936,-1.5727069,-0.21859752,-0.20003185,-1.9857126,0.869107,-2.5742066,0.9304519,-0.7216711
-0.3343655,6.4155016,-1.4007335,0.12919068,-0.28715745,-2.1122506,0.28416097,-4.1826158,1.185372,0.80605596
-0.9945238,5.828309,-0.60828763,0.9189569,-0.0045930743,-0.6503177,-1.172544,-3.6540723,0.7779339,-0.32114443
-1.5034918,7.044987,-2.8354216,1.8979063,1.4694207,0.7512664,-2.1714842,-5.0325623,1.4251063,-0.9831329
-1.3201367,8.624032,-3.40196,0.7239538,1.003809,-0.85683924,-0.3887614,-4.754925,1.6759171,-1.0772215
-1.4161645,8.170783,-3.0597665,0.63811404,0.49516106,0.39280412,-1.3214365,-4.704609,1.0276617,-0.096630506
-3.050254,3.4109547,-2.1263394,1.6518891,3.1323893,-0.16999303,-1.3895482,-4.0614624,1.1017144,1.5191739
-6.544436,-1.0381038,-3.2453642,1.6955177,8.855412,0.010916716,1.1701661,-0.25045976,-2.0501127,1.8914092
-3.5723846,1.2643867,-3.2094235,2.1322134,4.840028,0.37660608,-0.5539867,-0.35109144,-1.6793256,0.9111245
-2.6412983,-0.046344757,-1.7969046,0.26545793,3.9523032,-1.2999543,2.1365144,0.73296165,-0.46742576,-0.7099278
-5.09957,0.39905304,-3.164052,2.38308,7.1979585,-1.2703788,-0.35258317,-1.2412972,-0.2749022,1.4380071
-3.12342,0.1829701,-2.992844,0.19014744,5.817011,0.33840778,1.043001,-0.098218955,-1.338205,0.20859957
-3.6743824,0.512421,-2.680923,1.097077,5.295543,0.7093374,-0.4719478,-0.6873158,-1.4271138,1.2598529
-3.9001954,-0.11659154,-3.7391422,-0.6863128,6.827465,-0.08073012,0.73538744,-1.5019937,-0.8819459,3.1923285
-3.7628405,0.43576187,-2.7831779,0.8368585,5.5911617,-1.7235202,1.1098864,-0.8341861,-0.568303,2.0118954
-2.7002459,0.30732238,-3.0476658,0.116088636,3.2188413,-0.49672902,0.15627939,0.042271174,-3.4296908,5.5107126
-4.012952,-0.29524466,-3.5304122,0.5890308,6.7036524,1.8918046,-0.13561067,0.15299204,-2.4142044,1.0988705
-4.063531,0.72272986,-4.981928,-0.36939406,9.197649,-0.7899572,1.8941517,-0.30321813,-2.0579133,1.1885673
-3.194195,-1.560698,-2.9644132,-0.22834031,5.732136,1.1190732,0.10551434,1.0757234,-2.3051138,2.4322062
-2.653525,2.5968502,-2.8582778,1.1410334,4.119464,-0.43287715,-0.77656466,-2.4784749,-0.65591127,2.0749478
-5.6338735,0.05989808,-4.7000666,0.80885136,9.1523,0.18844564,0.5851991,-1.0479016,-1.9238939,2.6865864
-4.1274734,0.37863475,-4.1468096,-0.24924092,7.8795633,0.10002873,1.9069875,-0.015061773,-2.0840693,0.4725306
-4.200608,0.16854686,-3.607551,1.7631446,6.30435,-0.4257398,0.11034713,0.4279792,-1.8133744,1.1031339
-4.0356216,-0.00018155575,-2.9877934,2.4249926,6.6992965,-1.1086289,0.46543378,-0.38550088,-2.2616794,0.99452615
-4.6750293,0.19554389,-3.8534777,1.1037756,7.3625937,-0.29030392,-0.025023542,0.03274449,-1.6920357,1.9251179
-3.490922,1.0964022,-3.39691,0.49624583,6.7173448,-0.49460796,0.8125658,-0.5937172,-1.2419044,0.17640746
-4.563675,0.809828,-2.9810858,0.50070524,6.554591,0.3029719,-1.0361915,-1.6317624,-0.21978423,2.2466612
-3.3272223,-1.7886355,-0.3582172,0.17824142,2.3478067,0.9836852,0.013691954,1.1960205,-0.040931337,0.69923913
-2.4781966,0.4015187,-2.156036,0.352992,4.0324583,0.38053173,-0.23245168,-0.5192644,-1.3156104,1.4717485
-4.102718,0.06630546,-3.369369,-0.3302739,7.2180624,-0.1197853,1.6916974,0.10062059,-2.0936704,0.99211705
-4.620716,-0.4044779,-3.5326111,0.46291232,7.05818,0.107381426,0.44692028,-0.07409678,-0.3638894,1.0186278
-4.613334,-1.2305036,-2.4890516,0.635708,6.6205025,-0.04642848,1.5126777,1.115275,-1.6180158,0.058075137
-0.18408859,0.8694607,-1.3683994,0.2688596,0.99764496,5.6710477,-4.630106,-2.1595237,1.5535364,-0.55979526
-0.58997566,-1.2440562,0.66652066,-1.8713632,-0.055462122,5.071462,-3.2571166,-0.19392547,0.16345339,1.1515566
-0.8300143,-1.796207,1.6611958,1.3058162,-0.7237114,6.2711096,-4.7706304,-0.31283727,0.30448192,-1.048628
2.5641644,1.5114014,-1.0278683,-4.1306834,-0.13567466,6.893271,-3.0919185,-2.658995,0.404545,-0.31232905
-0.35038877,1.7127447,1.234272,-2.7327871,-0.7519536,7.4746127,-4.717547,-2.9518418,2.4267442,-1.4498402
-0.61945295,-1.0504688,0.07958998,0.06555437,-0.4882452,7.933704,-5.3247576,-0.99699795,-0.34776723,0.9573009
-0.49006748,0.50396013,0.7434369,-0.38156137,0.088827014,5.903636,-4.53671,-1.2675369,0.7726894,-1.3329172
-1.9335229,0.09836,0.43838853,-0.55328214,1.1063337,6.968058,-4.2735395,-1.9717735,0.5182583,-0.06367301
-0.07399251,1.6187935,-1.5776777,-1.2279937,1.104032,6.202292,-3.5882657,-2.0874984,-0.30035266,-0.0871393
0.14128044,-0.087949514,-0.36030224,1.0025554,0.110345244,7.9430556,-6.5673876,-1.8847512,-0.42159283,-0.08514879
1.6157004,0.17798966,-1.5213418,-0.8396967,-0.43049496,6.8711553,-4.9841266,-1.1981083,-0.12786376,0.24729767
1.0454699,1.0331628,-1.7209818,-0.6478352,1.1882656,7.7552247,-4.5578713,-2.26672,-1.1838526,-0.5420254
-0.6017947,-0.81172186,0.72241205,0.009096513,0.59247524,6.6701283,-3.8146622,-0.40414295,0.004234411,-2.131205
-0.740338,-0.13987988,1.2395809,-0.52936345,0.32531357,6.5743175,-4.3768706,-3.1505778,-0.9447244,2.0406528
-0.62033147,-1.152098,1.4703665,0.55427766,-0.16367525,5.819861,-4.3619127,-1.1303208,1.08039,-1.3911518
0.45710772,-0.26543695,0.6464188,-0.59152687,-0.1618034,6.678576,-5.3200808,-1.4798535,0.45178813,-0.30634892
1.309924,-1.857383,1.6238201,-0.32981533,-2.003481,7.559038,-4.843602,-0.22517923,-1.0012722,-0.24357635
0.08247758,0.31598848,0.8975223,-1.8687487,-1.4353852,4.2185855,-0.9962467,0.71014845,0.6496585,-2.355482
-0.6377825,0.80142826,0.50961554,0.2409048,0.00030994415,5.8505745,-4.2556887,-2.0536332,-0.09495934,-0.33088008
-0.15702638,-1.6735108,0.14759415,0.17407264,0.6120168,6.421885,-3.9039445,-0.7500229,0.074923046,-0.2763245
0.7087507,1.1681018,0.42221457,-0.68627167,-1.01126,6.7579966,-4.878895,-2.3516738,0.8357546,-1.1947347
0.1484257,-0.04034072,0.63063407,-0.80220807,-0.043562174,6.582609,-4.5830574,-1.7569822,0.70919824,-1.1095934
1.1057695,0.008017242,0.41699666,-1.25066,-0.53069776,8.310721,-5.1648145,-1.8759793,-0.7948888,-0.29594815
-0.7072641,1.5750678,-1.681864,0.085775085,1.161756,7.1347327,-6.1654034,-2.891727,0.40413523,0.9116023
-0.013977252,-0.5336674,1.2228806,-0.7490078,-1.0713103,6.9980264,-3.8797972,-2.5546339,1.3471041,-0.7081181
-1.7891628,-1.5442371,3.3497446,0.70127785,-1.9643357,1.8786749,-0.8597212,1.1202314,1.2882249,-1.9074951
-0.826549,0.9175356,4.010651,-0.99110067,-3.2360709,-1.6148301,1.1015449,-0.72218955,5.349339,-3.5721464
-0.6795814,-0.86340326,2.1930313,-1.0046206,-1.8563406,0.31528807,-0.8528392,-0.35521564,3.6223536,-0.5121677
-2.936876,-0.7026699,5.222269,-0.8950801,-2.7789233,-0.28700203,0.05579824,-0.41378364,4.518354,-1.8693645
-0.46640182,1.9405181,1.6994491,0.025595972,-2.466961,-1.0494274,-0.71054834,-1.431986,3.839333,-1.0394983
-2.0142596,1.3105361,2.8898246,-0.86644936,-2.3790996,-0.89749926,0.5131962,-0.478596,3.2667634,-1.2410314
-1.9500941,-0.8329848,5.128086,0.031975932,-3.7904685,-1.7241733,0.3486702,-0.74078774,5.5363193,-1.5530404
-3.066504,0.52033836,3.2848475,-0.3249905,-1.2640197,-0.16059093,-0.011949085,-1.1767606,3.995708,-1.2694718
-2.7922804,-1.4606395,6.375984,-0.29780322,-3.9017832,-1.2687532,2.2342942,0.7462802,4.3075995,-3.413952
-0.4210366,0.043981552,4.2948713,0.1947857,-4.0791845,-0.9223166,-0.5802092,-0.9722035,3.9239025,-0.9831821
-0.31925273,1.1558578,4.535733,-0.9614767,-3.9693592,0.93663603,-1.9940909,-2.7667415,5.295735,-1.6228865
-2.6140685,0.9611495,4.37519,-0.44841707,-3.5610495,-0.18487157,0.9181911,-0.66399294,5.916476,-4.0595536
-1.7467692,-0.42876792,5.3765836,-0.24546938,-3.5857146,-0.28377494,-0.08752739,-0.2586914,4.2909894,-2.635088
-1.0187722,-0.22661483,4.910596,-0.39692736,-4.1850605,-0.9554232,0.17741448,-0.7472518,4.208969,-1.50391
-0.845587,-0.32448697,2.1666842,0.23529962,-1.7294431,1.9785923,-2.4616532,-0.6802206,2.6491356,-0.66653794
-0.83871484,0.81245077,3.272618,-0.83823025,-3.0646005,-0.57804173,0.5638417,-1.1342082,3.4671986,-1.5242528
-0.59855527,-1.0304141,2.684544,-0.48975885,-2.8296053,-1.3534954,0.71995145,0.55504954,1.2052789,1.2916676
-0.8535551,-1.7858467,6.492943,0.23467477,-4.480424,1.5585812,-1.2552861,0.35981154,1.9755566,-2.2383196
-1.6742162,-0.8837181,5.6314373,-0.9432878,-3.4946456,-0.7918985,1.2007285,1.1869825,3.7676153,-3.62601
-1.7355794,1.926419,3.722487,0.5851283,-2.7146282,-0.69225603,-1.2702235,-2.728141,4.3226156,-0.93351084
-0.14935392,0.45089144,2.8097138,-1.6278584,-3.107508,0.45047754,0.12327335,-1.1899549,3.5326576,-1.1207166
-1.0288184,-0.74358416,3.3652816,0.33248806,-2.6657915,2.1803339,-2.3441453,-0.48307297,3.6180842,-1.9465303
-1.2311858,-1.9868066,5.6491375,-0.9332403,-4.230397,0.44712633,0.11877761,0.5502863,3.3436892,-1.540295
-0.38352376,1.1347075,3.2886553,-0.9715986,-3.6908622,0.54150426,-0.62967175,-1.6411022,4.8624864,-2.2411938
-1.3923699,-0.4306831,3.6246493,-0.5923071,-3.178992,-0.2777137,0.31584248,0.21260461,3.2260647,-1.0590646
0.43503273,-1.5233335,0.038687646,0.042331047,-1.7314727,-2.5348487,2.4239736,4.136849,-0.88562006,-0.415129
-0.8692476,-2.1108124,-0.73619074,1.0597025,0.9368003,-1.3025817,1.4709294,3.253362,-2.3199353,0.14351648
-1.1294965,-1.7640731,0.28726053,1.4708724,-0.8579911,-2.6706562,1.4857329,2.403709,-0.6420627,1.1760463
-1.0193107,-3.3521655,1.1021223,1.5261848,-1.4993489,-1.3024117,0.76614535,3.6287172,-0.4534639,0.53433424
-1.5148662,-1.6326056,-1.2002406,0.6647905,1.1707718,-0.64720875,1.1812255,2.6763012,-1.8613137,1.045667
1.146163,-1.9497876,0.23820037,-0.68037933,-1.6520724,-2.6582456,2.7765388,4.1947584,-1.7444476,0.14212406
0.06204412,-3.055621,0.17499857,1.9403869,-2.2074425,-1.235948,0.5452672,3.7346215,-1.5612109,1.3307879
-2.135389,-4.0582747,-0.3088349,0.86159325,1.5131464,-1.7701575,3.0926135,4.6964726,-3.8256323,1.5740644
0.3118357,-2.5995126,-0.5234759,1.3004466,-0.7599566,-0.8539646,0.49892688,3.3718755,-1.622724,0.7671798
-1.1910428,-2.4732563,3.289011,0.55386615,-2.5822465,-0.45804778,-0.6261067,0.87309337,0.6215037,1.9275222
-0.24728116,-3.1443856,-0.02241671,0.4191205,-1.4857783,-2.296087,2.672041,5.496059,-2.0974777,0.5117117
-1.2507294,-4.019864,-0.05803889,-0.151913,-0.46161005,-3.988266,5.2162814,6.3057103,-3.513867,1.6401039
-0.7300581,-3.762727,-0.6163207,0.94144523,1.1612799,-0.30326495,0.8053094,4.2570677,-4.115391,1.9321303
-0.3270914,-3.7232041,0.13715965,1.0558969,-0.995771,-2.5698597,2.1378798,4.427834,-2.2200434,1.970278
-0.4285193,-3.226819,0.20630611,-0.27887797,0.020975053,-1.6057783,1.1753136,2.862906,-2.2159488,3.1137729
-0.44482535,-2.239869,-0.7190015,1.3992891,-0.6931193,-2.751093,2.6678457,4.0446644,-0.9450901,-0.41352656
0.11553506,-2.690728,0.2647311,1.0435827,-1.6284089,-0.61940616,0.505528,4.241322,-2.5573955,1.0725511
-1.0195407,-1.0212346,0.34494707,1.2287724,-1.4917705,-2.1696362,1.5149826,2.211065,-0.2046622,0.83134246
-0.9971195,-2.8295486,1.0316253,1.5641121,-1.4596386,-2.3942945,2.1050315,3.5020611,-0.34500462,-0.10032966
0.11981367,-4.013168,-0.8070182,-0.13801484,-0.58381426,-2.4794912,3.4623802,5.4211593,-3.8317957,2.495946
-0.034283094,-4.400873,-1.193471,0.9149296,0.0049482584,-1.9338682,2.9441822,5.5472827,-3.9899678,1.6940087
-1.5047456,-2.8641808,-0.4141484,1.8979453,-0.6835261,-3.151063,2.8604364,4.658426,-1.6883023,0.6979277
-0.94266725,-3.3592527,0.15963325,-0.20874305,-0.24771124,-3.1600013,3.756599,5.3977995,-2.8494,0.8956189
0.67044616,-1.064461,-1.7457876,-0.855031,-0.09623814,-4.3178387,5.1785116,3.4039888,-2.215458,1.3242749
0.5335308,-4.7435493,0.46901888,1.5696875,-1.7765181,-2.3189764,2.125031,5.2738466,-3.2831593,1.695031
-1.7196631,-1.4540038,5.5700684,0.5195385,-4.1862845,0.8327904,-1.8421444,-0.15795767,3.8552217,-1.1819721
-1.731165,0.25640577,5.8828793,0.54379594,-4.181408,-0.6372059,-0.69553256,-1.2823416,4.359019,-2.0687733
-0.58427405,-1.4019537,7.7547717,0.22495057,-6.7231817,-0.51963687,-0.46116087,0.811254,4.890221,-3.7098298
-3.7663639,-1.7821198,4.0605984,0.12882803,-1.4882624,-0.012486973,0.91559017,1.703004,0.85248524,-0.6495038
-3.648142,-1.1955729,4.4587946,1.3981537,-1.945734,1.146185,-1.9830791,-0.27085266,2.523756,-0.18199465
-1.3316945,-0.23849894,3.8844197,-0.281492,-2.3425279,-0.62904423,0.1792286,-0.012844749,2.394968,-1.5128359
-1.4882412,0.035624832,3.9423425,1.4094429,-3.8277316,-2.0231874,0.057262994,-0.68855166,3.3018374,-0.3323679
-2.5697916,-0.9858497,5.120022,0.15384081,-2.7392867,-0.24123828,-0.00012861937,-1.3035885,5.1922784,-2.374294
-2.743304,-2.1552,5.866975,-1.2161883,-2.9366653,-0.46236184,1.5935879,0.59247994,2.844547,-1.3959937
-1.8565322,-0.25353774,5.7118416,0.6996589,-4.7050962,0.23754723,-0.11930498,0.5245634,2.605772,-2.665761
0.29824004,-2.3689902,6.5782323,-0.6737686,-4.6715837,-1.4208168,1.2291528,1.8905754,0.77269125,-1.6440425
-0.9276194,-0.8483265,6.3990355,0.13842638,-4.941386,-0.83916986,-0.09478288,0.030713223,2.7390733,-1.9213572
-3.5970035,-2.690296,6.455305,2.7581956,-2.7550323,-1.0830202,-0.656222,0.65394694,3.3788457,-2.4232922
0.03755326,-0.9766945,5.6322927,-0.95735824,-5.2396235,-1.3014395,2.0551753,1.691106,2.2735267,-3.202518
-2.7917306,-3.0529444,6.036124,-0.11893903,-3.0893729,0.29652408,0.0063911155,0.8264098,1.411701,0.32684663
-0.68376213,-1.5339825,4.5484467,-0.13144709,-3.7121313,-1.3593847,0.9216641,0.95957565,3.041388,-1.7905484
-1.9352756,-4.599226,7.102315,-1.7384169,-4.541846,1.5186083,0.43429363,2.6588352,1.828304,-0.8720345
-2.3349917,-1.2659554,5.9392095,-0.77664,-2.5493977,-1.143166,1.5637678,1.0293199,3.511837,-3.6840153
-3.532939,-0.062214196,4.8196774,-0.16615786,-2.19476,0.24352412,0.16983226,-0.4270663,2.4266102,-1.3024098
-3.225161,-2.79926,4.8106256,0.8719616,-2.2590683,-1.4655901,0.9706155,1.3299973,3.4715405,-1.314776
-3.501644,-1.9776592,7.0575686,0.97267467,-3.7201917,-1.1871165,0.5598377,0.45066404,4.641603,-2.6895323
-1.2212,0.15442795,7.3461547,-0.7389132,-5.1659894,0.6237531,-1.9000014,-2.177208,6.071792,-2.6110637
-1.8907675,-1.6028047,5.486948,1.141274,-2.7668211,0.62029356,-1.184018,-0.42023036,3.5817838,-2.7531896
-1.4202139,0.6157182,4.7012177,-0.071839355,-5.055596,-1.2210348,-0.24811581,-0.26244882,4.6569166,-1.6262761
-1.946879,-1.7852213,4.6210165,0.501114,-3.2489622,-1.7111055,2.0023196,1.798708,3.7127657,-3.5627646
1.5370033,-0.8923655,-0.33771425,-3.1353338,-0.910438,0.12982194,-1.6885365,-2.0456736,-1.1290643,7.9586015
1.4023371,-0.6731542,-2.2350092,-1.6316828,-0.018816888,-1.6862077,-0.07500469,-0.8326775,-1.4225788,6.7269645
0.38978773,-0.7691472,-3.0321074,0.7632725,1.7613065,-1.0725304,-1.3457788,-0.56424624,-2.5032992,5.8381257
0.19702214,-0.63608176,-2.596675,-1.1015111,0.38111216,1.004017,-1.1206752,-0.721082,-2.1583328,6.359534
0.47999048,-1.5468535,-1.8929417,0.1876012,1.4548001,-1.3367578,-0.7549433,-0.60895,-3.193224,6.8099494
2.34049,-0.5232107,-3.0099022,-1.5077147,0.95139796,0.37908813,-2.0961533,-0.49762687,-3.461721,6.9610486
1.4340779,-1.9411871,-2.0470634,-1.0667746,0.24580383,0.6017756,-2.1411402,-1.0574683,-3.3333957,8.861477
3.6085753,-1.0726404,-0.679973,-2.042525,-1.853296,-1.0078984,-0.9228425,-0.82070243,-2.8536506,7.2291093
1.2782716,-1.9421027,-2.783859,-0.6060146,1.3273509,-0.8410711,-1.3891076,-0.8647089,-3.766952,9.180508
1.4289845,-1.5686119,-0.89092666,-1.2835536,-0.91928023,-1.3165509,0.79149735,0.59077454,-3.587173,6.5907683
1.3617872,-2.3565118,-2.5630422,-0.7418799,0.7819231,-0.18991189,0.03665156,0.54863846,-3.169527,5.9547963
0.84433335,-0.3281278,-1.6067798,0.0057320683,-0.38948292,0.5068441,-1.5882072,-1.9376923,-1.703149,5.652759
2.3484244,-0.16415519,-3.0364735,-0.86393046,0.55988413,-1.3521987,-1.1090715,-1.137704,-2.6531582,6.8567433
-1.2345339,-1.7392058,-2.9008427,-0.04216092,1.9823782,-0.37496713,-1.5801076,-0.5146837,-1.791663,7.9455824
-0.72568953,-0.13344163,-2.6171112,-2.0764182,1.4034941,-1.0367836,0.5270993,-0.66513824,-1.817419,7.1412654
1.527831,-0.2679568,-0.5981877,-0.7107332,-1.3317082,0.08615597,-0.7238531,-1.6509194,-2.510119,5.9985456
2.9775863,-0.15875739,-1.7616544,-1.3691455,-2.3464806,-0.89699805,-0.53871727,-1.1086317,-2.1023507,7.177851
1.101255,0.90252274,-3.0422068,-0.47492784,0.33010417,-0.47882834,-1.0617778,-1.272156,-2.9499164,6.7493353
2.4080353,-2.49956,-1.4964712,-1.7641008,-0.8969689,-0.66232306,-0.19927514,-0.17408988,-1.7199004,6.9298816
2.154435,-0.6575363,-0.9805731,-1.6515151,-0.6876245,-0.76891506,0.006085016,-0.7967157,-2.0091753,5.113265
0.76704717,-0.15892035,-2.069902,-0.05029213,-0.26055473,0.058365844,-1.7364656,-1.1978384,-3.0723338,7.592858
-0.2380017,-0.51395124,-1.7438855,-0.46969217,1.9508524,0.72495157,-1.7379112,-1.7119035,-3.105575,7.0162864
0.86488277,-1.3119366,-2.1109405,-0.4055816,-0.034255326,0.90640134,-3.1008568,-1.6127123,-1.9998968,8.5246
0.5257134,-0.5938292,-1.183614,-0.7344779,0.21494111,-0.28276232,-1.4394363,-1.2064939,-3.391086,8.066524
1.6999131,-2.1273987,-0.18175402,-0.58259755,-1.3213255,-0.2385302,-1.5887772,-1.0412599,-2.5044737,7.2976565
4.005259,2.1099658,-1.6394978,0.59690696,-3.5832257,-1.1841226,-1.74149,-2.1712432,-1.8562951,5.2504306
3.2576215,-0.006519258,-0.7343451,-1.6352303,-2.493818,-0.21032955,-0.2760649,-1.0919183,-1.3559176,4.456825
5.5152664,1.3244176,-1.7918291,-1.2869092,-4.0617194,-0.68961304,-0.5494322,-1.3273591,-2.027699,4.573917
5.0301337,-0.15317732,-1.4892061,-1.7975477,-2.4049437,0.26536772,-0.50811845,-0.032892115,-2.0914714,2.887772
5.4838953,0.11289483,-0.8194895,-0.31674653,-3.7870748,-1.0523528,-0.016271763,0.7261437,-2.6703324,1.9489146
4.813001,-0.4986487,0.19269651,-1.5041959,-3.2523696,-2.6226475,1.678784,0.7479218,-1.3983903,1.5922185
4.585654,-0.29588205,-1.5332425,-0.53447795,-2.9949229,-0.46438935,-0.057883434,1.4588276,-2.4243312,1.9266136
4.0016217,-0.068831265,-0.46836382,-0.0051221163,-2.5876126,-0.52683127,-1.0844928,-0.0817435,-2.3686771,2.7638745
5.1509795,0.16783422,0.079824924,-1.6026156,-3.380029,-0.73825234,-0.48363268,0.7894207,-2.1801028,1.9369744
1.483279,-0.13755277,-0.39832085,0.53621566,-0.6414747,0.04286053,-2.0310407,-0.7517832,-0.99164146,2.9275875
5.9080496,1.0007725,-0.09715396,0.21200629,-4.477904,-2.5752692,-0.2582848,-0.07149885,-2.536031,2.631629
4.112191,2.1878538,-1.8799355,-1.5329657,-1.0519574,0.08258528,0.8268992,-0.38045302,-1.7040197,-0.36996177
1.5525678,0.16475153,1.4239576,-0.9073753,-3.3802483,-2.4235895,2.4606395,1.4226166,0.17820951,-0.29468107
5.5607586,0.7791602,-0.16727212,-1.5578904,-2.8773997,-1.7556534,-0.27460688,-1.1311079,-0.8029162,2.1241188
1.0831883,0.5483921,1.4977837,-1.064595,-2.3764622,-2.5867815,2.4768534,-0.31446323,0.1342963,0.71689206
1.8029089,1.8716793,2.610065,-0.21418338,-4.595045,-1.376398,-0.21280906,-2.0926142,1.7944019,0.6685035
6.3250947,0.71744025,-0.118591845,-2.0293117,-3.8715775,-1.0421871,0.4311034,-0.3770737,-2.6936777,2.5897956
5.6643786,1.3627205,-1.5931189,-0.90641594,-2.3876092,-1.0437433,0.8849882,-0.27875927,-1.4364581,-0.24297816
2.3212795,0.25458604,-1.1448767,-0.6018554,-2.0457234,-2.6581588,0.9177326,0.13869634,-1.7205098,4.5297203
4.2986894,2.8790605,-1.783725,-1.234337,-2.8074408,-1.3481869,-0.39806196,-1.6950991,-0.7031367,2.836038
6.840273,1.3682601,-1.0465052,-1.4915307,-3.6201942,-0.6341248,-1.5481603,-0.8960154,-1.6783373,2.755394
4.1633987,1.6823988,-2.4024887,1.5900592,-2.1780524,-1.1776038,-0.95332617,0.74030566,-2.8734756,1.1856594
3.26789,0.64196247,0.406455,0.07696969,-2.9833457,-2.9127514,0.89742935,-0.2749646,-0.28532392,1.0320207
4.1826396,0.27463263,-0.5885462,-1.5282739,-3.4020112,-1.0917755,0.48392904,0.57447124,-1.7766374,2.8354306
4.9235196,1.0143139,-0.33632618,-1.0626118,-4.472698,-0.64873195,-0.20542622,-0.68830115,-1.4744809,3.0294213
-2.5091698,-0.4425832,2.5195017,3.0258038,-1.936383,-0.68213826,-0.519552,0.9109015,1.241235,-1.4055549
-0.74312705,-2.7766087,4.6974106,3.210971,-3.349574,-0.047973208,-1.8676343,1.6573144,0.58179826,-1.3747792
-2.674073,-1.0155199,2.767032,4.2678423,-2.0764234,-0.77944213,-1.1618295,1.0336148,1.2724103,-1.4397126
-1.7517892,-1.5443232,0.88402253,3.832935,-1.3974345,-0.9919271,-0.55686736,2.3331878,-0.1877794,-0.374739
-1.66359,-0.47075334,1.4439459,2.265371,-1.0008562,-1.3941478,-0.039896272,0.47668883,0.44642657,-0.15690838
-2.8021407,-0.21313716,2.9473338,3.5164306,-2.018031,-1.3885202,-0.6605157,0.24183118,1.465398,-0.95038944
-3.8368738,-0.8679902,1.6771598,6.1831837,-1.0960124,-1.7808577,-1.9707642,1.1616083,1.1607686,-0.43748063
-0.5314464,1.0191815,4.032306,1.7952394,-4.6983237,-3.8196275,0.6676774,-0.53802913,4.177216,-1.5344223
-4.5898433,-0.7546318,4.536617,4.745667,-1.8932803,-1.8049253,-1.0237632,0.88546914,2.1436343,-1.7075562
-1.6421486,-1.9782898,5.8173046,1.7641008,-4.154219,-1.8668483,0.83229554,2.0006764,1.5510082,-2.0480962
-2.3017166,-1.8735244,0.60520613,3.2395484,-0.08502303,-0.26969892,-1.6163553,2.7795208,-0.6591144,0.10090465
-2.9431958,-1.3548841,3.373692,3.5247376,-1.3571498,-1.4234668,-0.5748941,1.2725745,0.993513,-1.6746588
-4.430102,-1.9427061,2.8290296,4.982973,-0.89356697,-2.1241844,-0.09626355,2.1215003,0.3685572,-1.1955522
-3.010927,-3.4259727,4.9548664,1.8422054,-2.2978575,-1.1461792,0.4447049,2.0377946,1.6271081,-0.9686236
-1.5377743,-1.7837679,2.4195209,3.0321085,-2.73969,-1.5674782,0.03732861,1.7350322,0.8361602,-0.540935
-2.9435112,-3.510845,4.6823545,1.8745689,-2.0725632,-1.6084313,0.6254971,1.5017967,0.8871315,0.71038365
-2.8322666,-1.2613332,5.1373076,3.0870879,-2.979404,-0.60612816,-1.3412533,0.20645574,2.9329941,-2.4067106
-3.3814373,-1.9207535,2.4227047,3.1219342,-1.3316591,-1.5362726,0.23559242,1.8986708,1.4924273,-0.77687526
-2.3586705,-1.6624801,3.8096275,2.0055423,-1.7204778,-1.2257276,0.32169518,1.307457,0.61396194,-1.3254889
-1.4865268,-1.2633734,5.8279147,1.3045442,-4.5991364,-1.6207148,-0.7201368,-1.0554957,2.8464074,1.1209778
-1.0564704,-2.7609918,4.4879975,2.6359537,-3.8639545,-0.81609946,-0.83846813,1.4391683,0.72657573,-0.12704602
-2.8195095,1.3228087,3.6283522,2.913066,-2.835581,-2.1863794,-0.60760015,0.21861932,4.0031614,-3.263773
-3.3180144,-1.3386178,3.6912131,2.4962294,-2.3448684,-1.6542814,-0.19845086,0.18519121,3.7278166,-0.7035506
-2.6155562,-1.8185761,3.935533,2.2139366,-1.4382541,-1.3530431,-0.29796255,1.0263886,0.7909246,-0.17671044
-2.2439253,-0.727294,2.333974,5.10505,-2.0741742,-2.67811,-0.923128,0.6608988,0.5984233,-0.00035081524
-0.08955759,-1.019088,-0.7489986,-0.40855306,-1.021019,-3.6246564,4.180409,3.1966112,-1.5209495,0.6244705
0.7921783,-1.191602,1.497798,-2.3559122,-2.5988307,-2.8313932,4.445838,1.7912031,0.11202598,0.1868719
0.097112484,-1.4269416,-0.1534478,-0.5600472,-1.1221614,-2.4983974,3.5264392,3.1261075,-0.887683,-0.15128362
-1.1543533,-1.65324,-0.86965317,-0.1702298,0.174025,-2.900464,3.5129724,2.7441401,-1.3145609,1.5392066
0.061562307,-1.2330987,0.09959787,-2.0096438,-1.2882438,-4.251663,6.2230473,2.9291832,-0.9988137,0.16216615
-1.356712,-2.712366,-1.2639267,1.1301825,-0.2811752,-2.2628756,2.479192,5.1842403,-4.008572,2.5463004
-0.9520651,-2.3997025,1.1896007,-1.8908575,-1.4469705,-4.217259,7.483462,4.0515027,-0.7211918,-0.73687977
0.47089434,-0.08217157,-1.508539,-3.6470551,0.5134092,-3.0461519,5.5331726,1.9385917,-1.1772542,0.8363642
-1.1604156,-2.3818386,1.8151047,0.32209346,-1.6467836,-5.1676507,5.792117,3.5994408,-0.19490075,-0.83880794
-0.37022507,-0.3587064,-1.1085091,-0.09500844,-0.32676104,-4.8553205,4.666071,2.8330452,-1.3922467,0.9362308
-2.7361004,-2.54693,0.17247814,-1.2254045,0.56812847,-4.1336026,5.979245,3.6941233,-1.205025,1.1381775
-0.5379037,-2.8696866,-1.5581706,1.7318039,0.4948391,-2.3292286,2.4691315,4.8259015,-2.843625,0.63606095
-1.2714983,-1.8641007,-0.074631006,0.44502646,-0.7226114,-1.3406075,3.6754122,3.6849296,-2.9381118,0.20052856
-1.0118179,-2.0826418,-0.726664,-0.55128884,-0.019422203,-3.2671933,3.5965552,4.1181397,-1.6648178,1.3886415
-1.0973945,0.11371887,0.29320395,-0.92885673,-1.046536,-4.2008457,5.063697,1.5873232,-0.9196368,1.0934356
1.5082918,-0.064215004,-2.0424938,-0.878951,-1.2169795,-3.099061,3.6373842,1.9881935,-1.9505694,2.2075677
2.6462135,0.007000208,-0.7214562,-1.6282182,-2.5973256,-3.0313032,3.2586207,1.7653542,-0.7126053,1.0456855
0.11288775,1.5568583,2.9269478,-1.860724,-4.003928,-2.2457628,2.3117702,-0.098137416,1.4480567,-0.16831249
1.5546097,0.8218375,-0.081237614,-1.2437068,-2.3228152,-0.9098086,1.6770304,0.22521445,0.85122293,-0.25025627
-1.3563002,-2.8027298,-0.3558634,-1.2697973,0.13608286,-4.6931205,6.1915083,4.143707,-2.9336445,2.8754382
-0.6113307,-0.31422216,-0.052316904,-1.302426,-0.39907324,-3.8756685,4.8283067,2.5608003,-0.710099,0.054016
-0.953979,-2.2301276,-2.1002693,0.58628273,0.18876785,-1.1358657,2.316225,5.2871885,-2.7265134,0.76034904
-0.7514734,-0.22207226,-0.80307764,-1.3090389,0.5291659,-5.4707875,5.9300585,2.0932734,-0.82576865,1.0150253
0.18124941,-0.29417366,1.053559,-1.7979592,-1.4282205,-4.301932,6.081221,2.2655833,-0.8673398,-0.907399
-0.73621994,-0.8947061,-0.638937,-0.22885092,-0.4961151,-3.8252811,5.0629835,2.4303114,-0.45096236,-0.3043614
