3.801124,0.22946194,-0.88807464,-2.2067358,-1.8978584,-0.43184233,0.82733655,0.51291925,0.1918532,-0.013215482
3.6421928,1.4358678,-1.7508366,-1.5995613,-1.1664555,-1.2154281,0.7531449,0.30211508,-0.8945473,0.6692513
3.1127667,0.1213028,-1.3927869,-1.481035,-1.5564339,0.73523855,0.52012724,-0.03867346,-0.3141088,0.5108205
2.803053,0.26911622,-0.94094867,-0.7552121,-2.0669749,-1.6478672,2.147368,1.457334,-0.41842133,-0.7445026
3.386076,1.286241,-1.9460229,-1.6215433,0.28372565,-0.9390931,-0.0650396,-0.109078914,0.1807586,-0.3801738
3.413209,0.50344557,-0.6765159,-2.221257,-1.9343178,-0.5808276,1.7339475,0.53973514,0.28431186,-0.8085003
2.2746582,-0.4115321,0.053205334,-0.74216294,-2.72696,-1.5293931,3.1107225,1.8149276,0.54896253,-2.1740623
4.147885,1.2642767,-2.149669,-1.251367,-0.96006566,-0.8618666,0.6903824,0.04125142,-0.81940585,0.02059269
3.7833304,1.387083,-2.1057484,-1.3815845,-0.6732591,-0.56610847,0.22988714,-0.09918684,-0.44706315,0.09150237
3.3899522,0.60285604,-1.2871131,-1.6201881,-0.77583545,-0.18452734,0.61727154,0.12804893,0.15320414,-0.8068254
3.8315382,0.32288045,-1.6312114,-1.6161708,-1.0724764,-0.003379196,0.6005356,0.123119414,-0.65645045,0.22692162
3.3008733,1.6558008,-1.62578,-2.0789862,-0.30332255,-1.0945506,0.86045927,-0.008724153,0.4049544,-0.89947164
2.772811,2.4636352,-1.9762939,-1.4704846,-0.64883465,-1.4795939,1.0359945,0.5910622,0.1578924,-1.2233392
3.2490125,2.0018544,-1.9793173,-1.3791064,0.09791142,-0.81264615,0.52355444,-0.020100206,0.48418626,-1.9759668
4.069965,1.8788357,-1.9528116,-1.8906657,-0.51043487,-1.0722309,0.50687665,-0.080183774,0.16055763,-1.0685213
3.0479445,0.3246522,-0.5428925,-1.817962,-1.7558234,-0.9058043,1.8708172,0.9037156,0.7302147,-1.6665006
2.6696968,2.0606532,-1.8386691,-1.6031328,-0.5262304,-0.91460776,1.2149909,0.20110652,0.01144889,-1.0955005
2.837634,1.4642856,-1.4115019,-0.93139684,-0.11997613,-1.6561468,1.2609724,0.39941496,0.5048876,-2.2313156
2.5130973,1.6823606,-1.7213428,-0.6611355,-1.3289909,-1.8837477,1.9437279,1.0592952,-0.27530086,-1.1370237
2.2436285,1.0172379,-0.79145336,-1.5662731,-1.6938934,-1.322136,2.0992873,1.2584164,0.82149386,-1.958697
0.23028988,-1.1355319,2.4696922,-0.7990152,-1.3413165,-0.30290994,0.83055353,0.56924176,3.6897395,-4.1299953
-0.097311765,-0.70108944,1.7983838,-0.34473655,-0.84920067,-0.48392916,0.9693427,0.7879734,2.9424818,-3.8547292
-0.72158086,-1.2849743,3.490711,-0.9169766,-1.908644,-0.34862036,1.1340809,0.6290754,4.196014,-4.171615
-0.6909075,-1.4880857,3.2216606,-0.19170207,-1.6904936,0.087536335,0.7080522,0.33654267,3.8708673,-4.0246625
-0.14049233,-1.2736895,3.1894972,-1.1828729,-1.6330082,0.25648046,0.51108617,0.08853358,3.8942873,-3.6182375
0.13171187,-0.8834664,2.1914122,-0.7461025,-0.99870926,-0.36389688,0.8957632,0.47429132,3.4364011,-4.006943
1.0436507,0.19809422,0.87220204,-0.71425295,-0.76195115,-0.9257673,0.70745575,0.8138788,2.5244198,-3.6721816
0.31498373,-0.11208275,1.6351781,-0.94542575,-0.6209153,-0.18384197,0.04760135,-0.039936304,3.5000532,-3.5551581
1.2990211,0.37409687,0.5706408,-0.6681802,-0.5091803,-0.55166817,0.37772277,0.034360826,2.0109193,-2.860909
0.13941222,-1.7644818,2.763683,-0.7044555,-1.5559704,-0.056927264,0.4042828,0.51534426,3.4320757,-3.129591
-0.28430498,-0.9899562,2.7668984,-0.5828017,-1.8800111,-0.2721811,0.9217409,0.7664852,3.8139853,-4.064482
1.4643086,-0.51113397,1.1600198,-1.2593707,-0.25493777,0.081264004,0.5322946,-0.32001567,2.5806108,-3.4354677
-0.8261209,-2.616594,3.7585063,-0.39966035,-1.3432496,1.0872059,0.5913971,0.117919385,3.7275956,-4.090759
0.0061288476,-1.1541579,2.7399967,-0.8446343,-1.2009013,0.008862019,0.21386808,0.1646232,3.7310083,-3.6208377
-0.62014675,-1.8515549,3.596421,-0.91367704,-1.49931,0.48641038,0.7597951,0.4453361,3.98623,-4.3009877
-0.52964973,-1.3403249,2.9775798,0.04544648,-2.4064581,-0.81590503,1.1020116,1.317303,3.5530508,-3.7220607
-1.5467999,-2.6979792,4.2093587,0.109194696,-3.8354466,0.5210241,2.2604642,1.7443554,3.4566708,-4.1631846
0.25591493,-0.99570304,1.9510189,-0.5781339,-2.034479,0.14404589,1.3941126,0.5577718,2.6507237,-3.2124376
0.7432953,0.2873338,0.6844007,-0.446203,-0.7958079,-0.4275121,0.7638903,0.31374806,2.3641877,-3.3714228
-0.24038048,-1.208632,3.0368154,-0.65784824,-2.3590124,-0.3458811,0.9709814,0.8957808,3.8487346,-3.9281406
-0.7583338,0.07416646,0.5299469,1.2745544,-1.1809657,-1.7501259,1.6144694,1.8596141,1.16312,-2.7502937
-0.7594981,-0.23024046,0.31535763,1.6743747,-0.63554734,-1.371602,0.71216094,1.3701333,0.9779127,-2.0696015
-1.2384851,-0.42755395,1.2404119,1.8375895,-1.3503859,-1.2526265,0.4840847,1.2522099,0.981871,-1.5107946
0.67625415,-0.20292348,0.22148493,0.37710828,-3.0629442,-2.0123777,2.2993608,2.5196812,0.52365077,-1.2511721
-0.6649218,-1.1276355,0.15859863,2.2980895,-1.044874,-1.0476544,0.7650227,1.5778692,-0.21841794,-0.8755576
-1.1746943,-0.3125431,-0.08674465,2.3942018,0.99158186,-2.0130258,1.0684193,1.2337935,0.15528136,-2.3033175
-1.1227837,-0.5575933,0.2640218,2.4875607,-0.76207274,-2.4467578,1.9934646,2.29843,0.0811578,-2.244673
-0.94377387,-0.66699594,1.3259388,1.649972,-1.6927738,-1.4406391,1.0826029,1.3200145,1.1757554,-1.7801443
0.309618,-0.7091369,-0.76849335,1.8527194,-0.7809358,-1.3999804,1.05243,1.650553,-0.4226386,-0.7750394
0.07115948,-0.22132438,0.26976326,1.2905213,-1.2487707,-1.3093382,1.380247,1.4043918,0.16283074,-1.7534829
-0.8855797,-1.0517521,1.005707,2.5692668,-2.1454637,-1.9931492,2.1661544,2.3497655,0.3000108,-2.1535141
-1.0431767,-0.24531412,0.065993436,2.0993783,0.025813699,-1.3051432,0.12516508,1.0405128,0.47810724,-1.316232
-0.41533715,-0.7538145,-0.019718697,1.9913052,-0.56564814,-1.4735252,1.0743885,1.5810292,0.06876469,-1.5605774
-0.574799,-0.28828025,-0.03699977,2.2083983,-2.7200577,-2.4105887,2.4378748,3.1303685,-0.29176337,-1.4202471
-0.040172964,-0.7383067,-0.029643333,1.3366804,-0.18423444,-1.1420699,0.9401184,1.1140928,0.48276597,-1.8102247
-0.88540435,-0.2106809,-0.23887578,2.3000588,-0.44798148,-1.7196592,1.1742679,1.5519202,-0.24874818,-1.3370407
0.027747631,-0.3697744,0.12813821,1.5111016,-1.7770724,-1.9689671,2.3239179,2.4548326,0.46642295,-2.6902027
-0.35024968,-0.3897649,-0.5497508,1.9549724,0.17216536,-1.3335267,1.0923697,1.2866917,-0.46083856,-1.5417213
-0.8286917,-0.40861768,0.13502574,2.0438795,-1.7781355,-1.360051,1.7415129,2.115892,0.11467153,-1.6970041
2.1086612,2.8570554,-2.2206142,-1.3077914,1.2103426,-0.5358597,-1.06461,-0.98587763,0.30764407,-0.26249582
1.4667393,5.0836787,-3.6049635,-0.7823819,1.237124,-1.7556165,-1.2272038,-0.53561574,-0.6726906,0.73934805
2.088306,2.2498922,-1.7378147,-0.45869172,-1.9505241,-1.8611809,0.97176003,0.91260386,-0.60153335,0.59684336
2.0965958,3.2887313,-2.7017705,-1.1795923,0.61875105,-0.16394433,-0.9727735,-0.8474547,-0.31519645,0.25800425
2.4033904,2.7252007,-2.2605412,-1.4213454,-0.3257988,-0.33190668,-0.83283955,-0.2898015,-0.35655946,0.77567756
1.2485685,1.207037,-1.5326929,0.7769165,-0.15833497,-1.8187914,0.4990655,0.66550493,-0.61888367,-0.26480514
2.3789778,3.6038346,-2.5891025,-1.1545358,1.293158,-0.99456656,-1.1181008,-1.0482659,-0.07741052,-0.3559804
2.524661,3.081816,-2.5853286,-1.3564882,0.12193483,-0.3114823,-1.4065927,-0.65418357,-0.4540608,1.1186427
2.1778936,1.9556532,-2.341729,-0.8321069,1.1023108,0.011144996,-1.2422423,-0.8547396,-0.78144807,0.83194005
2.624373,3.0926871,-2.5564742,-1.5927484,0.6243984,-0.53449893,-0.7963405,-0.5922007,-0.13394386,-0.0019131899
3.5402923,0.80372113,-1.5977414,-2.0269134,-0.4344697,-0.5715555,0.59553427,-0.017087549,0.027948916,-0.13278598
3.6942115,0.6628392,-1.7541698,-2.248012,-0.86884636,0.9260641,-0.6762458,-0.53899014,-0.2537886,1.2870756
2.6120677,3.1258779,-2.5358844,-0.92968774,-1.4989958,-1.5914774,-0.22247311,0.15834442,-1.0951219,2.1166759
3.091517,2.3943164,-2.5530424,-1.5863284,0.55275464,-0.31087142,-0.730017,-0.36372575,-0.2508282,-0.13597849
3.014049,2.9306128,-2.1391387,-1.462719,-0.7499742,-0.88625157,0.24883758,-0.09613536,-0.36970502,-0.36105245
2.4987493,3.138585,-2.561418,-0.60093796,-2.207032,-1.3544923,0.55356544,0.6164071,-1.0681543,1.0957365
2.6754794,2.0559056,-1.9501061,-1.194582,-0.95546144,-1.0886334,0.4543788,0.29837894,-0.59378093,0.52208126
3.5846395,2.708356,-2.4596794,-1.6728607,-0.52280456,-1.3616916,-0.11158944,-0.18738341,-0.4556418,0.5059762
1.7474834,0.94325215,-1.2300788,-0.6686531,-0.37222552,-0.25984216,-0.6850644,-0.05976984,-0.27279127,0.92232335
0.9597995,1.0756147,-1.952617,-0.17991489,1.6330397,0.40524876,-1.7283874,-0.7716951,-0.5810724,1.2255782
1.4852554,-2.425425,0.65659636,-2.188412,-0.69957346,5.2501087,-1.4673135,-0.7874224,0.7391137,-0.4569412
0.89266944,-1.0293567,1.306767,-2.3224964,-1.0170982,3.5720115,-0.6612814,-0.9601279,2.5341763,-2.2147913
1.6778411,-1.0637238,0.36150578,-2.082483,-0.13953665,3.726604,-0.9273631,-1.1201171,1.639761,-2.0315228
1.5341542,-1.4239194,0.51922774,-1.6173974,-0.2853784,3.694735,-1.0203549,-1.2223365,1.2695861,-1.5003664
1.5877918,-0.9214023,0.013206447,-2.109067,0.009417862,3.803535,-1.3005679,-0.95905304,1.3414363,-1.4713472
0.96753526,-0.8578597,0.36308086,-1.4872166,-0.9657106,3.8222747,-1.0487777,-0.5692296,1.239018,-1.2328467
1.5219615,-1.0658298,-0.17846516,-1.5656784,0.004031718,3.3815055,-0.8458475,-0.5742227,0.61534524,-1.2406473
0.14012223,-1.3331282,1.0034193,-1.830458,0.0015920997,3.9681778,-1.4525418,-1.1594293,1.7052922,-1.097419
1.2436621,-2.0179863,1.0965399,-2.8298075,-1.3393884,6.295309,-1.1824623,-1.5159241,0.92320323,-0.63486046
2.1297765,-1.9653461,1.1549383,-3.05191,-1.3707294,4.6694636,-1.0302712,-0.99679947,1.7288673,-1.1686742
1.9189028,-1.3709247,0.5929893,-2.078927,-1.0959978,4.1543903,-0.8998726,-0.9978684,1.1134062,-1.2777143
1.3318751,-0.91885334,0.29351166,-2.6408937,-0.34506696,4.201642,-0.83529174,-1.061716,1.1108048,-1.0496826
2.2838564,-2.4322557,0.4771699,-2.5432916,-0.8917418,5.7159123,-1.4322834,-1.7478108,0.55994856,-0.01420784
1.264571,-1.7746336,1.4832712,-1.3776455,-1.8632677,2.4870267,0.73429525,0.11302224,1.9200959,-2.7894769
0.6312759,-2.8192508,2.7385116,-2.7955189,-2.682795,4.7105856,0.47910237,-0.44961393,2.3814144,-1.973733
2.2309237,-1.2891548,0.3506225,-2.448601,-0.5356974,3.5332627,-1.0928004,-0.76256067,1.5393658,-1.5292671
2.2179394,-1.5689502,0.23045573,-2.4144807,-0.9864332,3.9049616,-0.73818356,-1.008074,1.004849,-0.5863471
1.7278816,-2.1070714,1.0250889,-2.6696672,-1.452409,4.8241677,-1.1867003,-0.83236384,1.7879755,-1.132221
1.8581315,-3.4326787,1.7883977,-2.4448864,-1.7482584,6.046261,-1.4098122,-1.1442616,1.5697398,-1.1625292
1.2844763,-1.9568508,1.3399442,-2.838604,-1.4494905,5.659377,-1.2585907,-1.4152994,1.7573895,-1.0554886
1.5118843,2.270073,-2.1340625,-0.85231507,1.8366132,-0.2779151,-0.85565513,-0.7816443,0.01800102,-0.78297347
0.09946954,-0.27111033,-0.25654194,-0.3508701,1.0823762,2.0640101,-1.4451014,-0.94840753,0.6548569,-0.6752695
1.267756,1.2861257,-1.7361866,-0.45896143,3.0389984,-0.4802686,-0.947717,-0.88475966,0.46703672,-1.7010088
0.8751162,0.60158384,-0.95270926,-0.25797296,1.3885214,-0.22806397,-0.15344353,-0.33106545,0.4853013,-1.4546263
0.45225793,0.42754462,-0.8423588,-0.4442807,1.9364789,0.61943096,-0.7404843,-0.646611,0.74200714,-1.4399898
0.8066808,1.6746662,-1.6697086,-0.21836424,2.7913058,-0.30931798,-1.044304,-0.74004817,0.29236835,-1.5886573
0.7005422,1.3828216,-1.1779547,-0.104413524,1.8033841,-0.8911152,-0.614591,-0.45270202,0.7543866,-1.4646659
1.3644657,1.1425247,-2.3004336,-0.21525079,2.1316795,-0.20164952,-1.4884628,-0.72949594,-0.8789275,1.1928533
0.9904069,0.47816786,-1.1014442,-0.36761582,2.3248441,-0.46196294,-0.88453716,-0.6706394,0.64432585,-0.94163275
0.111677825,1.75917,-1.904307,0.40697938,3.6871734,-0.62484694,-1.2770336,-0.9669807,0.27997342,-1.5819488
1.8820897,2.784624,-2.978044,-0.7007677,2.0898979,-1.0038534,-0.7805578,-0.5665611,-0.47635227,-0.26959693
1.1607974,1.693656,-2.1671653,-0.18425551,3.3970478,-0.5825094,-1.1639459,-0.9766022,0.28100154,-1.5547144
0.41942227,1.0345099,-1.0508415,0.1505008,2.2162302,-0.4941749,-0.70486075,-0.71016216,0.643218,-1.6370056
-0.25439662,1.115594,-1.5838643,0.53980184,4.1165447,-0.5356896,-1.4287449,-0.8695624,0.4530693,-1.6951834
1.8832198,1.2276156,-2.3373573,-0.62312126,2.0735228,-0.49496508,-0.7854722,-0.66192293,-0.55277157,0.33904284
0.91611075,1.5113947,-2.4579406,0.12079024,3.3778417,-0.53260225,-1.2740082,-0.8644787,-0.36648947,-0.5288389
0.023064494,1.156553,-1.4702874,0.28432357,2.5610962,-0.109561265,-1.0330069,-0.75730526,0.2662503,-0.9656907
0.8947005,0.9851949,-1.7956811,-0.27598867,3.013812,-0.05882883,-1.3729997,-0.97497714,0.0029145181,-0.40683964
0.77044046,1.850157,-2.4638023,0.14712325,4.550244,-0.8631089,-1.563163,-1.1888884,0.06909406,-1.3692238
0.8358481,0.50377357,-1.465457,0.18074174,1.7255249,-0.8758019,-0.26100546,-0.0151451975,-0.28609043,-0.3143421
0.794176,-1.4796224,1.6222959,-0.16870129,-3.1163514,-1.0677797,3.2059164,1.8100142,1.2538733,-2.7313056
0.8005707,-2.3611975,2.390402,-0.56496775,-3.2281897,-0.24044722,3.1481264,1.7686663,1.8442409,-3.4642863
1.6115971,-0.5856591,0.7055234,-0.38018107,-3.651469,-2.0278544,4.309421,1.9971361,0.56198156,-2.233952
0.41929907,-1.7849288,1.5754265,0.042621132,-2.4203947,-1.0087988,2.7870998,1.4359722,1.2606442,-2.2256389
0.5345847,-1.1166112,2.4194434,-0.5022343,-4.196258,-1.615395,3.9862323,1.7729485,1.9476554,-3.0085783
0.21580923,-1.3723712,1.8619598,0.55523896,-4.1930757,-2.1672316,4.211583,2.8636837,1.365504,-3.1280017
2.8008552,0.47449464,-0.72200805,-0.8338334,-2.7809963,-1.3134788,2.9842966,1.2780203,-0.15397793,-1.4422455
0.6109897,-1.4788163,1.0660287,-0.19523546,-3.41366,-1.1665664,3.7758913,2.0099277,1.1668298,-2.31537
1.1681176,0.9781478,-0.18884811,-0.2118038,-1.7691083,-2.033897,2.0850375,1.2193104,0.60238576,-1.66775
1.2202532,0.6387299,-0.030141538,-0.06806067,-3.391824,-2.1411138,3.5968466,2.0707474,-0.0621486,-1.5525504
1.5549363,0.42218944,0.08646595,-0.53828585,-3.7203743,-1.9713899,3.5606675,2.1802604,0.27679172,-1.5120165
1.8662716,0.38498116,-0.6998128,-0.1688902,-2.1747987,-1.6133927,2.0160024,0.88418436,-0.2015943,-0.1453569
2.3856735,3.653175,-3.0724509,-0.789955,0.6609967,-1.6230587,-0.31431153,-0.30816022,-0.78620833,0.3460294
1.6841692,-0.9705083,0.99545807,-0.99282646,-4.628636,-2.10887,5.484324,2.3628507,1.3165665,-2.9080982
0.8167732,1.1223818,0.059371762,-0.29804054,-1.8855519,-2.8023577,2.5795803,1.5481372,0.8374586,-1.8484093
0.19460267,-0.49274337,1.5294441,0.5492745,-4.322607,-2.1535282,4.137818,2.5361657,0.7508851,-2.657086
-0.2831284,-0.36070162,1.4646189,0.028342899,-2.057065,-0.62374085,1.2103357,0.9916749,1.6456006,-1.7841314
1.3560989,-0.61932296,0.15189251,-0.38648787,-3.1667583,-1.6148992,4.022373,2.1854875,0.29778066,-2.0783138
1.1637527,1.4003007,-0.43111885,-0.4423661,-0.90200037,-1.9110388,1.5131665,0.46658754,0.49751103,-1.2113802
1.7750393,-0.09150633,0.59606534,-0.4442852,-3.8818529,-2.4221034,4.045143,2.3401387,0.7279519,-2.3181977
0.89623797,0.5693598,-0.13678285,-0.30675843,-2.8875918,-1.8203341,2.6647024,2.3306513,1.1214058,-2.2261949
0.8018824,-0.2833228,0.71059436,0.24630642,-3.8698661,-3.429522,4.7740507,3.5337598,0.7843553,-3.0419984
1.2749143,-0.5207382,0.5987972,-0.44956493,-2.639562,-2.0984,4.1288624,2.1026208,1.216264,-3.5015993
1.4328345,-0.44671613,0.5968264,-0.21435845,-4.032945,-2.022584,5.0068197,2.1583264,0.6409182,-2.8003922
1.7811292,0.674786,-0.4682983,-0.31852493,-2.3099153,-2.1791582,3.2305353,1.7816532,0.6631336,-2.7193604
1.3015956,-0.5943032,0.38290468,0.3598104,-1.4560099,-1.8693031,2.8761265,1.5466981,0.79760426,-3.2555575
0.19246852,-0.6286454,1.0140172,0.25727665,-4.794666,-2.2451458,5.4056907,3.005259,1.071065,-3.0383177
1.2390271,0.08273387,0.3461621,-0.10861024,-3.0035808,-2.973432,4.9854355,2.489268,0.84787333,-3.7325597
1.3106354,0.24237765,0.8809656,-0.27669922,-3.6380079,-2.5071263,4.0051184,2.3503032,1.1469264,-3.2669892
0.88182056,0.11251423,0.55818754,-0.24045777,-3.332249,-2.3101077,3.6857593,1.8632145,1.4155748,-2.4958172
2.1699772,-0.7583847,0.86124897,-1.8383455,-2.7832115,-0.9697747,3.060832,1.2929136,1.9491348,-2.836803
1.5674871,0.005655974,-0.22906214,-0.005835507,-1.1250687,-1.9396299,2.4923596,1.4509008,0.46400738,-2.5941272
0.9433695,-0.8733012,1.0107104,-0.112921715,-3.533841,-1.7612725,4.242143,2.2559462,0.89379466,-3.072351
0.08623916,-0.93985456,1.9538172,-0.58572143,-0.9642226,-0.8522168,1.7020265,0.5111997,2.6969273,-3.5678062
1.557811,-0.86849004,0.63713306,-0.15956765,-4.739864,-1.9267448,3.9047484,3.169166,0.35225916,-1.6668875
2.070023,-0.033175677,0.14575092,-1.4184121,-2.8006222,-1.5993338,2.5169532,1.7642152,0.9689408,-1.5100392
0.8540292,0.038584724,0.71910626,-0.22179711,-3.0956907,-2.6354423,3.6735177,2.0782123,1.539849,-2.8586664
-0.11811665,-1.03005,2.012003,-0.36233544,-4.573357,-1.862365,4.409424,2.8758945,1.525286,-2.623311
-0.0523535,-1.7034671,2.3073838,0.51455736,-5.257749,-2.3777676,5.0839458,3.3970356,1.7831035,-3.561562
1.573314,-0.5378538,0.098257385,0.0043655,-3.9188683,-2.7669783,5.330101,3.4816253,0.036288798,-3.094565
2.050569,0.5294903,-3.7068403,-0.047176365,0.52890515,0.45048553,-1.8880475,0.37734264,-3.2103608,5.1814065
2.289281,0.1941992,-2.7744105,-0.77673924,-0.7469695,1.3264354,-2.4619303,0.07574785,-2.9366996,6.094882
1.5688846,-0.23016328,-3.18623,0.492778,0.540553,2.2892532,-3.8247871,-0.6079242,-3.8337176,7.1760626
1.8524119,2.1461506,-5.054144,-0.4018407,1.2926898,0.9795346,-3.4128911,-0.95120084,-4.117433,7.8748198
1.0459772,1.047611,-3.7974598,0.47065353,1.2193086,1.2659782,-3.4330745,-0.7670909,-3.3709152,6.5109463
0.9141911,0.27064925,-2.1638935,-0.39381653,0.42961565,1.3620067,-2.5408745,-0.9916041,-1.3305266,4.540365
1.4224561,-0.67723274,-2.0593498,0.21372586,0.3444509,1.7054905,-2.3502493,-0.36647442,-2.6354342,4.9298143
2.9979434,1.6478856,-3.3501651,-2.4557328,-1.0127482,2.102806,-3.2896304,-1.2483695,-2.505765,7.254526
3.1555834,0.34565157,-3.3996096,-1.6845759,-0.56627053,2.5588756,-3.4832249,-0.7646876,-3.2115235,7.454742
0.37204742,-0.19274783,-2.7349021,0.07467687,-0.038989365,1.6851856,-2.5944443,-0.063661754,-2.498033,6.216791
1.4535924,1.2140002,-4.088646,0.010016557,0.381355,2.0521348,-4.099167,-0.55533993,-4.167618,7.862172
0.60924506,-0.19505113,-2.996832,-0.6478873,0.9604643,2.8352895,-3.6729012,-0.9769206,-2.4331634,6.7500405
3.303184,1.3158133,-3.6843212,-0.42392182,-0.56035024,0.46144307,-2.260379,-0.382619,-3.9961913,6.139574
1.5369462,0.37369052,-3.2877452,-0.6812357,0.8002306,2.7813516,-3.7875538,-1.725729,-3.2132895,7.4406147
-0.5518055,0.16863918,-3.2101753,1.2303089,0.8322398,2.1034756,-4.2653046,-0.6735425,-3.4950142,7.9283333
1.5395043,-0.26045758,-2.3509624,-0.41737682,-0.43519586,2.236865,-2.27871,-0.656272,-2.6862288,5.5548596
0.2522961,0.058964312,-2.5344675,0.29786825,-0.74216455,2.7679658,-3.9712353,-0.88911235,-2.8174796,7.8950233
2.15526,1.8819344,-5.025838,-0.18603241,1.0610392,1.308554,-3.3262663,-1.4209981,-4.4116488,8.150607
0.5540047,2.5640953,-3.7309992,0.09807694,0.053797185,0.9536179,-3.7321224,-1.2798622,-3.1627395,7.846097
0.3603468,-0.40034223,-3.3549025,0.9073626,0.9642293,2.6166782,-4.217209,-1.3991953,-4.149899,8.684
-0.37192595,-2.1984317,3.4541404,-1.3552943,-2.285527,1.9616127,0.1277699,0.065473735,3.6953795,-2.949213
-0.6994176,-2.063906,3.4413335,-0.9954463,-2.084084,1.5024668,0.6182967,0.23113051,3.4357982,-3.172474
1.0350062,-1.1026123,1.9043144,-1.5027827,-1.6214776,1.4563845,0.38619673,-0.15660256,2.8286703,-3.099628
0.08805087,-1.9256814,3.2005186,-1.4677899,-2.7614944,1.1039077,0.49168202,0.4823619,3.827686,-2.9405756
-0.7009101,-2.3467643,3.800851,-0.22468776,-3.1443517,0.6580774,1.4674212,0.75871944,3.7118232,-3.8703728
-1.7995907,-3.9010477,4.9775295,-0.9843265,-2.5110753,2.76642,-0.044912815,0.20427108,4.384391,-3.0116262
-0.26779926,-1.8643854,3.283516,-1.6380638,-1.4857554,1.8323556,-0.2985036,-0.49283987,4.0718546,-3.0154948
-0.22373389,-1.8760433,3.0114913,-1.0771931,-1.3801484,1.4512835,0.09303548,-0.34884664,3.3251176,-3.052184
-0.9825895,-2.515261,3.963124,-0.7436438,-2.3018205,1.4446274,0.8963273,0.18635178,3.8129082,-3.6369286
-0.6957058,-1.9046876,2.7606773,-0.5687394,-1.3177333,1.2285646,-0.35103872,0.25127417,3.327864,-2.728292
-0.55169415,-1.8845508,3.7628047,-1.1606072,-2.0226622,0.44527948,0.63630617,0.16397315,4.078507,-3.347515
-0.20017551,-1.6400466,2.5653343,-0.9582466,-1.5030961,1.6278914,0.40657762,-0.015859842,3.311515,-3.349987
0.61368376,0.00394471,1.1979296,-0.86692077,-0.9882147,-0.13615803,0.32228103,0.3361454,2.7499888,-3.1522923
0.29865587,-2.451203,2.9814532,-1.3415047,-1.6366334,2.254952,0.20142478,-0.18509969,3.2782085,-3.277936
-0.15243013,-1.2782884,2.6777134,-1.0297148,-1.4927475,0.019868731,0.6480712,0.34180605,3.7507946,-3.4637575
-1.18433,-1.4275613,3.0253816,-0.15926331,-1.7770007,0.41887152,0.83647126,0.3359207,3.4459825,-3.3264465
-0.48952028,-1.9592831,2.8028243,-0.32546714,-0.8772711,0.59648144,-0.0029135551,0.22012663,3.5635092,-3.5701795
-0.75418186,-2.1051068,3.5427113,-1.0245308,-1.8441303,1.4870877,0.19740197,-0.09718093,4.244413,-3.5797782
-0.4790578,-1.2784398,2.308903,-0.82707167,-1.3823385,1.6058488,-0.054190114,-0.021683872,2.8446593,-2.7619123
-1.012396,-2.382136,4.459882,-0.8968766,-2.8194535,0.7067911,0.16764268,0.51034063,5.017862,-3.605394
