0.20784473,-0.09760531,0.3061251,0.34243345,-0.1449363,0.16673648,-0.53869224,-0.2889974,0.25209218,-0.06904559
0.2661773,0.4042401,0.5434516,-0.38116792,1.1835325,-0.6297804,-0.8170611,-0.69100994,0.98053116,-0.7684415
0.3033095,0.13846588,1.1060493,0.61010903,-1.0241461,-1.6724075,-0.081037104,-0.049196064,0.5812076,0.15821324
0.5647809,0.15863818,1.2105354,0.4743447,-1.0078781,-1.7807928,-0.2146341,-0.26437768,0.58287114,0.4694146
0.304892,-0.07495763,0.5525751,0.6665205,-0.8839706,-1.9889201,0.8738807,0.74458426,0.41844073,-0.6253722
1.3325003,0.43771973,0.60925835,0.4302336,-1.0977213,-2.7481396,0.28465337,0.21513,0.4093816,0.26526397
0.1251753,0.26899686,0.7640556,0.7098186,-1.4960349,-2.9259424,0.95268446,0.8197947,0.29739073,0.4221725
0.022976235,0.19364728,1.2299514,0.8540977,-0.6809404,-0.87987554,-1.1177269,-0.28658566,0.4197635,0.42925346
0.92961216,-0.68095535,0.17820375,0.37985927,-2.0150764,-2.30147,1.8635402,1.6091219,-0.47625738,0.34663808
2.2594643,0.8507867,0.81925964,0.16098478,-1.3604889,-1.4078059,-1.4019773,-1.3968256,-0.42678672,2.2184067
0.37804323,0.03516176,0.58095986,-0.3169758,1.1066303,0.57747877,-1.3350539,-0.9761599,0.7558542,-0.57134545
0.38528752,0.023803527,0.60668194,0.15132332,0.23174757,-0.30454305,-0.7990145,-0.42612973,0.61265725,-0.4243018
0.23248367,0.09279268,0.84475946,0.1968709,0.53092486,-1.5109329,-0.59687483,-0.16124749,0.9913137,-0.3017946
0.7298361,-0.27387992,1.3035308,0.70171654,-1.3047204,-2.2850683,0.20660968,0.18638894,0.8325093,0.12550329
1.195261,-0.3926981,0.5214394,0.5345243,-1.8472929,-0.10041934,-1.1927607,-0.11726236,-0.7379628,2.4347034
-0.09610255,-0.1426768,0.9908123,0.41141728,-2.3936014,-4.7416077,3.2102625,2.2266793,0.8071235,-0.42327178
-0.42930079,-0.13490748,0.92923117,1.5764242,-2.7422419,-3.9568973,2.2689326,2.1468048,0.27624992,-0.026205122
0.7193143,0.4719426,0.32952046,0.39153674,-1.1190026,-2.5770314,1.0316269,0.5087855,0.2623182,-0.0048031956
0.7985625,0.4520667,0.5550667,0.5878545,-1.3189182,-2.8267295,0.66451794,0.57392037,0.1671265,0.41881466
0.5672087,-0.10867235,0.2531761,0.29531187,-0.9420422,-2.876704,1.5212113,1.0378075,0.2211276,0.18127953
1.0125506,0.17763963,-0.14095823,0.30711108,-1.5807903,-2.7240052,1.2983736,1.3329163,-0.41362745,0.8138018
0.81903166,0.019738836,0.33923274,0.55708224,-1.7276485,-2.3688748,0.86612946,0.8486914,-0.18050131,0.7835349
0.297056,0.86688155,-0.28581125,0.43963116,-0.42881578,-0.67899,-1.0514202,-0.043159656,-0.41195253,1.4142627
0.5938397,-0.86158633,0.6354691,0.94375896,-2.6925282,-3.472789,2.771096,2.1103106,0.13197812,-0.15601926
2.3706393,0.0330691,0.068921044,0.21381201,-1.3032289,-0.7614336,-1.2656902,-0.500652,-0.6495323,1.9462862
0.32127756,0.25385743,-0.08912532,1.2141253,-2.7985747,-4.6465616,3.2047207,2.7191684,-0.06559328,-0.0495819
0.98321116,-0.97571415,0.75805235,1.2825261,-3.0301514,-5.1020794,3.0021565,2.501437,0.20072246,0.43180496
0.39726138,0.3441205,-0.18912399,0.97918344,-0.9466811,-2.7074034,0.870426,1.0075268,-0.23218957,0.5582947
0.85336125,0.3532516,0.23260693,0.5971818,-1.3779793,-1.9279292,0.2308246,0.4561064,-0.19272974,0.86785316
-0.41440105,0.39033368,0.07514192,1.0912493,-1.6027606,-3.442594,1.619621,1.9210835,0.18877238,0.41369092
0.005021319,0.7435547,0.3625139,1.4642702,-1.3487432,-3.3996768,0.35146463,0.9644212,0.1019462,0.6927513
1.1583105,0.50154257,0.43061447,0.9182098,-1.625349,-2.3663542,-0.29738224,0.06486514,-0.31501508,1.7265351
-0.030789092,1.7144344,0.23745875,1.203437,-1.4879596,-5.0605907,1.0654099,1.2549893,0.41239998,0.49620968
0.33427086,0.40353343,0.04123793,0.41181862,-1.0494664,-2.7492282,0.94753844,0.96076834,-0.02965731,0.66127634
-0.38473648,0.9401547,0.010924023,1.1981974,-1.7531967,-3.4957128,1.6196153,1.7250466,0.22111419,-0.381907
0.12102659,1.0821,0.0066870265,1.0622886,-1.2383871,-2.8717306,0.36554623,0.7901449,0.12238937,0.48894167
0.5331353,0.016201997,0.07126036,0.93805575,-1.7719588,-3.593331,1.5749028,1.578423,-0.39629516,1.1931692
-0.52179253,0.975907,0.2291588,1.6627179,-1.8083041,-3.9598207,1.4124932,1.3976886,0.16212964,0.3652475
1.5027498,-0.43161106,-0.21674038,0.74839926,-2.16026,-2.9129453,1.8680551,1.6790237,-0.36404225,0.31062207
-0.4162519,0.9150404,1.0812469,1.3498133,-1.5307372,-2.6858494,0.014539763,0.54015064,0.6342899,0.04942693
-0.061087057,1.3660958,0.23770098,1.0390394,-1.1526184,-2.575155,0.10003632,0.52095896,-0.08011847,0.62446153
1.7467993,0.16760847,-0.042100716,0.5076132,-1.0342519,-2.5475986,0.3335563,0.07796786,-0.5536543,1.4113665
0.13774769,-0.13966757,0.12001605,0.41091257,-2.177354,-3.9248114,2.9766438,2.4070127,-0.082078956,0.02996473
0.22219183,0.99530125,0.6897501,1.1057773,-2.0092943,-4.331809,1.3653574,1.0621767,0.16319588,0.700588
0.19893564,-0.49271157,0.5616236,0.8418009,-1.5053322,-3.3482819,1.8446879,1.6794821,0.1403452,-0.030032158
-0.46216178,0.36304954,0.24083365,1.6402366,-1.4132702,-3.6687467,1.1869915,1.5139803,-0.39109403,1.1774815
0.57871336,0.21132927,-0.37931275,0.61989737,-0.87015337,-1.5979633,0.3694809,0.5522271,-0.4626765,0.998633
-0.6870695,0.90644157,0.89596504,1.1381854,-0.8616008,-3.298474,0.5177601,0.7786993,0.6064663,-0.1026544
0.2561843,0.53832006,-0.22301213,0.6696768,-1.5008385,-2.584415,1.3436664,1.2435342,-0.102909125,0.38911444
0.6328532,0.40145373,1.0281364,0.772444,-2.092256,-3.709215,0.9738669,0.659866,0.25771588,1.4044507
-2.1415367,0.0666736,0.998914,2.7385154,-2.6346366,-3.2320879,1.31323,2.5146592,-0.05119639,0.281129
1.2210095,-0.89767253,0.624971,0.5148965,-2.3992949,-3.8783684,2.5972278,2.0535862,0.23152381,-0.29329002
-1.2184333,0.3677178,0.6204371,1.5644134,-1.5706882,-4.265383,2.004985,2.046261,0.63791615,-0.22048102
-0.3591702,0.22132835,0.4857727,1.1489112,-2.3763463,-4.710429,3.420366,2.4633422,0.7478663,-1.6928352
-0.3355984,-0.5971818,0.73364127,0.89518595,-2.1150727,-3.002602,2.4239914,2.192959,0.3728016,-0.6426854
-0.62672,-0.50630534,0.48787504,1.7168936,-2.9413068,-4.1781306,2.8105261,2.7677093,0.047176115,0.25034994
-1.6326929,0.13884464,1.6164135,0.9546733,-0.7035162,-3.163094,1.3455703,1.2373585,1.3161187,-1.0923107
-0.60532564,0.06903606,-0.05577339,1.1626025,-1.532975,-4.018572,2.6510775,2.2111645,-0.2978461,0.14369346
-0.98180187,0.20557138,0.72818416,0.97026443,-1.4049845,-3.8672829,2.5822227,1.9831705,0.6231446,-1.1532781
-1.1358315,-0.12451233,0.55355275,1.5810674,-2.080111,-4.082116,2.8541834,3.081598,0.28866345,-0.91091776
-0.06955138,0.1528933,0.18212117,0.93260336,-1.8269138,-3.9929967,2.4646745,1.8898984,-0.047532804,0.1197751
0.58207875,0.24701247,0.37052515,0.89488935,-2.1016037,-4.591812,2.6851413,2.1547112,0.49661407,-0.65161616
0.26415607,-0.025969679,0.86709076,1.2122688,-2.351212,-6.0537415,3.0273294,2.5961642,0.29091075,0.07268609
0.7218112,0.83887625,0.45756328,0.2706011,-0.56900036,-2.77021,0.28399318,-0.080623,0.271147,0.58714324
0.29727107,0.60225576,0.21649079,1.2630323,-2.8043885,-5.860612,3.260163,2.7906032,0.18984109,-0.1133019
0.57514113,0.46745995,0.23528409,0.80181205,-1.5392511,-4.217246,2.031052,1.5981525,0.2592962,-0.1418749
-0.3993404,0.34205598,0.26424685,0.87347364,-1.955822,-4.1742735,2.3574479,2.195141,0.0039248113,0.42118263
0.5919155,-0.67834896,0.03383201,0.69296217,-2.1141102,-2.8503082,2.0677326,1.9278792,-0.005603796,0.41578734
0.5210238,0.7788693,-0.342884,0.7440109,-1.553674,-3.8123412,1.6972023,1.5291344,-0.43625894,0.6120033
-0.16292854,0.20356834,0.46117622,0.8256868,-1.0530603,-4.0249815,2.1297567,1.8196509,0.2875925,-0.6677375
0.37340963,-0.89978385,0.30949178,0.61359,-1.9116762,-2.660602,1.956763,1.663664,-0.03387282,0.4269451
-0.0014754236,-0.118015245,0.57139236,0.8106495,-1.5499375,-3.5708447,2.3731208,1.6765351,0.34669182,-0.58016306
-0.7502388,-0.078856505,1.4856632,1.3931634,-2.496876,-4.1621118,2.1056805,1.8785878,0.7478215,-0.26479852
0.31042612,-0.4471954,-0.3808264,0.088905275,-2.338225,-3.5137951,4.069585,2.8750718,-0.25798073,-0.69479114
0.22727306,-0.1789706,0.056491863,0.76542103,-1.8648193,-4.684304,3.2751684,2.4282331,-0.09021015,0.1787571
-0.9216919,0.7339604,0.6920127,1.5808514,-1.6579618,-4.707055,1.8655717,1.9178498,0.35735226,0.14948489
0.57086414,-0.6069948,0.43599686,-0.6657131,1.8381038,2.157541,-2.361195,-1.5302615,0.57299644,-0.18563624
-1.916107,-0.28662115,-0.025085393,0.21467713,1.3819144,3.6543446,-2.3013823,-0.38008156,0.31323904,-0.89276314
-1.2989906,-0.53122306,-0.3457882,-0.40577087,1.5364668,5.3084326,-2.2206867,-1.2086488,0.36479858,-1.1221573
-0.6413698,-0.52384037,1.174266,-0.107129484,1.0235987,3.266936,-2.6342785,-1.7052678,1.0665202,-0.62119627
-1.6481098,-0.66614425,0.6275782,0.08452135,2.4135795,4.868541,-2.7498367,-1.423304,1.5027715,-3.0687213
-1.2172949,-0.96456194,0.9804393,0.09912388,3.2355628,5.805375,-4.3213935,-2.862344,1.6962717,-2.164575
-0.52158856,-1.3038975,-0.7062622,0.3189904,1.8188391,4.9341087,-2.947617,-0.82965904,-0.15062821,-0.57118607
-0.47529298,-0.5383903,-0.15094648,-0.12021083,1.3098648,3.7787478,-2.0981681,-0.89710504,0.50689775,-1.1522655
-1.2404197,-0.87370414,1.0734127,0.66725177,1.4164522,3.882991,-2.8572779,-0.7648222,0.78445774,-1.9534202
-0.5579378,0.20405534,0.43534398,0.04283452,0.4783439,1.8829484,-1.3698709,-1.0212482,0.36345884,-0.6201722
-2.4651,-0.851265,0.3905448,0.29457706,2.4054103,5.191511,-2.8438432,-1.2759621,0.97810686,-2.0321674
-0.85899353,-1.1054642,-0.41732755,0.33808672,1.0381658,4.9493294,-2.6035128,-1.0272478,-0.15331401,0.18074517
0.43494636,-0.5134097,0.1965725,-1.1679513,2.960484,5.0136223,-3.9621775,-2.5129614,0.81819004,-1.2449058
-1.1881543,-1.4206437,0.65934837,0.8526161,0.6016038,3.162092,-1.8997679,-0.17451854,0.60093164,-1.1084116
-0.74888015,-2.38642,1.2042059,-0.98659503,2.2543454,6.563467,-3.2523286,-2.027474,0.9146826,-1.3486564
-1.3432162,0.20292398,1.1855794,0.32476467,1.636152,3.4878092,-3.1893218,-2.0759957,1.0764037,-1.4638393
-1.2906778,-1.2252573,0.20496926,0.12123719,1.6964078,5.301709,-2.7244904,-0.72278595,0.43944615,-1.9276617
-1.1587645,-0.86624956,0.5498076,0.074169576,1.512583,3.9662325,-2.444725,-1.2669166,0.5120875,-0.8861753
-0.82909846,-1.1476513,0.62316173,0.027639538,0.5703345,4.6659327,-2.7522967,-0.9932466,0.31919315,-0.37280208
0.20576389,-0.6304878,-0.7935633,-0.88599074,1.9272883,5.5304174,-3.7536187,-1.8041793,-0.41300002,0.57269686
-0.47972715,-0.6116102,1.2815825,0.18115808,2.0328074,5.5077515,-4.800043,-2.8563805,1.216459,-1.1267657
-1.6907709,-1.5804253,-0.25162828,-0.107634485,1.3087177,6.2651587,-2.3839424,-0.47701976,-0.022497302,-1.1000855
-1.7024478,-1.0931433,-0.039451968,0.17892012,2.0225525,6.577402,-2.6368103,-1.5501729,0.45300964,-2.119842
-0.5667331,-1.7771987,-0.2268878,-0.19345212,1.1534092,4.1588917,-1.5503769,0.021311192,0.11548702,-0.94110394
-0.639487,-0.31200212,0.20523296,-1.0058655,2.1447158,4.180313,-2.0761628,-1.4340456,0.83136594,-1.8298886
-0.30642325,-0.2619166,-0.375776,-0.50294924,2.341876,2.8255866,-2.2792346,-0.907204,0.6413149,-1.2137341
-0.8885373,0.23881659,0.8096818,0.5815619,2.5127447,2.773789,-4.0611415,-2.1824198,1.0862048,-0.69002193
0.6156627,0.086006545,0.25932872,-0.4096962,1.0103557,1.6847818,-2.1802852,-1.3408788,0.39011338,0.110365316
-0.08863361,-0.41682222,1.334061,0.128198,0.7643669,2.445177,-2.7615275,-1.5328056,0.96561587,-0.5765832
-0.23791929,-0.7899208,0.5535973,0.23012519,1.1482728,2.7982514,-2.4021113,-1.1750407,0.74523556,-0.5450569
-0.28665578,-0.08163009,0.30722803,-0.14522067,2.1564703,3.0866902,-2.8274066,-1.8116109,0.862839,-1.079443
-0.56321335,0.83446705,1.5056461,0.025324643,2.1296513,1.5109788,-3.142152,-2.302963,1.7687073,-1.5519829
0.65923196,-0.32521054,0.77129155,-0.008906782,1.4287126,1.4202896,-2.2110267,-1.825985,1.0263481,-0.5568811
0.9211446,0.80926394,0.48265937,-0.3494242,0.562366,0.100094676,-1.7278668,-1.2577994,0.32903197,0.22062479
-0.0279807,0.62479544,1.0486606,0.09415501,1.4236522,1.0227077,-3.036237,-1.8808372,0.7832719,0.38121396
-0.25185543,-0.2921447,0.07289229,-0.55779624,1.558228,2.4520872,-1.9515038,-0.9540029,0.72935367,-0.570278
-0.056302205,0.6248616,0.70448595,-0.12831935,0.6059149,-1.2316813,-0.1199492,-0.36594716,0.90616065,-1.0215278
0.8770142,-0.46010223,0.670532,-0.107798815,1.0567825,0.6765164,-1.7907689,-1.2643988,0.76192683,-0.22654592
0.48730505,1.042382,0.639211,-0.28728142,2.038303,0.87205625,-3.436652,-2.2964687,1.1004921,0.36462015
0.88605744,0.41223273,0.8625016,0.3490007,-0.516135,-1.0317695,-0.64772415,-0.7641716,0.32179305,0.1325564
-0.09649159,0.54100865,0.719899,0.6683647,-0.12504475,-0.95730567,-0.8703739,-0.41533154,0.17493056,0.40309894
0.59464836,0.44425026,0.38875893,0.09883718,0.24677616,-0.68710685,-1.0821178,-0.7275242,0.3082514,0.5283904
0.04099588,0.020669097,0.12456569,-0.34904465,1.7406912,1.7639761,-2.0889368,-1.3121016,0.3514176,-0.122844264
0.43613952,0.6662055,0.39385378,0.105092324,0.1604046,-0.65016824,-0.8199952,-0.46253616,0.6036719,-0.54653883
-1.0796992,0.8416184,0.80661756,0.12572546,2.3070965,1.034437,-2.2402856,-1.3938882,1.3964505,-1.7770774
-1.7154151,-0.44349328,0.32791182,-0.48206064,2.5196104,4.84046,-2.620125,-1.2439804,1.1256933,-2.53199
0.2569254,-0.2992402,0.45148665,0.1341559,0.4060536,1.1532817,-1.8544679,-0.7736319,0.5993581,0.084211126
-0.75510824,-1.1393924,0.91646653,-0.16491494,1.3309445,4.524,-2.9585822,-1.5538129,1.1000813,-0.97219574
-0.95892537,-0.56210124,-0.11151521,-0.7695029,3.5664964,6.097657,-3.847117,-2.6766558,1.4203804,-2.0695276
0.70810676,-1.3391658,0.56043124,-1.0581249,2.54666,3.898157,-3.1812265,-2.036312,1.4098312,-1.0216447
0.08298822,-0.7230511,0.8498203,-0.6051338,2.194991,1.8925688,-1.5864251,-1.5461049,1.4810455,-1.911999
-0.37071538,-0.73633575,0.5441735,0.24070938,0.9033765,0.7698821,-0.7434496,-0.21517989,0.80629957,-1.3023036
-0.4737978,0.16248277,1.4949819,-0.14802203,1.8134022,1.2951182,-2.1684937,-1.7685479,1.7873864,-1.8512173
-0.0017937571,-1.2524043,0.9479946,-0.5423924,2.1212494,3.7572253,-2.605626,-2.031878,1.2194426,-1.3862557
-0.0075357556,0.57165205,0.93497974,0.1918375,1.074116,0.27402735,-1.7720386,-1.4752933,0.5815797,-0.15316115
-0.5080974,0.3586088,1.3655125,0.16886231,1.6445544,1.114619,-2.6544762,-1.7226528,1.4713433,-1.0293174
0.5588097,-0.15109378,0.40678015,-0.34044382,0.8334039,0.61839205,-0.9922815,-1.0724978,0.6940565,-0.3393165
0.058381006,-0.18977505,0.4248358,-0.49957904,1.3966293,1.0475616,-1.1168246,-0.8861223,0.5548188,-0.8347527
-1.0684834,-1.1479723,0.31203264,-0.7135577,3.956644,5.8515224,-4.35817,-2.4819841,1.1863887,-1.27811
-0.89159405,-0.21852574,1.3557351,-0.015766531,2.2566385,1.3379116,-2.2396095,-1.212475,1.7080569,-1.8163561
-0.93311775,0.3457544,0.9741466,-0.21030954,1.8937199,1.0288641,-1.5923712,-1.1638539,1.5482078,-2.0659811
0.61371124,-0.41912916,-0.0039618947,-0.7274102,3.125096,3.8953316,-3.6067781,-2.6572237,1.0920748,-0.9680058
0.2760865,-0.1824221,1.0513436,-0.558488,3.3375082,2.4358468,-3.3878686,-2.5771437,1.4100561,-1.49841
-1.0442358,-0.43101123,0.8495175,-0.14106545,2.2607434,2.7512753,-3.1944518,-1.5596669,1.1404877,-0.2637515
-0.2091005,0.09041812,1.0154761,0.11188466,0.59305555,0.17022783,-0.6081918,-0.55438524,1.0586519,-1.805283
0.7202196,-0.33078098,1.0038142,0.4728386,-0.40288734,-0.03324884,-1.8187745,-0.80846435,0.09404219,1.3974208
-0.69193226,-0.7968532,1.1903256,0.2836219,0.4346553,1.5705812,-1.0094662,-0.51375026,1.1159308,-1.4354604
-0.36006802,-0.27939144,0.7924152,-0.09880382,0.9120224,1.2872689,-1.5529073,-0.9592027,1.0513929,-0.55666363
1.2001771,-0.016001659,0.56015867,0.7122601,-1.2405834,-1.4193811,-0.31900877,-0.20613326,-0.09009413,0.90289855
0.027896807,0.014512861,0.50633675,1.4199921,-2.4911394,-3.162337,1.5359304,1.6183962,-0.10033042,0.6888182
1.5685732,0.59881616,0.6090406,0.44529772,-1.3907809,-2.7695034,-0.24319628,-0.31268048,-0.22710022,1.8988773
-0.26036638,0.095778205,0.79478157,0.7862302,-1.5398691,-2.6018927,1.0355673,1.0890417,0.27600303,0.4931569
1.3616514,-0.060144316,0.16548976,0.001729101,-0.8565506,-1.8481445,1.0391474,0.42127636,-0.07846604,-0.2616617
1.389165,1.3648813,0.18296327,0.5018641,-1.3558846,-3.0122507,-0.22508168,-0.010783659,-0.5350416,1.825599
1.1833265,0.55245656,0.5452957,-0.15711758,0.441894,-0.354999,-1.7683358,-1.2625273,0.27639514,0.93861467
0.86553955,0.99937236,0.42779672,0.9893073,-1.0921142,-2.3832433,-0.3563989,-0.110915005,0.109775566,0.55641323
2.3630075,0.2629401,0.50865346,0.14066313,-0.759067,-1.6635853,-0.8664738,-1.1882885,-0.3355476,2.0242746
1.7348305,0.73709965,-0.050041046,-0.057585865,-0.969999,-2.0402784,-0.2142223,-0.07030578,-0.5525135,1.4465044
1.6565186,0.4324556,0.3476536,-0.058738083,-0.6554648,-1.0697048,-0.70535225,-0.6398348,0.21459362,0.7013452
0.967144,0.7393404,0.5742749,0.35324103,-0.6138233,-2.1256998,-0.2813605,-0.20659435,-0.0006907787,0.6765242
0.5184286,0.1375188,0.9228966,0.2264082,-0.22259392,-0.5866122,-0.4745286,-0.6865105,0.71467805,-0.6185833
1.051947,-0.17738736,0.41741613,0.6388484,-1.1599548,-1.6004871,0.18917109,0.30930656,0.20951454,0.3149411
0.3855462,0.34054798,0.7422385,0.54418826,-0.5780295,-2.5239608,-0.23269819,0.26315188,0.43453956,0.7075365
0.17412543,0.45065778,0.13234939,0.3357278,-0.33375394,-1.2508541,0.38066512,0.24103847,0.05814726,-0.105053455
1.2965142,0.455471,0.029946905,0.2915045,-0.67049754,-1.3046447,-0.3147341,-0.078924805,-0.027794885,0.4401306
0.50605035,0.4514455,0.86372024,0.6558794,-0.64100444,-2.3400507,-0.0077736974,0.035927743,0.6259567,-0.102331236
1.7304531,1.0016313,-1.8943101e-05,0.08942869,-1.0139315,-2.0736535,-0.2996344,-0.26519334,-0.31210014,1.1067706
1.614207,0.106333174,0.217795,-0.04079038,-0.6231553,-1.3018544,-0.3548578,-0.10248387,0.1005645,0.7384026
1.5719765,-0.18073604,0.6085759,0.52061677,-1.6748946,-2.2066774,0.3809216,0.30269197,0.052303873,0.58800226
0.29504278,0.39030555,0.2829615,0.5379473,-0.683029,-2.0171318,0.54057217,0.5099359,0.44939592,-0.44617885
0.94636583,0.15970325,0.3979131,0.22321784,-1.0964377,-2.3873074,0.83736724,0.6025956,0.31089738,-0.036823884
2.0733385,0.8749665,0.30664656,-0.12425062,-0.08741527,-1.5520943,-1.2727914,-1.3637929,0.17680347,1.3902832
1.3243121,1.3303823,0.4287516,0.09350857,0.20785454,-0.86440194,-1.9194912,-1.3401123,-0.06562743,1.011042
0.6387445,0.6571496,0.11802612,0.62000203,-1.0333219,-3.341207,1.08362,0.71088886,0.111266665,0.28982896
0.6037461,0.022807324,0.5774555,0.5529088,-2.0091236,-4.0178127,2.347622,1.6307166,0.18493395,-0.08229528
0.8826034,0.29737693,0.40894675,0.2623532,-0.7703888,-1.4832635,0.21481825,-0.14337152,-0.041100703,0.35619467
-0.060160965,0.39216366,1.0924755,0.09870107,0.5800516,-0.514221,-1.0508806,-0.7242168,0.88842607,-0.7078278
0.40821993,0.33127394,1.0369719,0.39152846,-0.39930132,-1.2935315,-0.5503613,-0.357671,0.6670478,-0.06814279
-0.19817622,0.67674005,1.3465096,1.5157645,-1.6686876,-3.3923092,0.072741106,0.8301651,0.46716243,0.43763024
-1.5999331,0.9567641,1.4611862,1.1599389,-0.35387707,-2.0636976,-0.47039157,0.31282932,0.9457479,-0.6148299
-0.7509154,0.8385456,0.74815494,1.0097516,-0.6246153,-1.5691208,-0.38091195,0.2899909,0.34084746,0.045416385
-0.6090113,0.5132063,0.86859524,0.84658134,-0.41621235,-2.0466323,0.17348535,0.35555634,0.4946305,-0.20700221
0.22429441,0.83148646,0.9297661,0.3835461,0.02454026,-1.7374429,-0.4097365,-0.5960874,0.83420044,-0.54925567
0.6292023,0.8492474,0.25523773,-0.14923164,0.44349664,-1.7268803,-0.22394654,-0.37478912,0.39709926,-0.22433628
0.20424546,0.4168927,0.27664852,-0.050429016,-0.05137153,-1.8031511,0.6828582,0.48830286,0.6305104,-0.8850297
-0.030681074,0.8513933,0.7088626,0.46571597,-0.30966428,-2.3347292,0.16991921,0.09955606,0.58709407,-0.2869656
0.021786973,0.6980705,0.6657706,0.3222441,-0.437295,-2.1027896,0.36220485,0.10979029,0.64368916,-0.2646044
-0.035270765,0.7832242,0.5620954,0.10376546,0.5823785,-1.4972913,-0.43297076,-0.15477404,0.49337554,-0.53314185
-0.18871434,0.66087246,0.81233567,0.4423693,0.12636739,-1.1045436,-0.5020277,-0.32990813,1.0125135,-1.0635808
-0.90180826,0.8749164,1.1882274,0.8125578,-0.0357334,-2.508488,0.15154125,0.022371171,1.1730418,-0.8319371
-0.3443122,0.8684643,1.1816173,1.3856536,-1.0979292,-2.5232117,-0.5549234,0.17428114,0.7547601,0.1937011
0.57546943,-0.2533538,0.5177448,0.44854766,-0.5474125,-1.6384473,0.28887826,0.44498652,0.2789244,0.123670906
0.08357307,0.17456391,0.9682668,0.26550084,-0.20039025,-1.1839036,-0.048588455,0.019032931,0.6677117,-0.6917337
0.50834715,0.75318015,0.56161267,0.5678574,0.2473593,-0.9734331,-1.1650534,-0.95818824,0.52686995,-0.0031300336
0.1538529,0.7194557,0.15097651,0.76832545,-0.55213404,-1.6420236,-0.4835708,0.22661155,0.068851985,0.5349746
0.0403028,0.8819868,0.084383026,0.12827319,0.39972472,-1.1347598,-0.27915096,-0.14881963,0.3229476,-0.37274754
0.31804165,0.59973,0.7808672,0.35123518,-0.46997973,-1.9005785,-0.22427765,-0.13352613,0.325404,0.5936407
-0.111173466,0.9382862,0.77502733,1.0785292,-1.9522126,-4.3171434,1.319792,1.3775,0.19531617,0.6031986
1.0358739,-0.279413,1.2364515,0.7031431,-0.62379396,-0.6188761,-1.5333738,-0.88595015,0.5493759,0.77375764
0.63738126,0.13051838,1.2048554,0.22376421,-0.40275833,-0.99812686,-0.40985578,-0.6507663,0.46783724,-0.12116134
-0.63911897,0.987515,0.068681285,-0.19720295,1.3824253,2.2694242,-2.2156568,-1.4977648,0.67854285,-0.9316809
1.1343342,0.031417426,1.0962769,0.48479745,-0.63363194,-0.5122236,-1.2611097,-0.90699524,0.42213088,0.3865732
-0.8670764,1.1155453,0.74395674,0.99855125,-1.2125175,-2.6447933,0.6082209,0.70469946,0.42096317,-0.043160632
-0.2198111,0.2869675,0.82901955,0.2514209,0.53643185,-0.095365226,-1.2358446,-0.7387795,0.6350784,-0.18406688
-0.04131426,0.43047658,0.21221623,0.07326716,1.1580217,-0.10908274,-1.3131087,-0.7064816,0.5251078,-0.29313344
0.68859303,0.060271557,0.81797284,-0.48727873,1.1027439,1.1667775,-1.7995,-1.7206879,0.8436891,-0.5190476
0.42227042,0.088227354,1.3371953,0.14365825,0.25329375,-0.24914432,-1.5279537,-1.1736782,1.115238,-0.2746731
-0.12078558,0.20617914,0.6594753,0.51612675,0.23769301,-0.32628673,-0.82781786,-0.37043706,0.4484804,-0.37642252
-0.061371192,-0.45033228,1.053326,0.040775776,0.53057724,1.0843511,-1.6796815,-1.0001991,0.83689123,-0.14810903
0.72168016,-0.846737,0.4583735,-0.93831635,2.257274,2.4183104,-2.5154605,-1.6796904,1.1289352,-0.6951624
0.1945257,1.166394,0.98931396,0.3774838,0.65443856,0.013899028,-2.3779986,-1.4733908,0.69524246,-0.25407845
-0.76447535,0.26377222,1.6708914,-0.050531358,1.770355,2.459353,-3.3718045,-1.9065502,1.7657573,-1.6717006
0.32205772,0.2814368,1.059095,-0.30006596,1.6101985,1.2220492,-2.1476543,-2.0835886,1.1226231,-0.9513159
0.45035923,0.7524464,0.42982796,-0.22909829,1.2051339,0.34587336,-1.890113,-1.5826724,0.6362279,0.031500444
-0.8744534,-0.7365911,0.19664092,0.13509065,1.5117848,3.5283973,-1.9513497,-1.1390105,0.6620942,-1.2703309
0.311073,0.21206275,0.3145744,-0.081285566,0.79786485,0.47319996,-1.4448978,-0.8197474,0.42571035,-0.04228148
0.41438293,0.16036934,0.06707835,0.007569909,0.9360997,1.0275497,-2.0127294,-0.9900163,0.15085584,0.48411876
-0.6689917,0.7520951,0.879253,0.83951163,0.9494551,1.3811532,-3.1574402,-1.6821716,0.6564763,0.019207634
0.29991466,0.20687722,0.5515957,-0.5265641,1.2905858,0.86848617,-1.9165787,-1.2284652,0.6271915,0.15531352
0.25385118,0.15563923,1.1842924,0.21506408,0.74129087,0.7744024,-1.6645496,-1.3108977,1.0145208,-1.3763896
-0.20456852,0.56489986,1.0947744,1.2590704,-1.1533555,-2.463258,-0.042733967,0.57575566,0.8536598,-0.6092589
0.84633523,0.5157306,0.8550853,0.5770906,-1.189739,-2.038916,-0.2115371,-0.21494341,0.23319799,0.7088057
0.65538025,0.33321062,0.81749326,0.7600994,-1.3748875,-3.3316166,0.81206495,0.72918415,0.451771,0.22236635
1.0427241,-0.69954836,1.3722478,0.6973165,-1.8546321,-2.7222679,1.1506654,0.72495973,0.3571774,0.14519858
0.72825783,0.51670355,0.88558733,-0.26061633,0.67797786,-1.2192904,-1.138012,-1.0033911,0.8480728,0.05046074
0.24797992,0.62020546,1.3070878,0.6045742,-0.49951872,-1.9774987,-0.42355907,-0.71909386,0.77273446,0.41409582
0.000508368,0.56338066,0.410034,0.1765084,-0.118451566,-1.4992739,0.16492246,-0.159052,0.3707027,0.058557183
0.2896467,0.7229361,0.1765595,0.419608,-0.085681945,-1.3698663,-0.2250302,-0.27115855,0.056042455,0.2562647
-0.71086925,0.8425567,1.0865773,1.4043424,-0.9945682,-2.585916,-0.082796894,0.49901885,0.48663852,0.0317097
0.84429437,0.5380031,0.56812084,0.4336353,-1.121939,-2.442791,0.22041948,0.15883479,0.13477242,0.7992677
0.0009482056,0.26750055,1.0481979,0.88304055,-1.2754116,-2.6134028,0.5438612,0.5738985,0.6224759,-0.10805391
0.8601198,0.32471952,0.23311624,0.04617372,-0.6635597,-1.0739026,0.015253469,-0.2220763,-0.20477884,0.7998277
-0.5762087,0.1722759,1.3719784,0.793661,-1.0521007,-2.424431,0.72450775,0.6210775,0.8573426,-0.41474962
-0.39785463,1.0186679,1.9679437,1.4366951,-1.1593175,-1.8841965,-1.1104418,-0.5382165,0.97675395,-0.2776217
0.06772719,0.035743203,0.6989953,-0.12759313,1.1689265,-0.21743071,-0.88682026,-0.86093944,1.0084572,-0.6409111
1.0091299,0.65436125,0.4279676,0.37284663,-0.78792673,-2.373431,-0.2899148,-0.12653178,0.42425042,0.75144243
-0.219299,1.0163339,0.9079074,1.001694,-0.93084776,-3.5273092,0.17719205,0.48543882,0.66143954,0.5558719
0.6405325,0.6655736,0.2803574,0.700683,-1.0797799,-1.6793773,-0.14775352,0.08711068,-0.17167887,0.5425596
0.46960717,0.36844704,0.51526177,0.57315636,-0.96447575,-1.2645593,-0.19458465,0.17560735,0.13128123,0.09274982
0.052627943,-0.0262546,0.16167136,0.85728943,-1.355406,-2.5966005,1.6523126,1.5928504,0.1237719,-0.76778436
0.874726,1.2635008,-0.22169487,0.37581855,-0.6563474,-2.3762667,0.07455087,0.16149111,-0.23938361,0.8733142
0.41402155,0.43408534,0.70321894,0.23651725,0.2526609,-2.1684453,-0.14113186,-0.24770907,0.59992146,0.06115394
-0.5374094,0.10385024,1.0400003,0.6440065,-0.73114365,-2.6110508,1.1204363,0.9258961,0.8243459,-0.89288425
0.7788467,0.0592398,0.23704161,0.67439365,-1.2625737,-2.7274528,0.77427375,0.9282492,-0.12632027,0.82520455
0.8796393,0.26803368,0.43136138,0.253964,-0.78151983,-2.4270968,0.35012394,0.25695756,0.22650902,0.52316827
0.11323569,0.29625377,0.52291286,0.41831562,-0.49996805,-1.420263,0.14223321,0.20519063,0.28581008,-0.003743723
0.58401716,0.62559634,0.4991825,0.24431866,-0.3111235,-2.093611,0.12572788,0.0033036303,0.2268905,0.26672933
