6.7154326,-6.0182157,0.11455649,1.3378766,-17.117224,-13.536443,12.515045,13.837362,-12.890308,14.053486
12.817889,-9.184046,-6.9095573,1.789893,-15.30384,-16.286585,10.634193,24.129345,-15.192232,13.018818
24.112991,-5.0432096,-6.7190228,-12.87336,-13.0091,-11.482011,13.193432,10.310295,-13.577325,15.392573
9.494831,-3.5491688,2.3915257,-5.8147364,-20.902681,-18.210932,21.926577,13.130509,-5.31254,6.455091
2.71733,-9.383959,0.539484,-1.8621917,-14.729008,-23.935219,32.10716,24.142775,-11.055728,1.1776702
0.98103315,0.28395748,-8.260048,7.03773,-8.373477,-19.056738,12.955713,13.847019,-15.187042,14.466783
9.136235,3.6189184,-2.8117251,-5.797433,-16.16548,-19.517973,24.498407,9.753162,-6.279833,3.3689992
8.787747,-0.32367527,-1.15398,-7.98882,-17.581047,-20.91167,30.046453,15.912497,-12.294949,5.3686295
8.595188,-6.5689783,5.7172785,-5.047532,-22.847141,-17.304619,26.56995,17.362642,-4.7390633,-1.7002757
4.8179216,-3.2197392,10.406828,-10.273979,-18.808014,-17.26337,28.51353,9.960749,-2.2329595,-2.5910754
10.111921,-7.06041,4.225326,-8.078755,-19.070948,-18.944658,32.237595,16.427507,-7.145845,-3.2676568
4.4112577,-1.1134295,5.9692183,-5.368024,-19.344566,-18.325142,26.039412,11.028162,-4.983176,1.8145025
3.0035694,-12.483483,3.6525962,-0.81380856,-20.080528,-19.232168,26.785728,27.12851,-9.441064,2.0344794
13.285464,0.09388441,0.5337259,-7.0934224,-18.155327,-21.843386,25.762728,12.684937,-7.2526946,1.5449371
7.482255,1.1989961,2.6235464,-8.134126,-19.278921,-20.461761,28.406002,12.291186,-2.8933713,-1.531685
7.242017,4.9194093,-1.974444,-3.5504477,-17.433647,-17.638935,23.398487,10.413616,-6.3981133,1.4709123
-0.7745198,-6.7107506,1.5713055,-1.1637875,-15.889958,-17.968353,30.619308,21.56805,-8.743898,-2.7377896
11.056982,-9.050485,2.6630337,-5.0871286,-20.035433,-21.446232,29.111738,20.454649,-9.002163,1.4306575
6.8460226,-10.131561,-2.4555178,0.29570258,-14.661714,-16.474966,18.230934,24.648249,-13.782514,7.7111135
9.468862,0.3236699,-1.9232943,-6.785098,-18.318012,-19.927174,26.260378,15.937014,-7.2726912,2.1502318
13.83563,-1.6935637,-0.39304727,-4.313946,-17.544025,-15.24572,16.08152,9.752672,-8.584647,7.9738584
7.959796,-11.33179,-0.1820972,2.6288128,-13.671693,-14.498136,12.834577,21.201757,-10.292694,4.4919205
14.839433,-0.791345,-7.0164485,-7.339238,-15.431627,-19.491835,22.997387,15.325736,-11.928898,8.6253395
8.841771,-9.019971,-1.7706242,-1.4510732,-15.9289,-21.442305,25.826784,23.886797,-10.585492,1.831357
8.928038,-7.424341,-3.9770546,-5.2695694,-12.597962,-17.964628,25.75889,20.685274,-11.395591,2.5330124
18.864855,-3.850933,0.7255665,-8.231824,-16.531958,-12.615198,11.090886,8.999895,-11.6215515,12.415509
23.911537,2.881309,0.35556912,-9.554323,-20.061373,-16.132648,11.8660965,1.1453184,-10.215344,14.915206
18.746304,-9.583252,2.0373123,-2.8119497,-15.707058,-18.492943,14.511005,12.057344,-14.123144,13.41092
24.37508,-4.5943575,-1.5529772,-11.058695,-17.224762,-17.777035,18.123838,8.334841,-12.847102,14.311882
19.72027,-2.7711582,1.5346829,-10.0244875,-16.074963,-20.563374,21.889946,9.318503,-9.327676,5.710342
18.190054,-3.9031558,-4.378712,-9.7631035,-17.036564,-16.050076,21.977669,13.033033,-16.311424,14.0332985
20.223873,-3.6899447,-2.3548868,-10.351994,-14.815626,-13.918646,16.07845,8.93524,-12.418082,11.971134
22.715883,-4.5306916,-2.782739,-8.310892,-14.402658,-17.56999,15.849209,9.390069,-13.136314,12.180114
32.89262,0.6795931,-2.4805374,-14.556743,-20.758434,-18.351444,16.143747,8.260554,-12.859012,11.15465
30.26546,-1.2503405,-1.4692159,-13.905414,-20.648228,-20.460676,20.256859,8.000795,-11.825493,10.865676
27.638271,-1.2610761,-0.8172685,-11.347173,-19.932817,-18.964989,21.435331,6.7938375,-8.1398535,5.0697813
28.491732,-4.889183,-1.0118096,-12.122427,-18.371439,-22.840767,23.687017,10.1804695,-9.112025,5.2153134
28.442019,-3.3227131,-5.615934,-11.340313,-11.882817,-14.485887,9.361542,3.2530003,-14.015261,19.35003
21.951948,-6.959593,-4.2820654,-8.158239,-16.59863,-18.125908,19.35387,14.556131,-16.112911,14.030191
33.07026,-4.451197,-6.429451,-13.623974,-15.531007,-12.0298,9.048071,8.305452,-20.66337,21.677973
24.987453,1.4163345,4.054967,-11.370878,-17.913122,-15.690468,13.885139,2.8805714,-3.8632238,1.073764
27.810238,-2.0251775,-4.700707,-9.436256,-18.62863,-13.806928,16.18617,7.646724,-12.332474,9.146191
29.341043,-3.7927961,-5.487879,-11.479657,-13.571619,-13.369017,14.797597,6.1250095,-13.894901,11.278769
25.051455,10.46647,-4.4342504,-13.705321,-17.48745,-15.566692,17.327541,1.0966974,-8.914501,6.274148
23.48955,0.4731632,-4.422951,-13.282528,-15.912705,-15.074051,18.76742,5.1545067,-15.657814,16.440647
21.608421,-3.7055075,-6.2725554,-7.344682,-13.09765,-12.1231575,15.949152,8.284329,-17.865887,14.421306
22.243372,-2.1751986,-5.606168,-6.9654055,-12.139969,-17.37049,14.405835,7.471328,-13.11521,12.806665
28.686195,-1.3203382,-4.81594,-11.188789,-17.5561,-13.188142,15.594797,6.075487,-10.376018,7.9235554
36.01834,-0.10202205,-7.205915,-10.98285,-16.8554,-13.455587,9.361886,4.2906647,-15.666782,14.364256
35.122807,-2.3142118,-9.315029,-9.1692295,-16.914879,-15.2483835,7.7526674,8.910206,-19.741016,20.652409
11.768585,-5.075767,-10.810419,-4.6818037,-4.159553,-9.5215845,-3.2816174,4.5152373,-28.446846,48.320156
9.342785,-5.695017,-6.208057,5.771385,-8.643011,-12.966887,1.2692462,8.968459,-21.832523,28.952787
16.040058,-9.144991,-10.824604,-3.293623,-5.539422,-7.0662575,-5.1972976,6.9567223,-27.442614,44.277016
16.472345,-2.6597385,-9.34746,-0.95753604,-10.107663,-9.560125,-4.205355,1.773729,-24.341139,41.957752
12.9904375,-0.8574777,-9.894178,-0.26499414,-7.103234,-13.161845,0.5571109,2.8073301,-23.125458,37.722683
10.532899,-2.632945,-10.411998,4.5709867,-7.8974776,-13.216378,5.714556,8.623904,-18.216043,22.018343
6.90503,-8.132223,-2.2099912,5.91191,-10.443568,-11.985879,1.2088311,9.653247,-15.994434,24.159685
8.973948,0.22180235,-8.096764,3.4462636,-8.317371,-15.244368,-1.28214,1.5956331,-22.016443,39.666264
12.067078,-2.8939,-9.04202,-4.5302224,-2.5078971,-4.842698,-6.694477,0.53297085,-27.497414,44.60655
10.642576,0.06127608,-12.888193,1.9058038,-0.70693517,-7.4073186,-10.485873,-0.6631271,-27.881762,47.025158
3.8220034,0.10237956,-3.1220841,4.002971,-6.720976,-9.75117,-4.3152676,3.630456,-15.636882,27.392881
14.245186,-5.549965,-8.024596,3.0177016,-5.2454185,-13.72579,-2.847301,5.5916934,-21.202032,33.445286
10.287654,-2.5126233,-6.187889,3.8659127,-6.8813205,-12.197584,-3.4639103,4.9027596,-23.302277,34.374763
12.030569,-4.281002,-5.7899294,6.669215,-11.02466,-12.933771,-0.4880247,6.8703012,-16.592087,24.942171
6.1282015,-5.6058435,-5.662619,3.829094,-6.155626,-11.824602,-3.5618625,5.1961384,-19.405594,36.085773
10.157084,-3.7563465,-8.945121,1.2836417,-1.8359792,-2.7555504,-13.487747,-3.4159703,-25.507345,47.67611
3.2874622,-1.4049351,-11.994719,3.9319284,6.068086,-4.204038,-11.399778,-1.6006784,-23.440306,40.770855
1.5744267,-8.102531,-4.240071,8.427908,-5.769452,-8.974748,-1.2703421,8.153177,-18.718864,28.455608
2.6236122,-2.0084012,-7.8218703,7.977378,-2.406766,-8.3876915,-6.2612324,3.7510552,-21.383486,32.883186
4.2875524,-1.4714432,-7.4023323,2.1017601,-6.3746676,-7.143166,-7.462613,-0.468458,-22.32828,45.787415
5.7284346,-2.9522386,-8.512289,2.9074464,-3.4521186,-11.446255,-4.780701,4.239287,-25.25697,42.755337
8.19104,-3.1882472,-9.498718,3.6596599,-4.240365,-7.323559,-5.7488594,4.1651926,-25.585949,38.87038
10.689,-8.7423115,-8.105238,5.799826,-7.4402523,-8.905351,-6.0833974,7.269356,-27.687147,42.110233
6.717138,-7.100416,-8.070874,3.3645837,-2.9340467,-3.1641726,-7.5707793,1.7940087,-28.032097,43.951954
12.71735,-4.887561,-7.849864,-0.74507904,-4.6081815,-3.8771517,-11.96541,-2.7884185,-28.339228,51.334045
12.794266,2.0415242,-3.0172474,-8.357708,-16.891619,-14.084572,17.050596,8.476073,-10.025954,11.350324
5.2022414,-1.2253368,5.607488,-7.9172163,-20.621616,-19.894133,29.620724,12.772331,-5.454772,1.2137767
14.413184,4.432229,0.067549944,-7.544709,-19.914913,-20.975197,23.875103,7.501056,-2.6597369,0.33229566
13.701229,5.019184,-6.2515926,-8.074474,-13.50427,-15.095983,19.156326,8.885564,-7.156648,3.1837478
15.75136,7.8613377,-4.1933136,-10.457708,-15.447372,-16.099897,23.15317,3.611534,-3.6800675,-0.50879574
10.691624,7.838873,-3.439395,-6.25358,-18.740232,-16.711542,18.301924,8.78736,-7.1965175,6.2648506
13.3873415,1.2877971,-0.5256877,-12.458544,-16.981287,-15.870834,20.820639,9.072773,-4.906259,6.1066265
13.866496,1.6022583,-4.301095,-11.9179325,-14.453046,-15.602594,20.738197,7.2521234,-11.718156,14.532314
8.851621,3.5349112,-3.348324,-9.0464,-12.580111,-16.78196,26.2834,8.9099865,-6.271929,0.85554385
5.230278,4.0677614,6.3860846,-5.953957,-18.95007,-22.340326,27.250767,7.8378468,-2.0079422,-2.922172
7.445766,1.9792347,0.17671052,-8.308388,-17.824903,-20.749842,26.452654,12.490714,-6.0673585,4.220368
14.010956,5.315801,-2.4916868,-9.542312,-17.030453,-17.053104,19.561094,3.5301998,-9.715712,12.134585
14.763084,4.771182,-2.1488292,-11.241084,-18.567633,-18.124165,23.674278,9.619344,-10.038283,7.3522506
10.0718,-0.4422449,5.3111744,-10.4310465,-18.632544,-21.639776,32.315117,8.569088,-2.572054,-2.6374636
14.867045,8.972769,-4.039267,-11.782559,-14.400197,-15.726411,16.816048,0.35882914,-9.658294,13.780696
2.0838356,-0.008927107,7.9235835,-6.3878117,-21.05437,-20.143934,34.79608,11.5208645,0.13309059,-8.721391
9.531928,4.0115356,2.5312035,-9.189228,-19.119135,-28.74654,38.336536,10.753673,-1.6621964,-6.509902
7.7331934,2.2318606,2.9427032,-5.8637915,-19.795433,-24.70517,36.93727,13.466772,-3.999746,-9.538031
3.9184191,0.15932572,7.0697455,-7.591358,-19.488232,-25.180248,37.65464,13.90814,0.25988984,-9.913126
7.367464,0.561324,0.7780757,-7.5450225,-16.21547,-26.943932,36.760773,14.619894,-6.899,-3.3554337
10.5165,5.3379064,2.6772585,-11.561878,-18.022682,-20.682291,25.754229,6.7821307,-6.0452743,4.5384264
-2.1596842,6.7805476,4.650592,-3.8222134,-18.091215,-27.919657,34.660736,13.357947,1.7886908,-9.32778
5.061071,-5.6928544,5.638727,-3.3801699,-19.534256,-28.485216,40.53529,18.075666,-3.6305704,-9.354783
7.462717,0.96857125,3.1649492,-9.10225,-18.024248,-20.864368,31.75887,12.59407,-1.4423454,-7.1730447
5.0526757,-1.4264374,5.7608037,-9.037831,-19.792973,-21.364124,35.83389,15.527681,0.22948958,-10.295792
-5.8340697,-4.5612497,-0.4783701,13.95407,-9.361606,-20.508322,16.70708,20.149157,-9.392,-1.855347
31.392216,-1.417128,-2.0063264,-12.984519,-15.846635,-11.362003,9.247964,4.157631,-5.2019043,3.9369178
-9.804816,-9.838899,-5.3737583,18.30474,-3.1662216,-20.442963,15.090059,25.85705,-13.860958,1.7586527
-7.248412,-7.6074705,-3.7468896,20.529072,-7.036742,-24.639357,18.127958,25.25058,-10.145308,-4.44298
2.2277637,-13.042371,1.0664909,13.365387,-9.681185,-19.634243,10.457724,18.930403,-11.993962,8.276459
-8.583569,-7.175236,-1.9454923,24.157108,-0.13595927,-18.694248,3.533781,15.199777,-6.283004,-1.31292
-8.43504,-4.7707877,-2.9130952,19.408707,-6.036435,-21.71499,10.263142,17.36741,-8.754368,4.3002315
-10.160119,-9.141727,-6.096043,22.843687,1.2878151,-22.677076,9.230992,18.335817,-9.869566,4.3141847
-16.43038,-0.9767777,-10.674147,20.101994,7.2400546,-18.075191,10.771148,15.365233,-9.950906,0.987429
-13.628033,-7.7342877,-7.9643455,20.11775,2.4530187,-17.585411,10.017948,16.762838,-15.534252,10.996418
-5.559791,-7.89204,-4.298104,11.074727,5.4215846,-16.080872,5.3231463,12.337758,-12.554855,8.944272
-14.89173,-4.765416,-8.698578,19.170715,2.5154371,-16.056618,9.524355,21.106388,-9.742308,0.8435901
-16.914001,-3.624209,-6.6888366,25.612509,1.8212864,-22.219967,10.565125,19.68072,-9.265112,0.023386478
-18.385706,-2.4605675,-2.5943372,27.56467,0.3782954,-19.197094,2.9725986,12.351879,-5.3231964,2.9503727
14.862586,-12.1694565,-0.91988647,7.2816124,-14.983891,-11.49817,9.763626,16.247875,-5.368626,-3.4194903
4.400573,-14.3462925,0.2711699,7.5133505,-15.004965,-22.454044,22.106468,24.138756,-11.7326145,3.8639665
-5.8286,-6.716365,9.750666,17.700441,-13.071899,-15.480559,3.0454228,10.883202,1.7307471,-2.2972846
-7.517906,-12.391469,5.9916253,19.9933,-10.55971,-17.467747,4.4824615,18.982224,-5.4242477,2.9803257
-9.185948,-12.227569,0.68780327,20.48654,-10.034566,-25.622673,23.429977,27.415579,-6.1702566,-9.036465
-8.43485,-14.28086,0.101000786,23.11294,-13.354222,-19.199224,12.9063835,32.137184,-7.2713532,-8.152543
-4.2571487,-13.02883,6.0348706,19.195503,-13.344156,-17.193483,10.214802,23.280855,-3.7920687,-8.285159
-7.4760046,-15.801704,7.2229853,24.231281,-15.08074,-18.486805,10.0772295,25.600315,-4.0548825,-7.8622723
-5.640877,-16.883429,10.067094,20.446926,-18.258629,-16.641077,9.314754,26.411222,-5.6389527,-4.484263
-9.317192,-14.914271,4.6230326,15.764292,-11.472965,-19.059607,21.61158,27.354313,-2.4197714,-14.440779
-19.66866,-4.8796434,-22.439651,14.088524,43.956375,6.097869,-12.168014,-3.2632558,-18.752327,15.715994
-23.470127,-0.3576538,-18.507236,12.106751,42.59581,3.6425347,-9.886402,-3.3711462,-11.12669,6.8629875
-22.396864,7.6244526,-20.67646,13.744068,40.752563,-8.430669,-4.7269654,-2.4378195,-13.281205,9.097846
-22.15025,4.7490015,-20.483894,12.866554,45.421593,-2.5893302,-7.729277,-4.282445,-13.175763,6.3591666
-21.556767,5.273346,-18.01524,9.913745,40.832935,-3.522816,-7.9662237,-6.031659,-10.693205,10.474709
-19.782032,9.61847,-19.370724,9.396849,43.732338,-4.936057,-8.243181,-9.461982,-7.847923,6.5493255
-23.353949,8.849365,-18.558092,10.125993,44.617603,-4.7538805,-6.3506937,-9.469874,-8.929059,7.3522396
-21.089922,8.875045,-20.691538,6.2701926,43.36991,1.4452294,-11.900404,-10.014916,-10.888427,13.64226
-23.337132,3.1070359,-22.143942,9.598513,49.348,0.25991285,-8.772237,-6.681796,-17.219534,15.759079
-23.26831,8.774067,-17.125975,10.852286,42.583084,-1.4788396,-8.3272505,-7.1747465,-7.3114514,2.1288595
-22.063862,8.988878,-16.680157,12.54884,38.752754,-7.5129538,-5.8381476,-6.0114784,-10.350541,6.6976295
-16.431952,4.956519,-17.113867,6.628667,36.427658,-3.7758346,-4.933286,-6.7150326,-9.829491,10.327429
-21.243937,12.215149,-19.091265,12.059698,40.77208,-7.4416904,-9.7921915,-10.641796,-8.722528,10.268432
-24.64849,8.220952,-21.313742,11.6955,48.111286,-5.6681128,-6.2720647,-7.9604917,-11.127753,7.148802
-23.10691,6.77506,-19.998634,11.8340435,39.77188,0.92700994,-9.866474,-8.399718,-11.684647,12.985958
-19.890469,5.1920395,-19.576202,8.863507,42.117943,-1.5581429,-9.637159,-7.8814297,-10.191983,11.09009
-18.71816,5.5029154,-14.538857,10.621674,31.53018,-3.1062355,-7.093112,-6.731079,-9.544683,10.471014
-22.99138,10.907549,-19.875885,10.529608,40.87299,-4.116436,-8.96109,-9.204979,-7.0894995,8.27557
-15.0923395,2.4386644,-19.212687,8.315579,36.84345,-1.6000038,-7.9910913,-5.68374,-13.718212,14.408576
-19.891436,3.5809746,-20.270334,10.591165,40.638783,-3.1296794,-6.964198,-1.2699625,-15.161728,10.514611
-11.6072235,6.1467085,-16.185974,6.0625477,30.863115,-7.6923723,-5.503191,-4.5429664,-10.383437,11.6893215
-12.1458,-1.3356135,-17.171074,5.14689,32.501503,1.7090065,-8.966111,-4.423186,-13.832457,17.909943
-28.539007,4.615858,-19.665874,16.643364,52.942757,-3.5023112,-13.646082,-7.297923,-12.836569,10.152641
-23.446375,6.2372885,-22.200829,10.608774,50.046986,-0.52428985,-11.108419,-7.371659,-10.584602,8.238536
-26.09973,2.9548001,-19.222828,13.46147,44.99925,-5.639202,-3.237484,-3.1315985,-8.903427,4.173536
-3.961543,-7.4072247,7.7531934,-9.345335,-6.2245355,50.6961,-23.506557,-8.478509,0.6027278,-0.2977509
-3.4726942,-10.683929,9.483181,-8.617761,-13.759104,51.101765,-17.961388,-6.3389435,2.29577,-2.2392268
-2.8752475,-6.963471,3.7523532,-8.968437,-7.4356422,48.05697,-15.515285,-6.1031895,1.4894907,-5.791634
0.2537778,-11.41094,6.1109695,-13.719116,-6.542081,49.733414,-16.816534,-5.465504,0.32158428,-2.9640172
-2.4001272,-10.343748,9.193613,-14.165485,-12.562924,50.452217,-14.758139,-4.644116,3.7124538,-5.0433283
-0.15026474,-10.029809,6.581068,-10.058863,-6.612027,47.986683,-15.604313,-8.463029,4.1268845,-8.433281
2.6739404,-10.639717,8.621696,-10.998224,-11.012634,45.228374,-15.015061,-5.772963,3.100621,-6.961215
3.236137,-12.543964,5.7514257,-12.100132,-9.446767,44.98819,-14.591526,-1.6926098,-1.6615475,-2.4024546
2.7006147,-7.690709,7.58022,-13.029287,-13.619469,44.915497,-16.452873,-4.890426,4.966514,-5.0529623
3.4220757,-11.265869,8.268257,-10.398775,-13.24571,49.50808,-19.833921,-7.2370515,1.8300185,-1.1918135
0.98957264,-14.047424,12.115156,-9.877121,-13.639645,43.200893,-13.93648,-3.4779284,5.6712575,-7.5093956
-0.88050514,-10.343,7.6503263,-12.440883,-10.159031,42.539993,-8.781566,-3.7558746,2.970584,-7.644605
6.330579,-9.344614,7.512955,-15.543146,-12.9729595,49.596275,-15.742712,-6.754744,3.4625137,-6.809086
6.9187284,-8.4162655,3.4944124,-11.703406,-11.181356,40.461105,-15.483425,-2.2279685,-2.1455932,0.20477605
2.328314,-8.662464,8.448149,-11.873131,-10.521481,49.650055,-18.953915,-7.0491214,5.8261986,-9.171462
4.9383163,-7.45397,6.6210966,-13.97129,-12.238175,38.098038,-12.555513,-4.472328,4.3859186,-4.1433687
3.074932,-5.861993,5.7159843,-12.10851,-8.473168,42.904472,-16.128529,-8.327432,4.6647263,-6.221043
5.763949,-5.278404,7.2954354,-12.640719,-11.146043,44.29799,-15.228029,-9.358933,5.3343735,-9.136177
3.9640474,-8.723188,9.476872,-15.351293,-11.926094,36.376144,-9.821433,-2.6835268,3.7844782,-5.2052236
-0.18847074,-11.660176,8.867678,-10.599702,-11.790502,38.168606,-10.152648,-2.2712398,2.11102,-2.6153898
3.2592065,-10.757601,6.236432,-10.575605,-9.286831,42.886147,-18.440554,-4.317092,-0.38658124,1.2870123
7.6235075,-8.617069,7.767912,-14.805063,-9.64399,41.09498,-14.5713825,-8.065509,3.5804887,-4.5915556
1.4853826,-7.6225395,7.4304767,-9.076148,-9.663974,41.546326,-17.24699,-6.0104723,3.1439471,-4.6437836
8.240527,-5.574725,4.178025,-13.059027,-10.130359,33.38198,-11.715286,-4.8336835,-1.013483,0.2195723
4.550669,-3.9580708,12.226798,-14.224746,-12.863033,37.65631,-15.823566,-11.416086,9.992613,-5.584543
-9.575861,1.3209493,20.654488,-0.52546245,-22.708914,-2.3207278,5.7979927,6.4241877,16.721867,-16.16927
-11.967343,5.8754597,19.160315,3.0934255,-22.34675,-6.964435,4.6923494,0.3278793,24.351397,-16.72957
-12.900429,-0.70527136,26.88652,-3.2567842,-14.888688,-8.341682,11.757308,-1.8753909,26.25528,-23.54325
-4.5133514,5.7702336,22.762608,-4.343774,-23.689522,-5.043821,5.755761,-3.6831954,28.704782,-21.323587
-9.308813,-0.81481695,24.20966,1.2696934,-22.381927,-6.571889,6.9150567,1.8990302,21.43003,-17.335993
-9.452955,1.0321034,29.256332,-3.0915904,-22.056099,-3.1508615,4.166401,-7.1106367,31.702734,-22.25592
-10.469607,-0.9080963,32.20678,-2.492981,-27.072105,-7.68821,8.919214,-2.1798582,30.32172,-21.77514
-15.654665,-2.891524,27.293198,2.205636,-22.969254,-2.384807,5.5091953,2.5785575,29.521944,-23.866165
-10.443029,0.06663787,29.088404,-3.1907804,-23.299427,5.7422123,-1.6978823,-5.453178,25.106857,-15.52418
-10.152713,2.6472697,24.35844,-0.25534308,-20.560968,-2.4642243,0.99118245,-8.698224,36.385994,-22.171507
-11.553062,6.5907807,24.303026,-5.667995,-18.138655,-0.6075827,-0.40146214,-8.520269,39.857616,-25.857355
-12.703014,3.3763223,28.66214,-5.1673007,-20.041193,1.7976351,0.7300744,-9.307457,38.619797,-26.183035
-12.443106,0.6593702,31.314487,-5.8206706,-23.337385,4.257254,-0.114245266,-8.617327,39.596535,-25.550768
-14.150694,6.2475944,29.641298,-2.4193857,-23.181263,-3.0005639,-1.2876639,-8.863229,44.59586,-28.614023
-9.108312,0.2020365,27.795273,0.039542437,-22.654385,-10.106688,9.054895,-1.4758441,25.575699,-19.711496
-6.8649807,8.333164,21.231464,-2.4557667,-22.129692,-6.616625,5.7270913,-5.104031,34.512005,-27.476189
-10.966624,-0.01293768,32.323666,-2.427304,-25.01155,1.8248429,0.49822408,-7.2764,35.85606,-24.41559
-10.1342325,-2.7306006,35.974754,2.4826849,-26.665453,-11.11989,5.6175776,-2.5345473,36.875076,-27.363985
-10.279186,5.3877983,26.112,0.5832784,-21.951014,-6.3117623,2.9623435,-5.622338,39.546173,-29.776442
-15.635712,5.198248,28.758972,-2.6163294,-24.831114,2.8383896,4.207054,-5.470859,39.31673,-32.554245
-6.49924,10.03299,25.496738,-6.9867587,-20.194082,-5.413537,0.64675915,-10.200984,44.541664,-30.850132
0.89483476,5.850761,21.207972,-9.716272,-18.97172,-6.129978,6.5123787,-9.36481,23.231497,-13.715724
-8.999355,1.4006553,32.55477,-3.041163,-28.904222,-5.7385464,7.7993655,-1.3248775,29.780128,-23.159872
3.6504045,2.9856524,20.922678,-5.1307864,-23.65086,-10.277237,9.187823,-4.8388844,24.666088,-17.108318
-7.700653,0.7456391,26.679138,-1.487581,-21.65199,-4.846586,6.3223557,-4.651486,27.478886,-21.238462
-0.69863915,27.848995,-9.268528,-2.9295688,-4.1386905,-19.811302,11.834889,-5.0182734,2.3321176,-0.78797156
-2.3126335,22.851967,-6.5946016,-3.2557397,-4.5119367,-13.14069,5.694414,-5.139541,0.9958527,5.484623
-1.1822381,22.804747,-8.9579315,0.2153678,-4.8682165,-13.806566,1.579679,-9.138975,-5.5361605,18.277002
-6.6850824,27.996164,-5.2940607,2.2401094,-2.9501252,-13.932659,0.10085732,-9.05819,3.6710038,3.148262
-8.232745,27.18822,-4.4895945,3.199234,-4.796579,-15.106352,4.2830215,-6.6024733,-3.6517308,7.4005566
-10.68473,30.81094,-0.30193418,5.0745306,-5.2706366,-17.161924,3.0966308,-12.182115,11.042657,-5.0357013
-5.6626515,38.337444,-5.6244583,-1.2959623,-3.7282531,-14.422081,-2.5079796,-17.563623,14.275696,-2.443468
-9.281734,31.401402,-3.0870152,3.8197231,-2.5245352,-14.382161,-3.2764177,-12.01926,8.097315,0.063682914
-2.004796,39.895123,-9.371994,-7.208758,-1.3016462,-13.534806,0.58523977,-18.168484,9.798456,0.628826
-3.8301222,34.17945,-7.9821978,-1.7658823,-4.3405113,-16.48231,5.2862396,-13.962023,6.0422277,1.8878257
-9.991429,38.46686,-6.9443007,1.9122479,-2.9890146,-19.310093,1.6720133,-16.041895,8.920485,3.0724611
-8.246692,31.259054,-12.783825,3.1081338,4.1919374,-11.628451,-2.204351,-12.36331,-1.2243404,9.115322
-7.190462,46.240265,-9.263935,-2.326859,-0.4511718,-12.339405,-1.5195954,-21.04282,9.998118,-3.4057136
-9.494579,39.39589,-9.415635,-0.30650377,-5.1238594,-10.589768,4.3291326,-9.359323,5.82753,-5.327273
-4.719124,45.61393,-14.708418,-1.3601642,-2.014266,-17.431494,6.2203245,-16.375801,5.7646065,-1.7339699
-8.30046,34.08339,-4.9582863,1.460507,-3.4397335,-14.585611,1.2285659,-12.889823,5.879119,1.0883493
0.5382419,36.690365,-13.668532,-2.6935968,1.2626538,-15.128027,2.0306158,-16.239157,-1.9338882,8.501698
-4.5619755,38.58293,-13.74486,1.3489797,-1.354854,-15.454883,2.2806995,-14.174158,-1.2286394,6.8843236
-5.511123,40.512283,-15.18745,5.5550976,1.5981827,-20.948093,2.0094843,-14.456741,0.36776948,5.2107115
-6.4966817,40.608208,-10.249243,-2.3346307,-0.81460345,-18.856524,6.313187,-15.209529,7.3598804,-0.58777404
-5.4517336,37.51037,-11.154131,-0.18235779,1.0949302,-13.794963,0.059154242,-16.124693,2.4779565,5.2937837
-1.5352914,29.497461,-11.934762,2.2830808,1.7050345,-15.177076,-0.85558283,-12.765734,-3.297647,10.970246
-6.644167,40.018642,-10.41725,2.031708,0.16260457,-14.251534,-0.74307686,-18.810457,7.8959074,0.032180786
-8.619063,38.561,-12.171432,3.3938737,-1.0286341,-16.682335,-0.7400421,-12.176503,1.9637678,6.4459276
-10.281995,39.18032,-11.544324,3.7608476,0.24625039,-16.42485,0.044353843,-14.084492,1.5252514,5.920775
-3.2696028,-6.493271,21.454193,-4.633488,-25.12009,-14.183787,21.728931,11.872998,11.625585,-13.400155
18.868315,-0.15426654,-3.3348844,-3.2693465,-20.59312,-13.985701,10.560822,14.714263,-15.038413,12.352606
4.7481604,-4.4444165,7.6513147,-4.67297,-21.135756,-17.186909,22.09588,13.370682,-3.6052856,1.8928801
2.114286,-6.976521,9.585912,-6.5208836,-19.383402,-10.348915,18.214724,14.178635,-2.4356134,1.5661174
5.7266455,-4.241232,16.499617,-5.2244463,-25.515192,-16.89166,22.207539,8.73786,4.679207,-6.255808
4.1430798,-6.4173913,24.349869,-6.453369,-24.812443,-12.795435,18.728369,4.8210716,10.744049,-12.604304
-1.654319,-2.5093045,21.383768,-2.9006062,-26.439165,-16.659384,19.8688,5.8502383,10.639673,-7.612805
3.0326598,-6.8435183,11.701038,-5.28688,-22.770334,-16.97086,26.512905,15.103218,0.6205734,-5.870884
10.39975,2.5283666,13.447861,-6.380867,-23.863045,-15.453738,14.260802,1.7419547,6.936521,-4.0575194
-5.7859,-6.212405,18.621002,-0.13231015,-25.107033,-14.934645,23.493336,13.136502,9.56651,-13.342334
4.740663,1.5009573,10.8701935,-7.680732,-20.612839,-19.204374,26.723265,7.1798105,5.2095,-8.214557
7.731679,-1.4029002,9.240817,-6.998186,-22.416859,-15.666346,19.590954,10.099366,1.7150679,-2.070285
-3.944362,2.4577503,26.01665,-6.224512,-21.906712,-1.5081661,1.4980845,-7.6903524,29.31401,-17.802702
-0.38356996,-2.020142,23.833832,-5.9295225,-19.07017,-5.815774,5.2650337,-3.5921533,16.49725,-9.2325115
1.5569012,0.63056195,18.062222,-3.1733656,-21.828886,-13.125758,15.721506,5.059235,19.714943,-22.416037
-2.612598,-2.0837274,30.181713,-7.070231,-27.50079,-6.0216923,10.895346,-0.5833069,24.079735,-19.799667
3.3579884,11.853189,12.986807,-10.599896,-19.118675,-14.393523,15.4565525,-3.6015449,12.461782,-8.375132
-0.40503597,-2.3865972,14.419461,-4.469185,-23.650352,-12.5948715,16.710863,8.526597,7.31699,-3.2755208
13.24764,1.3404499,10.6024475,-8.172557,-23.008198,-18.314009,19.08585,3.146291,8.255294,-7.1251764
0.42523956,2.8057783,12.608226,-7.070466,-20.851416,-19.515985,26.036179,9.114056,6.425678,-9.661805
4.598242,1.5065885,17.562757,-7.258145,-24.86236,-12.219577,14.256178,0.5792134,12.436116,-6.765823
16.213596,2.464159,3.1842937,-10.080868,-19.128225,-21.241508,25.76633,9.004729,-0.7736261,-5.6672144
9.433488,-0.7663804,13.495405,-10.061281,-21.38963,-18.545572,23.007198,8.277739,9.000449,-13.086146
2.498178,1.0952243,15.010495,-9.083627,-24.354692,-17.259224,25.775455,4.481608,10.480179,-8.940742
0.41299462,-9.867834,6.60757,-0.82178664,-17.049723,-16.161299,23.560476,20.163485,-3.3826594,-3.6124237
