4.6230197,40.07807,-17.123806,-6.7750626,-3.5345352,-23.016642,6.4000154,-6.055842,-0.27348816,4.9215145
18.580647,29.776588,-19.635433,-9.466585,-3.5080242,-21.91085,8.744131,-3.6320312,-8.01241,8.712668
7.380332,35.521904,-20.87842,-5.275471,-0.47296917,-20.851616,9.835337,-6.4843206,-3.5749602,5.3067327
2.376379,38.009106,-22.37107,-2.3431642,2.999553,-21.45343,1.2121444,-7.245928,-5.1764507,13.368253
-0.19865513,49.86641,-23.470837,-4.322817,2.4405103,-21.052727,-2.0774052,-10.939132,-2.37707,11.544026
5.3522744,36.59712,-18.071657,-7.978058,-0.4973477,-21.449839,7.40707,-9.505677,-1.473202,9.063156
6.63579,38.465775,-19.566565,-7.2718115,-0.522088,-24.23781,13.54181,-4.3907385,-1.58507,-0.74162996
2.806433,32.62668,-16.330627,-4.2128854,-8.300109,-19.331688,5.423904,2.2931695,-8.510735,13.7227125
2.696414,40.58241,-13.561637,-7.437689,-0.6789086,-21.344692,5.47181,-7.9314938,2.3335323,-1.0101842
5.1360836,37.79995,-22.88882,-2.7365482,-4.4442577,-22.259289,7.9766083,-3.64144,-7.781725,12.850004
-0.56986046,36.902077,-17.737347,-3.7357795,-1.7097881,-18.174665,7.223971,-6.413634,-0.9068332,4.7303762
-2.3928652,45.9763,-16.922527,-4.9997807,0.08047986,-24.915789,8.164158,-9.062894,3.0962393,0.756871
1.3848736,39.22996,-19.356993,-5.707836,-2.6759264,-20.995453,6.278632,-4.1981173,0.37430567,5.87773
0.7636962,29.556114,-12.824793,-3.2812533,-9.066015,-20.577837,6.6534724,6.808897,-5.252846,7.7619305
8.14271,26.252073,-15.489701,-4.7376122,-3.1886902,-19.045877,15.074684,0.09761572,-7.795762,1.0848331
20.63805,19.661299,-18.59418,-8.420262,-2.8994894,-20.202442,6.8347726,0.61456347,-9.771814,12.660562
11.036891,22.504063,-17.159327,-2.475374,-5.826988,-23.246492,10.9110565,8.752957,-10.401801,6.4124
-3.6334863,41.881626,-22.375536,-4.8728275,3.1677687,-18.583725,3.1635294,-4.850877,-2.7758107,9.649985
3.309648,36.395386,-16.426937,-6.0771713,-0.79955703,-21.988892,7.9581947,-4.496208,-0.089015216,2.244825
-4.4579096,55.198574,-26.3765,-0.038983107,5.777047,-25.193308,4.326905,-12.305257,-1.7214742,4.6922626
5.3186603,24.651573,-16.896711,-1.2447839,-5.5740232,-23.38647,5.909501,4.7209997,-9.166786,16.044117
-2.940416,42.635017,-21.564041,-4.809718,6.1957855,-18.648745,-1.1795835,-9.673555,2.9078643,6.915438
1.8493688,40.685677,-14.8180685,-6.5339427,4.2953067,-20.690195,5.204441,-15.173946,5.8715672,-0.6512554
4.481721,36.642822,-18.80149,-3.434275,-1.255996,-21.584969,3.850316,-0.16066575,-6.3103456,5.952552
7.9546432,36.24798,-17.843412,-5.976292,-8.180516,-20.514675,10.005522,-4.0927334,-1.3997242,3.9059398
7.799524,-16.272337,8.21784,-14.542954,-11.510828,40.92412,-10.486242,-4.530813,3.866218,-4.86307
6.9750853,-18.335466,9.572939,-13.219211,-9.537661,44.23876,-15.488506,-6.1400995,6.6626234,-6.751415
-2.0059721,-17.62696,11.989085,-15.133298,-9.399591,49.73166,-12.330914,-8.208066,11.548847,-10.768599
11.511992,-16.269781,14.716479,-14.300615,-13.711853,33.90362,-11.645326,-6.2728453,12.907607,-11.995587
-1.7830637,-16.92705,11.5165825,-15.595148,-7.4739513,49.6878,-13.66097,-8.847125,13.126989,-12.174279
13.510398,-18.776968,10.488609,-15.812106,-13.598591,38.30969,-12.015552,-3.3117287,8.298245,-8.368528
1.8833449,-17.658289,18.059044,-11.917251,-18.061428,39.294548,-10.6698475,-5.2471495,10.182617,-7.191805
5.2551246,-18.551455,11.107883,-11.989553,-10.525816,39.1091,-11.773179,-0.9271314,7.594106,-10.881899
-1.7613902,-18.499706,13.461263,-16.025257,-9.723315,53.97231,-16.864756,-11.305705,15.447492,-10.236752
4.302253,-16.525978,8.883805,-11.522604,-8.299378,33.706516,-4.9597106,-2.9656196,5.869242,-10.35806
14.51077,-18.028156,8.813122,-15.033641,-12.245682,27.863302,-7.49635,2.5253434,5.2814837,-7.737402
0.44087115,-13.803623,11.492371,-14.390075,-10.949401,41.82363,-10.171211,-6.9609246,10.345838,-9.7747755
7.459096,-15.353195,7.262022,-14.910732,-9.80791,39.57115,-12.504795,-7.0269403,9.419453,-6.309442
9.330335,-21.324821,7.708723,-14.722477,-8.964632,41.21762,-12.835805,-0.9948988,7.094982,-8.213065
2.1136162,-22.484224,11.861401,-12.283495,-13.561317,47.413006,-14.195136,-0.968655,6.1731944,-5.820217
8.899894,-18.127647,9.068402,-10.0805645,-13.160209,32.479156,-10.728992,3.6930313,4.0267057,-7.0769587
10.064428,-16.799467,11.087632,-7.122085,-12.69422,26.127678,-8.912425,-0.117859066,5.478636,-8.648251
2.1528296,-15.423809,15.352474,-13.38573,-13.975435,38.1475,-8.983211,-5.77841,10.879508,-11.21353
0.84050786,-18.987556,12.788729,-12.542067,-9.493843,44.07403,-12.98168,-5.6170826,10.8296795,-10.047288
7.9276896,-15.45295,14.682861,-13.913082,-18.063614,28.622547,-4.6769876,0.08089888,14.266583,-14.573235
6.726254,-17.3065,14.545739,-6.8563023,-13.804083,28.198133,-6.712656,-0.304324,7.4359274,-13.574328
11.776392,-15.2322035,12.737141,-13.432562,-11.743291,32.12907,-11.165774,-2.331219,10.557476,-14.656473
14.765222,-11.195473,10.377735,-12.757801,-13.37938,19.61635,-6.7116866,0.92697436,8.748358,-11.911884
16.990942,-13.546873,7.074873,-13.8118725,-10.350968,20.263428,-2.899303,0.6676927,6.091246,-11.640442
7.1136646,-17.310947,13.710655,-13.736261,-10.984861,34.527073,-9.169208,-2.434393,11.300307,-15.002705
13.759728,-14.65305,9.19072,-11.569425,-14.239702,22.048115,-2.3742301,2.7572522,4.1720095,-9.936934
4.245285,-16.014305,13.643588,-10.690473,-10.743501,32.700737,-9.505575,-1.6864413,7.1021843,-9.900314
2.5490775,-18.27788,12.762759,-8.566226,-10.038349,35.28957,-10.204684,1.700431,8.499606,-14.885167
14.60457,-15.036835,14.477123,-14.110732,-18.907131,19.888725,-1.0709815,3.9652004,12.411948,-17.528538
-4.515798,-14.889396,4.061384,12.11887,-24.413437,-21.484804,17.946539,49.36732,-8.513186,-10.27037
2.072729,-12.331307,1.6692165,14.097943,-18.74767,-18.475683,11.6760435,37.492462,-8.074713,-9.831707
3.093879,-18.101395,7.7114964,6.1761484,-18.516027,-15.4155855,14.962013,38.725887,-5.332698,-14.3447275
1.6261215,-17.264065,2.416421,5.3034215,-21.357576,-17.54624,23.530918,41.75324,-7.6972823,-11.382349
3.8430958,-16.730202,-2.3593583,10.394452,-17.305637,-15.600696,14.573077,43.605354,-11.167249,-10.310354
3.8475811,-15.112308,0.6418189,15.395031,-21.68461,-17.840267,15.315297,41.637146,-13.099333,-9.93103
-3.7009315,-12.25185,3.7320075,18.439503,-19.622553,-18.465136,13.416537,37.46869,-10.400989,-8.812728
3.937103,-13.643068,1.1575626,9.799162,-17.568636,-20.383163,19.954323,34.292183,-6.861419,-11.929666
12.084161,-16.952469,-2.0773954,12.586475,-18.187742,-18.946867,12.498168,42.823936,-17.203753,-7.514655
7.9743176,-12.994006,-3.1710224,10.653632,-16.4585,-18.617252,15.853249,39.579327,-16.384047,-7.30004
20.614044,-14.970909,-5.8553066,5.233756,-14.590467,-18.511993,15.22837,30.16114,-16.691317,-1.7518339
6.738665,-16.563965,-3.5930958,9.96205,-15.44899,-9.389863,8.560858,34.17216,-14.763966,-0.097715974
4.062193,-15.316148,-1.1680157,13.046381,-18.589779,-16.509315,11.327646,40.621014,-13.494453,-4.5093775
14.973301,-18.154505,-0.9673132,4.938693,-17.264177,-14.642624,10.422299,33.333584,-13.808959,0.49535775
5.308363,-17.014528,-0.78053,9.903164,-18.045513,-12.975387,13.232814,36.524586,-13.632172,-3.614953
25.592255,-12.310448,-7.828201,2.4104345,-18.60077,-17.214151,11.692591,31.10205,-17.91274,3.3231456
7.548298,-20.22246,2.7721992,9.358742,-20.708246,-16.136904,15.998752,39.487934,-14.10859,-5.682172
7.6614313,-14.483405,-4.1981726,7.4525356,-15.528626,-13.529515,11.817953,37.784756,-16.308311,-2.2723618
4.34574,-19.40818,2.627031,11.025099,-20.491339,-20.79927,18.221077,46.32892,-14.105624,-8.857458
14.86987,-17.8763,-1.152426,6.770956,-17.112839,-14.275845,12.719061,32.12916,-12.01264,-3.8937442
9.187997,-17.095583,0.22803044,8.545206,-12.4053755,-19.704285,12.27037,36.51237,-13.420183,-4.8528566
6.038991,-16.284533,0.010643527,16.296524,-14.5435095,-22.478569,11.697947,41.02819,-17.531134,-4.7201176
16.013725,-13.285666,-4.747615,1.0353985,-14.68132,-16.515654,16.308737,31.885223,-15.6452675,-0.92514867
12.553405,-15.413353,-6.4891114,3.8592763,-14.567193,-19.635086,20.564257,38.47757,-13.843913,-5.817016
7.0325203,-13.258442,-0.5997646,10.198299,-18.587032,-20.617311,12.515192,40.285515,-14.978218,-2.078708
23.093143,-1.0350623,-3.5284743,-7.093089,-13.322087,-9.153535,-7.6443996,6.856701,-6.4060802,18.177275
18.297127,-7.226199,1.5724164,0.4738661,-19.201159,-9.053412,-5.121399,12.670096,-8.267978,15.113157
2.1725183,-2.913453,0.19609809,10.208599,-8.361199,-10.154378,-2.2624674,19.654772,-5.6803565,-3.0542998
14.266526,-4.4576654,-1.841768,3.2524223,-12.633391,-11.742894,-0.60605097,16.604729,-7.351803,3.6176453
17.092628,-1.1186903,-3.9420466,-4.150355,-13.034468,-6.7432547,-2.3864217,13.577462,-8.866921,9.219322
8.398614,0.96571445,-3.1217742,5.5649767,-8.142619,-11.708715,-0.6512286,15.688065,-8.1137705,1.480367
-2.7455359,-4.430108,2.0989265,14.138871,-13.831782,-7.5082846,-7.6146665,15.956688,-9.996139,13.665273
16.409983,8.692961,-14.354113,1.4001741,-6.954791,-10.160662,-11.0919895,7.2690406,-14.76348,23.536861
14.84612,0.30008554,-10.274669,-0.7852658,-2.0956964,-4.3479905,-8.238274,6.2544417,-15.877054,20.912916
13.020372,0.32539213,-6.404708,0.87372607,-7.374031,-6.2345476,-6.801117,6.016444,-11.762858,18.53941
19.51805,-4.6955166,-2.4650247,1.4530537,-14.481544,-16.60598,-1.1209158,18.606617,-8.4475155,8.02038
16.202398,-10.905459,0.47675657,1.3880554,-18.432312,-9.706909,1.9074881,21.888453,-7.298245,3.684906
16.675798,-6.613444,-2.2395487,0.84877557,-13.97261,-8.572258,-1.8835475,13.056167,-8.647678,10.955636
17.288416,-7.0712996,-3.0060005,-0.75108284,-15.333124,-6.392228,-3.52079,19.104103,-13.763091,13.69576
19.237635,-2.0522413,-2.3435702,-4.9218583,-12.455016,-11.937595,-1.7678268,11.57654,-7.961639,12.669458
18.628643,-2.8699656,-6.313092,-3.491512,-10.719364,-5.10515,-10.066007,6.790005,-14.778831,27.94313
20.279627,3.6984105,-8.738811,-0.72093964,-8.862365,-10.115899,-10.711682,4.3031816,-13.94239,24.994188
23.78808,-1.784231,-2.603308,-4.8263574,-14.825993,-6.5929523,-8.149304,2.5684218,-10.225635,22.495073
24.682364,-0.24654531,-8.196701,-6.957529,-8.397839,-5.0037565,-7.1294947,1.0322807,-12.183324,22.660143
21.537489,1.3377659,-8.607012,-6.373834,-11.500014,-9.329074,-4.6630344,9.232091,-11.447158,19.538897
26.581299,-5.362238,-4.597849,-7.965671,-14.61957,-8.993445,-4.5281835,13.613687,-5.098236,10.466412
18.80673,-3.3382335,-0.082160726,0.08866513,-16.172379,-15.573466,4.199847,19.761051,-7.8970118,-0.25117993
26.51871,-5.9428196,-4.984669,-5.1441474,-14.960613,-9.295944,-4.8663516,13.370948,-15.990272,21.262371
27.377056,-4.5416136,-4.3963842,-4.6571345,-13.351472,-12.173937,-0.89134336,10.998341,-10.138341,11.244436
21.755522,-2.040574,-7.626095,-2.6983395,-11.731907,-11.323512,-4.076166,12.039874,-13.020578,19.107075
19.317312,0.39677215,-1.690161,-2.9166481,-13.6424,-13.570735,1.8892571,6.2201204,-3.9288492,7.2365794
-12.158254,-11.829661,8.692556,23.836788,-14.117075,-16.234869,10.332823,27.218521,-2.5830584,-14.614177
-3.0687027,-13.695809,8.361854,11.842368,-17.995747,-9.839424,6.7039394,27.692669,-1.7874728,-9.397835
-5.271842,-12.3164015,5.250306,14.454208,-12.959958,-17.03521,12.8652115,32.09508,-1.7319877,-15.615267
-8.482886,-9.278376,10.059347,15.213401,-19.86499,-22.031933,18.128016,32.210335,0.44429067,-17.654264
-10.731594,-6.4864845,9.4162,19.59921,-13.094198,-19.613882,10.458739,26.90812,3.8738592,-20.97785
-13.677976,-7.4567146,6.179922,22.066391,-15.544749,-22.766521,12.1642,38.09465,-6.5103073,-13.405689
-5.8182063,-11.711291,10.544341,15.939619,-14.126423,-22.679016,13.561954,30.928709,0.19539571,-17.902035
5.3809,-12.60014,6.7312007,8.538279,-14.162631,-17.686813,15.903356,22.855904,-1.5095224,-14.702477
-6.838477,-11.678933,1.3296766,15.810956,-15.403006,-23.980038,13.7162075,43.64436,-9.078382,-8.260557
-4.381254,-11.153765,1.6552058,22.980776,-13.643553,-19.869532,7.4100227,34.306988,-11.710485,-5.89612
-13.667389,-9.660824,7.1132927,26.765121,-13.92278,-25.265234,18.20669,33.065437,-7.6961403,-15.04492
-8.031942,-16.963572,1.6028774,24.144058,-10.518736,-20.94126,10.12859,40.217712,-13.310592,-6.160997
0.029824257,-7.399141,1.4335436,13.286088,-14.922702,-25.200104,18.910187,34.785275,-5.82527,-16.008968
-6.5821705,-17.55687,9.190394,11.935415,-18.028368,-11.981753,7.2001634,40.784443,-4.2767124,-12.2952585
-9.96832,-14.746771,9.104534,25.049831,-14.332281,-20.852137,11.464643,31.157518,-4.0312104,-12.857123
-3.7965503,-20.751682,1.5295042,21.057905,-16.67659,-16.873634,11.903997,44.93276,-12.290085,-10.0170765
-2.308066,-14.089067,3.5622072,16.47568,-12.307333,-17.985786,10.328211,34.59227,-7.9629307,-11.166853
-16.186436,-18.346586,9.283953,28.05965,-18.158888,-17.936037,8.154566,45.735046,-10.394514,-11.214395
-0.9769933,-17.915468,2.9275262,14.438784,-16.923702,-13.309698,5.2463512,36.479847,-9.506546,-1.6437469
-3.1788332,-15.275833,0.32031977,17.902857,-17.975826,-15.276707,10.64691,41.768658,-13.169743,-5.802969
-13.103363,-14.746732,3.974351,21.605053,-13.683536,-19.16747,14.734165,37.535007,-10.936692,-7.6284723
-4.061883,-9.788983,9.897121,15.135351,-18.03675,-18.33785,7.5279026,25.744144,3.5335498,-12.086632
-8.975533,-13.817511,5.743429,19.306202,-14.066753,-19.489174,14.12217,39.31812,-8.873516,-14.151165
-7.099991,-18.789354,7.481327,16.86092,-16.536911,-12.137091,5.509595,36.957043,-4.8337727,-8.081961
-0.58750343,-17.69408,4.7343645,17.90031,-13.690577,-16.604044,8.124834,37.867764,-10.00649,-9.931082
9.508741,-0.74922395,-14.550208,2.6318555,-5.979172,-5.7545147,-12.136624,5.0696936,-20.617207,41.605747
10.831654,-3.993136,-14.206816,2.924922,-3.7508316,-2.7066822,-13.129491,5.9196243,-22.541563,40.84774
10.060122,3.49224,-15.936454,-0.99642575,-4.2719946,-3.55938,-15.420529,1.8841403,-21.668869,46.722256
10.012771,0.30150813,-15.229941,1.5304924,-1.9050483,-2.4747794,-15.87489,1.696053,-23.860289,45.809223
1.2238075,-8.363838,-13.407086,13.10816,0.26233658,-3.0307837,-9.137724,9.57268,-25.90611,35.495728
7.375486,-2.2492259,-14.85924,5.707867,-1.5962652,-4.946143,-15.485642,12.014111,-21.988852,35.672405
8.615942,-9.072096,-6.2283483,6.802376,-11.026432,-7.3380017,-5.010143,12.7928705,-21.573242,32.25779
14.110219,-4.3013725,-13.590172,0.047110558,-7.571929,-4.447298,-11.546737,7.599036,-22.398607,42.379158
19.466105,-4.7580395,-11.936051,-2.885743,-8.413745,-2.4845757,-8.668201,5.250764,-18.60565,33.37438
14.542593,-0.34925342,-13.119034,-3.0745273,-1.905971,-4.0726113,-11.435788,2.5183897,-19.10165,35.51066
16.091421,-7.428233,-11.501513,-2.2396395,-9.856692,-2.3540366,-8.139467,11.238294,-18.398335,32.20056
19.244179,-9.587057,-4.835379,0.38624728,-10.9870825,-5.715086,-11.518483,7.662025,-16.3782,31.436424
19.680561,-0.9574708,-8.675526,-3.6158452,-8.920977,-8.298528,-5.9742894,5.2620606,-13.707489,24.72975
8.29435,6.409113,-11.383759,1.3039265,-9.462939,-7.8810854,-11.539605,3.2170343,-17.77541,39.184578
14.490012,-0.68281794,-13.325485,1.5130807,-7.1164446,-5.354231,-16.549059,3.6322699,-23.639671,46.99115
10.909031,-0.52258724,-13.217797,4.6571755,-5.060096,-9.988516,-10.133661,6.067616,-21.87839,39.01489
4.9313173,4.440791,-10.606105,9.873468,-10.667548,-9.655126,-8.279003,11.014795,-22.253305,32.230137
18.89717,2.4133656,-13.964948,-0.54929984,-6.4491534,-10.586373,-11.198924,0.6863656,-24.027815,44.406178
16.588985,-3.7794735,-8.667992,4.3011303,-9.15301,-7.8937225,-9.571429,7.245778,-17.790943,28.662418
13.152083,3.4516406,-14.383475,-0.66115344,-7.2877107,-3.0379038,-13.64627,4.0951834,-21.070736,39.17432
14.54084,1.3152052,-14.482494,-3.2998438,-8.045216,-0.21889961,-14.746466,4.2304306,-23.658619,44.660355
21.134233,-2.0167885,-10.214425,-1.0033654,-6.300904,-7.8938165,-12.653968,4.264941,-19.902956,34.572224
12.339101,2.9344933,-14.076403,-1.9112511,-0.3048218,-5.759738,-13.105087,-1.538856,-18.582817,39.899326
21.561838,-3.6826565,-13.264025,-0.58845353,-9.583799,-10.186564,-3.9502692,7.912507,-20.24712,32.09273
11.666069,1.8608059,-10.746582,2.9944751,-7.010423,-9.223882,-9.318115,0.5244615,-17.26199,36.618267
27.951023,-10.030441,-3.7400322,-2.7089522,-18.004097,-17.94715,20.80422,22.111277,-10.577564,-9.531945
18.49042,-6.7288537,1.3364027,-9.269411,-21.756477,-22.98017,39.69788,20.818964,-1.8048964,-18.302725
17.053059,-5.997697,0.8282949,-8.440652,-20.44754,-23.314356,41.032253,19.457533,-0.020148039,-20.938072
16.334976,-7.382512,-0.32433254,-8.7004,-21.095684,-19.74885,34.170082,23.68885,-3.5479934,-14.420422
14.762197,-4.7499084,3.3968356,-5.9281034,-17.578945,-26.078773,36.133247,16.146875,1.420819,-18.11384
5.888217,-9.918545,7.9674764,1.9739313,-22.361155,-29.024895,33.13059,28.668903,2.0459542,-19.442413
16.557098,-8.428468,9.258199,-8.796003,-16.321894,-22.3637,36.505096,14.34516,3.8612134,-25.786335
24.558514,-5.8327484,-3.1617837,-5.6785336,-19.007559,-21.480555,27.297258,21.22647,-7.4120765,-11.288288
16.923136,-2.2690716,-2.9879353,-6.1817694,-15.789297,-19.518805,27.75427,19.286572,-3.282607,-14.832993
17.560648,-4.2501516,-0.26533282,-3.7139456,-17.26218,-22.173061,31.981415,19.905014,-5.6014566,-16.98384
26.029327,0.45744526,-2.6406107,-9.757024,-18.950695,-26.031157,33.586853,14.82033,-1.3423803,-16.903887
19.025991,-4.4791307,-4.1456594,-6.546612,-15.124266,-28.271114,40.320633,21.201748,-5.630534,-16.359858
21.126045,-10.240467,-3.486045,-1.7221837,-14.578777,-21.28233,25.138878,27.50401,-12.092924,-11.11592
12.055621,-2.2498364,-3.734702,-3.5013392,-11.413367,-20.410978,30.29701,16.582655,-2.413962,-15.463858
21.93349,-12.562117,-2.8417609,-4.27227,-17.770754,-17.913874,18.46794,29.61754,-8.707111,-6.490222
20.029854,-8.430031,-3.76749,-0.9100938,-13.97595,-17.556913,16.900084,22.664862,-7.1740665,-8.71292
19.56277,-3.6013856,-0.3089589,-5.6500473,-17.194193,-21.985018,26.998281,17.860884,-3.364957,-12.781982
25.107004,-5.6558256,-6.439517,-2.920126,-11.869094,-19.770626,22.331244,18.470488,-10.864608,-9.063905
33.02619,-6.299217,-6.019509,-7.698793,-15.055108,-23.054214,26.32711,18.21437,-4.511013,-15.493853
19.853697,-6.453169,-1.2542217,-4.959853,-13.334217,-20.359951,26.643042,18.403748,-1.8217171,-17.25592
22.28564,-6.828985,-7.0093102,1.2131183,-11.879103,-16.276966,17.511326,21.939693,-10.678962,-10.81675
26.001879,-8.628559,-4.7147093,-5.6058617,-18.127693,-16.06844,17.702202,22.733719,-7.3185787,-6.5065947
15.919328,-7.431397,-0.12023568,-2.2207341,-16.864252,-18.04147,25.100958,25.917664,-7.428419,-14.673268
31.635502,-7.7983475,-5.773164,-6.817336,-12.888402,-18.739925,16.827059,18.67584,-11.892638,-3.1624916
21.351845,-5.456751,-1.1872524,-3.983569,-15.761755,-20.288258,22.728106,18.82625,-6.28119,-9.64983
-6.2695107,-4.9053907,23.03556,-5.477831,-16.570526,12.616904,-3.473587,-7.544755,34.966145,-27.950533
-6.6569986,-7.8667994,24.689253,-3.2819593,-15.2817335,3.0040605,2.4064999,0.2975332,32.983833,-33.437317
-13.732458,-7.796646,31.95247,-6.612809,-17.375252,1.666349,1.4189045,-2.858143,42.59991,-32.793133
-12.233975,-2.6345682,28.278862,-3.8951433,-15.462095,3.348762,1.1772934,-5.987898,36.862602,-31.16781
-15.486478,-10.7376,34.731873,-3.9923146,-16.281279,4.7644153,3.1734192,-4.408187,40.137554,-35.079037
-1.3554376,-4.324262,17.724928,-8.598586,-14.205382,1.7208247,3.7571201,-5.5113397,34.19559,-26.154291
8.1267805,-6.5231304,15.109436,-9.173311,-18.361446,-1.4028258,7.6709313,2.0300436,22.429586,-22.363478
5.316682,-2.9703681,13.020642,-9.26422,-15.12832,-1.7119073,7.3402224,0.54170513,26.998192,-26.71534
-4.6980195,-10.51221,29.021246,-11.36162,-21.11471,6.021167,6.618172,-1.6102474,37.230537,-32.28088
1.7396365,-7.153769,23.227566,-10.793662,-22.81292,3.8548853,7.482847,-1.2967637,31.065815,-28.106413
9.397787,-1.57165,7.345681,-9.150207,-12.477444,-5.467219,12.0383005,3.9046664,19.7332,-25.001291
2.984981,-5.923465,15.077581,-8.558728,-13.13472,5.2253838,4.8034873,-3.4779956,30.933092,-30.517723
-7.531616,-11.461897,27.267817,-5.658664,-15.10725,2.196587,3.0831573,-1.8732886,34.948322,-28.522984
-8.166269,-5.05488,22.078594,-8.057783,-17.7898,10.484351,2.3756487,-6.6147876,37.504715,-29.581467
-7.133375,-13.631223,32.07905,-8.062305,-15.392472,9.73325,-1.240988,-6.3681393,35.389877,-28.413322
3.9358869,-0.98508453,15.71766,-14.362052,-19.15119,4.4169474,7.1048613,-2.9910147,30.766718,-27.023
-4.5922546,-7.6745625,22.00188,-4.9900255,-16.357864,-0.6190746,9.063438,-0.7690066,35.11101,-34.097126
-3.7112265,-5.0849495,20.744734,-8.283594,-14.260261,1.3825496,6.6848626,-0.28658777,31.570763,-31.477057
-6.632699,-7.592806,20.111553,-4.803113,-15.249221,1.2763281,9.662939,5.2367167,26.593191,-31.169964
10.986371,-7.602213,11.960671,-11.813489,-18.141062,-3.9974988,14.698629,4.6956496,22.049839,-25.23914
4.0433626,-4.5110135,14.1322975,-6.6904335,-16.138498,-5.5112247,10.485436,1.9844245,25.528032,-25.818087
3.2811415,-5.274591,16.787777,-8.647684,-16.329884,-3.8452113,14.181681,2.4031024,25.23486,-29.964756
7.192244,-9.591701,11.83189,-7.1420655,-15.165293,-4.2997274,8.372734,9.687426,17.88907,-20.740643
-5.6143904,-8.664711,27.08013,-7.235876,-17.055092,3.4162073,4.694206,-0.627468,38.105175,-36.956177
14.980653,-10.930437,6.6740484,-6.7678246,-16.957235,-11.458349,19.693653,15.640869,8.323533,-20.948378
-8.676009,-15.805502,36.24654,-4.9405856,-22.532307,12.4060545,-3.5266008,-0.48585698,25.339762,-20.69529
-17.952475,-13.70864,38.87379,3.1556654,-20.699305,0.83069205,-0.7258353,1.0905805,35.18329,-29.170732
-15.4052725,-13.011857,37.80013,0.55646837,-20.053398,7.129561,-3.7866578,-1.7486013,37.282753,-32.304962
-14.928935,-16.441881,39.421547,0.16135818,-16.250868,11.093082,-5.764533,-7.5188646,33.706024,-26.80716
-7.81856,-14.3937645,32.616264,-0.40168816,-17.495806,6.1040564,1.4579897,-3.9276307,28.806118,-27.540941
-15.46682,-16.524307,40.174946,0.61981887,-20.854967,11.402215,-3.1648903,-1.2744852,31.83231,-29.827831
-8.401467,-15.701445,36.653145,1.3009039,-20.097797,2.9352112,-1.6432521,-0.838067,27.638807,-24.830402
-14.629529,-13.297735,40.666523,-2.3288617,-21.219929,4.505241,-0.8405845,-2.1328204,34.207424,-28.44297
-20.060501,-12.175678,35.13288,2.3803482,-18.477713,4.9408517,4.133523,-0.94612473,31.970112,-30.376633
-19.368689,-19.917542,48.100525,3.5793588,-23.811234,5.8200374,-2.628551,2.713563,36.068733,-33.800816
-12.316294,-13.437906,33.722897,0.64694834,-19.663857,9.159556,0.06169343,-2.0414686,33.324333,-32.07955
-17.643064,-18.276241,44.493633,1.5635116,-23.782633,7.1903124,-2.7305644,1.194992,35.27005,-30.380093
-20.502407,-18.66907,42.081978,-0.60047215,-22.006516,12.050915,-1.3494203,0.3969773,33.024544,-27.521715
-15.459799,-14.753378,37.35031,-0.52157235,-20.189138,7.97472,-2.0767026,-2.4380903,34.85163,-26.976423
-11.383995,-16.605774,34.475433,0.16548789,-17.051956,8.700151,-3.3019478,-5.39864,37.253986,-30.000057
-10.638948,-16.277172,37.35158,1.5118934,-19.288784,8.0075445,-4.309905,-5.8533034,37.068943,-30.87038
-24.351635,-15.529554,45.95992,4.70953,-17.76796,4.9202394,0.6164816,-2.305171,33.865456,-33.505363
-19.814554,-15.457129,42.572437,-1.8877779,-21.389963,7.111888,2.580111,-1.960915,40.998047,-35.84822
-10.692996,-14.570995,29.686796,-8.502363,-13.540638,20.821098,-5.1379175,-9.277359,33.856537,-25.789526
-13.85207,-16.366495,38.06821,-2.8400939,-18.291767,15.342919,-4.4751782,-3.4644978,32.704014,-29.69455
-15.299301,-14.618361,35.621532,2.0277529,-14.810049,11.090723,-5.8524446,-4.6353726,34.564476,-30.591497
-10.629805,-17.107367,36.1519,-2.4082313,-17.302124,11.774502,-5.492629,-1.4315698,27.601553,-24.927412
-11.054327,-11.338005,34.09609,-6.0685444,-17.23718,11.610018,-4.727072,-2.2097526,30.876707,-27.370129
-8.229849,-13.73797,28.934921,-6.7023907,-17.386303,17.156834,2.6399596,-2.8043199,29.238573,-31.921436
-17.687363,-17.818024,44.502457,2.3043673,-27.760061,6.8359613,1.5445535,2.5090191,34.01836,-31.481098
-8.91475,1.1494399,-17.286198,11.206857,49.816544,2.5134053,-16.885035,-17.466352,-9.852032,6.0742106
-15.9051075,0.63233745,-15.93649,12.87976,51.587185,6.5019827,-18.615742,-20.024672,-10.872233,9.822013
-11.801907,5.0457234,-20.36912,12.633006,51.295055,-0.3556155,-16.183231,-16.668488,-7.3616276,3.2177885
-15.451725,4.7031345,-19.060394,15.350739,53.197598,4.0358353,-19.154278,-17.250774,-10.8100395,5.0612173
-12.070181,-0.8790071,-17.064384,11.568727,48.94627,0.49072605,-12.915672,-12.246828,-12.760283,7.490616
-9.827988,10.873547,-19.10716,6.0069366,44.254524,-0.75783324,-14.387973,-15.958244,-5.622134,4.226849
-8.990505,5.987198,-18.08894,9.818016,46.724247,-2.167558,-13.083859,-13.890884,-7.2538385,0.91703224
-13.463699,5.718626,-21.742653,14.707364,50.733273,2.529476,-20.064022,-14.176877,-9.72063,5.734231
-10.494641,-0.6549598,-18.673836,10.78341,48.050278,2.6817122,-14.908629,-11.721745,-10.301499,5.6335816
-12.560869,3.0087135,-22.525604,12.245191,48.855526,3.8475418,-17.225227,-10.430002,-14.403598,9.742051
-12.959484,6.9274564,-20.811134,9.806027,49.664867,5.9536934,-16.828133,-16.679113,-7.736058,3.365793
-13.114481,4.828252,-18.247334,9.312534,51.41198,3.4659529,-18.099533,-17.792025,-7.8165936,6.22442
-13.038032,7.117572,-18.9232,13.6935425,48.556057,2.376845,-19.185066,-18.33192,-8.609569,6.59879
-17.698345,2.4383638,-18.50555,14.654458,49.69663,4.85946,-19.551971,-14.110813,-13.106233,11.047772
-15.5845,7.0061026,-22.097279,14.03145,51.578373,0.80504256,-20.03379,-13.825231,-9.965839,8.00075
-10.186065,2.5606694,-16.97322,9.063799,47.483383,6.2357225,-16.571018,-15.426493,-8.297636,2.2751348
-11.152476,1.3083637,-13.494551,10.448412,39.71343,1.0595995,-15.711865,-11.393557,-5.4036837,5.2320366
-10.153275,3.8571208,-19.521797,9.949639,48.430843,2.0396047,-16.192526,-16.032074,-9.1295,6.827297
-16.678288,4.5701437,-20.973164,14.622123,48.812843,3.9221869,-17.140982,-13.89999,-12.398243,9.279156
-14.922003,4.8917994,-19.840923,11.601473,57.60962,1.7997166,-16.108177,-18.40522,-8.71211,2.16318
-15.142995,3.6890895,-22.52373,14.672863,57.28685,2.3413858,-16.870031,-15.325086,-13.441833,5.659866
-13.045543,1.95818,-16.280592,11.413748,46.469444,-0.1982581,-15.636436,-13.180823,-12.572981,11.213598
-15.914631,0.044353426,-16.914545,13.000543,43.713318,3.977844,-17.663593,-14.033539,-10.826323,14.607558
-14.427094,2.4995556,-21.197962,14.969922,44.755535,3.737907,-15.613978,-13.003845,-12.985502,11.3939085
-12.847767,2.5964856,-18.87892,10.132792,42.383766,6.2623777,-13.454234,-13.332766,-11.45182,8.921544
