3.565581,0.3760372,-1.8947772,-0.8683695,-0.9186952,-1.0925864,-0.297377,0.9532788,-0.7189468,0.84371006
3.7278004,-0.9081247,-1.159039,-1.0100558,-0.86289024,-0.122306585,-0.53883255,0.2803762,-0.79176486,1.2071337
3.8920236,-0.82060516,-1.4774325,-1.4160984,-0.88383824,-0.48780027,-0.2630495,0.9679269,-0.96872145,1.3485948
3.3904994,-0.038500845,-1.8403975,-1.5865111,-0.9904913,-0.21090457,0.9359892,1.0590934,-0.98290646,0.4784463
1.408754,1.3143793,-2.1060588,0.7326012,1.6244497,-0.18908843,-1.4946692,-0.9296632,0.87272465,-1.4206482
3.9106297,0.19397882,-2.0541136,-1.2945576,-0.7469802,-0.5659827,-0.61908776,0.4515067,-0.90993166,1.6149386
2.484493,0.042953312,-1.3183581,-0.4522702,-0.50626177,-0.014596969,-0.43779045,0.42464733,-0.50054175,0.38698244
3.7617383,-0.34484866,-1.9455143,-0.8993476,-0.269534,-0.13197702,-0.09515557,0.623648,-0.50861245,-0.26986188
3.3765981,-1.0162704,-1.278447,-1.0877248,-0.7206927,-0.3057473,0.035966337,0.612596,-0.8152204,1.2175257
3.6563127,-0.16202623,-1.8357222,-0.6580666,-0.62426096,-0.74897206,-0.28026405,0.62668,-1.2848715,1.3263396
3.61753,0.3236119,-1.1706731,-1.6451882,-1.2999486,0.032927126,-0.033875406,0.18662544,-0.30725816,0.38681954
3.3191128,0.42994186,-1.6814224,-1.1701448,-0.5537044,-0.45487484,-1.3373538,0.22333072,-1.2278379,2.503163
2.5285425,-0.4866198,-1.3339323,-0.66331357,-0.047285035,0.60884845,-1.0810937,-0.11136687,-0.59920925,0.98436123
4.040484,-0.1757763,-1.4293483,-1.4719268,-1.0413398,-0.7929565,0.23865822,0.65911984,-0.5366829,0.5038574
3.9046664,0.23075804,-2.0761797,-0.90534467,-0.27901265,-0.9905691,0.3422701,0.59816563,-0.9307041,0.06856288
3.7060127,-0.5331669,-2.0114434,-1.0582106,-0.23748165,-0.29111713,0.093243346,0.46307662,-1.4208502,1.33657
4.1878195,-1.6560647,-0.7037347,-0.9393036,-1.698919,-1.15378,-0.17585617,1.5452392,-1.1326088,1.4581724
3.6537523,-0.51496685,-1.0711561,-1.3296974,-1.1953647,-0.94682956,0.39350927,0.578146,-0.67694235,1.133179
3.2252436,-0.3994383,-1.2684541,-0.9498611,-0.6560106,-0.62114143,-0.28347537,0.29992992,-0.34438083,0.80365545
3.2876968,0.02153179,-0.98043567,-1.3709537,-0.69771224,0.14609635,-0.5979408,0.055078533,-0.046113405,0.14561875
2.9187622,-0.41992304,-1.5254552,-0.89914495,-0.32881218,0.51265776,-0.3706618,0.05132502,-0.9909891,0.86406344
4.0392704,-0.09493306,-1.5733023,-1.1606365,-0.9527977,-0.33798698,0.21807694,0.667066,-0.2729153,-0.5108862
4.3707333,-0.009331822,-2.0780437,-0.8763167,-0.15946604,-0.24372324,-0.85056174,0.01714788,-0.76458514,0.48946285
4.2735343,0.046816796,-2.1734936,-1.3571509,-0.67515993,-0.14431453,-0.49558675,0.5694258,-1.0007871,0.7872369
3.4845667,0.30235657,-1.4529519,-1.3464516,-0.5021522,0.113379866,-0.5897946,0.162355,-0.13852975,-0.04210426
-2.2684941,2.3021383,-4.206982,1.2457296,5.2278285,0.09617415,-1.9621018,-1.3406514,-0.8751628,1.644645
-1.807849,0.71089447,-3.3472636,1.1931053,4.4356265,0.5024204,-2.0560155,-0.6508294,-1.98424,2.7793412
-1.9268205,1.70337,-4.553126,1.4191812,6.043402,0.22029516,-2.3084316,-1.1525717,-1.4835408,1.9259335
-2.8602262,1.5134976,-3.5007563,1.949229,5.2161193,0.12368217,-2.378872,-1.0958341,-1.594081,2.2745733
-2.1734564,1.7537211,-4.549089,1.1874149,5.935005,1.0386555,-2.6733027,-1.5266058,-1.8990803,2.711605
-2.6461298,2.856468,-4.58352,1.1465639,6.567016,0.050812393,-2.7034068,-1.7659204,-1.3825701,2.18591
-1.9915137,0.5712521,-3.351053,1.2754229,5.4022803,0.5712158,-2.8570328,-1.1891165,-1.7180684,2.9943845
-1.6551424,0.2802985,-2.6205845,0.39974254,4.5470986,1.1364602,-2.030819,-1.3089463,-0.624994,1.6499676
-1.3391604,1.5102777,-3.8237345,0.9483414,4.483105,0.027124316,-1.5473756,-0.6027317,-1.1209707,1.2709821
-2.264124,1.5795712,-3.1858666,1.4429818,4.9103694,0.3444043,-1.8651642,-1.077472,-0.743519,0.6862339
-2.3818336,2.128947,-3.8560746,0.9830615,5.4316525,0.5119313,-2.5078578,-2.1974704,-0.7003013,2.2851636
-2.7399151,0.60639393,-3.2456234,1.8441799,4.811456,0.14844754,-1.9009906,-0.6532171,-1.4013711,2.2801392
-2.1472878,1.9146234,-4.4112988,0.7262474,5.6213393,0.9776933,-2.265842,-1.5375811,-1.7170475,2.5361986
-0.9308449,0.9013934,-3.299451,1.3629153,4.6454206,0.124985665,-2.2445884,-1.1565053,-0.71093607,1.1058449
-2.1128764,1.6623296,-3.7415671,1.819879,5.947826,-0.072010845,-2.8120465,-1.67478,-0.382524,1.0797585
-1.7350485,-0.043764114,-2.8178117,1.6089432,4.906948,0.5578188,-2.087246,-0.7844327,-1.1249156,1.315279
-2.134826,1.7353839,-3.4153888,0.22097093,5.082029,1.0385307,-1.924558,-2.021133,-0.2783221,1.4072301
-1.0733972,1.1170329,-3.5100796,1.0439315,4.8904104,-0.12895527,-1.9197401,-0.35018352,-1.5301905,1.219349
-2.853255,2.8729272,-4.653126,1.1004932,6.4806314,0.39929822,-2.5728211,-2.0979638,-0.8917703,1.8932047
-2.648508,2.1955214,-4.3385787,1.7399211,5.8687963,0.32695916,-2.149498,-1.4889523,-1.4767623,1.9435357
-1.7226846,1.5079046,-4.654314,1.4968204,5.9087653,0.41372493,-2.2579985,-1.0924796,-2.0740147,2.1208518
-4.4172664,3.4289615,-3.4223907,1.1606624,1.0628119,1.3825432,-0.7272536,-1.5168287,-3.1236377,6.52793
-1.6186392,0.8843546,-3.7025692,0.50549394,5.4375124,0.83761346,-1.7932562,-1.6379598,-1.0170593,1.9073606
-2.8279169,1.5362204,-3.066256,1.0704021,5.125235,-0.23050895,-1.6631637,-1.332023,-0.7038735,1.758399
-1.9425154,1.480918,-4.0178294,1.4372735,5.986403,0.05641696,-1.9096712,-1.3171076,-1.420107,1.3402812
-1.1855327,5.234625,-1.65875,-0.54305315,0.34587333,-0.26221436,-0.73412615,-1.5239592,1.5727605,-1.1967643
-1.2931385,5.509251,-0.9604774,-0.69954884,-0.19094616,-0.35057852,-0.8092915,-1.6089438,1.9689603,-1.4364575
-0.9610288,4.3072104,-1.1380388,-1.0726258,-0.058057867,-0.10688916,0.27059942,-1.0011193,1.0095975,-0.8753577
-1.0766075,4.77932,-1.3555958,-0.5329346,-0.4407219,-0.27018848,0.036793917,-0.9435983,1.1579564,-1.0838637
-1.8403177,6.0185122,-1.402455,-0.87940025,0.39051777,0.76350176,-1.4585224,-1.9620179,1.612542,-1.1847761
-2.3502262,5.6878104,-0.23927137,-0.85983866,-0.51072913,0.00046271086,-0.3316875,-2.0878766,2.0181994,-0.8570898
-1.7099885,5.739819,-0.39185253,-1.057579,-0.46792027,0.09846118,0.06501512,-2.202316,2.5628984,-2.2509892
-2.111125,5.6945734,-0.31685016,-0.7880619,-0.19968185,0.19365814,-1.35149,-2.1631167,1.8961513,-0.7231343
-2.1424274,6.7143044,-1.8595167,-0.5308219,0.358038,-0.48618194,-0.42090285,-2.0297642,1.7581527,-0.9747575
-1.138934,4.9709187,-1.569266,-0.97048694,0.18985361,0.29672578,-0.5573576,-1.7526425,1.4224286,-0.59217256
-1.5778936,5.847302,-1.9475981,-0.73979104,-0.37868536,-0.27478343,0.35018098,-1.3892173,0.87556356,-0.31426334
-2.9198873,6.0691285,-0.82142156,-0.21115124,-0.13671598,-0.23359671,-0.18125057,-2.1729693,2.249978,-1.4629656
-1.0422009,6.8010974,-1.4550325,-1.0697019,-0.67273265,-0.34640858,-0.60034573,-2.123807,2.2149158,-1.3127607
-1.1791482,5.661553,-1.5926272,-0.48691854,0.3183341,-0.5146991,-0.78143007,-1.5684475,1.4794248,-1.2219597
-2.556894,4.739075,-0.3938285,-1.0668006,-0.4499215,0.4744522,-0.87284994,-1.5221487,1.7530133,0.034004405
-2.1624928,6.115466,-1.3932487,-1.7848058,1.2599707,1.2742214,-1.6165701,-3.0137427,1.7987393,-0.22874062
-2.0843995,4.7960887,-1.408291,0.18831977,0.46783185,-0.31077603,-0.17169333,-1.2595932,1.7662895,-1.9707466
-1.2560537,5.390248,-1.4217472,-0.8269809,0.16318125,-0.47025958,-0.5584351,-1.445056,0.8903935,-0.21876137
-2.2261004,6.106845,-2.184904,-1.0757427,0.44392622,0.60303617,-0.70245284,-2.749691,1.2017094,1.0150737
-2.0714803,6.17648,-1.7168738,-0.33980143,0.46099848,-0.7495471,-0.7429086,-2.0899763,1.4461603,-0.1795576
-1.9544796,6.611883,-0.31405553,-1.3645333,-0.52348095,0.1035561,-0.8380028,-2.5883777,2.788753,-1.7752042
-1.8780835,5.874214,-1.5267551,-0.7724159,0.51826245,-0.05464083,-0.484569,-1.8330214,2.0084867,-1.7181903
3.3105412,-1.1345103,-0.79528004,-1.3909193,-1.0745881,0.72303426,-0.78418016,0.6481842,-1.0255876,1.4113245
2.9977682,-0.6303258,-1.8851134,-0.42479375,-0.16486016,-0.34055528,0.10047945,1.0141847,-1.1603614,0.42369515
-0.21031854,1.2363819,1.055786,-1.1562732,-1.6081553,1.0129585,0.6550888,-0.9290874,1.8738625,-1.6506622
-1.7812657,-0.091947466,3.2273319,0.2516897,-1.4934046,0.56077784,-1.1031035,-0.59613055,2.6606133,-1.7436775
-2.611271,0.18038955,3.7408373,-0.1630674,-2.4424374,0.3071854,0.47576728,-0.42180517,3.213463,-2.4952345
-1.9704071,0.47481456,3.717841,-0.5333381,-2.0907586,-0.7399266,1.1662141,-0.5688376,3.9530482,-3.5983415
-2.6573074,-0.15832072,4.491803,-0.45165262,-2.6881812,0.14366654,0.85011476,-0.25456864,3.015069,-2.3857574
-3.4275856,0.767131,5.001104,0.57136697,-2.7201025,-0.20594245,0.11874655,-0.8584976,4.77788,-4.1761613
-2.3014398,1.4832816,3.461874,-0.6279085,-1.911686,-0.873613,0.9968629,-0.7056461,3.940396,-3.4886153
-2.5828278,0.9184849,3.8714972,0.52264994,-1.9368556,-1.1491683,0.09566225,-0.88452005,4.0711913,-3.011939
-2.6966882,1.7904016,3.3497686,-0.13198921,-1.5421655,-0.6504332,0.4832351,-1.2269572,4.579854,-4.0603285
-2.4782758,1.11259,2.909137,0.41921884,-1.3739693,-1.163062,0.49728623,0.048534226,3.140694,-3.152751
-2.216895,1.4578959,3.0933917,-0.41632834,-1.5683866,-0.45709857,0.57491446,-0.95667267,4.0147986,-3.6967287
-1.7492521,1.1604444,3.088984,-0.24792257,-2.3413987,-0.17914599,0.52947813,-0.14995417,3.1527605,-3.37822
-2.8552265,0.810048,3.924853,0.18934435,-2.0065777,-0.39695773,0.2978372,-0.6488924,3.6892579,-3.202662
-2.27224,1.58246,2.947008,-0.18285385,-1.2433872,-0.82746875,0.8702756,-1.0488514,3.8017557,-3.7536812
-2.284366,-0.14479998,3.985018,0.36895895,-2.0272806,-0.040833995,0.030435756,-0.67609435,3.9600654,-3.4422698
-2.2609916,1.6476086,3.0759897,-0.92632806,-1.9532864,-0.32691887,1.0511656,-1.303799,3.9092607,-2.866694
-3.7132125,1.6307474,4.774791,-0.07829176,-1.9243243,-0.629642,0.2472094,-1.351803,5.292229,-4.4999757
-2.3488677,0.5911715,3.44082,-0.4519346,-2.3128035,0.20169485,0.20262463,-0.37415695,3.5119226,-2.616835
-3.0803063,0.6121677,4.401467,0.647038,-2.1634858,-0.4715244,0.21398439,-0.8500583,4.232055,-3.6109464
-2.8529897,0.7843238,4.1839695,-0.19688341,-2.0566356,-0.74707234,0.16500384,-0.7273578,4.407538,-3.1998177
-2.62324,0.58469915,4.599696,0.24205312,-2.638655,-0.8211006,0.6668877,-0.24683908,4.1828103,-4.009815
-2.5052054,0.6604173,3.8924472,0.19119444,-1.9870543,-0.38197437,-0.031984866,-1.1071323,4.0109463,-2.982558
-2.606727,0.8730098,3.2790163,0.68438876,-0.95966935,-0.18551996,-0.45474595,-1.0620762,3.2067978,-2.9375863
-1.8767083,0.38453665,3.6889257,0.42959625,-1.5218647,-0.43903562,-0.72420156,-0.92259115,3.7038674,-3.003786
-2.5593681,1.6541361,2.8098714,0.13948774,-1.1580602,-0.53038013,0.10024214,-1.2346457,3.6528807,-3.0759125
-1.3881884,1.8685497,2.7772024,-1.1960973,-1.8720669,1.088932,-0.105719894,-1.8447441,3.1670086,-2.5312486
1.7405941,0.6550164,-1.0171434,-1.2097211,-2.0837913,-1.2503747,3.7927284,1.783378,0.8768563,-2.824825
2.3042026,0.7259195,-1.2088144,-1.4824383,-1.9577034,-1.2025129,3.9271998,1.4725999,0.59031355,-2.5914173
1.2788908,0.14232102,-0.063705795,-1.3555834,-1.4147872,-0.58905125,2.523765,0.9381093,1.3334455,-2.651982
1.01344,0.78760064,0.40850124,-2.4505427,-2.3652675,-1.0232877,3.883542,1.0784482,1.5918324,-2.6018758
1.9999917,0.44928464,-0.91500926,-1.9901586,-1.7308779,0.04647872,3.5373545,0.66433936,0.9502984,-2.5088964
1.5484037,-0.13288793,-0.15050963,-2.165026,-2.0691254,0.74627674,2.7431726,0.6707914,0.7290584,-1.9257668
2.6631465,0.31052253,-0.48140016,-2.545985,-3.0334437,-0.6491122,4.824046,1.5147148,0.72746015,-2.6825318
1.4146051,-0.14412571,0.13602608,-1.9705508,-2.6673124,-0.0320642,3.44775,1.5331837,0.99488723,-2.529707
0.27654076,0.7275474,0.64157784,-0.9181793,-1.9862046,-0.24832833,2.9660945,0.6479279,1.8927019,-3.611006
0.4251812,0.07893634,-1.52344,0.69788355,-0.9043091,-0.96043,1.4788631,2.4695537,-0.8126024,-0.85097885
0.2940011,-0.017776817,1.7466573,-0.89770484,-2.0184128,0.25179437,1.1501342,-0.0135455765,2.0193343,-2.5612583
1.1543894,0.3202596,0.08391509,-1.5815973,-1.731122,-0.33636215,2.9125543,1.0016177,1.1753987,-2.8413434
0.46388003,0.7706295,0.90846825,-1.5926641,-2.3734157,-0.42610464,2.135807,0.3373758,2.0501664,-2.088065
2.0990582,0.10342717,-0.0546417,-1.5581472,-1.60744,-0.9264381,2.4783907,0.5956924,0.46169165,-1.3895378
0.69052875,0.9394702,0.9793036,-1.6691606,-1.8601744,-1.0510799,2.733132,0.45090994,2.206984,-3.291088
-0.12467922,1.0137552,1.498845,-1.2174878,-1.6569831,-0.43775526,1.6689845,-0.4462756,2.8324306,-3.2214901
0.5069357,0.4470376,0.96377593,-0.92376906,-2.3374827,-0.5646404,2.1407337,1.0525547,1.69575,-2.9061894
0.31511566,-0.17109631,1.7555791,-1.4627159,-2.2493045,-0.34216735,2.216816,0.4429086,1.8565521,-2.2721238
1.1835654,-0.27939975,1.2973667,-1.995975,-2.5868137,0.07023509,2.1490245,0.43480065,1.685106,-1.9158392
1.027086,-0.7243823,1.7985352,-2.1270325,-3.5070126,-0.57950807,4.356591,1.2931744,1.9081063,-3.1025352
0.430317,0.046278298,1.6964215,-1.7553846,-2.814318,-0.7101457,3.0990715,0.8492256,2.23276,-2.8119462
1.0742627,0.47777465,0.74029756,-2.178802,-2.3621752,-0.8130499,4.0346704,0.8445474,1.6796625,-3.1334038
1.3613917,0.8421774,0.1053626,-2.6558487,-2.0660412,0.17097059,3.6227365,0.28202006,1.3671569,-2.6249018
1.8109021,-0.09113553,0.05554425,-2.009189,-2.671537,-0.954543,4.4756107,1.437727,1.1171956,-2.7178874
1.5913926,-0.2718563,0.047031812,-1.1556613,-2.042164,-1.0349613,4.015576,1.0552723,1.1886692,-3.0585399
0.41023195,0.148999,0.44316277,-1.8814385,-1.5114794,3.8658483,-0.17402697,-0.7867306,0.5092169,-1.228849
-1.9306328,0.53634834,3.0284278,0.16815776,-2.3230085,-0.35453317,0.6692402,0.01659384,3.1909354,-3.0837388
-0.88183767,-1.6481569,3.8692045,-0.7151923,-2.7092059,-0.07938784,1.2760504,0.44860116,2.8532343,-2.8761597
-0.826746,-0.14208664,3.0489957,-0.2963555,-2.1679146,0.0104295015,0.83211327,-0.039817695,2.7348475,-3.2993162
-0.50997037,-0.2560995,1.0629889,-1.0263971,-0.9836101,2.180208,0.54640245,-0.85689545,1.1361603,-1.5251975
-0.59006166,-0.93774426,1.85499,0.123532236,-1.4442661,-0.2566097,1.1644689,0.9261743,1.5490301,-2.506112
-1.2410486,-0.098068774,2.730337,-0.49900404,-1.9064782,0.65543854,0.40841204,0.19681922,2.108078,-2.4969883
-1.965066,-0.8208197,4.7927938,-0.023436267,-2.6976583,-0.17169032,0.51041776,-0.11096761,3.3655114,-3.1849623
-1.5499406,-0.43512848,3.7934222,-0.91767997,-2.447277,0.6186346,0.87358695,-0.20373374,2.7298439,-2.7159343
-2.2767158,-1.2599658,4.5135813,-0.7380525,-2.6273782,0.6644188,1.6385068,-0.11746541,2.9375858,-3.1441216
-2.0716324,-1.4002786,4.5139985,0.24822348,-3.0064309,-0.41789517,1.0825689,0.7288711,3.0445943,-3.095316
-2.0058317,-0.71514046,5.013938,-0.4036529,-3.4133887,0.049336076,0.6889363,0.056418125,3.286128,-2.8082147
-2.138791,-1.3488863,4.5384064,-0.39395767,-2.8435452,-0.45901164,1.6418251,0.6121181,3.0203378,-2.8773055
-1.4149663,-0.66176885,2.6139364,-1.2129495,-2.0240092,3.3093362,0.72236997,-0.76593614,1.0036713,-1.7420667
-2.980778,-0.43516943,5.169256,-0.047322873,-3.033228,-0.14261833,0.67316043,-0.22182816,3.735949,-3.049209
-1.4936163,-1.819045,4.781947,0.5586794,-3.3329542,-0.41872862,0.4635591,1.1546143,2.4344783,-2.681209
-1.5770447,0.2645574,3.0858848,0.4856526,-2.2444663,-0.6677177,0.9361047,-0.058657978,3.0025642,-3.0920665
-1.3212332,-0.62815654,3.6031044,-0.100828946,-2.2765076,0.13161731,0.13475499,-0.4628925,2.6920128,-2.0553172
-1.3103862,-1.1118187,3.830453,0.8080537,-2.9622462,-0.8207648,0.41590658,1.1008435,2.065088,-2.5187943
-2.7083192,-0.77913666,4.844219,0.51223016,-3.3817093,-0.90420866,1.2520089,0.54091036,2.972827,-2.5089102
-2.7894678,-0.6537645,5.736047,0.5577628,-3.1617873,-1.0916036,0.9753329,-0.09085783,4.1421046,-3.8392916
-2.603749,-1.5512564,4.715494,0.95301056,-2.3376248,-0.404731,0.35136,0.7301095,2.970459,-3.297369
-2.1901746,0.44522014,3.3952584,0.6965922,-2.265905,-1.1586232,0.64667857,-0.01722214,3.2728515,-2.8794887
-1.7449808,0.49077657,2.1651204,-1.3134385,-1.6014946,3.9538782,-0.71880203,-1.926926,1.2288557,-0.61439455
-2.6952252,-0.7552762,3.6656764,0.48733735,-2.3846817,-0.2224454,0.86293447,0.48563382,2.9174242,-2.5593772
2.0285785,-1.3570083,0.058969922,-1.6586655,-2.0625005,-0.10811293,-0.7689206,0.7757797,-1.714331,4.467517
3.3487628,-1.0730695,-0.8353904,-1.814075,-1.1739657,-0.25939572,-0.38108575,0.75786185,-1.6735587,2.9017053
1.7169015,0.6321659,-1.0079618,-0.98989016,-0.7356233,0.12042144,-0.45622718,0.009419721,-0.94843835,1.6255771
1.6108629,-1.7302487,0.075569525,-0.45071214,-2.0394287,-0.5899068,-0.5549308,1.3644654,-1.5596881,3.5964918
2.1320493,-1.3638357,-1.7299644,-0.026110265,-0.76372373,-2.0122645,-0.9145912,1.6151934,-2.8675065,5.5760794
2.7958703,-1.0335552,-0.45189792,-1.9913433,-1.6149161,0.13146913,-0.8747009,0.058281597,-1.4376945,4.1521735
2.0455573,-2.7374003,-0.13298416,-0.79235464,-1.5476685,-0.5507132,-0.5744354,1.6228498,-2.5362463,5.0051975
2.6763558,-0.7121639,-0.6990035,-1.3058732,-1.6954858,-0.107429564,-0.5625347,0.2741486,-1.9574807,3.9086215
1.9499947,0.30579922,-0.9126392,-1.4338,-1.4293071,-0.408892,-0.9765581,0.51331055,-1.4151853,3.5314064
3.0783784,-1.8329655,-0.8247977,-1.8227533,-1.0588062,0.32809147,-0.10893473,0.70047534,-2.1301007,3.4927347
1.5560646,-0.9650091,-0.07104696,-1.0427837,-0.97709155,-0.03027156,-1.3593762,-0.07042459,-0.962847,3.4970517
2.608339,-1.0250531,-0.24189976,-0.9597131,-1.8393607,0.020537093,-1.0003082,0.68286884,-1.6293646,3.2069612
1.7863425,-1.3912398,-0.8340251,-0.747196,-0.88064003,-0.70516896,-0.5744826,1.2516049,-2.0459814,3.9302778
2.5947604,-0.7382109,-0.6534332,-1.5824866,-1.3353554,-0.32045504,-0.7761649,0.4401751,-1.2460059,3.5078363
2.2506223,-1.045377,-0.91670567,-1.0430391,-1.1375284,-0.5865283,-0.5520358,0.7279421,-1.948715,4.210573
2.9480164,-1.8982131,-1.4618628,-1.6038866,-1.0724181,0.5808914,-0.69870204,1.1534268,-2.6618834,4.4875464
1.7551153,-1.3975718,-1.8314191,-0.3681197,-0.51213986,-0.26579234,-0.5101352,1.236785,-3.0525327,4.78852
1.1346606,-2.3014276,-0.44367757,-0.9515931,-1.1080073,0.3297976,-1.2146326,1.5225736,-3.0863423,5.723371
3.211761,-1.1472721,-0.82801765,-1.3205576,-1.3909682,0.56918687,-0.521456,0.7414026,-1.4859583,2.1441386
2.580555,-1.474903,-0.6286371,-0.9797978,-1.1822414,0.25952914,-0.9313319,0.69882876,-2.1453114,3.6535108
1.4427862,-0.029116094,-1.8150715,-1.1936917,-1.312118,0.19911993,-0.0842253,0.8715755,-2.3924408,4.228389
2.997579,-1.7432581,-1.1163563,-1.14786,-1.7770727,-0.38429424,-0.5933442,1.515226,-2.347989,4.441977
2.470308,-1.3567348,-1.7248334,-0.6299531,-0.4610392,-0.35309127,-0.09348655,1.4114076,-2.4474626,3.0565944
2.3675802,-0.5205345,-2.5101235,-0.87653893,-0.07405429,-0.33880255,-1.3201568,0.7928413,-2.9326959,5.1504426
2.97213,-1.7956187,-0.9185682,-1.297341,-1.4805653,0.15349303,-0.62713116,1.011171,-2.107636,3.8697891
-1.2649693,1.4934604,1.3087472,0.8882102,-1.4002166,-1.0551788,0.3068468,0.05695611,2.0356817,-2.4146452
-2.6192286,0.11350718,0.42872337,4.049929,0.05241237,-1.5647072,-1.0097097,1.5109729,0.1876469,-1.218562
-3.160355,-0.12772796,0.46881875,4.3149686,0.51714367,-1.3606462,-1.5315102,1.0359784,0.37632242,-0.88943136
-2.3570228,-0.0033608377,1.4513216,4.279066,-0.6933626,-2.4742506,-1.1229556,1.2415364,0.9994557,-1.5296557
-3.3431447,0.3271815,-0.014265306,4.64951,0.4469019,-1.9857217,-1.9666506,1.2464575,-0.77679914,1.2199196
-1.2098076,3.2827315,0.8040152,0.14248747,-1.2248261,-0.60954475,-0.15645403,-1.0323004,2.4078598,-2.248334
-5.210277,-0.28825268,1.8248626,6.1230555,-0.99971753,-2.7145357,-0.7193643,2.5253084,-0.13044539,-0.7194545
-4.569175,-0.27422938,1.4939759,5.612535,-0.7953722,-1.9768564,-1.6567781,2.254861,-0.3563673,0.04737301
-1.6258249,-0.0917241,2.1557312,1.8917707,-1.2389276,-1.0015976,-0.5935869,0.14079559,1.3869036,-1.1576542
-4.3746734,-0.59662676,1.5499665,6.260492,-0.34159034,-2.180997,-1.6024472,1.7817847,-0.55434597,-0.30872184
-3.9863245,0.013306648,0.8571108,6.4255586,-0.22524759,-3.1290047,-1.8622557,2.1947544,-0.39676067,-0.37822092
-3.6427207,0.105606765,4.5166683,1.3716658,-2.0685332,-0.55310583,0.37703106,-0.28385946,3.2099185,-3.50694
-4.184777,-0.46346858,0.94466144,4.051643,0.31250918,-2.0251944,-0.89903104,2.148712,-0.6674682,0.68144834
-3.6356716,0.68225384,3.9128911,1.199194,-1.881592,0.021819055,-1.1677299,-0.85914266,2.680588,-1.1363782
-3.4788585,1.2959548,1.3871762,3.7882326,-0.63205975,-1.3662454,-1.8505493,0.63449126,0.5069477,-0.25832298
-5.070714,0.047995,2.267462,5.3002543,-1.2134537,-1.4548813,-1.9411505,1.1335847,0.9024608,-0.2324705
-4.032004,-0.016815454,4.2650337,2.9854424,-1.5804152,-1.6576859,-0.71309936,0.10289499,2.3874288,-1.9758856
-4.7490625,-0.42036685,0.8713534,5.159652,-0.005285494,-1.9760898,-0.9944382,1.9337631,-0.9058194,0.6575202
-3.074215,1.9203976,2.514663,1.9961616,-1.1071334,-1.3480799,-1.110419,-0.51905936,1.9363323,-1.4260086
-3.7696812,-0.43851444,2.109598,4.2180934,-0.7018785,-2.29897,-0.7791469,1.6844083,0.16760495,-0.3732571
-4.6539726,1.2922183,0.904328,5.2246604,-0.61144745,-2.389525,-1.1291189,1.1300217,0.18356863,-0.10358314
-3.707216,-0.9649012,2.9268866,4.7736316,-0.6281714,-2.0232742,-1.7442447,1.3759525,0.1540598,-0.75861764
-4.66665,1.0639609,1.2794069,3.9071734,-1.4750564,-2.1731648,0.03628902,1.8617593,0.8713155,-0.63001245
-4.776202,-1.1811551,2.42119,6.6978726,-0.39644688,-2.2147467,-1.4975498,2.0356429,-0.44731757,-1.0082768
-3.5180838,0.32253566,0.94056505,4.0425296,-0.5213283,-1.9198481,-1.4680802,1.4430972,-1.1592169,1.5296873
0.11680613,0.97234535,-0.50177306,-1.6455986,-0.4011303,5.423497,-1.2673689,-2.3506079,-0.14796636,-0.20993273
-0.23826264,1.5350846,-0.9848198,-2.1530416,-0.07830613,6.1561728,-1.403395,-2.6099634,0.10759908,-0.3936785
-1.5104388,1.4354374,-0.6581254,-1.9398804,-0.01697851,6.0979943,-1.84598,-2.9309666,0.52735794,0.82248926
-0.031299338,0.46772495,-0.35465774,-1.7630076,-0.18044153,5.221355,-1.1643333,-1.9858903,0.45094183,-0.8220263
-1.6819937,0.13111225,1.204985,-1.5350842,-1.244031,5.529255,-1.1761645,-1.7709123,0.5957165,-0.24480765
0.038564637,1.0951593,-0.12761948,-1.7918669,-0.79625523,4.8626723,-1.2353431,-2.153015,0.35700107,-0.32111502
-1.1048434,1.8174983,-0.38335827,-1.1751353,0.2347739,4.774294,-0.87047076,-2.3211215,0.80537087,-1.847669
-0.6743739,0.8305222,-0.08931396,-1.6062486,-0.55382985,5.531002,-1.155711,-2.032534,0.46950093,-0.83786887
-0.25487655,0.8284457,-0.037092246,-2.3317642,-0.7256785,6.7587276,-1.4531155,-2.8625286,0.14195937,-0.14425199
-1.4031832,1.4755715,0.4827601,-2.0520318,-0.7248579,6.559935,-1.3090433,-2.7587664,0.80833715,-1.2344327
-0.07371047,1.1274382,0.022373639,-1.8136898,-0.69160986,5.0592856,-1.3438541,-2.1792862,0.3719683,-0.5830858
-0.086887345,0.6619966,0.69608825,-1.6805259,-1.7820716,3.6342738,-0.43444276,-1.6159381,0.7518307,-0.19851409
-0.34122834,0.77749336,-0.2232401,-1.5602574,-0.8356583,4.928974,-1.4168807,-1.6498913,0.10239801,0.23097862
-0.5334681,1.3567282,0.66596437,-2.24797,-1.2236475,5.2641425,-0.6891742,-2.8029268,1.0420868,-0.90846837
-0.53730214,0.80695546,0.04703196,-1.4136472,-0.7652786,4.6117477,-0.16230619,-1.7599342,1.0700047,-1.9514953
-1.0332847,1.3654885,1.3823241,-1.1898744,-1.3137566,3.5028393,-0.77411985,-1.9907244,1.7146213,-1.8057142
0.16512217,0.94956505,0.7487881,-2.0945756,-1.3895202,5.0435967,-0.52606213,-2.3257072,0.8515641,-1.4169286
-0.82912135,0.6551155,0.30007753,-2.1570723,-0.6468953,4.946196,-0.6903994,-2.1403892,0.5205382,-0.021446511
-0.83751357,0.04258555,1.0686878,-2.6038687,-1.0222603,6.619687,-1.1719791,-2.5469668,0.8189291,-0.54154646
-0.6548064,1.1272842,0.63650703,-1.4618607,-0.6368901,4.788076,-1.5165938,-2.3205674,1.1618513,-1.348569
-0.6051649,-0.26534992,0.8552651,-2.2571733,-1.1315143,5.204004,-0.5799464,-1.569856,0.49014357,-0.23584145
-0.771658,0.9141096,-0.15636095,-2.085704,-0.30484727,6.1339073,-1.2954439,-2.4998918,0.7013521,-0.73380476
-0.4338716,0.22542027,0.892411,-2.1184928,-1.3353453,5.701932,-0.72373545,-2.2087576,0.80853224,-1.0651014
-0.17003332,0.8706895,0.027105592,-1.9353144,-1.0479767,5.840896,-1.1565922,-2.1270185,0.12559313,-0.67101365
-0.6183884,0.0955542,0.027048789,-1.4292078,0.043934442,5.303455,-1.1740918,-2.1306593,-0.18262567,-0.20017198
-0.8046238,-0.39088354,0.24736717,1.3676387,-2.0858734,-1.8585824,1.8811891,3.7159185,-0.32411882,-1.378997
-0.463228,-1.4896542,0.7974455,0.7771966,-1.6231666,-0.844517,1.599388,2.492046,-0.89183897,-0.2832746
-1.1203568,-1.6100606,1.9186982,1.5235602,-2.6963995,-1.5952834,1.7309347,2.8861642,0.31882313,-1.501129
-0.08040213,-0.8197397,0.3673515,1.7173715,-1.8640215,-1.7569367,0.61832833,3.0647097,-0.64819884,-0.5493464
-0.6421846,-1.0198107,1.1066587,1.8533251,-1.8714094,-1.5425372,0.6586282,2.683135,-0.53990144,-0.8389168
-2.1215677,-1.7687418,1.3028393,2.7335224,-1.7353561,-1.5930902,0.718675,3.4043415,-0.7554413,-0.5456727
-1.5779613,0.22563615,1.9454731,0.8039874,-1.7009988,-0.5986899,0.71993273,0.6242653,1.7146572,-2.2956216
-1.9695807,-1.8274592,4.880511,0.3468515,-3.1267264,-0.2296955,0.4452627,0.4564344,2.776196,-2.0833344
-2.4580102,-1.3158396,2.450318,2.1880958,-2.292596,-0.62377,0.77439356,2.0784352,0.35632014,-1.2038829
-1.3850965,-0.4652405,4.2923656,-0.1250892,-2.8920758,-0.6345844,0.50537485,-0.04024719,3.2016044,-2.7742362
-2.435112,-1.2472756,4.684885,0.7919101,-2.4035203,-0.44000444,0.007922113,-0.46919733,2.9519243,-1.6345488
-3.1042328,-0.65395975,0.92052966,3.992604,-0.9234026,-1.5844885,-0.5975583,1.9434029,-0.7007943,0.6626286
-1.0028527,-2.0691624,0.894086,2.4232373,-2.0473466,-1.4203981,0.8651694,3.460644,-1.2933342,0.07398076
-3.975085,-0.5854863,2.301489,4.63502,-1.2657491,-1.82398,-0.8145734,2.0423665,0.4192728,-1.1635927
-3.4040086,0.5782151,4.328578,-0.045637373,-1.9705672,-0.17478567,0.1741387,-0.77259785,3.7473288,-2.8956861
-2.3928328,-0.5830543,1.8928746,4.0336094,-0.9477475,-2.6583521,-0.95127714,2.161727,0.07375032,-1.0792382
-1.4686472,-1.1548213,3.450918,0.13029572,-2.4114702,-0.66349256,1.0364059,0.8760858,1.8851634,-1.8787916
-1.2960334,-0.79906166,0.78197145,2.779587,-1.436573,-1.6090671,0.21851777,2.431368,-0.4907995,-0.61043835
-1.4239688,-2.0129437,1.3759629,1.9201617,-1.9689338,-1.5046748,0.5829878,2.6550875,-1.1055055,1.2518084
-3.0437007,-0.97795546,1.749399,3.0045233,-1.6877573,-1.1622372,0.6563524,2.115556,0.38029268,-1.1820465
-0.7640772,-1.4913765,2.1985767,0.6066095,-1.8207774,-1.086392,1.0024565,1.4136561,0.7249999,-1.0276424
-1.0208023,-1.8732778,2.2147987,1.1441544,-2.323921,-1.2832754,1.6213144,2.0918348,0.15563625,-0.84639865
-1.9188497,-2.000613,4.285513,0.58852524,-2.1730351,-0.4139919,0.5146334,0.6025148,1.9411539,-1.8227967
-2.4372678,-1.8146367,2.1255412,3.5843625,-1.3121707,-1.6922134,-0.29600388,2.2858427,0.08999112,-0.85533756
-2.1379485,-1.4861176,4.9795794,0.17228298,-2.9360611,0.32799664,0.6653753,0.019568946,3.0424623,-3.0548458
