-0.6058525,4.313301,-1.224413,-1.7559476,-1.3242047,-1.0224661,1.1577078,-1.0707304,3.2999806,-1.5791878
3.358679,-0.5524963,2.049512,-1.9365792,-3.8256896,0.05378381,0.22092049,-0.30342212,0.7791561,0.24542567
2.6059105,0.24438837,1.0819236,-1.3264924,-3.05326,-0.40179312,-0.1451841,-0.50848186,1.6468209,-0.1086674
2.0050783,0.75904024,0.19617154,-2.092832,-2.130223,-1.227737,2.265423,0.112380356,0.8812256,-0.74866474
0.19915995,-1.4361815,3.9184918,-1.9977095,-4.2036524,-1.1488761,2.0941775,0.65490067,3.1443021,-1.0715294
-0.9929172,3.9395475,0.14648052,-0.7582854,-1.6686072,-2.0331383,1.3551521,-2.3921852,2.9064918,-0.2929002
-0.72924495,2.965413,-0.018619519,-1.0417001,-1.9758933,-0.36200702,0.8529554,-1.039659,4.7789245,-3.2558508
2.2037764,0.31872925,0.54328126,-1.3878089,-2.1992216,-1.8060213,2.3965685,-0.37258852,0.5399636,-0.09764746
-0.79530466,3.6822672,-1.6393871,-0.27565107,0.27367687,-0.15672094,-0.9950724,-1.4604565,1.3494371,0.07402831
2.5966713,-0.5460925,0.37096897,-2.3520186,-2.43427,1.2978147,0.89649063,-0.5861824,-0.4410283,1.2308071
-0.08805609,1.8644099,-0.3784931,-0.25181824,-0.6654646,-2.1984515,1.4399942,0.17924425,1.8264505,-1.5579848
-0.49439135,3.524409,-0.75319475,-0.9503432,-0.11885998,-0.8965498,0.030918524,-1.5760615,1.4989156,-0.14069712
0.22266927,-0.48403832,2.8205175,-2.1765249,-2.9917767,-0.017390512,2.9827096,-0.09191209,1.9454433,-2.195169
4.8611054,0.35935834,0.12871213,-3.3603845,-2.4249194,0.5015336,0.6555447,-1.0164487,0.8652283,-0.42199755
-0.4474441,3.0160658,-0.57314014,-0.83059675,-0.09478158,-1.1888942,1.367837,-1.6330441,1.0966562,-0.6245541
1.0280627,2.5236328,-0.6658431,-2.2992709,-0.55151933,-1.4545472,1.731943,-1.2797675,1.6129376,-0.50427526
-1.2231766,2.7994113,4.0162355e-05,-0.7623702,-0.60733145,-0.16797993,0.34549963,-1.0613456,1.7268815,-1.0370605
1.0364497,-1.2857559,2.0636897,-2.1900947,-2.7604105,-0.9199944,3.8725352,0.65975064,0.80564797,-1.204984
-0.3820226,-0.59531903,1.2157036,-0.37370703,-2.8704257,-1.8605784,3.742506,1.9550515,0.9144479,-1.6462215
2.0322547,1.1115806,3.2593176,-2.3913167,-3.6893468,-0.6242562,0.5708614,-1.2733088,3.4993966,-2.2901068
-2.3744583,-1.7138658,5.2940507,0.5840921,-2.2672088,0.2949319,-0.9550977,-1.3933676,0.58890474,2.1502068
-0.56154084,1.0295717,0.11407912,-0.90850013,-1.3646815,-0.4757164,1.1518961,0.6391644,4.5119166,-3.9900274
0.1273096,-2.1551995,0.7701091,0.36055544,-2.4402337,-1.2331274,1.1437517,3.654554,-0.6057693,0.3925665
-2.5282567,2.0402684,-2.4221249,2.3976338,2.819074,-3.4979007,0.41935462,0.49322057,-1.6267684,1.941199
-1.2518473,-1.3656012,4.197067,0.10410904,-2.9416094,1.0026636,0.78847563,-0.57250667,0.3265008,-0.09822714
-1.2298429,-1.3289747,3.9202366,-1.1308999,-2.482359,1.1717725,0.64559543,-0.6453776,1.787665,-0.60487366
-1.568763,-2.1362245,5.1635885,0.089734234,-2.5421991,-0.66690284,0.5579049,0.42575657,2.169404,-1.1193992
-0.95048463,-0.648605,1.4754902,1.3469807,-2.4957612,-1.9485179,-0.3062327,1.2813364,0.41231415,2.0100913
-1.1714482,0.8620105,2.899129,-1.368294,-2.1883008,-0.3606941,1.3494612,-0.79377884,4.351686,-3.4210715
-1.6224697,-0.73669076,1.926387,1.0396698,-1.4165156,-0.6060045,-1.0942299,0.89358807,-0.3787892,2.1523113
-1.4219258,-2.7365818,-1.2828864,0.9989341,1.0321658,-1.6524637,0.05681713,4.4828577,-0.9684293,1.4141625
-1.9401665,-0.5388608,-1.0759172,2.3002217,0.86089194,-3.0212126,0.58935744,2.099215,-1.1043508,1.6531376
-2.0946832,-1.0304662,4.428437,0.09990577,-1.3559158,-0.20105296,1.2867365,-0.18599582,1.0374647,-1.8011984
-1.1799495,-0.21340191,2.2386014,-1.4531417,-0.8878516,1.1343781,0.8463533,-0.7217733,3.082374,-2.5750923
-2.4383647,-0.5286807,1.5593284,-1.2000129,-0.65522635,0.59557414,0.9609658,-0.3662054,2.5245292,-0.41080904
-0.8163762,-1.6529355,6.073443,1.2987555,-2.4585035,-1.6141474,-0.20535569,-0.51679933,1.1092297,-1.0998138
-0.021348864,3.5144825,0.6827789,-2.7828796,-1.0600536,-1.4426194,1.5489755,-2.6568394,3.7860608,-1.356369
1.2757707,2.58714,-0.9970002,-0.8139865,-1.6641631,-1.9383997,0.6494846,-0.25243682,-0.16505173,1.42635
-3.5462348,-2.2456255,1.2270571,7.2192245,-0.82932997,-4.0211,0.026152477,4.020861,0.110423,-1.9875666
-2.099013,-2.6279817,3.881286,-0.7865035,-1.343832,1.8026897,-0.46272105,0.6842345,3.1330218,-2.1517057
0.9710511,-2.075465,-0.644365,0.118346415,-1.9951937,-1.2573414,1.0431701,4.239729,-1.5786929,1.3401183
-0.35548893,-4.3737593,-1.1666371,2.008961,-1.2971361,-1.2662367,1.1460555,5.7894793,-2.4032302,1.7862986
0.34118256,-3.7678456,-2.3586679,1.5481796,-1.7852423,-1.4576828,0.7443058,6.9010563,-1.5117229,1.2377617
-0.538,-2.8619392,0.6299349,3.0191624,-2.8065572,-3.318831,2.2835357,5.8898506,0.28057387,-2.6008692
-2.2464073,-1.1753914,-1.805608,0.008614148,0.0013628602,-1.179497,2.5084817,4.197939,0.7899544,-1.3102956
0.24651918,-3.9711704,0.2665635,-0.1411043,-1.7193937,-2.7363553,2.7487006,5.142048,-1.053434,1.0558164
-0.8352916,-6.5784826,1.8256956,1.7887969,-2.7186267,-0.7972627,1.5260837,7.1528263,-0.18660095,-1.2577757
-1.5753987,-6.09914,0.60463345,2.8719888,-1.1753812,-2.6058145,1.9987069,7.757044,-0.25782874,-1.8189017
0.2656282,-4.2844977,-0.07237409,2.0362158,-1.5176299,-3.177469,3.087382,5.1918435,-0.5247351,-1.2711886
0.86962795,-3.5364442,-1.4226376,1.1268115,-1.4758582,-1.6050979,-0.23640062,5.3085575,-0.84731114,1.7725784
1.049445,1.3700415,-0.10062431,0.42037266,-1.6172075,-2.0078232,0.75817627,0.43870008,1.0164384,-1.1676937
1.3167938,-3.8420353,-2.4077015,0.44644845,-1.6770494,-2.079095,2.07012,7.367401,-0.7898958,-0.5693725
1.390153,-3.0629911,-0.26918945,-0.13855857,-1.1927183,-2.4708753,1.1518043,4.3931913,0.19890884,-0.034478426
-1.3306401,-3.4398017,-0.62922347,-0.36052665,-0.054723993,0.30731127,1.5346295,4.525898,-0.7036234,0.11833212
-2.4124515,-1.8951364,-0.304927,1.7966383,-0.9528371,-1.7421678,2.286545,5.3135004,0.5592017,-3.061709
-0.42734495,-1.2920649,-1.3858912,-0.5917339,-1.0204587,0.025484271,1.4639996,3.3967218,0.77895546,-1.1458043
-1.6870894,-0.3499076,-0.17108847,5.787184,-0.10902232,-1.7383014,-0.8283189,2.2502375,-0.31686258,-2.7929335
0.3467798,-4.226844,-1.4283367,1.5137326,-1.3621855,-2.7820609,0.7893405,7.160994,-2.6017485,2.4800873
-1.3950788,-2.7735596,-0.4504921,1.5361576,-3.1660216,-2.4216845,4.1061935,6.8876057,-1.5486727,-1.0965496
1.0997076,-0.99039555,-3.9022462,0.5874256,0.023949742,-3.0049107,1.8560975,5.446797,-0.95701563,-0.23306036
0.34241593,1.2026663,-1.3731105,-0.20073831,0.88723713,-0.47449267,-1.6148216,-0.6543616,-1.8849478,3.8775396
-0.39088133,0.90403867,-0.9740367,-0.5231944,0.015289426,-1.3140514,-0.33117676,0.43781686,-1.4193588,3.7428207
-0.037357718,-1.3572675,-1.6704807,0.66641897,1.8870523,-1.2959529,-1.39807,1.4018347,-2.8281229,4.6993656
1.1549553,0.42357364,-1.3012964,-1.1946272,-0.4413978,-1.6026312,0.27449477,-0.24437042,-1.3263423,4.384372
-1.4664106,-1.7438365,-1.3267027,0.19455798,1.6273742,-1.1171505,0.52568513,2.294272,-1.5833547,2.394621
1.4189243,-0.7618817,-0.56987274,-1.2366977,1.782227,-0.91823274,-1.3105992,-1.1581647,-2.0966387,4.8253846
2.0585299,-0.2923759,-2.2489266,-0.48224857,-0.10646346,-1.3703498,-0.69451934,0.487361,-3.0901701,5.853733
-0.14736703,-2.207236,-1.4590844,1.1265838,0.90788066,-1.7382098,-0.27623135,3.114067,-2.7510796,3.432335
1.7684565,-0.66518617,-1.040261,-0.40674788,0.18736959,-2.047518,0.14955215,1.0176206,-2.4761276,3.7416945
1.1062305,0.89605165,-0.96140814,-0.48076817,0.18875144,-1.8534945,-0.75678205,-0.49529457,-0.85368896,3.336347
-0.64878094,-2.5219176,-1.199471,0.93317986,0.7486692,-0.938636,-0.37218344,2.2539134,-3.185236,4.987545
0.6086097,0.18664986,-0.21508433,-1.5150931,-0.7156363,-0.83853066,0.59418017,0.22118312,-2.0096924,3.777246
0.40619746,0.34028533,-1.3146291,0.53184223,1.5773995,-1.2457124,-0.55839473,-0.35237846,-2.050414,2.6980968
0.37351403,-2.4619021,-0.9290357,0.24938464,0.5224101,-1.5807121,0.2640307,2.517188,-2.9955451,4.1506886
1.6241742,-1.4007459,-1.2678404,-0.05666322,-0.17882824,-1.2154826,-0.3665594,1.459191,-1.9655048,3.180934
2.4614706,0.91553414,-1.4444959,-2.28769,-0.041766316,-1.3356473,-1.3216687,-0.3037063,-3.2938747,6.762553
1.6678154,-0.7799287,-1.8151788,-0.8504692,-1.2689517,-2.129798,1.1857395,1.7702304,-2.4266257,4.5252585
2.1681132,-0.58797556,-1.6318983,-1.5195148,-0.3605265,-1.7131652,0.02240844,1.0489944,-2.9200625,5.4656143
-0.15353769,-2.767488,-1.4274417,-0.80637646,-0.60877484,-0.5527466,2.079223,3.4523692,-2.0794604,2.6713634
-0.52023363,-2.2505383,-0.26164824,1.1203046,0.8044148,-1.7659827,0.38159102,1.9014403,-3.0916815,3.606834
4.773695,-0.19183072,-1.5226423,-1.8443985,-2.5792673,-0.9035581,0.8540635,0.906783,-1.2706753,1.7223786
2.1250553,-0.110877395,-0.28710058,-2.7329588,-1.2284284,-0.30332735,0.5141577,0.049512208,-0.524048,2.5732226
3.9345648,-0.89274275,-0.06489837,-1.4013577,-2.1965044,-0.7570159,1.6166208,0.348086,-0.9024893,0.34724826
1.6583174,1.4375625,-0.12780079,0.18058878,-0.9735138,-1.5581357,-1.1891936,-0.61601126,-1.1638892,2.5069418
2.4776897,0.13303152,-1.4950123,-0.9615943,-1.3921318,0.101739146,-1.6336974,0.23426175,-2.002189,4.5137873
4.802664,-0.84107554,-0.9862982,-1.9541354,-2.4042506,-0.70931727,1.574146,0.93294847,-1.9451905,1.4889588
5.740266,-1.058677,-0.8514169,-2.0323658,-3.114146,-2.0859337,1.9063703,1.3616636,-1.4919413,1.6978472
4.5563397,1.2089107,-1.2405013,-1.2120904,-2.2343595,-1.9486827,-0.19991224,-0.22060241,-0.5847727,1.9756843
1.5842857,2.8669934,-1.5478381,-2.6884987,-1.5490749,-0.69139457,0.41062397,-0.8080748,0.518437,1.9836036
5.2264323,0.86440325,-0.9023467,-3.4473078,-2.2981188,-1.1283556,0.32183272,-0.8053181,-0.7206645,2.911209
1.5175177,0.356325,-1.2781125,-2.31462,-0.6712284,-0.5943734,-0.40391302,0.21612132,-0.15214413,3.4605193
3.6178255,-0.15056199,-0.5885562,-0.8705181,-2.7395155,-2.2960622,-0.08441356,0.4890306,-2.273982,4.853856
4.4696393,-0.05705136,-0.57472646,-1.6247165,-2.6869218,-2.1553183,0.34948826,-0.20300516,-0.29778868,2.9920473
2.69076,0.71292174,-1.0262007,-1.0761269,-0.5191955,-1.6521664,1.0861855,-0.6633349,-1.5535291,2.1193295
4.3248467,0.33252928,-1.2269053,-1.9234666,-1.5692146,-0.39248747,0.77376467,-0.1932723,-1.0422628,1.0141077
2.6757522,-0.9963341,0.4213626,-2.201023,-3.0889132,0.05619783,0.7476195,0.47160363,-0.46164665,2.3801603
4.1764455,-2.1534116,0.8264415,-3.1928596,-2.9809752,-0.14122981,2.581197,0.82088935,-1.0751077,1.0555576
5.310887,-0.7016735,-0.86918044,-2.3810673,-3.7325923,0.035435833,0.7810908,0.69228464,-2.9898126,3.7350922
3.8825257,-0.45332628,-1.5713416,-2.3204162,0.4144086,-2.4363332,1.0136697,0.6585785,-2.1609943,2.9791818
3.510568,-0.7705281,-0.32975635,-1.597497,-2.5513957,-2.2031798,1.7549353,1.0184661,-1.0473624,2.2065535
0.24924591,0.0536969,1.7217232,-1.2982883,-2.2265685,-1.5789231,3.7994933,0.80850184,1.8996538,-3.2720108
-0.3995897,-0.16230685,0.27736166,2.226092,-3.1914914,-3.2733493,2.75118,3.1847682,0.20945504,-1.5480086
-0.78793764,0.5234455,0.17738618,-1.3182318,-1.8963344,-1.038516,4.1509876,1.3928846,2.0955024,-3.1099114
0.9374869,5.012989,-1.7895254,-2.9454353,-1.2694056,-1.8894477,1.4193113,-1.4553413,1.2883413,0.808972
-1.0146586,0.2880393,-0.39020562,-0.42355293,-1.4532273,0.34106794,3.0739753,1.0164362,0.3226069,-1.8275951
-0.5300796,1.0780935,-2.03899,0.18058732,-0.43641067,-2.7635617,4.0617743,2.4760365,-0.38939145,-1.6948444
0.38356927,0.2762522,-0.8045392,-1.0149788,-0.5880867,-2.4183078,4.3075314,1.2912093,-0.2528482,-1.300925
0.17213032,-2.3881338,-2.2372255,0.07265612,-1.6316524,-0.043184392,1.5024372,4.6157575,-1.564095,1.137577
-1.3331745,0.27041206,0.23485424,-2.328862,-1.4029646,-0.7408396,4.4988337,1.4886173,1.0998672,-1.8041404
0.08844179,-2.8459897,-2.0116634,1.5230076,0.75822157,-2.3258605,1.0450684,5.470114,-1.6778301,-0.095124274
0.33585334,0.98743975,-0.7634965,-1.5039153,-0.46554554,0.17191455,0.89108115,0.44460022,-0.7858163,0.6055514
-0.5084299,-1.0639231,0.79330266,0.5490834,-2.665198,-1.618649,1.9736015,2.4725146,0.49889758,-0.44628185
1.2685001,-0.27129576,-0.1397575,-1.3497381,-2.4053967,-2.2536707,3.0514162,2.477089,-0.19648004,-0.1504196
0.58834887,-0.83795965,-0.612112,-0.91396874,-2.3794866,-3.2199357,3.554878,2.9516702,-0.22782788,1.0210075
2.6532092,-0.14139047,-0.21024941,-1.4114975,-1.6776352,-3.1285207,1.449015,1.2685982,-0.55315673,1.8965908
-1.9416893,-0.6814772,-0.5746624,0.7554926,0.7683979,-3.7003107,4.1848326,3.295693,-0.37865648,-1.7127811
0.44902626,-0.05079654,-0.25444326,-2.1099377,-2.2049305,-2.6132207,4.520366,1.8421072,0.53342855,-0.095363736
0.6776248,0.8990928,-1.0432764,-1.0437448,-0.33726364,-0.92555386,1.6365825,0.57618487,0.54935145,-0.97397697
-0.814343,-0.75426173,0.2542,0.18661109,-1.0588267,-0.6432821,2.4122097,1.1181191,0.26629284,-1.0475835
-0.29161718,2.0634086,-1.2733408,-0.83256745,-1.0876632,-3.142755,4.2293997,1.029251,-0.6190048,0.028318942
-2.3109634,-1.0197744,1.329857,-1.4235457,-1.642484,6.992979,-2.6212542,-0.46355218,0.81766725,0.26977634
-1.8759925,-1.3239853,0.8006192,-3.1253302,-0.52170116,6.25361,-1.3284048,-0.7115543,1.4233336,0.45546752
-2.0897741,-0.27623072,2.085547,-1.57955,-0.022396028,3.7924838,-1.4846567,-1.6589253,1.9988638,-0.61853063
-0.6059022,-0.94663274,0.87398636,-1.7981508,-1.4401722,4.3476624,-1.3495468,-0.62382424,-0.14891833,1.66804
-1.072998,-1.3445597,-1.5460424,-0.7638791,-0.87400806,5.1759663,-1.3750236,1.097026,-0.8863181,1.5200151
-0.16564193,0.033943385,0.28391215,-0.73213613,-0.7272993,5.0876527,-2.8067935,-1.4353836,0.720731,-0.30134046
-0.9857006,0.10689691,-0.047290217,-0.53663903,-0.9147201,3.5448122,-1.0923271,-1.2096663,0.84447634,0.23385516
-0.70919514,-0.87292826,0.19860631,-1.207894,-1.474803,5.1857276,-0.8222005,-0.46717304,0.6001556,-0.43658715
-1.0869743,-1.0387652,1.1070212,-0.70890856,-0.83866924,3.4152842,-1.4020619,0.006005466,0.71807766,-0.2224235
-0.21098611,-1.6958156,0.37656525,-1.7487842,-1.7852705,4.5023246,-0.68616825,0.7880007,0.23377892,0.11942795
0.6196275,-0.37770808,0.16610788,-0.82746214,-0.43237257,1.6768407,-0.9808727,-0.65315515,-0.29251492,1.0915821
-0.15305024,-0.30817693,0.40268695,-1.2392495,-0.6577261,3.8956602,-2.2448432,-0.65141207,-0.10849345,1.1316748
-0.5611042,-0.44385675,-0.47984782,0.06275975,-0.54623085,3.808848,-2.5926511,-0.16182666,0.24200615,0.63166076
0.3332791,-2.4478314,1.9496974,-1.0056376,-2.9589212,4.7309766,-1.3485751,0.401394,0.011071146,0.41009733
-1.6114415,-1.3660047,0.105834246,-2.006603,0.7925637,5.174641,0.08522783,-0.3281033,0.17063215,-1.142058
-0.7749407,-0.203801,0.90418446,-0.582273,-1.3127129,2.6772368,-0.25654042,-1.0265853,1.1259657,-0.504756
0.512313,-1.9285408,1.7403553,-1.1389043,-1.5526097,4.7144017,-2.2023609,-0.960708,-0.058601856,0.92197466
-2.1121325,-1.7621796,2.2416809,-1.1475205,-1.94296,4.678598,-0.5790979,-0.041749954,1.3738743,-0.6659287
-0.5664642,-1.8124652,1.7996664,-3.1040986,-1.9443519,6.2405367,-1.0367604,-0.6096675,1.4903944,-0.57314044
-1.1000226,-0.6578382,2.9374888,-1.5184808,-1.8563552,4.206839,-1.9088538,-1.6161557,2.786655,-1.2252601
-0.74231935,-2.429157,-3.3954425,2.3606274,2.1889095,-1.92842,1.1541897,5.2815204,-0.92487633,-1.7261003
-2.319639,-0.30664423,-0.76652575,4.2584276,1.7738047,-1.8232076,-2.333676,0.073583364,-1.5149167,2.9871807
-1.6413162,0.3386536,-0.29548386,1.9729075,0.978823,-1.1006197,-1.8616751,-0.33487922,-1.6503047,3.506878
0.15925464,-0.19784352,-2.550424,4.952465,-0.21564999,-4.357867,-1.3180711,3.321744,-2.4589863,2.548277
-1.2208275,0.35379842,-1.306806,5.2613306,1.5250115,-2.1827807,-2.270286,0.42244893,-1.4361435,0.96144056
-2.599798,1.0696113,-1.5235857,3.6739936,1.08304,-3.771205,0.24259214,1.6049782,-0.6923505,0.9292812
-1.1998312,1.2994926,-0.7773975,1.8887385,1.5217695,-2.8012605,0.038833275,0.31602973,-1.6864597,1.3199937
-1.9842155,-0.6834687,-0.9012368,2.8972073,1.5613883,-2.671365,-1.051001,2.174746,-0.36501786,1.0932885
-1.9773679,-2.1732283,1.8602878,3.674352,-0.08723271,-2.1169863,-0.1595905,1.5550855,-1.1620991,0.73225534
-3.766867,-0.8052951,0.7263551,6.8644056,2.128804,-3.9140437,-1.7888883,1.2466472,-0.8122808,0.050738692
-0.455048,-0.75018394,-1.04761,1.4529796,0.18873757,-1.6022027,-1.907262,1.8131472,-1.5826975,3.7466378
-2.3412917,0.18160641,0.07034396,4.5886526,-0.569217,-1.9583863,-0.75620806,1.4763888,0.746544,-1.4390055
-0.5568088,-3.9092913,-0.2487062,1.2792073,-0.7233073,-1.0441608,0.33489698,4.3472385,-1.9449079,2.3209615
-0.39049116,-0.25668523,0.5962674,5.9924865,-2.0322149,-3.3116121,-1.0570897,1.8174618,-1.3703133,0.05209565
1.37749,-0.98156524,-1.6382946,0.462707,0.4331567,-0.6097363,-0.21685381,1.0698344,-3.1139083,3.130673
-1.6942422,0.40559402,0.06385113,1.6921384,0.21507606,-0.5906233,-0.33313483,-0.06714678,0.39702109,-0.00826031
-2.442937,-1.9239352,0.01327743,8.016558,-0.20669284,-4.0981183,-1.7201428,3.1657305,-1.8664273,1.0644121
-0.4493251,-0.17212355,-0.98571193,3.7411869,-1.0285532,-3.5058928,0.40036422,2.2548513,-0.30815786,0.018589795
-0.15523103,-2.060458,0.023803148,2.4247901,-0.36642826,-4.4580865,-0.2641409,3.618741,-1.4652586,2.6842623
-1.4238443,-1.3641571,-0.84543234,5.198477,2.2168043,-2.2867904,-1.5856704,2.0227141,-1.8061136,-0.077086836
-1.1096671,-1.3607198,-0.48640403,-0.63934726,-0.09851879,-2.0160124,0.7482182,3.0537767,0.78055227,1.1832914
-1.1173005,-1.255635,-0.91403055,4.7802844,0.69535285,-1.8738359,-2.1448162,1.710761,-1.6388011,1.8429738
0.17387569,-1.2710302,4.8290133,-0.9620521,-3.4647655,-0.088849775,0.95660895,-0.19886827,1.6060928,-1.34609
-2.4405124,-0.52328044,2.9530118,-1.1591687,-0.95127136,-0.24759477,0.5965933,0.3551582,3.6104999,-2.0442142
-0.75402856,1.4251838,-0.44976828,1.3158472,-0.8456983,-1.7809274,-1.2510973,0.61655164,-0.58039826,2.402534
-1.2854416,-0.009354204,-1.5216174,2.034918,-0.6715323,-3.0408452,0.3402443,3.5263247,0.10483575,0.6049863
-0.96206045,0.023488715,-1.2632807,4.056628,-0.81350726,-1.7587646,-0.31174898,2.0512962,-1.1723073,0.1683386
-0.35442153,-1.2780807,1.8792046,-0.0006065117,-2.22987,0.21030992,0.20686385,1.140533,1.1933322,-0.74365294
3.852092,-0.15502042,0.31929088,-2.2126915,-2.3810587,-1.6327224,1.2613236,-0.20956412,-0.5617527,1.7988814
2.26191,0.47496787,-0.24889241,-0.7381771,-1.8112118,-0.1665717,-0.12929259,-0.49402803,-1.2003068,2.0146577
-1.5825701,-0.8037492,1.500772,-1.247272,-0.48848504,1.0432832,1.0682975,-0.0056053996,2.07808,-1.5140933
-1.1677147,-2.2689402,0.5285543,-0.06565205,-0.30652726,-0.4591667,2.696867,2.3982677,1.0866171,-2.5410485
-2.2456825,-1.572439,-0.22566448,4.810912,-0.036139667,-2.184176,-0.025453374,1.7499856,0.15347114,-0.41110873
0.148438,-0.70491993,1.1403073,-1.4614602,-1.5609441,0.710867,-0.37256974,-0.030657947,-0.410969,2.5916653
0.08957139,-2.3822372,4.2875595,-0.6495312,-3.6854017,-0.9859764,0.48834872,1.02272,2.8080487,-0.76795924
1.2604876,2.8998413,-1.2982118,0.1683803,-1.7091558,-2.475107,0.2154433,-0.05124511,0.7328917,0.4522286
-1.4245696,-0.88138115,2.893714,2.2007152e-06,-1.3085039,-1.0791187,0.2929333,0.28279847,1.5231198,-0.107272744
-0.7746422,-1.372681,3.7970543,-0.1685793,-2.617462,-0.22237471,-0.8769917,0.15660214,2.443017,-0.032859385
0.3644575,-2.7847252,0.88319254,0.3230737,-2.741374,-1.9166963,2.521011,4.9007545,-0.21074302,-1.3515751
-0.7832309,-0.93426406,3.1534123,-0.6009436,-1.6914432,-1.2931203,0.95655864,0.04764825,1.6559054,-0.35040128
-3.428215,-0.0746513,-2.1932354,1.375479,6.211649,0.13705069,-1.104448,-0.13126123,-2.1120036,1.3117198
-3.5272446,0.21955127,-1.8033288,0.17877355,6.1790853,1.5757593,-1.0793868,-1.6159824,-0.8445952,0.78267473
-1.8776336,0.10267463,-3.1732776,1.8965042,5.8831244,-0.8052034,-1.4965006,0.5915018,-2.0644424,0.82043874
-1.8357315,0.605314,-3.0790873,0.51645595,5.545069,0.280988,-2.4338236,-1.0995973,-2.545374,3.998838
-2.2403286,0.24784353,-2.0909066,2.1918437,5.6483893,-1.8659095,-1.1919736,-0.6838857,-2.6810803,2.482841
-2.4197729,0.122297496,-1.8036585,-0.2881807,4.2720003,0.1460109,-0.32185364,-0.071874276,0.56264937,-0.27119625
-2.3548954,0.44782004,-1.6738819,0.74966615,5.834697,-0.93848485,-1.5572711,-0.9244834,-1.034583,1.5086218
-0.9574251,0.63468885,-3.0125465,0.6041559,3.7289236,-0.23906857,-0.37812555,0.20811146,-1.5925366,0.8334814
-1.9244022,0.31918225,-3.2189825,1.071065,5.6046686,-0.0049772784,-1.6461734,-0.9122564,-1.947377,2.553286
-2.392142,0.42079696,-3.2275553,0.4025994,5.389822,-1.1839193,0.16095982,0.18180835,-1.6335763,1.6920568
-2.0854158,0.2088941,-4.307487,1.9468733,6.5299444,0.06683282,-2.0362196,-0.14231908,-2.3173866,1.9443818
-3.547337,0.91312087,-1.5662874,1.4633427,5.873867,-0.8055536,-1.432618,-1.1598848,-0.41437566,0.65904456
-2.7663882,-0.75258386,-3.1772556,2.259289,6.639533,-0.64302665,-1.5351647,1.0111371,-2.4075947,1.3582189
-2.4710188,1.2147543,-2.3336134,3.1352232,4.564932,-2.0985765,-0.84721595,0.2935357,-1.7574185,0.29041356
-0.40452436,1.2163742,-2.050934,0.4665708,3.6877034,-0.3243965,-1.4461983,-0.9894922,-1.7794281,1.5089232
-0.5599892,0.11313173,-0.6835196,0.49950773,4.5445857,-0.5701449,-2.1798432,-2.3019,-1.9143249,2.9393616
-2.6074002,0.361021,-1.5864524,2.050794,5.999781,-2.0446649,-0.7461178,-1.0281932,-1.748064,1.2903692
-1.6854641,0.14991641,-2.4608703,0.40978673,5.0620556,-0.32754105,-0.66422546,-0.38120556,-0.55053747,0.43285733
-1.8999159,-0.8725443,-1.5042795,1.0833261,5.830473,-0.2798301,-0.79811543,-1.1832697,-2.0166552,1.7514634
-2.6114044,1.5258514,-1.1855525,1.6388187,4.912238,0.13217336,-2.356761,-1.178895,-0.11928968,-0.688228
