-0.89820784,3.0438716,-1.4971278,-1.2116802,0.30554932,-1.2590975,0.69665,-0.17495853,-0.6308939,1.8219453
1.7998307,3.2359784,-2.778919,0.2301473,-0.82705706,-2.4847305,0.5076232,0.79702294,-2.8816707,2.3173788
0.75823015,3.7826574,-3.6554182,-1.320053,0.53881305,-1.802903,0.750389,0.34238893,-1.6005445,2.2057295
0.56822294,4.144119,-3.723254,-0.6324797,1.5834031,-2.087162,0.39329976,-0.02953142,-2.5136724,2.4571602
-0.6450707,6.175655,-3.2349584,-0.95096487,0.11719839,-3.13212,0.59488404,0.12888554,0.01911994,1.0904517
0.4109202,3.462666,-3.1664205,-0.79195714,0.8725161,-1.8389894,1.5396593,-0.483947,-1.7331755,1.7629932
0.97797567,5.0070534,-4.0507107,-0.8131504,0.23091404,-2.5915883,0.012543842,0.6853429,-2.280776,2.8480268
0.5227432,2.8667984,-2.522675,-0.6722718,-0.19685848,-1.4336535,0.1846392,-0.43132177,-0.9849269,2.843341
0.59005904,4.504429,-2.2482152,-0.53280604,0.58319384,-2.6433628,0.6470497,-0.122246414,-0.32646698,-0.43204415
0.41407198,3.619157,-2.6807594,-0.50203806,-0.71358997,-2.846155,0.62857634,0.18568274,-2.1315422,3.9069328
0.3151511,4.8783793,-4.551535,-1.6506457,0.9420378,-2.2904968,1.1405684,0.6925901,-1.6173089,2.2530832
-0.3867788,5.6048226,-2.893819,-1.3377026,0.65526503,-2.9575367,1.7734146,-0.5049944,0.098911725,0.11109442
-1.2752393,5.405728,-4.0221395,-1.3417774,1.8003165,-1.747006,1.4802303,0.004039496,0.0117157325,-0.12234878
1.5567107,3.6236322,-3.6730418,-0.742789,-0.4392383,-1.3243662,0.21173705,1.1139692,-1.6648502,1.512391
0.3613243,0.8389925,-1.5001336,0.18017703,-0.15299967,-1.6227742,1.696225,0.6077801,-2.531203,2.1369436
3.247714,0.70342183,-1.1553307,-0.30557948,-0.47624606,-0.30539662,-1.3803691,-0.5520384,-3.0889344,3.416801
3.222937,3.1524909,-2.805062,-1.2119321,-1.0749484,-1.8367448,0.68155324,0.7182033,-2.9326177,2.028088
-1.585926,5.5513625,-4.4225106,-1.3255141,1.306988,-2.3731225,1.3461007,0.26887003,-0.4510789,1.863202
-0.22404054,3.2734382,-2.530244,-0.4366898,0.9604569,-1.1156677,0.13902818,-0.4132741,-0.88790554,1.481487
-2.1948743,7.777487,-5.138839,-0.69808745,2.06324,-3.5179312,1.1175265,-0.3604981,0.44542772,0.78930396
3.120247,1.3711166,-2.6616316,-1.3627083,-1.6654943,-1.139582,0.39578074,1.4041148,-4.020017,4.626428
-1.7060304,4.7373757,-3.3826144,-0.5499427,0.93926185,-2.1843843,0.24211003,0.5528313,-0.003421195,1.6528494
-0.61911273,5.0213857,-2.228048,-1.2741576,-0.020022523,-2.4693756,1.5485141,-1.5526954,1.2371264,0.31761587
0.81274426,3.5779731,-3.135371,0.14042023,0.80269676,-2.1927578,0.39674056,0.16708699,-2.2685618,1.8558972
2.225862,3.6326962,-3.8983147,-0.9626915,-0.5019388,-1.8952028,0.42491603,0.54668176,-2.5861,3.0460424
3.3484516,-1.8546845,1.102319,-0.47246164,-3.4315708,2.274653,-1.979266,2.6520662,-0.6567899,-0.7730715
2.1831474,-2.138654,1.0599163,0.9794419,-2.8364656,0.5385335,-1.936189,2.767233,-1.1551746,0.5642293
0.7761171,-1.5701494,2.1770291,-0.73969936,-2.0384815,1.7276112,-0.80633277,0.35581926,1.564045,-1.4679098
1.322716,-3.7799993,3.9337888,0.02696652,-3.261351,2.5660532,-2.7370245,1.5790247,0.60065466,-0.15495563
0.3748786,-3.3628318,1.8387753,0.21960962,-1.0658439,4.354811,-2.304557,-0.29108918,0.9567705,-0.65352976
1.8652544,-1.9291768,2.6925316,1.158384,-2.300886,-0.02541922,-2.0227275,1.4175,-0.07640339,-0.8989009
1.4065173,-3.9852886,3.5200696,-0.25559714,-2.5487003,2.1796663,-1.6628655,1.9469696,0.7994688,-1.315206
2.6022043,-3.5659385,4.253838,-0.79829955,-4.3034415,2.9126837,-2.4626734,1.6970545,2.0589738,-2.3448038
-0.065368585,-2.6638591,3.5318043,0.0029550046,-0.3678273,4.3958144,-4.2579856,-2.049409,2.7518115,-1.2804699
2.318585,-2.2116811,0.60167575,-0.90552837,-1.0349952,3.4710522,-1.7916349,-0.07161364,0.14114302,-0.42008835
1.8905587,-2.2462037,2.451422,-0.6556141,-4.0169845,0.34037828,-0.309294,2.731438,-0.56859934,0.45456424
2.1271377,-1.5729803,1.5083842,-1.5286719,-2.606297,1.2828436,-0.78030634,1.1985363,0.36939007,0.07633401
1.3862094,-1.0773437,0.59762794,0.9473925,-2.1759634,0.7399854,-2.4072192,1.8401016,-1.1449919,1.2486998
2.5536323,-2.9998472,1.6917582,0.3548767,-2.2428741,2.5324957,-2.8149822,2.071449,-0.98010725,-0.08051466
2.7861896,-3.092767,2.0515022,0.33774856,-2.261446,1.232415,-1.9985107,2.2345083,-1.2427785,-0.08003204
3.2101383,-2.2596724,2.0118709,0.45961547,-3.515107,0.13115592,-1.0202085,2.3768785,-1.0934123,-0.24959624
2.066531,-2.2298253,2.273714,1.9891078,-3.3191226,0.33743113,-1.7630852,1.4846023,-0.26156726,-0.60675514
1.3550563,-2.3567631,1.9622622,0.716141,-2.3586624,1.2359792,-2.1167188,2.078679,-0.0733935,-0.25715387
1.8984303,-1.794956,2.5851781,-0.42575526,-2.7852771,1.6866065,-2.0715575,0.27880475,0.7433566,-0.037762366
1.4599671,-2.433669,3.3288805,0.1224638,-4.0847936,1.2636249,-1.976827,2.6268735,2.3167233,-2.5012133
1.2753098,-2.560441,3.7936523,1.1751531,-2.829659,0.8914951,-1.9056215,1.3333243,0.5341519,-1.7585785
2.7007632,-2.7452986,3.8853512,-0.20313862,-3.7655158,1.6537889,-2.2414234,2.1787188,1.0785928,-2.6117537
2.3757877,-2.2276244,3.0883658,-0.22309828,-3.2441216,-0.8612636,-0.6060719,2.4260077,0.0692149,-0.77628094
2.3120017,-1.5303034,0.77822256,0.3878311,-2.0284188,0.42246836,-1.075604,1.0703688,0.42788237,-0.78586626
2.6278553,-2.4561186,2.8664916,0.44490662,-3.3654537,0.5009834,-1.7576753,1.9079059,0.53747636,-1.3690113
3.7068224,-3.0462968,2.7195745,0.6134015,-4.3746023,-0.42654544,-0.9698838,3.6701229,-1.5175122,-0.42182958
2.9662256,-0.5799811,0.43793893,-1.7390829,-2.3100057,-0.48681855,0.4466635,1.5077249,-0.6063969,0.36249477
3.287921,-1.5990852,2.1239734,0.13708624,-3.9992623,-1.1745723,-0.50185233,3.1920295,-0.6123156,-0.81570363
2.142207,-1.886416,1.9318333,0.70565426,-4.438367,0.20708592,-1.3736948,3.6445637,-0.13672163,-0.7168989
1.0607097,-0.4123897,0.23388873,-0.21705431,-4.01792,-1.3445579,0.38401455,5.41112,-1.3316851,0.48385364
1.6115248,-0.46029606,-0.96439826,1.3613554,-4.021799,-1.1012822,-0.26288313,5.043402,-2.2135386,1.2516773
2.609344,-0.7342924,-0.33263087,0.645421,-3.4150634,-1.9691474,0.66990006,4.8404164,-2.0459528,-0.12899989
1.9696877,-1.3826104,-1.1516342,0.25298992,-3.5954218,-1.1180985,0.8002211,4.674415,-3.0033007,2.7534876
1.3710815,-0.6420237,-1.0786537,1.165881,-0.95473146,-0.43598992,-0.10852395,2.2994564,-1.9458954,0.4124999
3.439271,-2.4036863,0.43744642,0.63695455,-4.6606035,-1.3614839,0.9157276,6.3442636,-3.2776487,0.040765412
4.3928957,-0.6814457,-0.82179296,1.0020037,-4.116436,-1.3717942,-1.384183,3.666096,-3.2703443,2.8166912
1.7225313,-2.3601665,0.97883236,1.5748106,-3.0482838,-0.7746439,0.12527572,2.9729779,-1.6167161,0.6364451
5.647511,-1.0647349,-1.0623804,1.8365877,-3.85674,-3.0004165,-0.57454354,3.858249,-4.3089023,2.3877575
6.059398,-1.6217897,-1.3541558,-0.204305,-2.7274156,-0.49653393,-0.7846234,3.1133676,-4.6531243,2.767733
2.9492886,-1.971897,-0.05397688,0.85162884,-1.2340338,-1.8649013,0.8165685,2.1286998,-3.3047674,1.7043347
1.3626113,-2.0141852,-0.16932164,1.4399285,-1.2221327,-0.7726672,-0.22372128,2.0323875,-2.398411,2.0360684
3.2946453,-0.4598861,-1.5589309,0.5908157,-2.938825,-1.0136288,-0.6723178,4.1870375,-2.9167647,1.6138961
4.550273,-1.4313371,0.0066114813,1.2856157,-2.9695725,-2.7032504,-0.43316108,3.1202092,-3.0887628,1.8590479
3.4744916,-1.5747724,0.24616039,1.1825143,-3.0452192,-2.1784537,0.020995785,4.0072393,-3.988585,1.8856695
5.0662513,-0.97803974,-1.4873192,0.88325554,-2.8116693,-0.23300211,-0.7677829,2.8071256,-4.140403,1.6068077
3.372107,-1.0796022,0.25657168,0.5277722,-2.8507907,-1.2570639,0.11862762,3.7332463,-2.176422,-0.6039252
4.451914,-1.4702874,-0.914127,-0.3550344,-1.6273532,-0.008523747,-0.5077718,2.1640797,-3.6950269,1.9246392
3.0854006,-0.6819829,-0.9315635,1.1941352,-1.8854885,-2.261902,0.45650867,3.8044019,-4.151675,1.38254
2.8128867,-2.6468446,-0.17571543,0.37860018,-1.2924008,-0.297242,-0.45056745,1.6896638,-3.513507,3.6236606
2.1627777,-2.2851408,1.0283697,1.1011137,-1.5116302,-0.9664808,-0.5020652,1.3220041,-2.3573608,2.3169026
4.4276953,-2.5823767,0.82471347,0.94350016,-3.3376496,-0.5256012,-0.5196155,2.6627398,-3.8424726,2.0155287
2.3563857,-2.0963368,-0.26835507,0.09687353,-0.3628015,0.04057701,-0.46128067,1.6707398,-3.048556,2.2009783
2.3009834,-1.0482906,-0.84802175,-0.16443759,-0.97596174,-0.9948216,0.2225611,3.0956316,-3.260742,1.8506601
3.307928,0.22109184,0.10157816,0.7243463,-2.817258,-1.4566272,-1.522455,3.0807533,-2.4825008,0.9255186
3.7179997,-0.10655001,0.29058862,-1.1534226,-1.681197,-1.5344232,-0.21783067,1.3313996,-2.0261254,1.5724387
7.020147,-1.1189039,-0.2597233,0.45378143,-3.8678484,-1.1057553,-3.1320252,2.8713114,-3.5219898,2.6467972
3.8179026,-0.27365854,-0.8268367,2.0077195,-2.2069938,-0.7845859,-2.6074016,2.67002,-3.1184056,1.4781756
4.784022,-1.125337,-0.7837223,1.7382715,-2.493627,-1.0352057,-2.1810124,2.3506086,-2.945971,1.744486
6.2287197,0.61873794,-0.22944094,-1.4295851,-3.6138654,-1.3340594,-2.0827622,2.5789313,-2.323256,1.6156063
5.8176084,-0.16846019,0.023431823,-0.5969389,-2.877633,1.5955693,-2.7213886,0.5916544,-2.357402,0.7731541
1.3339449,-0.57224977,-1.2681344,1.0447298,-1.8342077,-0.8000763,-0.876117,3.1037183,-1.7377515,1.8271632
6.382462,-0.5117239,0.34602642,0.5364727,-4.2648096,-1.6987411,-3.1720898,1.2921588,-2.5068467,3.622096
6.1083674,-0.70942676,-1.5225854,-0.1627725,-1.9861469,1.25203,-3.7250369,0.48260686,-3.2637877,3.651953
5.33421,-0.48049548,-1.2449203,0.002530761,-0.837984,-0.63394713,-2.5212858,-0.0048249066,-3.6185856,3.9418864
7.1062827,0.3546017,0.23472162,-1.7029824,-2.4275084,-1.5270598,-1.8745104,0.459689,-1.794895,1.0369425
4.773271,-0.7467245,0.3018368,-1.6700892,-2.9978647,-0.52201277,-1.5970005,2.6909924,-1.729531,1.6391423
5.127665,1.020007,-2.0139222,-0.12987149,-1.2812779,-0.7973476,-1.9782304,0.71853113,-2.6703072,2.0080523
5.5794053,-0.029940367,0.2427087,-0.34614766,-3.1406813,-0.7514076,-2.5017865,2.697938,-2.9517467,1.22708
4.0145783,0.52572846,0.09015328,-0.8534258,-0.8742879,-1.6103488,-0.3563872,0.33434543,-1.5739299,0.32767805
4.2704983,-1.2053888,-0.39774114,-0.39272505,-1.629773,0.11164005,-2.6906455,0.29864523,-3.2225957,4.9009967
4.6309175,-0.23335445,0.20713736,0.7858014,-2.5830367,-1.6350302,-2.2546382,1.8983287,-1.6837397,1.0327345
7.0091863,0.11551982,0.08551501,-0.82750607,-3.0091228,0.039289728,-3.012559,0.013431579,-2.522221,1.9135958
5.8658667,-1.7335931,-0.5571841,-0.09052969,-2.5062485,0.5153443,-2.0868556,1.7007116,-3.8650074,2.8599815
5.209931,0.6491611,-0.35785788,-2.7391787,-3.8033645,-0.7267789,-0.41627017,1.9424437,-1.3594954,1.6527067
5.2806296,0.09785363,-0.64525604,-1.0346261,-2.109906,0.099898055,-1.8088025,1.3205638,-1.0126622,-0.2117326
8.337789,-0.8779752,0.9514189,-1.4370881,-4.43153,-1.143088,-2.0052571,1.8590916,-1.8639301,0.5873786
5.748856,-1.5735396,-0.073535845,-0.24472779,-3.891025,-0.34982252,-2.492429,3.144267,-3.4035554,3.0683918
5.6406283,-0.547431,-0.07619275,-1.2835363,-1.7395586,-0.55350643,-1.1760985,-0.051110566,-2.8458064,2.669941
5.4304757,-2.0136642,1.0284224,-1.0018075,-2.9141479,0.06254007,-1.142178,1.5308882,-1.6636646,0.8642083
5.832538,0.46856108,-0.41114175,0.4164908,-2.9970348,-2.2747757,-1.6740059,1.0200375,-2.1870668,1.4900138
-1.9484825,-1.0937254,3.178468,2.3598063,-2.9328046,-3.1347387,2.8776848,2.5753286,0.9894001,-2.8237095
3.481092,-1.5377272,1.8601872,-0.5290148,-3.521256,-1.8823954,-0.309026,3.0757303,-1.8042068,1.2208788
-1.2313181,-1.0396135,0.4563092,2.0743237,-0.9674704,-2.1990428,1.9196419,2.2043457,-1.0946305,0.0105927065
-0.6580416,-1.3325974,1.2379982,0.3364201,-2.9407248,-1.1245538,2.228173,3.9426208,-0.115374826,-1.526447
0.9163589,-1.7447416,1.1388702,2.1801474,-3.2754645,-2.0128071,0.85846347,4.49665,-1.7928392,-0.6774813
-0.41685963,-0.6395068,0.90647143,0.28534964,-3.9681997,-3.1526327,2.2899415,5.6076436,-0.9576092,0.1881743
-0.1399759,-2.1870518,2.0987945,2.7533755,-2.1715775,-1.7625674,0.8648305,2.993927,-1.0482703,-1.2585236
0.16200566,-2.1651695,2.0842035,1.642273,-0.7015494,-2.8435278,2.0690787,1.6491729,-1.338355,-0.5172711
-0.19064444,-1.5045999,1.278055,1.249035,-2.6642284,-2.7848575,2.1325886,4.169177,-1.2749588,-0.20610863
1.7543372,-1.0725818,1.001848,2.600695,-2.7330892,-2.067008,-0.976323,4.357024,-2.2546458,-0.44833338
-1.6939646,-0.67657375,1.8577186,0.088954516,-2.7060003,-4.5066123,5.47568,4.367233,-0.9793072,-1.135113
1.0535126,-2.7813287,1.1200101,1.9559025,-1.4107726,-1.4824811,-0.20490041,4.341054,-3.8243785,1.383305
0.6385503,-0.55638576,-0.04875101,1.7108598,-2.7870045,-2.352502,0.074148,4.110912,-1.7489846,1.008531
0.64370966,-0.5783763,-0.64004695,1.0884793,-1.0164701,0.59488684,-1.295298,3.268943,-1.9173762,-0.074206285
-1.0658092,-1.7569219,2.9192126,1.9429142,-2.4139295,-2.4403036,1.8278247,1.832132,0.84020835,-1.5589507
-0.015357738,-2.0772278,-0.0086821765,2.0651214,-3.5713801,-1.5270153,1.9809705,5.283209,-1.1755903,-0.90163326
0.22963941,-2.1338844,2.3716414,1.9264934,-1.9616997,-2.2503984,0.36686116,2.5724187,-0.61284804,-0.5332549
-1.1699963,-1.1433176,0.7983141,3.0929732,-3.5712547,-2.3185909,-0.21455945,5.551761,-1.4550114,0.72444457
-1.3735409,-1.1719136,-0.041571602,1.3616916,-0.9207812,-1.1635042,0.80661434,3.503554,-0.9838767,0.26622403
2.041379,-2.5665002,2.0183353,1.5911213,-4.164351,-1.084954,-0.4623947,4.2994537,-1.9676412,0.36016107
-2.094932,-0.28698727,0.60707456,1.5706936,-0.83779347,-3.161019,2.6869411,2.7066588,-0.63569814,-0.31803903
2.1373432,-1.8015461,1.490142,2.2367985,-3.92137,-1.0977225,-0.5692984,3.9673362,-2.3445544,-0.13336444
1.9177164,-1.8159319,0.75316346,2.6572084,-2.4510767,-1.8516937,-0.67208195,3.1841934,-2.577121,0.9205865
0.69593006,-2.5919378,2.4065664,2.0084803,-2.3941858,0.8292931,-2.282183,1.796415,-1.0224657,0.82727325
0.890976,-2.962634,1.4939994,2.3339062,-2.8289957,-1.016123,0.4480093,3.882032,-2.004366,-0.16262251
0.6139225,-1.1724728,-1.9785044,0.9566321,-0.39153272,-0.3949101,-0.46393025,0.90976715,-4.3879614,6.507842
0.7265795,0.41349742,-1.6763371,-0.5264643,-0.51323634,1.2317189,-2.9534554,-0.23132196,-3.0891337,6.9160724
3.3198674,-0.059955955,-0.6608754,-0.49050802,-3.1293113,-1.6646355,-1.7430023,0.5912858,-4.0936165,7.9518313
3.296591,-1.1106898,-1.5638366,-0.7472452,-1.9256958,0.9794207,-2.8438861,0.7116921,-4.442426,7.800467
2.383802,-0.45368642,-1.9812558,1.5402296,-0.81241214,-0.3818245,-1.6096711,-0.17317268,-4.81798,6.44297
-0.5929697,-1.1062205,-1.6600813,1.1333717,-0.08266707,0.02335836,-1.7066764,2.23565,-3.860255,5.8889165
2.5427725,-0.23233014,-1.4093134,-0.27769524,0.15125416,-0.8924666,-1.766023,0.95338,-4.2002144,5.209575
1.2888277,-1.093099,-0.13423906,-0.5619758,-1.9597582,0.8796648,-2.5450878,0.43718514,-3.4236135,7.354788
2.3577602,-1.1001744,-0.55722624,-0.26715642,-2.4952867,-0.64491403,-0.66703093,1.2619113,-3.5779967,5.8147044
3.1520548,-0.45698166,-2.234359,0.42850405,-0.69662124,0.9633679,-1.8130851,0.37619653,-4.8765435,5.199159
1.1840773,-1.3804655,-0.67389226,-0.1995841,-0.58968633,0.6016947,-0.99314845,0.86995244,-3.907268,5.3412204
5.5914807,-1.4154595,1.1084416,1.2033923,-3.1167278,-1.9269164,-2.6070561,0.68500185,-2.759468,3.100606
4.7503076,1.1506335,-1.9716983,0.18607688,-1.1996055,-0.9162056,-2.027357,0.6502789,-3.7020147,3.0580068
2.942723,-1.0704863,0.09719457,0.24777198,-2.0414405,-1.0073532,-2.6019442,0.5720359,-4.5531926,7.658939
1.9463351,-0.961257,-0.65650654,1.1264881,-1.0154555,-0.79223627,-1.483414,1.2560793,-3.6696658,4.34013
0.28430337,1.7778007,-3.3192809,-0.44137484,0.7349255,-0.7066852,-1.2369655,-0.2787123,-3.1924114,6.332852
3.2057722,-1.8981895,-0.09574567,1.0022557,-2.098724,0.30119747,-4.0441766,1.2872946,-4.0153036,6.522582
2.456794,-0.05633512,-1.1788582,0.80458117,-0.2850862,-1.2188258,-1.8754121,-0.23238954,-4.1936707,5.942704
2.37885,-0.0859783,-1.2804945,2.561377,-0.7688641,-0.9167053,-3.0610273,0.15266977,-4.593571,5.6907444
3.316661,-0.20227784,-1.8643111,-0.39007956,-0.9468483,1.3071617,-3.1181774,-1.0500189,-4.16986,7.059398
2.50973,0.45376828,-1.4933336,1.2565264,-1.1820145,-0.66792816,-2.723889,1.4099731,-5.122873,5.481996
5.113326,-1.2271956,-0.9281657,-0.866479,-1.735798,0.0039015561,-3.6598518,1.2521437,-4.3759036,6.576162
3.0451374,-0.5194142,-1.4676584,0.5466778,-0.15082599,-0.08110075,-2.6109383,-0.5503675,-4.4858603,6.414634
4.7064443,0.37803617,-2.229514,-1.1465695,-2.379758,-0.41005868,-2.5449588,1.0953135,-3.5525756,6.1905284
2.4626508,-1.311089,-0.7509755,0.35690004,-0.3811003,-1.0551016,-1.1151477,0.21729767,-2.7925255,4.548788
5.806678,-2.8325052,0.8499733,1.7880298,-2.9024892,-1.2926869,-0.9525129,2.0106876,-3.1351302,0.49414232
4.474854,-1.4050492,0.09591597,-0.72905445,-2.335752,-3.4641788,2.229727,2.6874466,-2.9811187,1.4898155
4.426748,-2.0791264,0.8910042,-0.82155263,-2.89224,-1.2302207,1.1848143,1.7493745,-2.3425984,1.1876593
3.4670477,-1.792343,1.3639076,-2.0204654,-2.5927215,-1.7129588,2.5882323,1.5439188,-0.9704978,0.19040555
3.753642,-2.3108938,0.89601046,-2.2772696,-2.3465505,-1.9731116,3.0043142,2.361576,-1.5437248,0.5662165
1.371063,-1.8866315,1.998059,-2.4703548,-2.7167096,-2.8736022,4.984817,2.8423052,-0.60182667,-0.5692202
3.2494953,-1.6413646,1.9387488,-2.4036252,-1.7451508,-1.4064392,3.013802,0.83279264,-0.10907967,-1.6808811
6.61832,-1.0848926,-0.22668059,-1.0724634,-1.9471825,-0.4746483,-1.4420248,0.8366735,-3.6903434,2.3568788
5.933371,-1.4915583,-0.1912605,-1.8568798,-2.093329,-0.9759694,0.48209414,1.5161527,-2.634571,1.4525988
5.0519195,-0.59959495,0.6687279,-0.95206755,-3.247293,-1.7879871,0.53195107,2.5652118,-2.6016512,0.5575542
5.518213,-0.9512447,0.7017817,-1.0898203,-3.6976724,-1.2988833,0.5620145,2.177742,-2.2156386,0.21269095
4.0198894,-0.27210167,-0.25315207,-2.2277699,-2.5829813,-1.2762737,1.4282452,1.4769562,-0.749549,0.5233004
7.696679,-1.8479192,-0.063339815,-0.30015177,-2.7211843,-1.6082184,-0.3090164,2.7785244,-4.6573687,1.0721277
0.70239663,-1.4553318,-0.07458694,0.57856476,-1.8980725,-1.4989563,1.9855835,3.1670427,-1.5721552,0.19829768
4.511189,-1.226269,-0.16384052,-1.4481794,-2.358059,0.08921297,0.05250274,1.7149389,-1.8091881,0.607183
5.5555015,-0.9001385,-0.2972383,0.112122774,-2.0918162,-1.1080394,-1.468615,2.3161328,-2.3802125,0.074323796
4.83906,-1.4572505,0.667564,-0.42076254,-3.8927872,-2.0497105,0.9782529,3.4079704,-1.7522981,-0.28214753
6.2486463,-1.7779695,0.52123535,0.8444758,-3.270055,-1.4775397,-1.5340508,2.0276716,-3.274971,1.4884559
8.061582,-0.9273875,1.5230169,-1.4604259,-3.4290876,-0.7763297,-2.2149796,1.2829841,-2.314084,0.15364057
5.6859875,-1.4338018,-0.09007166,-0.92953914,-2.8364587,-0.048542306,-1.2586907,1.9594051,-2.6860676,1.717596
6.2614274,0.26189908,-0.7781184,0.4729461,-2.2963634,-1.7284874,-1.7633909,1.9341837,-3.409175,0.76517224
5.119988,-1.9821113,0.40151966,-0.5504441,-3.5661626,0.62005574,-0.6962155,2.9236445,-2.099945,0.0101509765
6.386621,-1.4574815,0.060187653,-2.231977,-2.388204,-1.0210354,0.8524146,2.4650185,-2.3090794,-0.1528992
6.3421392,-1.7412472,0.5939667,0.02812121,-2.220656,-1.9943191,-0.7946058,1.8741788,-4.941114,2.740724
5.0800266,0.57392347,-1.0778497,-0.304125,-1.8899705,-0.84757733,-1.6625429,1.4855748,-3.0726602,1.8130491
-0.036459956,-1.6435863,3.6294358,-1.2747868,-2.323789,2.5186613,-1.5624098,-0.9383514,4.0490685,-2.2975526
-1.1225376,-1.3910066,3.0319972,-0.50391906,-0.55015326,1.3846687,-0.54802656,-0.5623255,3.0216546,-2.75384
-1.260808,-2.6867266,2.9347625,0.48523718,-0.5148438,2.522695,-0.7547797,-0.5965204,1.5812235,-1.606752
-0.9617612,-1.2569796,3.71575,-0.534174,-2.0675695,2.0240355,-0.8994843,-0.972769,3.9437413,-3.0029418
-2.4574451,-1.9582562,4.3079715,0.6111934,-0.7542409,0.9972722,-0.4873047,-0.8984735,3.9719105,-3.4151044
-0.3352438,-1.1582618,2.5378227,-0.6942566,-1.517211,1.4622537,0.71959376,-0.57231426,3.0629685,-3.5430799
-0.12313691,-0.66719437,2.420927,-1.3089777,-2.298381,2.0316155,-0.6368607,0.32339928,3.1163487,-2.819346
1.0399747,-0.18347067,1.7189376,-0.84411913,-1.9104166,1.3042456,-0.26395163,-0.9813814,2.4592307,-2.481203
-0.4675199,-1.3114187,3.5097318,-0.5565272,-1.0288658,1.0880531,0.2453271,-0.092899114,2.6789722,-4.0067773
-0.22149041,-0.9867805,2.0535102,-0.44552207,-1.3909737,1.5422071,0.5655101,-0.6735407,2.0329356,-2.5959237
2.0443282,-0.03794831,1.167914,-1.3061153,-0.9876427,2.6520617,-1.5486431,-2.133804,1.3919489,-1.2884353
0.40030414,-0.29373112,2.0798903,-2.0092046,-1.926196,1.1742116,2.0928738,-0.16724536,3.2692008,-4.7168136
0.94343245,-1.7773541,3.1485035,-0.9019023,-2.014016,1.377554,-0.93291694,-0.16080052,2.4006472,-2.1090138
-1.7487116,-1.2031227,2.2447183,-0.22732562,-1.1695707,2.4382396,-0.32798195,-0.75942063,2.9889903,-2.1306748
-0.53552663,-1.5778391,4.077231,0.83110225,-1.5099072,0.46353978,-1.867464,-0.5729997,1.8473737,-1.3160038
-0.11956663,0.039949805,3.057544,-1.4184824,-1.3025361,1.0079188,-0.7140634,-0.8794359,3.5837536,-3.0881367
0.02579295,-3.9678192,4.4199777,-0.71326363,-1.3961554,3.3534496,0.20087956,-1.1648817,3.130919,-3.7667124
-1.4650674,-1.7569326,3.001271,-0.6429073,-2.0810094,0.9692437,1.5737221,1.3254895,3.0710502,-3.8177226
-0.35852942,-0.79644775,3.7981071,-0.44914085,-1.7360637,0.10366057,0.92065686,-0.9437367,3.3490865,-3.7744997
0.9493376,-1.0495391,0.43028355,-0.041311763,-1.7911222,0.17230947,0.5348083,1.2636379,0.11404858,-0.5772072
0.82237864,-1.1450924,1.2702287,0.14510009,-0.4074029,1.5951442,-0.31589103,-0.5467805,0.94007444,-2.316063
-0.04270119,-1.7657741,3.0556734,0.78270143,-0.9949247,0.8930153,-1.233769,-0.88584745,2.4828024,-2.3308554
-0.5721607,-1.1359409,1.9083568,-0.04814308,-0.76364493,0.10555352,1.1072464,0.3521695,1.1334383,-2.0146677
-0.4408636,-1.6005541,3.6035626,0.43267423,-2.2279677,1.2936236,-0.9426136,0.046493143,3.7006712,-3.9663787
1.3825245,-1.6289655,0.5790073,-0.36364508,-2.654887,-1.6261481,2.220208,3.5269299,-0.633702,-0.67230195
-0.44831806,-5.3411803,6.5410986,1.1789114,-3.2681348,1.9707991,-0.99850357,0.8866098,1.8250653,-2.2393413
-1.38604,-2.1887548,6.372936,1.9221483,-4.2447824,-0.6080152,-1.7058189,1.1975795,3.4417338,-2.8224418
-1.742814,-0.29788515,5.0029907,1.0042498,-1.7392994,-0.79974467,-0.7685094,-0.60083795,4.1138587,-4.1050487
-1.1310636,-1.835294,4.45196,-0.23051336,-0.979428,0.55673945,0.6141985,-1.5839249,3.1021094,-2.9389796
-2.107792,-3.551186,7.0417476,2.3087776,-2.1177807,-0.95481855,0.022916485,-0.89085317,3.5797267,-3.433729
-1.7681192,-2.7838159,7.09466,1.6504372,-3.7800086,0.25693673,-1.0417476,0.0704474,4.758687,-4.3830233
-0.22181714,-0.3158112,4.21074,1.4988489,-2.9715493,-2.3724582,0.0075055175,0.28410366,1.990416,-2.1738844
-2.3297665,-1.248856,5.1702237,0.79186875,-2.0911293,-0.98346406,0.5329267,-0.39444774,2.6334343,-2.0432699
-3.0248752,-2.3873873,5.097942,0.76369196,-0.94193333,1.0855633,0.027662266,-0.8244083,3.8937373,-3.6858559
-1.5264106,-2.6920984,7.309667,1.9470354,-4.2478867,-0.32804877,-1.3170359,0.22461998,4.156678,-3.6702986
-1.0666196,0.15908572,2.8719728,0.34666565,-0.026159596,-0.03978289,-0.21747108,-2.0655043,3.2895434,-3.2628958
-0.60494035,-3.162586,5.700355,0.5038352,-2.5750914,0.5472887,-0.368657,0.53492486,3.5327158,-4.1860642
-2.7635121,-2.9616427,6.664614,-0.11393195,-2.8904476,0.85519546,0.32379147,0.5964607,4.578315,-4.1868377
-0.9713462,-1.8634349,5.2033267,0.20041779,-0.37942362,0.44494325,-0.6040492,-1.8888448,3.448782,-3.6659946
-0.91943,-1.2464211,4.993208,1.1473635,-0.6975962,0.48214644,-1.1742735,-1.9989251,3.674099,-4.277157
-2.5455503,-2.538149,6.2047553,2.0118487,-1.6320059,-0.87156206,-0.6257208,0.07235809,4.2358074,-4.2655907
-3.3228197,-3.1049802,6.957465,2.0688014,-1.0250509,1.7822318,-2.116532,-1.6461579,4.2196727,-3.8312724
-1.4802167,-1.9269512,4.877995,1.2649207,-2.9485652,-0.64954,-0.038798,0.7353896,4.643029,-4.5420365
-1.3725553,-0.18218675,2.5961773,-0.34365124,0.1482582,2.406866,-0.64983094,-2.563815,4.700858,-4.699229
-1.1446743,-1.5617656,4.596007,1.8633177,-1.7182895,-0.56060356,-1.0875298,-0.4811102,3.7660453,-3.7458677
-0.78196,-0.43238214,3.3183885,1.9918002,-0.94333,-0.4863953,-1.0032312,-0.88823485,1.9076856,-2.7054744
-0.24889672,-1.7768903,4.010516,1.5338466,-1.2188126,0.6606592,-1.5303919,-0.80410826,1.6081166,-2.2067347
-2.155738,-0.8932754,4.7140937,-0.3926121,-1.3502997,1.070334,5.4705888e-05,-1.5568963,4.644621,-4.0881796
-1.7265818,-0.7691364,4.3480344,0.769988,-0.22847478,0.3334403,-0.8353192,-2.365151,3.3745246,-2.9509377
0.8400627,-1.5758172,5.208002,0.22852755,-2.7312672,0.3692693,-1.585759,-1.1665741,3.320703,-2.9486966
-2.2965703,-0.5921879,-1.955972,1.2847791,8.149848,1.4673676,-1.8406237,-4.1361675,-2.3038893,2.331637
-2.5418339,0.23242012,-2.4513006,0.57270366,7.222065,1.1332784,-1.2813741,-3.7978072,-2.6901288,3.8440301
-4.4210525,-1.3492572,-2.505641,2.5969758,7.3746185,1.347614,-0.27885866,-1.6166745,-1.5115466,0.39749682
-4.4525685,-0.7427926,-2.19561,1.4811945,7.6563773,2.039003,-0.35075998,-3.8655577,-1.5911139,2.4506419
-3.3339283,-0.21099764,-1.9966877,-0.37277466,7.175104,0.62888753,-0.45036653,-3.1714277,-2.0988328,4.2010922
-3.6924782,1.8511907,-3.5937889,1.166191,6.277503,1.2139572,-0.24362542,-3.20649,-1.2816956,1.7475132
-1.8914896,0.0059226453,-2.5448022,0.95340043,5.9661226,0.7709892,-0.3652814,-2.5299327,-1.7620835,1.4613013
-3.4385166,1.3293108,-2.542169,1.6610606,4.337384,1.17564,-1.0216578,-2.31254,-0.5112054,1.4077139
-2.934635,-0.15052864,-2.1877315,0.28364503,5.978734,0.76000136,0.32797658,-2.6162317,-0.8444924,1.4426804
-2.5459716,1.0426807,-2.6030498,0.93724734,4.9809775,0.5481541,-1.1341277,-1.9194185,-1.3560373,2.237544
-2.9116325,1.7636348,-2.1484978,0.87634575,6.520523,2.3929262,-2.9566789,-4.724582,-0.83013105,2.3137505
-2.9918137,1.9897202,-4.3821034,1.2732273,7.418882,0.9524062,-2.0153587,-2.8466983,-2.850276,3.6259418
-3.0886698,-0.02252695,-2.2897902,1.781436,7.4385586,1.2889478,-1.429568,-3.8750498,-2.50738,2.9295669
-3.4520378,0.18915749,-1.9537656,1.3923099,6.5911074,1.1286031,-1.4372611,-3.477204,-1.0918999,2.255271
-2.5950563,1.6474026,-2.8342838,1.3586763,6.024437,-0.25292063,-1.4390582,-3.0711393,-1.2933817,2.5362935
-2.620377,0.10512534,-2.4959219,1.6329316,6.1305094,2.2675197,-1.9297504,-2.8957286,-1.8638029,1.8037237
-2.6401765,-0.16452739,-2.5274944,1.1275746,6.4302654,1.420894,0.05811043,-1.9108883,-1.2644372,-0.27070665
-2.2474217,0.6567342,-2.7705517,0.6518759,5.842757,1.1050769,-1.5315944,-3.324181,-1.3992181,3.2958872
-3.6421187,0.9832884,-3.7481568,1.7173675,5.44156,1.1412538,-0.6031475,-2.1446896,-2.389366,3.4921112
-3.1281261,-0.099753946,-2.5284884,0.9518078,7.833172,1.7683147,-1.1155616,-2.7337623,-1.6099973,0.94922334
-2.4778028,0.051198453,-3.595435,1.2782718,5.9580164,0.5216151,0.23784086,-1.4161276,-3.3813334,2.9146101
-2.3277082,-0.100207776,-2.037109,0.63356614,5.216627,1.4531329,-1.6511863,-2.3606656,-2.0080762,3.3292508
-3.098827,-1.24114,-1.740916,1.7614001,6.1703954,1.7962962,-1.760503,-2.7574599,-1.03287,1.9835649
-1.826625,0.9739015,-2.4424057,0.93643016,3.3953915,1.8040919,-1.4126714,-2.2527828,-1.2752564,2.0651214
-3.0342693,0.30003172,-1.7271017,1.0879076,5.822612,2.5415158,-2.2494743,-3.2480888,-1.646621,2.4979694
