-16.87495,-8.064751,18.263794,22.329592,-12.513913,-16.595707,2.0278327,10.191996,10.04328,-9.462358
-10.742967,-14.803065,26.824812,11.350395,-16.937313,-12.418027,7.107523,7.307696,18.14181,-16.595337
-20.50621,-11.859903,21.591341,24.198195,-10.194868,-13.728783,-1.5798202,10.639038,12.019619,-10.04678
-12.7105055,-14.508695,25.202036,23.80225,-16.013195,-16.936106,2.7544,10.179676,10.602631,-13.05447
-11.947139,-14.552326,18.559317,25.01413,-10.087226,-16.267208,1.3167123,11.490895,7.767108,-11.803506
-16.596878,-14.031263,16.14708,26.664595,-7.941791,-15.718748,0.5018627,15.350067,7.083405,-11.355028
-18.783875,-16.417845,32.857533,16.341158,-15.591476,-8.349712,1.7045404,8.3798,14.17812,-14.202216
-11.686685,-12.665741,32.311066,16.382164,-20.064604,-12.533019,0.6650446,8.263763,16.127806,-16.791817
-27.684196,-12.294178,18.253805,36.28677,-7.6399455,-18.425953,2.3342152,18.093369,6.662248,-15.669199
-12.520247,-14.6678095,26.460918,19.630754,-14.842694,-11.01997,1.291579,6.5313463,15.461433,-17.238995
-9.441473,-14.333787,25.711164,16.910286,-15.311298,-12.344614,5.285711,7.3380756,12.730849,-17.161064
-2.6204205,-17.585842,20.056366,10.762535,-14.27716,-11.688575,5.559737,7.9214005,7.4364233,-6.269187
-10.117448,-11.438404,22.742174,19.642216,-15.6411495,-13.289782,1.2832879,7.550511,14.088311,-15.355346
-11.171083,-13.709217,34.68801,12.522445,-18.993717,-11.813809,0.96483004,4.0692844,20.441767,-17.377024
-13.417281,-13.6028595,17.897753,22.224686,-16.016027,-16.04698,10.640586,12.852563,8.989229,-13.538944
-12.15822,-11.670429,20.776655,24.981657,-16.566303,-18.40459,1.80311,10.452171,10.885157,-11.047865
-13.968221,-11.865356,22.296526,20.26469,-11.711001,-16.070593,4.7093434,8.52502,10.918639,-14.055344
-9.828429,-15.366413,19.600435,21.455858,-12.933004,-21.942968,8.702506,15.044964,6.2239113,-11.180911
-12.025801,-19.400967,27.471758,21.711397,-16.73506,-12.032365,0.6683854,9.251949,15.466719,-14.641005
-16.52026,-14.349759,18.257381,19.262402,-11.900888,-16.808891,16.298609,12.910494,10.946243,-18.70751
-14.168919,-10.924134,21.041922,18.921198,-15.977506,-14.912222,6.476584,9.415083,19.059486,-19.361923
-10.433458,-12.195074,19.312923,16.702057,-13.972325,-18.57539,12.523219,13.359012,11.148176,-18.1728
-16.10638,-19.010023,32.91494,14.887783,-15.964065,-10.409188,2.9925256,9.172592,18.609308,-17.954563
-10.175607,-19.278059,37.1532,11.688013,-26.30554,-12.738916,7.367171,11.6641245,18.14443,-17.793478
-10.664867,-7.6144943,19.262045,17.505787,-14.856526,-18.717287,7.6793513,8.9532995,15.095201,-16.89572
-22.31792,-10.424485,9.022969,31.874668,-9.07517,-13.232744,0.78005373,16.917881,1.515435,-6.1160707
-22.292856,-14.622395,13.595877,34.289433,-7.326509,-13.850093,-1.0552187,17.055424,0.46142614,-6.190714
-25.862116,-17.331264,17.1781,29.114714,-8.225404,-11.74958,-0.9610945,20.060797,10.395185,-12.786151
-23.377605,-10.448066,14.928109,34.774525,-9.140997,-14.847597,-2.2564557,12.988016,4.141119,-8.089271
-22.899845,-14.4096155,19.374441,32.248505,-12.592412,-10.113177,-5.161607,16.22389,7.833653,-11.317402
-24.605274,-9.704759,13.760739,27.708874,-9.786825,-19.51904,8.1393795,16.507694,9.963914,-12.751644
-24.526337,-13.304384,13.135468,38.33826,-7.2439446,-16.11493,-6.2856264,15.852812,3.6073778,-3.9925427
-18.78986,-15.8465,23.61127,24.972914,-9.276009,-14.054437,1.339711,12.601262,11.191736,-16.5408
-27.053967,-8.935337,9.468046,41.186398,-3.8298628,-15.103897,-2.447219,11.324724,0.5212624,-6.1869135
-21.571653,-12.358147,8.389745,42.69896,-4.3698645,-21.720572,-0.100245774,19.514175,-3.5014358,-7.722183
-31.741596,-13.900439,13.031874,40.32504,-4.7241507,-17.475058,-1.9390296,20.765614,4.566643,-9.2891
-23.423674,-11.031193,0.17458558,47.44761,-7.020686,-23.999357,1.8074038,25.830025,-5.403722,-4.6040845
-27.298624,-10.117487,6.645242,42.455795,-4.7647977,-15.45022,-0.74072254,18.43318,2.0846746,-12.384183
-27.651243,-8.528374,5.310037,46.56409,-3.53016,-21.470034,-3.043806,18.05518,1.8052137,-8.456153
-19.85141,-14.662251,7.543956,36.57236,-7.0827026,-16.646866,2.152083,18.608398,0.39590442,-7.9590874
-24.001678,-14.997038,4.895439,46.00168,-7.006151,-21.463638,4.201285,23.177805,-0.10885668,-11.208667
-26.324087,-14.586378,9.59347,46.41778,-7.022543,-16.674772,-3.6617706,21.19393,-0.33651686,-9.6048565
-21.784874,-13.160524,7.9700713,45.242805,-7.553658,-22.277853,2.315029,21.940252,2.7236836,-16.087563
-26.307835,-15.79508,5.9346356,43.686802,-3.559424,-21.585522,2.606482,23.86938,-4.295809,-5.384761
-21.269333,-13.174545,8.202038,44.309868,-11.104528,-21.706104,-1.4549837,22.661814,-0.14454162,-7.5288076
-26.066122,-12.080302,5.2975807,44.836636,-6.2182612,-25.125359,1.2090305,23.512249,-0.45259702,-5.4600916
-22.974445,-12.804312,2.3934615,43.27833,-3.7904115,-20.280394,4.0265927,23.533613,-5.0239363,-9.699637
-22.93248,-13.897023,7.385908,43.59441,-1.2531368,-18.349155,-0.50253105,15.871915,2.2067184,-12.572356
-24.346071,-7.870397,-0.17343128,46.289642,-1.1179502,-21.853899,-1.9338238,19.574194,-1.117589,-8.364893
-20.252405,-11.033184,3.3976111,43.190994,-0.9132568,-18.647718,-2.6796737,17.021202,-1.0186292,-9.359402
-16.62419,2.7390666,-18.103502,12.432065,37.810238,-12.304541,-6.2600946,-1.3948908,-12.826151,11.195563
-20.610172,1.4894793,-17.224323,13.138398,40.830128,-6.775438,-5.5510883,-0.9024416,-12.692828,6.000947
-5.85345,-9.930056,6.8203483,-15.232405,-2.1352496,44.741016,-19.648586,-5.9614015,5.1201305,1.3793786
-4.663532,-9.070698,6.4714594,-18.640205,-7.722679,50.82669,-16.817295,-6.512785,5.9330425,-0.38775575
-3.740443,-4.9926753,0.4578374,-14.683835,-1.8260318,44.810635,-15.468229,-6.32792,4.5495987,-3.7645752
-7.666311,-11.628889,3.9243767,-14.127768,1.6827528,46.850773,-18.539713,-3.0643604,7.6873727,-5.823181
-2.3662126,-5.031651,1.933294,-12.981531,-2.280621,38.300022,-18.97725,-6.5350466,3.5923092,3.686169
-9.901108,-8.255762,3.4644496,-10.996315,2.6018095,43.679382,-15.146017,-5.978586,2.083993,-2.4500337
-10.55549,-2.7213101,7.4452934,-11.288748,-2.7977486,38.188282,-15.222473,-7.5315843,8.5866,-4.4980154
-9.338831,-5.3686023,2.858187,-10.836058,-3.4264953,47.42244,-17.973974,-6.1420593,6.2446237,-3.1839502
-10.901946,-4.8746066,13.93607,-4.4784966,-3.3067706,16.486502,-8.066805,-1.8961357,12.878008,-10.772577
-3.8726158,-7.9695616,18.567122,-1.3546803,-10.443381,14.320076,-9.288033,-2.652462,15.129772,-13.102404
-8.68122,-5.827478,11.681904,-11.399281,-8.707229,38.120667,-16.15495,-5.107511,11.114342,-5.3168464
-6.236474,-14.281778,32.73817,0.847347,-19.13089,4.1173735,-1.7812009,-0.7383185,20.064613,-15.88836
-7.670534,-6.887613,20.160473,-7.8763537,-13.655384,28.22465,-11.401629,-3.9038556,15.778349,-12.869383
-4.835652,-12.862817,9.549393,-10.907896,-8.629922,42.087658,-15.561281,-2.8169415,7.6906567,-4.1853724
-2.7113523,-15.049614,23.255806,-6.832564,-14.825172,21.885397,-4.7582145,-1.6176846,14.266335,-13.71087
-7.2926846,-15.530823,13.032589,-13.652579,-11.709953,50.669907,-16.449986,-3.9971185,7.8957887,-4.381419
-5.6351933,-10.729484,13.518458,-11.945675,-8.686878,43.858665,-18.109848,-9.049325,11.940719,-5.8631077
-3.6847932,-12.405816,11.808515,-12.273792,-8.421466,42.61611,-14.267511,-7.9846315,7.9330373,-3.6407979
-1.8425305,-9.174059,6.5702996,-15.796839,-5.960392,45.957043,-16.177942,-5.712244,7.816477,-6.352705
-5.7210684,-7.941532,3.454302,-11.795894,-2.232698,44.391945,-20.668066,-7.1178217,3.9399672,2.3963003
-8.033571,-9.676786,5.8964906,-9.234405,-4.278824,42.69945,-16.044739,-5.180651,3.9021719,-1.1536877
-10.87141,-9.244798,6.408983,-12.882759,-3.062654,48.20403,-14.146984,-6.75794,4.262422,-2.603486
-4.818072,-7.667036,8.548106,-13.360066,-3.678257,43.79718,-18.578602,-9.256488,10.826675,-6.307482
-2.6997898,-9.888002,7.2246027,-10.402758,-6.202009,35.874695,-11.888141,-3.6155128,6.8428726,-5.957723
-8.889349,-7.843671,4.7008657,-12.659635,-5.5779715,44.959724,-15.526586,-2.9280944,5.166526,-2.3762093
-3.6506977,41.322502,-10.136789,-3.8340318,-0.1774739,-7.642783,-9.31337,-19.665478,-0.16865246,12.809672
-2.949623,39.332794,-8.6246605,-5.4354324,-0.9025069,-11.870256,-3.7084732,-16.531292,4.107118,6.701671
-6.584935,40.026546,-8.339156,-3.6228728,-3.433764,-5.7337604,-4.6902037,-16.075317,4.572217,3.6245065
-10.04001,47.445374,-13.572046,-3.241649,1.8805544,-6.3300877,-4.932543,-19.421827,4.94771,3.1390111
-9.994402,38.689247,-12.622387,-1.5805511,1.420221,-6.2672997,-4.925863,-13.812424,1.7505155,7.386025
-2.7000942,41.141533,-11.762946,-5.694858,-6.4114347,-11.836601,1.5513138,-11.081313,0.021289513,7.136027
-10.4035635,40.91729,-12.801012,-3.8377585,0.43023336,-13.413976,3.3905416,-10.612238,4.9196644,1.2758712
-3.6793633,45.403797,-13.171953,-5.750011,-5.357378,-9.664521,-2.9393024,-15.755141,3.7614279,6.855376
-4.0989656,37.65905,-13.347785,-2.3377247,-3.9656641,-11.7258835,0.5403918,-11.2559805,-1.4789677,9.923273
-4.4726305,43.96884,-13.107758,-5.466344,-0.63181835,-13.214148,1.5819876,-14.820142,-0.14039984,6.096883
-6.3090353,44.980595,-16.076206,-1.8896377,-2.8609166,-14.577096,2.4224544,-9.985902,-0.117285326,3.7644749
-8.275729,46.698383,-16.801325,1.1037511,2.6207693,-14.157451,-2.7301402,-15.45319,-1.7082474,8.680512
-8.139935,38.02689,-10.555564,-3.8907151,-1.7947341,-14.754009,4.6602874,-8.604315,0.43033624,4.2744966
-4.708864,33.62004,-10.92349,-1.8008432,-2.2736998,-11.231424,-3.0670643,-9.016791,-0.593304,9.946805
-5.08369,36.492184,-14.48214,-5.0773497,-0.20701176,-12.496862,1.6667709,-9.192614,-2.7930663,11.205035
-9.23222,44.452847,-10.8184805,-2.5749936,-3.3719082,-10.6082945,-0.63604975,-14.259526,1.982729,5.211993
-2.3734448,41.806,-20.636593,-4.1796784,2.4542067,-13.102926,-0.0874722,-11.657006,-4.989233,12.536522
-4.930709,38.070942,-13.899056,-2.4050493,-0.10209477,-13.076155,-0.27325535,-12.923033,-3.8806121,13.271825
-4.2926197,40.53017,-17.753836,-5.882926,1.3969625,-9.290873,1.4604217,-13.1519,-4.1010113,11.259065
-7.003453,44.7896,-15.716897,-7.5266604,1.2394891,-9.402947,0.069934845,-15.728427,1.7752798,7.5860806
-1.2458209,36.366184,-10.975804,-1.4785678,-2.8628078,-14.580969,1.328836,-11.152773,3.5593486,1.0919168
-0.89150906,41.169353,-14.782194,-4.443343,2.7056527,-13.249614,-1.775996,-13.457023,-0.4323175,4.244053
-3.9973986,36.838917,-12.454231,-2.086472,-1.9761717,-18.944132,7.0346165,-6.209876,-0.83887565,2.0487335
-0.3737554,15.516386,-4.2078347,0.08096576,-6.213952,-15.060895,7.6095843,0.39632058,-3.8087373,5.733038
-3.4231284,32.515118,-15.807967,0.9886975,-1.6552691,-12.172475,-1.0522852,-7.190958,-7.9404454,16.030502
-5.586448,2.800657,-4.4511447,8.937203,-8.032055,-18.12187,19.181068,13.264372,0.5161944,-9.068344
-6.37132,-2.5994675,-1.7472417,7.1365504,-8.963616,-18.601118,21.467712,16.90569,1.5063217,-9.16288
-2.2604394,1.308405,-0.009899855,6.386363,-10.435035,-18.99684,19.295801,13.667902,3.3677375,-12.774093
-3.4788458,-7.119078,0.84824854,9.623976,-17.272919,-17.767548,21.024057,19.399744,-3.88136,-2.5660508
-2.0378153,-8.495392,2.3190966,14.545266,-13.243004,-23.291395,20.037233,21.73711,-4.6538076,-6.815062
-1.375469,-1.6273391,1.6544272,-0.66299605,-16.007305,-19.39557,32.75201,17.365719,1.9332787,-15.054432
-3.81357,-4.1579227,1.308377,14.023136,-12.413503,-21.973545,16.175228,19.718077,-0.8001393,-8.8160715
1.7865846,8.976701,-7.902728,1.2627268,-13.837641,-18.072226,21.327131,13.09753,-0.7048124,-6.0842595
-0.45104897,-2.3902886,-0.36847925,1.5470499,-9.926625,-15.946989,21.985687,12.924523,2.5886655,-10.479156
-6.975898,-5.6301413,3.9971156,18.820084,-14.074373,-23.137917,17.268,22.825766,-1.4822909,-12.674337
-2.0852282,-6.878694,0.9889377,0.6956644,-15.426529,-17.84555,24.622713,22.246256,2.2364187,-9.45737
-6.708115,-9.693929,2.2889428,10.731592,-11.892943,-18.785109,18.289434,25.969276,-2.4412808,-8.231818
-9.069632,-1.2039078,-1.7655122,7.7431087,-9.545226,-19.365202,20.006372,19.628923,0.44960365,-7.5694094
-9.869907,-10.042404,3.4281344,11.758713,-16.225481,-21.313177,25.36993,28.911427,1.3141196,-13.675159
-8.653322,-6.381546,-1.7981267,10.018219,-10.871733,-18.02127,19.989746,24.85533,-4.039052,-5.930489
-7.3755226,-5.2102785,1.8432667,15.590656,-7.3168797,-19.198116,14.765769,16.801191,-0.89836717,-9.474746
-5.000121,-0.50483334,2.499109,6.9930716,-9.071856,-18.957956,17.659454,13.056027,5.205803,-12.685381
0.77151406,-12.414081,0.7306607,4.921923,-14.901043,-23.896013,30.903097,25.069206,-3.4097528,-8.691217
-5.936388,2.2372627,-3.0110712,4.622467,-13.403566,-18.930304,25.095764,14.854378,3.142598,-9.473606
-10.73865,-12.933461,3.4463017,11.1052265,-12.441127,-23.346195,26.510311,31.493662,-0.24761117,-13.202793
0.19913054,-17.139458,1.749214,15.212098,-13.350158,-19.729643,16.725313,25.47891,-5.280567,-4.8039846
-8.30049,-11.9588,3.5678747,12.3883,-16.851961,-23.712353,28.279522,27.320755,0.64124155,-11.484
-3.4813185,-3.3310828,0.5771853,5.708898,-17.33479,-23.094374,30.244968,21.725117,1.3917422,-12.922543
-1.4246165,-12.085943,1.6049788,6.6651573,-15.352778,-21.635313,19.384312,27.168104,-3.9650087,-1.5912552
-0.38232875,-7.932679,3.886125,4.8609853,-17.155876,-24.682526,31.880802,22.10366,3.0795054,-16.542192
-17.630085,-7.476947,4.7063184,26.458075,-11.052063,-18.053167,9.206143,21.04506,-0.0594576,-7.971467
-19.745205,-4.746258,3.2744465,23.763706,-8.866272,-12.804776,5.868193,20.587152,-2.0532568,-5.166057
-9.514371,-10.697991,2.0490294,23.563484,-10.96187,-19.391495,7.1513968,25.087706,-7.9443407,0.15637022
-16.291761,-17.278372,8.755781,24.642153,-11.00674,-15.377717,7.3316,27.644417,1.9527776,-10.811002
-19.710812,-17.652931,10.438054,26.37252,-13.614828,-17.703218,14.539822,28.262695,-0.43871996,-10.989037
-18.085043,-13.743843,12.972657,29.47147,-8.781819,-18.559355,4.21686,18.8929,6.597985,-13.065533
-20.01381,-8.088654,2.757189,40.831696,-5.527684,-21.999887,2.212588,20.067642,1.6848664,-12.681917
-11.802866,-4.5392847,-3.3301313,20.000721,-10.945028,-16.123796,8.9088745,24.624323,-1.4982138,-5.468412
-12.835064,-11.779767,4.7134695,24.200085,-7.8914013,-19.311722,8.052684,19.669746,-3.2908368,-2.492252
-13.241301,-3.1009264,0.39013857,17.447483,-11.607958,-17.03927,8.163034,21.009922,-5.0156026,2.299893
-19.816322,-19.388416,8.710121,29.553097,-13.155143,-21.732052,14.941351,30.379896,-0.5836244,-9.675691
-11.430058,-10.715144,3.6513581,26.475351,-11.520875,-20.377918,10.747016,21.14542,-3.7067456,-4.877421
-18.615658,-17.473352,5.6254663,27.505962,-10.103825,-21.285643,14.385073,30.672697,-1.6392735,-9.667198
-14.579121,-9.670903,-0.36561522,12.885668,-10.330886,-14.171072,15.679117,27.0662,-0.262114,-6.3558645
-11.074322,-12.788106,0.45298752,18.057728,-8.91158,-17.004807,14.5443,23.832985,-5.599829,-2.7179532
-14.681534,-13.888662,5.7212296,22.38551,-12.290115,-19.659647,13.643942,27.18472,-2.6071029,-6.2576747
-12.600983,-19.815958,5.7241383,17.852049,-15.678177,-20.077105,16.973078,38.70477,-3.6497114,-8.009507
-13.479773,-16.196787,1.0000523,21.13748,-9.151525,-15.978701,10.288002,29.744827,-4.156312,-3.6346729
-10.879882,-17.423462,2.556944,19.938942,-13.761156,-18.065388,14.662255,34.826763,-6.676118,-5.5492725
-11.689143,-19.946224,7.206294,17.385777,-18.143875,-16.277798,13.328336,34.02161,-3.447143,-3.0288618
-12.6453085,-13.008298,4.8385963,23.810472,-12.713419,-23.11966,15.303447,27.162079,-1.2252334,-8.81357
-8.220802,-15.309291,8.317734,8.454578,-16.101051,-18.935034,24.762526,26.954388,0.545591,-10.994198
-11.697282,-17.121403,3.0341911,18.62764,-11.188187,-16.396765,10.328838,27.218088,-5.127669,1.068875
-12.593728,-15.024676,7.781368,18.600962,-13.532802,-18.01342,12.856157,25.919355,2.6288476,-9.171949
-14.153023,-5.067808,3.3611758,14.300811,-11.687312,-15.692439,13.173581,22.340511,-3.1402326,-3.5697806
-23.793488,5.808493,-16.671589,10.204904,48.09486,-5.4150515,-5.30028,-8.255885,-8.351578,0.7520549
-23.429878,3.151241,-14.0412445,9.710439,40.522152,-5.0351086,-7.3603354,-3.4123425,-13.242372,10.3524
-16.648981,1.2803751,-16.266083,11.515987,38.8077,-6.9514465,-5.806813,-1.9872022,-15.849978,9.8151455
-16.371346,0.10402155,-15.114685,12.306534,31.043266,-5.9819536,-9.541756,-0.20437312,-13.376768,14.505115
-25.826431,4.1557207,-14.07828,19.841385,32.30606,-10.573063,-7.6511717,1.616081,-13.484195,10.582488
-25.320984,-1.2910051,-16.327429,15.905099,34.78043,-6.358543,-5.9657383,2.7728088,-11.7354765,11.174131
-18.054873,3.3827343,-17.658785,8.337859,31.799393,-0.4304024,-8.620143,-1.4548643,-11.806257,12.336195
-12.2155,-3.0128524,-13.549425,12.310672,29.128252,-10.125554,-8.051899,1.1156801,-16.475662,18.727863
-20.54824,-2.6399274,-13.461334,12.407621,35.48293,-4.2400255,-9.975392,-1.0607231,-15.161674,16.980621
-15.898279,-3.3748112,-15.631949,16.121147,24.552067,-8.072443,-6.54548,3.8018022,-16.260431,19.874285
-16.137375,-2.4353619,-14.917336,13.315222,31.476557,-7.923629,-9.145736,2.4935908,-16.129908,16.990976
-17.227045,-9.717601,-17.76689,15.612515,29.84168,-10.637335,-4.2525907,11.432833,-18.467304,18.47471
-21.351051,1.5974026,-18.337963,16.839994,33.47085,-8.7992935,-10.999228,2.6537974,-16.638144,18.890327
-15.460862,-1.9686451,-15.507057,11.533816,30.27567,-10.089396,-4.81386,2.8260908,-15.603628,17.326937
-15.5921135,-0.1274637,-14.13634,14.064249,28.098917,-11.188764,-4.5152955,2.5112736,-10.195199,8.491133
-18.36618,2.3851585,-16.36109,12.417892,38.120674,-5.561589,-10.555609,-4.1432934,-12.7497635,11.591845
-14.1017,-0.6785883,-16.804438,9.652752,31.111338,-8.835085,-6.6863084,1.0062013,-14.665402,17.203808
-13.406355,-5.1371727,-10.1376095,12.8403225,9.457496,-10.598713,-0.80474746,15.153088,-12.375962,13.737576
-18.579842,5.838065,-19.14983,13.024726,29.474407,-11.112616,-3.7552881,2.7081847,-12.395404,11.457141
-17.99568,-0.3462062,-14.239525,19.015554,24.973751,-12.104948,-2.4780746,3.0148096,-10.672198,8.369977
-23.172794,-0.09790146,-12.271222,20.300697,27.194761,-16.534645,0.7504659,7.1127763,-4.734056,-1.0089715
-13.002093,1.1499145,-10.833842,11.186219,24.011223,-14.664753,0.43717438,3.2321956,-4.7380266,0.8228942
-18.24251,-2.9208457,-9.657261,23.44351,20.888351,-15.565747,-1.0108049,7.707286,-9.047944,1.8899078
-20.459097,-1.9278343,-9.175828,28.680956,18.057293,-15.692712,-3.8217099,8.765398,-8.481514,1.2898095
-16.25494,7.233104,-19.024855,14.638076,31.315044,-10.644913,-5.564511,-1.0693223,-9.269926,6.0527525
-20.350864,-0.19757557,-15.139669,16.984901,32.003044,-8.664282,-4.1223345,2.3003902,-15.212026,9.968303
13.414741,-7.4231653,-2.857793,1.3565855,-9.3017645,-12.655131,-0.9759265,8.34327,-13.344082,22.216578
15.854754,-11.459335,-2.7924488,2.6848435,-7.952675,-12.402119,0.83676213,11.325791,-16.593842,19.487999
19.090797,-13.637594,-6.3466625,0.28201514,-6.535661,-10.012781,-3.8181014,11.116791,-17.63249,26.220463
10.59692,-7.2243123,-7.1842155,8.29844,-8.947149,-14.158023,1.6673849,12.786753,-18.645947,21.719334
14.387791,-6.5579176,-7.379364,-0.12865049,-7.9613175,-11.890867,4.281027,8.842806,-16.693588,21.646036
7.010457,-4.8579545,-5.6588883,-1.4235458,0.44353276,-11.80835,3.6925538,5.8474107,-9.556018,14.064485
15.370867,-1.6908045,-7.220367,-1.2829167,-6.581225,-10.581013,0.29233742,3.9634972,-17.755383,25.06044
22.938694,-1.8376181,-5.153846,-0.1584234,-11.584158,-12.481842,-1.6718976,4.5032673,-13.928072,19.05141
7.5955377,-4.172776,-4.263893,4.242145,-6.361078,-13.604077,-0.4087947,9.8353195,-17.558472,23.966848
21.752869,-9.324592,-5.562639,-0.067506775,-10.571569,-13.432546,2.3996432,10.45518,-16.916245,19.76657
22.034063,-3.4134102,-6.5876303,-2.8603866,-11.049349,-13.804808,4.715061,6.9674463,-13.801176,16.376862
17.551855,-10.0349865,-3.6145253,-1.3899319,-10.109134,-10.1562395,2.348549,8.535407,-16.074509,22.01664
19.304123,-2.6306326,-5.3823223,0.09041065,-8.590449,-13.005825,2.050163,4.0263643,-13.339339,16.434654
26.930748,-10.351452,-0.7654349,-6.431554,-11.473188,-11.957428,5.1911397,7.878794,-10.169585,9.684828
17.132395,-3.1404734,-5.2737837,3.952766,-10.293975,-11.291133,-0.33087182,4.9166265,-10.06043,13.549007
17.117548,-2.3429434,-6.692171,-1.4317894,-5.9173303,-10.336302,-2.5925024,3.8125834,-20.419296,27.97618
13.180805,-0.8542558,-7.1090326,-0.7770089,-6.2729363,-11.123196,-2.598596,3.1767113,-18.877089,31.013554
24.164755,-3.5301547,-0.28753895,-1.812115,-11.84186,-15.953293,1.1230863,3.3364046,-12.140746,16.437477
26.911419,0.5626795,-6.7202954,-6.4458594,-8.351031,-10.756695,-2.7887654,-2.4595184,-12.962612,22.145142
12.666149,-3.9708316,-4.4197397,-1.2015188,-0.7849052,-11.713574,0.3644755,1.4320121,-13.324651,19.153496
28.464169,-1.5036209,-2.8562577,-4.100626,-13.112606,-15.835749,2.5726597,1.9139287,-13.078157,17.006239
20.486702,-9.632035,-2.2852669,0.9188596,-14.801469,-16.512615,5.9787264,10.982906,-12.948768,17.134266
15.819082,-3.123394,-2.889927,0.28364837,-11.054295,-11.665847,-2.4013963,5.822983,-13.916002,21.899195
13.835119,-7.691768,-6.0148273,0.9301142,-4.5924416,-13.677247,-1.3831861,7.7265205,-19.472736,29.627975
18.277317,-10.392409,-2.0252519,-0.82198924,-7.4182014,-11.540587,-1.6680131,6.493187,-14.357038,21.632507
-4.8371496,5.1240377,18.713892,-0.6683461,-15.856062,4.5325394,-7.7000055,-9.940306,24.93484,-14.506424
-17.712582,12.330045,13.460783,4.419298,-13.784577,1.6585872,-5.1672764,-5.804969,21.762945,-11.636062
-11.3976755,7.508785,18.355265,-5.7640176,-12.220861,8.872386,-8.280642,-9.685421,32.10402,-19.513987
-13.389288,-7.836643,28.423346,6.15324,-18.118523,-1.0144744,-0.5124098,1.4856534,30.676533,-25.69446
-15.440456,10.087569,21.035336,5.113202,-13.432191,-2.1277924,-6.0593038,-7.490878,28.578285,-21.135437
-11.257327,8.642189,19.530003,-1.1484861,-16.368698,0.15353596,-4.6390457,-8.001314,34.731213,-22.244719
-13.019943,5.2312927,17.814701,5.0237093,-14.641566,-1.0406042,0.086226225,-2.3166337,22.142284,-18.701632
-18.029688,-0.47947884,23.43827,16.371473,-14.666024,-8.574971,-2.7850766,4.3184924,21.327219,-21.25193
-6.498851,4.3815446,17.935173,-2.1526263,-15.373581,0.8062744,-1.4109735,-9.106103,33.923073,-22.80664
-13.812672,1.7638087,24.345112,3.2577705,-16.411367,-3.6795654,-0.67291313,-2.6241984,29.331749,-21.600838
-19.577648,4.680521,19.582195,5.624259,-12.126373,-0.13960767,-3.1119628,-5.6914296,26.597511,-16.946371
-15.799902,-0.46322322,25.524017,10.945524,-15.615301,-6.364924,-3.1518855,-1.2445005,25.69974,-20.292542
-11.118201,10.629282,15.079507,9.024976,-14.519477,-4.889368,-2.6161237,-6.0997734,21.822515,-17.627495
-11.000723,-6.277544,26.500437,3.905333,-21.33413,-6.36572,1.0937239,4.6158266,27.435389,-18.574444
-13.150153,-5.17755,26.689384,5.6335077,-16.05244,-4.4950714,-0.103842616,1.4001493,23.55013,-18.450586
-11.105767,-10.489872,28.264715,10.382639,-18.73936,-2.5464933,-1.7828512,2.396225,19.55058,-16.109695
-12.353949,0.2960549,19.208017,10.169851,-18.47813,-5.20862,-1.2881082,1.5726626,19.515017,-13.426179
-5.4538927,-3.3035858,16.72576,-0.039983094,-16.30245,6.513478,-5.4726734,-3.532714,16.2433,-5.4485307
-13.452249,-4.1458864,20.515902,12.029364,-16.389662,-10.96003,2.7424476,6.092026,20.264168,-17.475426
-15.940973,3.2870867,12.356334,20.952927,-13.569721,-15.475692,3.3792613,7.9005847,14.550922,-17.843544
-6.886176,3.7655084,9.984295,9.028716,-12.297743,-10.589077,3.135488,1.1280959,12.499358,-9.788443
-10.97488,4.867333,17.677635,3.9622579,-18.253616,5.385873,-9.257057,-4.270938,27.984655,-17.622988
-8.864172,-0.8493317,23.072432,4.51403,-18.69848,-7.0954638,2.408938,-1.0907042,25.560091,-19.672604
-13.48086,-3.142498,22.998785,14.563505,-16.573292,-8.421719,-0.8344933,3.2257197,22.020832,-21.27832
-13.240202,8.108343,16.782251,4.5479774,-14.9911785,-3.2795987,2.2746274,-3.890605,23.299185,-20.391853
10.080967,-9.138232,-0.39449638,9.014114,-9.960707,-11.8294935,-2.4640234,7.5931306,-13.045773,19.121082
5.72794,-1.5457594,-8.982655,4.006319,-2.9690628,-7.831188,-5.2417927,6.116208,-20.365253,30.298014
3.867466,-0.5864826,-1.5812635,4.6640844,-6.4890547,-4.9782324,-7.385791,1.7115479,-8.975808,18.233545
17.995138,-3.2357445,-2.4400854,-3.8526967,-8.39411,-6.5186095,-5.6492987,0.11773044,-13.783734,25.101881
17.157326,12.010331,-2.9475536,-5.1867814,-8.2136,-8.044001,-4.5539846,-7.420716,-6.3004365,13.175865
9.186539,-1.4778636,-3.689572,6.8110266,-5.052222,-13.022184,-5.011322,4.982444,-12.469641,18.580528
18.151522,-2.258921,-7.543867,-0.107311964,-6.908507,-6.0221615,-6.5575476,0.49438894,-13.318929,23.548422
21.663395,-2.8568997,-6.1529803,0.5076972,-6.7148666,-11.6706505,-3.2308986,2.9094553,-14.336432,18.469852
8.446428,5.3938556,-4.5459304,1.3803915,-6.4793663,-8.923053,-4.1589947,-1.2203087,-8.407325,17.68742
7.4940577,6.016695,-9.253649,4.2280254,-2.676412,-11.450368,-4.883552,0.45216542,-15.622984,25.252932
10.74133,0.4871027,-4.4824557,-0.47642082,-5.924662,-8.130348,-5.2243395,-0.35631818,-13.141283,25.046917
15.920652,2.0126996,-4.9640775,-6.0721526,-6.669914,-6.5849905,-5.1924195,-4.1348925,-17.066082,32.02442
4.775369,1.8954237,-2.4042873,-0.022068918,-5.0437627,-7.7489877,-4.5684996,0.81582975,-12.018537,23.509705
12.128469,0.26161933,-0.46846247,-1.9027169,-10.291742,-4.268978,-5.433637,0.55624413,-5.8946223,15.056902
14.5442295,4.3056827,-6.391884,-4.571703,-7.6282263,-5.5625887,-4.8619103,-2.336984,-11.081106,22.47658
11.990441,0.75712055,-6.7001147,-2.4443994,-8.441105,-4.857546,-8.231411,0.16947317,-18.471067,35.268738
19.247725,0.42095125,-0.74698865,-4.3442364,-11.011686,-6.9137907,-5.923258,-4.3481655,-8.809513,22.094925
8.708734,0.696832,-8.056969,-0.087393,-4.997488,-4.298035,-8.636465,1.223525,-19.280527,34.247627
14.380091,0.47319907,-7.7149878,-3.024447,-2.8982217,-6.2608857,-6.844443,0.016649842,-16.354576,27.486717
10.659796,-0.51492786,-5.0144377,-1.9307237,-6.538476,-4.0769796,-9.47051,1.1653545,-16.326674,31.505692
16.458012,-0.72727656,-2.3393426,1.4402282,-12.056027,-11.7689495,-3.0313554,3.853764,-11.7347555,18.648388
4.2240515,6.745712,-2.3499656,0.7290451,-3.9370308,-6.1804705,-8.252614,-3.9839644,-6.18776,18.972609
13.044688,4.3864036,-7.9539413,-2.8355618,-5.725969,-7.1345987,-10.274327,-2.8126059,-16.460432,35.000336
12.613198,3.2672138,-7.212258,-3.230741,-5.3501835,-7.7758856,-5.1210012,-2.6211863,-15.016493,29.646465
9.032881,0.8279383,-5.938709,1.3527795,-3.6826124,-7.216117,-7.690766,-1.7128222,-21.22644,35.62124
