2.389201,1.0282857,-0.25770772,-0.69755113,-2.9770632,-1.7444206,2.149634,0.016518407,0.6809604,-0.6087712
-2.9387076,-0.4447633,3.0016882,0.9582354,-1.2755646,0.36027986,0.8466802,0.24563274,2.317052,-3.0315025
-2.1160464,-0.47710028,4.752873,1.138337,-3.9720507,-0.47377002,1.326594,0.7914496,1.944551,-2.7923481
0.34122664,-0.61205894,1.9855714,0.47489738,-3.4844546,-0.01805406,1.1250929,0.90421546,0.31729507,-1.0203295
-1.9857337,0.31600645,2.6581578,1.3620331,-2.370954,1.7013577,-0.011785962,-0.043919943,1.7706835,-3.2946408
-2.6027396,-1.9781755,4.8293858,0.55267036,-3.041596,0.6458263,2.0604458,0.31521097,0.10397805,-0.80226094
-1.7430301,-0.95993716,1.6987789,2.0688498,-2.3779671,-0.4539364,-0.5146845,2.5388207,1.1520433,-1.3826984
0.037196405,-0.68227303,3.0354092,0.54655135,-3.568299,-0.0012857243,-0.43041614,1.4691771,2.7512078,-3.1183782
-0.0687617,-0.8507524,1.8500376,0.7807297,-3.3180697,2.601817,-1.157284,0.06810147,1.0433724,-0.91271806
-2.1579514,-1.581696,3.7755551,1.2145157,-2.763193,2.627554,-0.89631015,-0.08111917,3.0924716,-3.1432848
-3.1788607,-1.4669783,1.0450964,2.745311,-1.5104326,0.08194343,0.3446989,2.6274393,-0.56233597,-0.093043424
-1.985529,-1.3089069,5.0465965,0.8948326,-2.8922057,-1.0148636,0.61070347,1.301683,1.2759542,-1.8351804
0.35792863,-0.22673795,2.3603864,-0.022410259,-2.8284323,-0.059826516,0.52991015,0.0764808,1.1937916,-1.3037348
-0.15826851,-2.1480045,1.5517993,0.21688984,-3.6537757,-0.5746859,1.59811,4.6876845,-1.0580662,-0.47128674
-2.630187,-1.419686,5.3132534,0.9662504,-3.1515245,1.1577377,0.8856446,0.34493846,2.4369915,-3.8052688
-3.3725033,-1.2385798,5.3443546,1.7395512,-2.8502555,2.048583,-0.38670072,-0.25036937,1.7785752,-2.7471976
-2.5808816,-1.1343772,3.992229,1.3950711,-1.9895109,0.6741211,-0.21023813,0.96965605,1.2609483,-2.2756467
-3.3304152,-1.3644719,2.2812662,3.135498,-1.61209,-0.2825446,0.66690105,1.4704629,-0.65106595,-0.23122701
-1.5409579,-1.2634356,1.4144166,1.9935386,-2.0171194,0.5998921,-0.9519644,1.5737704,0.4037043,-0.19160023
-2.3104637,-0.040248852,2.59378,1.8945062,-1.9143554,1.4838113,-0.84802914,-0.44587493,2.9222765,-3.2361698
-1.5384338,-1.5348613,2.077241,0.64036566,-1.6302735,1.9329973,-1.1032013,1.2290012,0.5193108,-0.5421731
-1.8233633,-2.046299,3.8540592,0.20493697,-2.6458468,0.9757966,0.45302084,1.6919326,1.7130593,-2.3667698
-3.0801263,-1.2840126,1.3047764,3.7743366,-1.8039585,-0.9902895,-0.27698913,3.194851,0.93598485,-1.7628471
-2.422295,-0.55320114,0.6601129,4.17924,-1.9241208,-1.3215026,0.15297413,2.1619163,0.016087547,-0.9021325
-0.35638782,0.066337995,2.0924563,0.26540875,-2.9560616,-0.6512112,1.7838943,0.45970213,0.5458075,-1.1974615
-0.8676888,-1.429071,1.3376508,-0.5841837,-0.46962297,6.4622736,-2.1439478,-2.30067,0.021704279,0.015311681
-1.1744938,-0.52887774,0.8309762,0.18545897,0.6743497,5.3649316,-2.1267076,-2.6426797,-0.10034026,-0.44199404
-0.35699487,-1.8268714,0.8164267,-0.68720466,-0.21226384,5.732465,-2.045766,-1.2310365,-0.42742282,0.21589959
-0.20853588,-0.7555989,1.1554062,-0.21404804,-1.349228,6.5801506,-1.6976112,-3.0601063,-0.23153843,-0.19111928
-1.8551669,-0.62196916,0.9832631,-0.020356134,-0.2542405,6.844224,-2.2477744,-1.3596994,-1.1608665,-0.28712168
-1.371947,-1.6160586,1.7963212,0.2959165,-1.140974,5.350493,-1.9262855,-1.2063619,-0.40525597,0.21942344
-1.235529,-1.2278242,1.1052136,0.06997518,-0.7104357,6.1259456,-1.6108723,-2.0403106,-0.28746456,-0.15261388
-1.8960248,-1.6757679,0.9694511,1.2669876,-0.85262233,7.0324802,-1.9908835,-1.7717227,-1.338716,0.26284096
-1.1047018,-1.3530875,2.1567006,-0.1712005,-1.2991997,5.9211626,-1.3692085,-1.9286398,0.23334156,-1.05122
-0.61164886,-1.3715904,1.3845379,-0.26427454,-1.3992504,6.1661158,-1.6609793,-1.6468626,-0.76105356,0.19805387
-0.8588268,0.013274674,-0.0929528,-0.213897,0.46295422,5.45571,-1.8577335,-1.1643611,-1.5088822,-0.24063471
-1.4361706,-1.3406184,2.1967134,-0.07550065,-1.3464411,6.3498564,-1.5788138,-2.4545603,-0.27418292,0.0090694055
-1.8692293,-0.97390604,1.6042469,0.28253365,-0.11953284,6.3293233,-1.8619412,-2.2935178,-0.69799566,-0.36898437
-0.9403988,-1.4991593,1.4241753,0.36799842,-0.64149225,5.4678783,-1.7676947,-1.7819768,0.7472333,-1.3672822
-1.4046074,-1.5161705,1.4352095,0.39935273,0.04547076,6.3825827,-2.9949083,-2.160885,0.10714607,-0.2525786
-0.8489228,-0.9529874,1.4120657,-0.7444248,-0.4210347,5.783532,-1.9130133,-1.5937496,-0.21809828,-0.47996673
-1.6205401,-1.292202,2.155126,0.16421677,-1.2885412,7.019434,-1.7545676,-2.0441751,-0.8332628,-0.48110333
-2.3503275,-1.5126138,1.6287286,0.6698899,-0.6628182,6.8048687,-1.6253731,-1.7741467,-0.6652407,-0.44705
-0.7702408,-1.5284588,1.2893622,0.015674338,-1.2660426,7.1190004,-2.4132624,-1.8832656,-0.6461501,0.09395339
-1.860431,-0.88901466,1.3991442,-0.14653714,-0.5636073,6.2384663,-1.4777367,-1.4298915,-0.5401643,-0.7086201
-1.0514381,-1.8765781,2.0924668,-0.26261872,-1.0916978,6.112074,-1.6335682,-1.9028246,-0.28110456,-0.061325826
0.39845887,-1.7218636,1.3789933,-0.20553873,-1.718784,5.610381,-1.7445862,-2.3755095,0.5273452,-0.16185096
-0.102592655,-0.8701611,1.1731327,-1.1048005,-0.700285,5.584277,-2.597498,-1.7938745,0.5728879,-0.17577448
-1.2919122,-1.3344374,1.3450017,0.16540425,-0.6418239,6.8613505,-2.3830113,-2.2788415,-0.23333906,-0.17387968
-1.2270216,-2.2272904,1.753562,-0.31837296,-0.600289,6.368539,-1.7026591,-1.3024787,-0.19187666,-0.5215653
-2.4884012,-0.33221152,5.422785,1.0489712,-3.0813599,-0.06781619,-0.28506503,-0.019865803,2.0038357,-2.0552845
-2.1897073,-1.1509159,1.5536005,3.20214,-2.1601863,-0.43493736,-0.88327783,2.151561,0.55722225,-0.6086694
-1.4841739,-1.8629471,6.7007213,-0.54360306,-3.5765667,1.1570486,0.4805241,-0.5014954,3.1176388,-3.396647
1.0323019,-0.070193656,0.7401663,0.77908283,-2.0165284,0.20626974,-1.5417924,0.011220284,2.2528691,-1.3991827
-2.1286814,-1.0109112,2.6630545,2.8962445,-1.2049304,-0.22937256,-1.3157034,-0.034065537,1.5840647,-1.1247593
-2.8418689,-1.2471116,4.64703,1.2600907,-3.2726197,0.45887667,0.83535475,0.49545568,2.3851805,-2.6385233
1.7937744,0.12046849,1.140672,0.04635994,-2.9720302,0.65106755,-1.6578896,-0.477876,2.6283832,-1.2277627
-3.9114127,-0.8999779,5.8328724,2.2278821,-2.5018194,0.07647098,-0.14765736,0.48445642,0.4861908,-1.4993459
-1.7014227,-0.61920786,5.648539,0.33502012,-3.5517356,1.0324364,-0.4887334,-0.23474371,1.8975005,-2.209416
-4.5612373,-1.5165542,0.97000545,6.8901134,-0.13294826,-0.92534584,-1.3847054,1.2762371,1.0146879,-1.4883603
-3.6187415,-2.225369,5.4698534,2.566116,-2.064012,0.2963509,-0.63316876,0.2753716,1.4882587,-1.4470698
-1.8760979,-1.4217587,4.105007,1.0783435,-1.743346,1.4048519,-0.34183547,-0.9870574,3.592513,-3.6832778
-1.8820418,-0.9008647,5.068804,1.3690176,-3.6936684,0.9069595,0.1058804,-0.24270296,1.3102443,-1.9366623
-2.427091,-0.39319244,3.685123,2.6058848,-2.3179426,-0.61268604,0.12523788,-0.27340895,3.1070547,-3.3966513
-3.1700153,-1.2536361,4.3351283,2.1568134,-1.6475384,0.44365954,0.6013199,-0.07847219,1.2629907,-2.571394
-1.7567028,-1.1242676,2.7464287,0.7135361,-1.6198826,3.3607547,-0.6601331,-1.4356207,1.5693921,-1.716576
3.148786,1.0282428,-1.2457936,0.2411121,-2.5401435,-0.043631785,-1.6731701,-0.31283763,1.5355086,-0.14315918
-1.3722086,-1.6788056,1.9051018,0.525072,-1.7848352,4.991372,-1.773071,-0.9686445,0.5092985,-0.31985527
-0.9644804,-0.22963552,3.229865,0.39317846,-2.311601,1.2695651,-1.2325182,-0.37925857,2.575623,-2.2838612
-3.0916479,-1.9993436,5.7499504,1.1949266,-2.0440202,0.99797744,-0.3187159,-0.15361637,2.2455678,-2.480554
-1.5125248,-0.6173134,4.372741,0.726328,-2.9350765,0.678416,0.09645579,-0.54321307,2.2631373,-2.4783392
-2.8290634,-1.6684816,5.8217,1.081778,-3.207669,-0.48898405,1.3738576,-0.048000924,1.8988926,-1.8247888
-2.6233091,-2.086459,3.7147715,1.0451417,-1.4648113,2.3845496,-0.7935504,0.18708774,1.0842373,-1.3571188
-2.2414792,-1.0960846,5.275169,0.7878386,-2.9943357,0.32942855,-0.1538809,0.7111634,1.4063925,-1.9427747
-1.8545884,-0.6721343,3.2016225,1.7304703,-1.7745076,-0.19469452,-1.9524546,1.1620312,2.6089067,-2.17595
1.8774909,2.0232532,0.31959456,-1.2173867,-1.9750155,-0.26780778,-0.0344444,-1.1293173,0.9867587,-0.56124663
-0.61784106,-0.33246827,1.7439933,0.014908075,-1.7804089,3.431455,-0.4926562,-1.5128793,0.20569475,-0.63902843
-1.0225794,1.7139937,2.653175,0.96025217,-1.1480765,-0.54493755,-1.7014365,-1.2639483,1.6081703,-1.1620847
-0.66523004,5.2402544,0.2940716,0.18257062,0.3759901,-0.17485407,-1.1381321,-2.879752,0.78577435,-1.9057312
-0.22028267,1.7325978,-0.07127637,-0.40816462,-0.34002173,0.7769664,-0.969697,-0.6787304,3.0248272,-2.8091168
-0.04439681,6.038206,-0.7344136,-0.7793733,0.41644287,-1.6738441,0.15445718,-2.6067388,-0.3873688,-0.30439642
2.012139,2.2448049,-1.2021651,-0.11591205,-0.97984326,-0.81278926,-1.2748876,-0.2735788,0.543404,-0.11465324
-0.6539768,4.085216,1.3788388,1.218187,-1.51181,-0.720928,-1.623869,-1.976914,1.2128971,-1.3180088
3.7368636,1.9646381,-0.76756257,-1.4686968,-2.5779216,-0.4695565,-1.5525014,-0.39308912,0.208973,1.3175066
-3.7902927,1.6085786,2.909996,1.8947803,0.038520753,0.30433413,-0.45943967,-1.5870426,1.650557,-2.4830995
0.45887426,1.1640356,1.6828189,-0.37313867,-2.2033887,2.1064599,-0.7263868,-1.7739348,0.9383466,-1.2177405
-3.043643,2.7628334,1.5514731,1.1363372,0.5676242,1.6421388,-1.0223023,-2.345071,0.85527575,-1.9984633
-0.67942154,1.1447947,2.507894,1.0118175,-2.501687,-0.1129164,-1.4645864,-0.0030378029,1.5255458,-1.3429703
-1.4719732,0.8540327,3.4159236,0.27944177,-1.6677122,-0.5377167,-0.8515082,-0.8619834,2.9372025,-1.9783951
1.6479975,3.513269,0.15671217,-1.6109385,-1.1921452,0.28023565,-1.2638339,-2.0172663,1.5088493,-0.9638082
-0.8960335,0.943872,0.68793684,0.33834535,0.08182783,2.8964033,-1.6860784,-2.5652857,0.9453511,-0.6933521
0.6783129,0.32248726,-0.857222,-0.40303355,-0.25036097,3.2978916,-1.6836349,-1.840821,0.906154,-0.14303255
-0.60022855,1.7412815,0.7852231,0.39411288,-1.2912148,-0.032343917,-0.42557767,-0.35983318,2.493341,-2.6191053
-0.77037144,-1.3291991,4.785699,0.5336953,-2.548008,0.67073005,-0.8081908,-0.9924808,2.7585306,-2.2252765
-1.5676798,2.0794895,0.87347776,1.0920249,0.2970099,-0.014704548,-2.283323,-1.1192931,2.3414917,-1.6269028
-1.3075781,-0.46568325,2.9407659,0.63324267,-2.1043525,-0.20434564,-0.19493055,0.31337446,1.9754572,-1.5332572
5.428411,1.4621751,-1.0530984,-1.452221,-3.7987669,-0.433172,-1.4541469,-0.6042656,1.3720108,0.4955584
-2.5803356,2.0313256,1.6217992,0.9109575,0.37951237,1.8353306,-1.5255446,-2.0026002,0.19742326,-0.785395
1.0675471,5.0716405,-0.19523436,-0.45182973,-0.6198099,-0.7393192,-1.4855154,-2.7047853,1.5882032,-1.4358758
-0.5552393,1.6214037,1.7358546,0.2634843,-1.7173034,-0.14372635,-0.57730305,-1.1141847,2.671568,-2.113966
-3.2629585,-1.1632507,2.5975232,3.1506102,-1.4506851,2.8378067,-2.0463164,0.15925133,1.30558,-2.0024428
-0.7378351,0.2463149,1.6235092,0.8504925,-1.9735011,-0.013604246,-0.5123628,0.13174045,4.3716354,-3.9064598
0.84969527,-0.8242344,1.3649335,0.65412605,-3.0122242,1.1653644,-1.4710524,0.8225739,0.93541646,-0.49184522
-2.605114,-2.0271454,4.9900517,0.9976344,-2.6968427,1.6757342,-0.22439718,-0.029236786,1.3968546,-1.3935996
-3.178849,-2.0562687,4.388872,2.5028884,-1.6643542,0.6813977,-0.9783615,0.15721887,1.9016567,-1.6509194
-2.0806074,-0.9749029,3.1718616,1.5949209,-2.488268,0.75609845,-0.4337993,0.37305602,0.791762,-0.6233164
-1.0336279,-0.17002349,4.091666,0.47065604,-3.4596124,0.4699968,-0.64999115,0.27724075,1.8070168,-1.7338265
-1.4614778,-1.0603249,4.2302504,0.66869485,-2.2559168,0.17906576,0.12505603,-0.233949,2.0567594,-2.187212
-1.8042831,-0.9624978,4.0536804,1.1184452,-2.5789535,3.1785085,-1.4307408,-1.0012206,0.8196223,-1.2847226
-4.5408206,-0.66279453,2.524208,4.0986753,-1.2719395,0.5755752,-1.1644615,1.1692823,0.8121379,-1.4331671
-1.2110784,-1.2502832,3.1997101,1.1194136,-3.0045578,1.9435184,-0.6048568,0.034718163,1.9890659,-2.146397
2.1564298,-0.16317378,0.22862422,-0.34186816,-3.172457,1.9813938,-1.9723089,-0.024821557,1.2427251,0.06361189
-1.9420161,-1.7166553,1.8228824,0.50258946,-0.9855523,5.095956,-0.445191,-1.610583,-0.07878731,-0.6129791
1.0211425,-1.3235741,0.21802545,0.94719195,-2.1049979,3.5268648,-3.1825058,-0.86497444,1.1127567,0.6554296
-0.08761483,0.31137308,0.70197994,-0.35578972,-0.593565,5.07432,-2.2094612,-2.7688851,-0.3611397,0.31684744
-2.4156117,-1.0106307,5.1716204,1.6871552,-3.2717323,0.49595886,-0.69579387,0.3707466,2.327024,-2.578025
-5.445883,-2.5530455,2.2788928,7.013273,0.18720375,-0.6739683,-1.4112508,0.6656551,1.0975109,-1.0517136
-1.1239965,-1.2036613,3.5558228,0.2832551,-2.5398228,1.0635209,0.3150551,0.064241,2.01028,-2.3277152
-0.72441924,-1.3410655,3.8961082,-0.09024514,-2.9304023,0.7054646,-0.23157755,0.8843159,0.9087542,-0.98989904
-2.1272593,-1.8936747,4.979949,0.6755248,-3.0805507,0.8665282,0.61598873,1.2011158,0.71440643,-1.872279
-3.5571797,-1.8407056,4.133583,3.866919,-1.8924845,-0.27394503,-0.6761788,0.29045647,0.5763682,-0.5171641
-3.056507,-1.6756725,4.3894405,2.1092362,-2.2492387,0.63040996,-0.5400061,0.69170123,0.82030404,-1.0391425
4.9419665,0.5614868,-0.007920802,-2.1122668,-3.6981711,0.38967937,-0.96306866,-0.42936948,1.5357054,-0.19872412
-3.100093,-0.2864214,5.4026012,0.77545476,-2.4235208,-0.14820904,0.5494667,0.44991165,2.3259923,-3.463557
-2.5862138,-2.3670065,5.7414937,1.2793705,-3.1876907,2.5107398,-0.821301,-0.22290865,0.7688247,-1.0575931
-3.7467546,-0.6472848,1.9271355,3.2621834,-0.3961991,-0.63041526,-1.4464108,0.764129,2.0480456,-1.0567771
-6.3811417,-1.2965662,1.363936,7.1809726,1.4864253,-0.36201936,-2.3360112,0.956099,1.2160361,-1.6701624
-4.851794,-0.7927093,1.7272179,5.2749367,0.021848395,0.8791009,-2.5059662,0.09175599,1.26775,-1.046912
-4.104318,-0.89588803,-0.16217405,6.3599205,0.6366049,-0.7851333,-2.3696802,1.0739566,-0.71058106,1.0399888
-3.089695,-1.461034,0.40459847,5.38975,-0.8562138,-0.7286339,-1.9451007,2.0782018,0.3616749,-0.09648917
-5.257974,-1.7919407,1.255559,6.4663906,1.0047653,-0.8100402,-1.5006403,0.9694293,0.018627658,-0.25132284
-4.7275124,-0.73481685,1.586767,5.2316957,0.97044,0.09989727,-1.7827551,-0.4444993,1.1640613,-1.2610239
-3.8026936,-0.34254995,1.2564034,5.7593546,-0.16749819,-0.86873686,-2.1335158,0.02207286,0.0048890263,0.39074042
-5.0593953,-1.501648,1.0173652,6.058085,1.0291094,-0.14120558,-1.9456067,0.1085564,0.27200174,0.21499112
-4.830577,-1.8014421,1.5357776,6.1233997,0.22341935,-0.7021103,-1.6029267,1.0653591,0.32801104,-0.22079977
-4.8415194,-1.1067238,0.72529805,6.498263,0.6962161,-0.74286383,-2.4801927,1.2206014,-0.41197157,0.5498885
-4.3660903,-2.518271,1.5314181,5.83352,-0.23502268,-1.1629603,-1.7845547,2.225647,0.86683774,-0.30695066
-4.20924,-0.8790092,1.3973796,5.301102,-0.014003351,-0.07374822,-2.497876,0.7126444,0.3421557,-0.026958562
-4.0963416,1.2340256,2.0771232,4.767023,-0.43914795,-0.24186668,-2.638496,-0.86079794,2.668417,-2.357113
-5.1294837,-1.6367954,0.6090892,7.1311164,0.4161405,-0.58220375,-2.196765,1.2690511,1.7251709,-1.4975288
-0.12647235,1.0008751,-0.7424341,2.2082992,-0.6023114,-0.93223554,-1.7428242,0.10617591,4.1354656,-3.2436752
-5.459023,-2.1715808,2.9779572,6.0966606,0.1343122,-0.28060877,-2.2534282,0.7730376,0.8720846,-0.5330365
-5.4472637,-1.2247444,0.8752151,6.9201884,0.7686525,-0.56528646,-1.4456208,0.50475895,0.8896456,-1.1577774
-4.584791,-0.72219545,2.028945,5.6714115,-0.47660488,-0.25544858,-2.1282148,0.60399157,0.24479558,-0.3062069
-4.7781825,-1.4302342,1.7044029,6.0288973,0.31626016,0.2693891,-2.139996,-0.43742108,0.47349823,0.10106697
-4.0193267,-1.9415781,2.9112115,4.2858334,-0.41477323,1.2186645,-1.3089806,-0.26806474,1.6840127,-2.0372586
-5.110541,-0.041785073,1.1647542,6.619896,0.70909643,-0.06592267,-2.8579438,0.66196173,0.29911828,-1.2696693
-3.2945998,-1.0765784,2.1602705,2.9859998,-0.55706954,0.63973176,-1.0644425,-0.23397404,1.2069912,-0.6674885
-5.9577823,-1.0268198,2.0110743,6.8144307,0.25670683,0.29455346,-2.2219791,0.15954804,1.2206085,-1.421827
-5.490811,-0.66295797,1.3258636,8.125022,-0.33296007,-0.038222663,-3.2065248,0.8527258,0.06355645,-0.49104282
-5.5780215,-2.4367187,2.006075,5.918557,0.12709557,0.24203253,-1.3066359,1.2640359,0.46040928,-0.62515545
-2.458747,-0.6212264,2.8594525,2.2366562,-1.745872,0.92253906,-1.6189399,0.81396616,2.1339433,-2.448124
-3.088297,-1.3023554,1.6422994,4.021515,-1.5061504,0.9515637,-2.1479487,0.7480276,-0.6677762,1.397277
-1.5030088,-1.7492647,2.9640284,1.7658792,-2.204982,0.0055766776,-1.2914088,1.720636,2.1559422,-1.8337344
-6.4130154,-1.4688275,1.6126108,7.4479146,0.21900485,-0.07460826,-1.782527,1.0752649,0.61174965,-1.1264361
-2.4869566,-1.3682991,2.2913518,2.7838616,-1.1089765,0.98160946,-2.096772,0.66405886,3.0752347,-2.6488004
-3.5225155,-1.6343272,1.7440727,5.1311507,-0.7519883,-0.8435196,-1.7863685,1.6321597,2.3272693,-2.1989133
-3.2293692,-2.5365443,1.8219903,4.729358,-0.68424696,0.15957028,-2.3953488,1.3920078,1.2710667,-0.4500626
-4.099665,-0.6878862,0.9556237,4.736972,0.4644723,0.061756797,-0.7303294,0.05448086,0.0070792586,-0.70484376
-3.9264193,-0.8252976,1.0922332,5.364906,-0.064429,-0.7848688,-1.5850132,0.99223644,0.45594656,-0.6806666
-5.372874,-0.83442295,1.0849278,6.276119,0.5274046,-0.9021452,-1.356203,1.1372943,0.9096496,-1.3713952
-3.8693967,-0.7505976,2.2747307,3.40893,-0.19402792,-0.42184544,0.33906943,-0.57101446,1.3645221,-1.4794612
-4.085275,-0.6897176,1.371042,4.6511726,0.5446167,-0.079466276,-0.9151794,-0.08360105,0.8114959,-1.4353765
-3.907916,-1.5203257,2.7688417,4.4775205,-0.35434365,-0.1704781,-2.5626397,0.6752638,2.2130704,-1.5082039
2.9991693,1.062808,-1.5207977,-0.4148528,-1.553577,-1.0708243,-1.6230526,0.4772759,1.6571153,-0.05999086
-5.4368157,-2.4024706,1.7707448,6.3326645,0.2198836,-0.3398928,-0.10584948,0.7177231,0.63870156,-1.2953532
-2.7356706,-1.1848296,0.54570395,4.7852407,-0.9675225,-1.325389,-0.9916562,2.280704,0.6729075,-1.0353519
-5.1246047,-1.8901953,1.8110671,6.607148,-0.22391804,-0.58822626,-1.9020498,0.85151964,1.0258336,-0.4544762
-2.6635132,-1.7211337,2.799153,2.309015,-1.264063,1.3624243,-1.2715343,0.36247402,0.9423436,-0.7936435
-3.4692945,-1.67651,0.80990607,5.742552,-0.81154686,0.874671,-2.565594,0.88142896,0.7945637,-0.49978766
-5.008824,-1.6682861,1.4210443,6.115183,-0.227493,-0.06590492,-0.86172986,0.6910035,0.49268436,-0.7718204
-3.4602027,-1.889562,1.397726,4.647951,0.015202209,-0.7037517,-1.073029,0.8663158,0.8068498,-0.5420731
-3.7518566,-1.6443069,1.0214429,4.9711657,-0.3128137,-0.5112232,-0.8377968,1.460122,0.27910507,-0.62249035
-1.1584094,-1.1344818,1.9822865,2.2089512,-2.0789027,0.1593369,-1.2420362,0.9431521,2.0536528,-1.6205986
1.9814503,-0.60615814,0.6479207,0.7534478,-2.6839132,-0.21714625,-1.8368015,0.29051384,1.8928524,-0.18724316
-4.448884,-1.0118808,1.5272119,3.793452,2.244068,0.9947843,-2.317107,-1.2511678,0.45660174,0.08693459
-3.8283403,-0.20898548,0.59446263,2.860059,1.889251,0.013966955,-0.34716523,-0.3242305,1.0172777,-1.5834917
-2.9652352,-0.67085403,1.1300015,3.5607193,0.32618266,0.41216946,-1.9744786,-0.3946433,0.3791709,0.2487959
-4.9556565,-1.4568937,0.96522087,5.4315715,1.5546383,-0.24414396,-1.6699159,-0.13526887,-0.35544395,0.9137262
-3.4785948,-1.2573645,-0.2489587,4.108482,2.5397377,0.0977196,-1.1596874,-0.61521524,-0.06539892,0.13640603
-4.3735046,-0.17445631,0.4749055,2.1424603,4.2696037,-0.028686069,-0.9145123,-1.0735514,-0.12266277,-0.18083677
-2.2449615,-0.6104054,1.4215703,0.8207616,0.71727514,2.1247873,-1.0801086,-0.86033744,-1.0593866,0.8131605
-4.7922697,-1.8320744,1.2636826,4.6747165,1.5544511,1.1186726,-2.097178,-0.23496467,1.6193038,-1.1821705
-4.027968,-0.22236829,1.1057632,3.6223023,1.710027,-0.5087915,-2.0751543,0.09691555,1.5214051,-1.1298224
-3.1035614,0.015933327,-0.49658537,1.5390577,4.3053646,-0.39666027,-1.5732539,-0.51844174,-0.2659763,0.52333814
-2.267239,-0.2095285,-1.0575566,1.1321375,3.7244246,0.45076975,-1.5308666,-0.7564804,0.14170237,0.3843522
-5.300919,-0.10922036,-0.29672873,3.6791399,4.548869,0.026576787,-2.7904913,0.26774603,-0.26027703,0.3290973
-3.2619662,-0.8608449,0.49894685,1.1712072,3.6854174,0.16477895,-0.14207572,-0.83983964,-0.02754657,-0.36145654
-3.1280265,-1.4966449,0.72267956,4.2057967,0.91196465,-0.09114202,-2.070406,-0.16405976,0.36327338,0.8056866
-2.8952525,-2.0390196,0.9400702,2.5377843,1.5689106,0.8090232,-1.1765383,-0.59659284,0.5406586,0.3264188
-4.145784,-0.71103424,0.20765126,2.1388261,3.6816356,1.6090919,-2.043577,-1.0331391,-1.0559229,1.4134551
-4.240257,-0.77554226,1.0641854,3.7432284,1.9823545,-0.116324626,-0.85068256,-1.1027163,0.3072946,0.09154131
-4.08868,-0.75628465,0.60442746,1.8398283,4.125309,0.56723773,-1.1343905,-1.3144144,-0.3021778,0.5262396
-5.2285695,-1.5417886,0.37136024,2.9001577,5.0151043,1.2847986,-2.5042078,-0.43743086,0.03087689,0.17859915
-4.8030124,-0.5783768,-0.22437637,2.6453207,5.1618013,0.3578817,-1.2119963,-0.78781474,0.4828887,-0.9814552
-3.1308143,-0.5604622,-1.2408819,1.3149159,5.0236244,-0.058244906,-1.1748738,0.037295587,-0.6520337,0.45743343
-4.6940703,-1.1782811,0.035395235,2.7122362,4.9161506,0.15488467,-1.6619403,-0.70815533,0.5709626,-0.118417
-4.9639726,-0.57531434,0.7243768,2.957645,3.4198596,0.98985213,-1.5453101,-0.5817217,1.1775889,-1.5033364
-4.327514,-1.6003461,0.9881826,3.4234345,2.7615364,-0.2616406,-2.2028358,0.636779,1.4267584,-0.789503
-3.6202745,-0.16075233,-1.3146996,1.7498395,5.8463106,0.34803212,-1.8196762,-0.84304655,-0.10774605,-0.054131545
1.2440491,-0.027149003,0.23438111,-1.7652042,-0.5659236,4.090368,-1.2087333,-1.9652395,0.30651534,-0.30989048
-0.6167766,-0.6687198,0.94041425,0.052295938,-0.89121044,5.6873913,-1.323314,-2.380294,-0.31260014,-0.4438757
-2.3091993,-0.94817656,2.997275,0.04551865,-1.6143795,3.8703666,-0.796147,-0.22733521,1.8429627,-2.8172798
-1.8662399,-2.0240428,2.494589,0.8812418,-2.4915478,5.971407,-0.9853097,-0.789838,0.8851001,-2.0558841
-1.3566014,-1.5630391,1.3931913,0.04481612,-0.75810134,5.3212814,-0.88475144,-1.4133859,-0.19816284,-0.5514567
-1.8886667,-2.0928977,3.8771634,0.5180305,-2.1147473,3.6887043,-0.5458049,-0.6163093,1.2056208,-1.9940454
0.17638561,-1.2516657,1.5531416,-1.1282244,-1.76234,5.6833754,-0.8674669,-1.4595114,-0.15794633,-0.7748706
0.6316724,0.16843526,1.3293781,-0.2861743,-2.2060115,0.56770706,-1.308108,-0.090474956,5.319431,-4.077044
-1.554929,-1.0920691,1.7362101,-0.118382886,-1.4929163,6.331353,-1.362463,-1.7397362,0.833155,-1.4892396
-1.3240743,-1.2906063,2.441534,0.023074731,-2.5849686,5.1491814,-0.9179561,-1.216551,0.3301136,-0.60181487
1.4933538,-0.057111185,0.56364095,-1.4738431,-1.9725345,5.448333,-0.911597,-2.9445,0.015832856,-0.1489549
-1.3682693,-1.5586774,2.7918584,0.24236967,-2.3505497,3.9405458,-0.6241519,-0.6014328,1.7663758,-2.2349687
-2.3497286,-1.4848442,2.7833762,0.17755733,-2.2860932,5.601396,-0.4157089,-1.1657163,0.53901094,-1.3751202
-2.07746,-1.1040007,4.3014717,0.80717194,-3.0460544,2.112867,-0.7409613,0.40395105,1.7241294,-2.3340485
-1.2328057,-2.2245297,1.5821536,-0.86856323,-1.0787799,7.3196588,-0.80900717,-2.2251787,-0.21278672,-0.25189903
-0.89990723,-1.7443018,1.4473372,0.68514806,-1.4484333,4.8306475,-2.3563128,-0.86524576,2.292179,-1.9170755
-1.7534633,-0.56726843,2.1390457,0.51231945,-1.6627532,4.791692,-0.45852274,-1.9068445,1.4186077,-2.4847672
-2.4884229,-1.2771232,3.8738916,1.7978157,-3.190754,3.4230819,-1.023321,-0.07747074,1.8755852,-2.8497887
-1.698133,-1.1800488,2.9135008,0.47861987,-1.412111,2.8955057,-0.7392315,-1.2114385,2.5070424,-2.4813287
-1.2009542,-1.2344162,3.9678278,-0.020482495,-3.274741,1.1181959,0.76032794,0.22405407,2.5019314,-2.7979894
-1.2132035,-0.03850801,1.8396149,0.5441422,-1.7729261,-0.030867912,0.75484264,0.7059712,3.8927174,-4.6553025
-2.0814915,-0.67002946,1.286531,3.699034,-2.0375247,-0.1698277,-1.179403,1.3765507,0.8547737,-1.0110782
1.5429821,-0.63548964,0.25065488,0.26047564,-3.5357873,1.2572366,-1.2984409,1.7875949,1.9942658,-1.6484383
-0.9317162,-0.6381821,1.7038677,0.57582253,-2.0818162,4.506929,-1.486339,-0.7165676,-0.25058496,-0.64489186
-0.07650044,-0.5978049,0.8302198,0.32987034,-1.7403623,3.2517917,-2.169835,-0.7333123,-0.19925334,1.1293437
1.6179711,-2.2734873,-0.6985412,-0.75739825,-0.8747463,0.9519091,-1.1750196,1.6064452,-1.3234439,2.8594573
-0.24687779,-2.2480242,0.3299278,-1.4206047,-0.46316934,4.397922,0.19860086,-0.031865887,-0.2789423,-0.26277584
0.23177609,-3.04276,1.0092094,0.6996654,-1.030557,2.6567147,-3.2220259,0.04660148,0.032181635,2.6471183
0.060972057,-1.3178277,0.24072516,-0.41627032,-0.46192294,4.3319373,-1.0998847,-2.0523703,-0.23965418,0.94787794
0.9767182,-1.4217888,0.23764208,-1.2059954,-1.1935819,3.8903084,-0.794942,-0.81575733,-0.108310655,0.38797894
-0.09500777,-0.85630465,0.824223,-0.65915704,-1.040399,3.7326038,-0.88256603,-0.6984454,-0.26096487,-0.06444431
-0.28208774,-0.64481705,0.7993876,-0.48198283,-1.2595052,3.8298762,-0.84230626,-1.289784,-0.29884595,0.47545698
0.350324,-0.95343846,0.58744246,-1.0293976,-0.91812384,5.6679735,-2.0565073,-1.704358,-0.10265148,0.122784995
2.894722,1.0437964,0.1573484,-2.00165,-2.9396887,0.7492276,0.112364374,-0.38066843,1.8716223,-1.5123706
2.0536451,-0.8052665,-0.76916474,-1.3764737,-1.7209715,3.4002843,-1.1927423,-0.48585868,-0.43881154,1.3077097
5.5867543,-0.57447535,-2.49091,-2.2593005,-2.8902698,-0.9797141,-0.114869125,1.9696428,0.61449796,0.9967462
-0.30110484,-1.7180002,0.17726165,0.42135513,-0.46618712,3.2128773,-1.7562494,-0.8545873,-1.3689575,2.631473
-1.4735041,-2.0037239,0.8181177,0.15815802,-0.2987942,6.5512085,-2.116689,-1.6716901,-0.6205627,0.6627919
0.60071033,-0.95745397,0.6852607,-1.5965497,-0.34126186,5.1421766,-0.6125391,-2.6913168,0.37679917,-0.6184827
0.14737195,-1.4382777,0.9619549,-0.991559,-1.5245546,5.221646,-1.5704229,-1.3531203,-0.05598806,0.58388674
1.6896574,-0.368489,0.25023636,-1.8153212,-3.85881,0.6848019,1.9701185,2.418959,1.3291221,-2.3788648
1.170722,-0.9226989,0.08593424,-0.9182145,-1.6704384,4.80375,-0.741894,-1.9630437,0.044018164,0.07232208
-0.21183315,-0.317805,0.9263702,-0.7050704,-0.4605791,4.1791763,-2.0137634,-1.0926334,-0.63930726,0.32749635
0.0035552457,-1.5793214,1.2953286,-0.44050628,-1.4386523,5.5946198,-1.2991891,-1.8749062,0.35907602,-0.622386
-0.2548644,-2.195627,1.176069,-0.6991744,-1.3413492,5.605284,-1.2485814,-1.4760091,-0.3443752,0.76626754
-0.3669055,-1.1846695,1.0049808,-0.4496727,-1.1406313,5.4988174,-1.2314718,-1.6370889,0.25499147,-0.7651439
0.90262365,-1.3722022,-0.9015292,-0.70608103,-0.6592803,4.1517744,-2.0276113,-0.47923952,-0.40457743,1.468534
-0.9734572,-1.6871588,0.9675221,0.120273545,-0.9946227,5.8014984,-1.8029168,-1.3826797,-0.14271425,0.05811145
