2.0243824,1.95492,1.8401793,-3.32807,-3.269809,0.77329016,-0.84685045,-2.0198977,3.5818477,-0.47852072
5.4853926,1.9049857,-1.7948248,-2.9541852,-2.1364236,-2.4906318,0.6491287,-0.5244055,-1.1270082,3.2419302
2.2103777,-0.2206224,1.4745957,-2.148585,-1.6767799,0.28318852,-1.2451658,-1.0349611,1.1770176,1.1886361
1.8587424,0.6236117,1.0854152,-1.0560446,-2.1732247,-0.028641015,-0.6888523,-0.67662096,-0.028129995,1.16656
3.3750875,-0.9125009,-0.36334208,-2.2097363,-0.060689196,-1.6828847,1.3094187,0.34036288,0.4537199,0.047289193
1.4865222,-1.1146932,2.4661434,-1.5662116,-3.9266758,0.4552557,-0.35749468,0.28233728,1.2554296,1.1873647
3.599738,0.0722135,-1.0491171,-1.7289952,-1.8604147,-0.6829083,0.2764834,0.7856122,-1.3008665,2.1972408
5.78457,1.9144866,-0.9701675,-2.2419646,-2.2949924,-1.8496287,-0.15508375,-0.85192764,-0.8327162,1.612414
4.928915,-0.042572677,-1.9035975,-1.3915098,-2.257781,-0.9055079,0.08852341,0.82772636,-1.8167145,2.3850758
0.7361567,0.91685635,1.6542819,-0.80855525,-2.0079575,0.17055869,-0.45816943,-1.1346239,1.5951062,-0.5700611
1.629547,2.9908526,1.1314572,-3.0377827,-1.4447978,-0.28374,0.087551914,-2.452574,1.2985467,0.10712807
3.7586277,2.976332,-2.8964558,-1.6567107,0.48864764,-1.3370075,-0.884615,-1.0566919,-2.2540224,2.999026
2.2125936,2.3707411,0.6578793,-2.142731,-2.7364933,-2.719522,1.4260863,-0.7181003,1.9505438,0.016159922
3.7407725,0.2517922,1.142996,-3.361288,-4.110617,1.143331,-0.28090614,0.3369502,0.011310101,1.4538586
5.4850483,-0.15736035,-1.257697,-2.1614935,-1.5142413,-1.6186595,0.42314383,0.33937255,-1.6395814,2.1378207
3.4862266,1.0085833,-1.0219505,-2.057578,-1.3658873,-0.15756628,-0.19988465,0.05850716,0.8426277,-0.31230977
4.492997,0.6212508,0.23385848,-2.8842359,-3.1369765,0.040502846,0.2847725,-0.4789144,0.1687484,0.8530972
4.683408,2.0018523,-0.70633215,-2.077076,-3.5265574,-1.4895089,0.28651184,0.048385352,-1.3311472,2.452887
5.418092,-1.6012061,0.3617461,-1.8450869,-3.9155755,-1.7430768,1.2882318,1.3828526,-1.1951891,1.9811354
3.1627944,1.7740977,0.923703,-1.3493098,-2.8539395,-1.1150532,-0.43329003,-1.3598347,0.67830753,0.71742094
1.1560298,1.9293039,0.6747633,-1.0701708,-1.9964885,-0.73717666,0.35156527,-0.929831,2.4497733,-1.494304
4.011011,1.440784,-0.40405434,-2.175327,-3.0557718,-1.2726696,0.6622369,-0.49840784,-0.2974786,1.8071016
1.9842371,-0.059191287,0.77643245,-1.2928494,-2.094664,1.0276517,-1.267305,0.05115676,0.5303137,0.54800117
1.6756638,3.0806572,0.93058974,-1.548432,-1.0515431,-1.3669343,-0.8121325,-2.2297282,0.6015779,0.7052336
2.9935002,0.0737066,0.8695588,-1.7753297,-2.4239604,0.7025726,-0.8671993,-1.0793186,-0.2896612,1.8090283
-1.6671869,-0.12688693,-2.358745,1.7519364,4.1516128,-1.7315342,-1.398156,-0.46469682,-0.72999746,2.5696816
-1.0990704,1.0763979,-2.5181487,1.3969615,3.5413072,-0.61837494,-0.49663416,-1.234947,-1.39068,1.334747
-1.7594689,0.64895725,-0.96646625,1.3709013,3.9489226,-0.9041877,-1.1491686,-0.9416957,-0.08536123,-0.06793895
-0.7483861,2.7268038,-3.3230894,0.8356417,4.9309583,-0.6450709,-1.7163131,-2.511807,-0.40067208,0.7564639
-0.13926761,0.9218016,-2.2178597,0.61478734,4.4202714,-0.9812523,-0.8555601,-1.1615127,-1.3009839,0.56618375
-1.5834762,1.1597059,-2.2667315,1.7290937,4.1910434,-2.9568882,0.54137915,-0.6069099,-1.2196003,1.010962
-1.3165058,0.21692726,-2.3876054,1.9834396,4.9232087,-2.0690598,-0.2972764,-0.71848977,-0.1613699,-0.12911767
-0.84782434,1.294539,-1.9619902,1.704652,3.7098114,-1.1473958,-1.0537959,-1.8337264,-0.41608506,0.45000988
-2.1737533,1.4081056,-1.2233526,2.3095403,3.7911358,-1.5581995,-0.57798517,-2.0064583,0.06996013,-0.14697775
-0.54300964,2.545305,-1.4725871,-1.4623152,3.027849,-2.2131414,1.0706385,-2.2002475,1.2066777,0.08583944
-0.8639778,1.6042938,-1.5268596,1.302423,4.2976613,-0.32551995,-2.351259,-2.659607,-0.9076287,1.3079866
-0.98162746,-0.14004993,-1.235722,0.5005074,3.7451146,-1.1997019,-0.8909708,-1.034904,0.16725121,1.0249481
-1.1382431,1.0125613,-2.3340776,1.2485876,4.234057,-1.1483047,-0.47817436,-0.8040055,-0.85645,0.20303792
-1.0977192,1.3470144,-1.5252447,1.1216232,3.8209443,-0.67658055,-1.2149497,-2.1773386,-0.07523133,0.4223211
-1.5172803,1.576575,-1.4298527,1.7260633,4.520701,-1.225306,-0.2650839,-1.9445362,-0.50399274,-1.1736352
-1.802119,0.42991048,-2.163114,2.203615,4.665604,-0.48022768,-2.0513108,-1.1217018,-2.2837408,2.6433198
-2.162672,0.49445426,-1.314668,0.4167559,4.9236608,0.33421868,-1.8024894,-1.9980855,-0.0745281,1.078831
-1.078937,1.3370893,-1.4918393,0.84694284,3.929954,-1.1711138,-0.9698496,-1.1533374,0.0072663277,-0.13204786
-1.2862304,0.07223523,-2.3561208,1.8895062,5.032108,-1.542109,-1.3036165,-0.6557689,-0.0089686215,0.30271766
-1.9577605,1.2416344,-2.784558,0.42056996,4.1625304,0.29039663,-1.2221942,-1.7239681,0.025980428,1.5089883
-1.5412809,0.970054,-0.72690314,0.25274467,1.909757,-0.44593462,-1.2913593,-1.4435432,-0.6252774,2.7822483
-1.7166051,1.3565552,-2.5942328,1.8067092,4.569318,-3.2699878,0.62898123,-1.5597137,-0.7797149,1.4634268
-1.2999414,1.872329,-2.8191378,1.5989702,3.746729,-1.6998444,-1.2220715,-1.6587915,-0.9895485,2.4529824
-1.3519232,2.5851538,-2.1374874,0.22991155,3.2539468,-0.7327932,-0.9668348,-1.3934839,-0.8916547,1.5676959
-2.7524805,2.2539194,-3.108586,2.6871974,5.287556,-0.034571975,-2.8168392,-2.121157,-0.5034253,1.0095711
-1.0349094,4.5016437,-2.641316,-0.5025793,1.5039626,0.6370927,-0.570734,-1.9606087,-0.5575048,0.80276287
-1.0812968,6.1021314,0.13349892,-1.2804153,-0.92720765,-0.89402795,-0.016046472,-2.9164422,1.3099395,-0.3833358
-1.2596353,7.3688607,0.366938,-1.535574,-0.8993457,-1.6887369,1.5827001,-3.7217681,1.7728088,-2.0010707
0.112948984,5.796497,-1.0082518,-0.6571227,-2.0330768,-0.4162775,-0.63975024,-1.9953594,1.5996331,-0.43815896
0.17959191,5.891701,-2.0741265,-2.0254648,0.98910713,0.9111608,-0.6520236,-3.5403843,0.25613385,0.1776076
-1.8097432,7.4488697,-1.0617695,-1.1180104,0.42557794,-3.867321,2.9580226,-3.158556,1.2000825,-1.0493919
-2.1550455,4.950064,-1.0165397,0.48536664,0.46884805,-1.5849115,0.87306106,-1.8701217,1.6699775,-1.7635971
-0.041658506,6.13319,-2.5098522,-2.1820867,0.04664357,-1.4451408,1.1195352,-3.397299,0.9820135,1.37315
-2.1639023,6.8748016,-2.289819,-1.5039712,1.9956082,-0.46774396,-0.13396767,-4.6124544,0.94950396,1.4079629
-1.436377,4.0779557,0.1265225,-1.5542498,0.78381747,-0.6531316,0.54767835,-2.110504,1.0086883,-0.5176827
0.008802548,6.0354924,-1.8225212,-1.7368511,1.2439145,-1.7425442,1.0706081,-2.9784205,-0.68122035,0.75229
0.13377322,8.635248,-2.0418377,-3.0570362,-0.08523391,-0.9529946,-0.1731374,-4.491084,2.0153046,0.29118326
-0.44726408,5.7657776,-2.6420145,-1.6925656,0.723526,0.6878936,-1.3345981,-3.4364216,2.067059,0.3656317
0.82463825,5.928432,-0.8311982,-2.9431486,-0.22577949,-1.0411984,-0.82888126,-3.8098645,1.1565322,1.848873
-2.8970144,5.557017,0.3697728,-0.9464678,0.18670417,-2.5919194,1.3852465,-2.6948445,3.6044009,-1.8481983
-0.65787315,4.5801396,0.6890804,-2.1486933,-0.4865486,-1.6590071,-0.035866298,-3.7144105,1.3649584,2.137622
-1.2941891,4.595032,-0.0015713386,-2.6860766,-0.15866803,-0.49482444,0.8688124,-3.405376,3.2165866,-0.52182066
-1.1831611,7.606403,-1.3922225,-0.14623483,-0.18575667,-1.0242248,-1.6366028,-3.6293547,-0.24005492,1.9049855
-1.5303794,5.6015944,-0.8875242,-0.90640694,-0.8920012,-2.551173,1.888855,-1.8526905,2.8461487,-1.514011
-0.75907314,6.1816564,-0.009954851,-1.7811761,-0.686439,-0.8043535,0.6664281,-2.9179773,0.7582143,-0.39348134
-0.7050973,7.720992,-1.9346502,-1.7420915,0.50355345,-1.7036119,-0.38282773,-2.2743142,0.077125475,0.6750684
-0.96888816,7.7723403,-1.6136721,-1.4751008,-0.6877845,0.12688056,-0.8465144,-3.4104607,0.020018443,1.1673074
4.0755925,-0.49682927,-0.3391442,-1.7935804,-2.277344,-1.5705719,0.937476,1.2521187,-0.61347485,1.0618006
3.542362,0.17559928,1.1992558,-2.3530076,-2.223899,0.59023297,-0.816956,-1.4064995,0.55274075,0.7998862
0.5601868,2.4125667,1.2082713,-1.6483914,-2.6385322,-0.26543495,-0.03422998,-0.6284213,2.4892101,-1.3004578
-2.1240573,-1.9328945,3.87739,3.0022392,-1.507583,-2.348034,0.039614297,0.3718842,0.5301363,0.13816714
-1.989829,0.15901345,5.4943485,-2.1218405,-2.5996377,-0.1212903,-0.5361762,-1.0986958,5.244568,-2.231802
-0.8013454,0.07152283,3.6973512,-2.0756266,-2.4846082,-0.28725865,2.1023226,-0.29251435,3.2047918,-2.8965456
-0.9015008,-0.22737807,5.231234,-1.2452495,-2.3609738,-0.36904702,0.57724047,-2.3295362,4.009645,-2.430918
-1.4424361,0.38360405,1.7121269,-0.89989984,-0.9917088,0.22801873,-0.44268766,-0.35481685,3.1748261,-1.2163047
-1.1638647,0.17977923,2.334524,-1.5426887,-1.8693563,0.63362646,0.22207081,-0.504267,2.9095595,-1.2693597
-1.926834,-0.22406363,2.0778325,0.50156736,-1.2990079,0.53486896,0.18291515,-0.54256976,2.0914712,-1.4554266
-1.1954381,1.3108888,4.3162355,-1.7827511,-3.6391103,-0.87538743,1.0116775,-0.7942811,4.6500764,-2.870771
-1.5519999,1.1370518,5.129077,-1.5109082,-1.969443,-0.32670465,0.8394434,-2.415662,4.6424074,-3.8973072
-2.216091,0.519972,5.958192,-1.5585761,-2.557816,-0.7642431,-1.0971032,-3.1633332,5.481226,-0.74639463
-1.1984979,-0.23587376,5.1032043,-0.6504892,-2.9675655,-0.1787189,-0.6180642,-1.4249446,3.0508301,-0.86765647
-1.2876495,0.49081284,5.1092553,-1.2438959,-4.0894985,0.74422294,0.020961188,-0.38783896,3.5585408,-2.689945
-0.07611543,1.0183754,1.540187,-1.0413109,-1.9354972,0.57704055,-0.19017896,-1.2121108,2.1118155,-0.91089857
-2.8921874,0.8499698,4.204625,-0.14510383,-2.0469909,-0.61027515,0.07251162,-2.3022,5.097025,-2.1753156
-1.9712049,1.4457495,3.498832,-1.4972036,-1.4824685,1.2910423,-0.88806254,-3.0920095,5.8276114,-3.119374
0.52575856,0.6481098,2.1142187,-2.0474603,-1.6779929,1.0980096,-0.8630502,-2.1899152,2.9886532,-0.49165067
-1.7435985,1.8777184,1.7178656,-0.49990976,-1.0721412,0.9709065,-0.5130302,-2.1913164,2.921862,-1.5747015
-2.9152887,-1.665473,5.021482,1.576078,-2.7308717,0.4911467,-0.40735063,0.9216012,3.4046264,-3.5372407
0.6726604,1.468301,0.6056787,-1.8165766,-1.3996729,0.047333986,-0.005793549,-1.2968099,3.5668688,-1.712246
0.590895,-0.6404008,2.730156,-2.2563932,-3.2223597,0.46396858,-0.85671735,-0.26117346,3.251525,0.27409858
-0.16116928,3.2132866,1.6805537,-1.6131859,0.036276296,-0.42807993,0.05320155,-2.70068,1.801824,-1.7118846
-1.0439466,-0.4462603,3.6505811,0.8365199,-1.7286946,-0.23462573,-0.1256676,-1.0392985,2.6349044,-2.5933368
-1.0411495,1.3236003,0.66045266,-0.3147276,-0.706261,0.0005246103,-0.70319045,-1.344223,2.7753818,-0.5429635
-0.905589,4.679334,1.9319446,-0.88437,-1.1457282,-1.7483699,-0.0643907,-3.6871836,3.111477,-1.3422161
-1.4396473,0.32783908,3.391298,-1.1218154,-2.0663915,0.99369967,-0.8037106,-1.0957804,4.867613,-2.8549259
1.5890328,-3.300676,-1.476457,1.2442927,-1.4742893,-1.6059828,3.526318,5.480957,-2.167287,-1.3676785
1.8010674,-1.6102328,0.21599226,0.41977894,-1.1678994,-2.6130438,2.6110864,2.0128622,0.09982915,-1.3903674
1.8027138,-2.8777187,2.56709,-1.8565687,-3.1958437,-2.7178452,4.382807,3.3621404,0.65838706,-1.8711823
0.38672346,-2.1855443,1.7757515,0.15066935,-1.9722203,-2.9606328,4.4277515,3.2076373,-0.93083715,-1.6511889
0.8512296,-1.230533,0.9194324,-0.40582454,-0.5848137,-2.559569,2.930029,1.0842534,-0.7219255,-0.22127458
2.4753985,-2.1103778,-0.38338986,-0.52739197,-1.5358189,-2.8326182,1.7801111,3.5460134,-0.50014335,0.31869584
-0.099393055,-1.571696,0.42324448,0.040609613,-2.4926138,-1.9148664,4.4170394,3.5741215,0.07189424,-2.0674198
2.3962338,-2.950209,0.83657295,-1.6355964,-2.3988357,-1.0539484,3.8838785,4.4747434,-0.009447828,-3.137298
-0.77969176,-0.7533118,2.2620718,0.8272976,-2.3636718,-3.1922944,4.62112,1.6794347,1.3843277,-3.5020144
0.6868683,-0.93424124,1.8294339,-0.35103434,-2.4117897,-3.1170564,2.0419545,1.9381893,1.3682718,-0.7333579
-1.0629008,-2.3639596,1.9668285,0.19681548,-2.066237,0.12827529,1.0620033,2.0702126,0.101299,0.23367375
-1.3098813,-0.57226264,3.6988304,0.3440706,-2.0189962,-2.65776,2.5845566,1.1412423,2.4972413,-3.5751116
-0.30240023,-0.4868135,4.1729345,-0.9926321,-2.079548,-2.1954088,2.279855,0.234867,1.4636757,-2.0014226
3.077347,-2.5338414,-0.24588491,-0.20558532,-1.8596281,-2.868503,4.4719586,3.8882396,-2.2939467,-0.98584473
1.9905035,-1.0524294,0.99620825,-0.15229268,-3.3927166,-2.2039723,2.3360567,2.3909698,-0.88811225,0.26665074
1.4412756,-1.4969738,2.041271,-0.9240737,-2.0487912,0.34069508,0.048304163,0.4855726,1.8913449,-1.5814217
1.7316445,-1.9910972,0.96917504,-0.12167388,-1.539514,-2.2199848,1.2410135,2.9778066,-0.21228303,-0.5582683
1.2856354,-1.3793547,2.962314,-1.4196187,-3.276283,-0.17544958,0.07043981,0.504151,1.4209912,0.13825515
1.5204421,-1.5826595,1.4783638,-0.4531982,-1.8773993,-3.177267,2.9777536,2.57889,0.12192796,-1.1411287
0.99976337,-0.39802957,0.64431053,-0.7797145,-1.6545333,-3.350765,4.623789,1.1400937,-0.49173337,-0.7464334
1.9094087,-0.6953923,1.886628,-0.86132735,-2.5181942,-0.39417395,2.4100468,0.40944788,0.2159277,-2.2580354
-0.05931823,-0.1801477,3.7009284,-1.3325461,-2.493919,0.30940002,0.60473084,-1.1002398,3.1818104,-2.5464542
-0.30448586,-0.70085585,2.7480478,0.3083074,-1.7563295,-3.541779,2.9984925,0.36627766,1.6472796,-1.6415671
1.2707561,-0.5783409,0.7164778,-1.0930231,-0.80900556,-3.332281,3.3928785,0.9930184,0.5029056,-0.8055407
1.2331069,-1.4882205,1.8177506,1.0466508,-1.3272223,-3.6300502,3.7433796,2.361768,-0.20231839,-3.2741773
-0.033570573,-2.113121,4.6511207,-1.0301555,-4.4527035,-0.0126443505,0.5545364,1.1237217,1.7764502,-0.21285033
1.966755,-4.478116,-0.27665624,0.43052286,-1.4001769,-4.164115,4.4458814,6.830167,-1.4608396,-1.3973337
-1.6222333,-3.672693,5.661855,0.22985892,-1.9776448,0.46635717,-0.82854027,0.2694708,2.1610012,-0.6453093
-0.3768823,-1.7799482,2.8680027,-0.5472116,-1.4370421,0.54564726,0.0017314479,0.37651983,2.3850849,-1.7999985
-1.0467273,-1.118041,4.7727027,-1.4216093,-2.2498174,0.9737704,-1.979737,-1.9419807,4.984468,-0.9462116
0.4214747,-2.1673784,4.5443373,-0.26774722,-3.8826485,-1.4326134,0.8913335,2.0330808,0.68211,-0.59351134
0.21370758,-1.5609465,4.320559,-0.6867223,-3.5869164,-1.4170318,1.5962197,1.1649908,2.5180593,-2.3570962
-1.1447392,-2.047651,4.229729,-1.3348883,-2.899269,0.6999686,-0.42044288,0.49939248,3.4790967,-0.86994076
-1.7613446,-0.42978114,3.3345735,0.09870933,-2.49161,1.3878607,-2.2764711,-0.3098538,3.998376,-1.3165346
-1.5721673,-0.958098,4.3261876,0.39517552,-3.2904468,-0.14735034,-0.21856281,-0.2817166,1.8604909,-0.12133029
-1.6932138,-2.608496,5.2346473,1.2840279,-2.7276196,-0.7409173,1.5028279,0.91928816,1.32175,-2.521239
0.1381199,-2.006417,4.1062627,-0.6054454,-2.9246283,-0.69486105,1.3055493,1.3808255,0.9564032,-1.6172966
-1.2640196,-2.094075,3.642541,1.4983065,-2.8836224,-0.23042682,-0.32089612,1.1042554,2.115724,-1.5155824
-1.0935601,-2.1468313,6.0675907,-0.91758317,-3.278565,-0.01654303,1.3973206,0.009632826,3.0985842,-3.0221379
-1.6430498,-2.8166742,7.3390803,-1.1992322,-3.9588246,-1.2843555,2.2866,0.08593875,4.224978,-3.009644
-0.8175608,0.6097407,0.07996851,-0.8802068,-1.2824131,2.8276753,-1.6947244,-0.027827948,1.2199261,0.13360599
-1.4142174,1.1311092,3.4613254,-0.08794473,-2.4074283,-0.7349216,0.4654627,-1.0606949,3.3221364,-2.6998472
-1.3872435,-2.4686322,5.638908,0.13795383,-3.0476708,-0.055033654,-0.15770528,-0.0064728856,4.300252,-2.7883844
-0.5077717,-1.4525454,3.475661,0.8860199,-3.6535838,-0.7171869,0.812935,0.43786874,1.2151133,-0.48782632
0.7513474,-1.7501719,3.6153955,0.40567505,-3.6735983,-1.95133,1.4282882,1.930479,0.07639271,-0.69588494
-2.3079574,-2.0389478,6.6804557,-0.0313067,-4.5229936,-0.16294572,1.1353517,-0.022208586,4.171712,-2.970484
-2.4329221,-1.6883018,5.4042153,-0.6629786,-2.7241213,-0.48923752,0.1704041,-0.8318542,3.6955757,-0.48611268
-2.0626109,1.0389037,6.0359797,0.74865896,-3.471953,-0.9897436,1.3509424,-3.0307848,4.090291,-3.8533514
-2.729697,-1.6025405,6.09937,-0.67043674,-2.7810133,-0.25523552,0.46516594,-0.55389214,3.2055752,-1.0297438
-1.4725789,-0.78399223,4.107573,0.012984857,-3.626851,-1.2788703,2.2641628,0.16840902,2.9028776,-2.0843863
4.1072,-0.9879153,-3.0838435,-1.3119624,-0.37335604,-1.4449486,-0.33763602,0.9647974,-3.2623758,5.7321677
2.954037,0.46154195,-1.3575948,-0.76369494,-1.3000762,-1.4053507,0.8539917,0.70612895,-1.6524639,1.7077082
1.262846,0.43059623,-0.9611397,-0.50258905,-0.74369425,-1.4345233,-0.31024343,-0.54933953,-1.0722831,3.8734734
2.9942892,-3.467006,1.3838695,-0.90435094,-2.1152341,-2.4927511,1.3134062,2.3579907,-0.047960296,1.0929765
2.8342512,0.5292001,-1.7672616,-0.8021073,-1.9996871,-2.648862,0.539526,1.3894888,-1.8791469,4.141811
3.3360682,0.097645134,-0.3499436,-2.6458616,-1.2926934,-0.27833,-0.38012537,-1.9940169,-2.171964,5.5829573
3.895093,-2.136558,-1.204267,-0.27646154,-1.4479569,-0.3202822,-0.67567235,0.93129313,-3.6835277,4.925093
1.5656676,0.2522781,0.6110497,-1.7781852,-1.5706283,-1.2474685,0.7409601,-0.9476985,-0.57426345,3.0934212
5.213705,0.2972991,-0.8340569,-1.9601828,-3.2961085,-3.3416297,1.508234,1.1456859,-1.8567617,3.4175448
3.847147,-0.24040893,-0.6504398,-2.212893,-1.1543504,-1.086422,-0.88336396,-1.058133,-1.7306358,5.1663322
0.17888214,-0.25405395,-1.5490555,0.6963502,1.1834797,-2.238253,-0.39411804,-0.59697,-1.4761205,4.6095014
1.9677489,1.111392,-0.83397895,-1.2969068,-0.16398488,-0.31775543,-0.42178702,-1.2133532,-2.587569,3.6901007
2.4814556,-1.7203472,-0.75421447,-1.0178303,-1.0012767,-2.2982674,0.6241296,0.4715586,-1.9084088,5.077204
2.870461,-0.36553288,-1.9217652,-0.15572976,-0.7484792,-2.0902147,0.016668193,1.203886,-2.9654284,4.230011
4.095896,-2.0944412,-1.3512619,-0.7477851,-2.7616699,-1.1445886,0.9021871,2.8560624,-3.0013595,3.4497802
2.7446048,-0.9733062,2.2593906,-2.6456432,-2.9470396,-0.46105048,0.2906051,0.4388413,0.6362956,0.7047087
3.6113284,-0.13636285,0.03164083,-1.322681,-2.3468337,-1.5166092,0.18385562,0.45562288,-1.1845247,2.6921954
1.8851508,-0.23954211,-1.6470135,-0.40510887,-0.4999228,-2.8090477,0.609533,1.3389366,-2.243241,4.2867613
5.785061,-0.1239167,-1.8790911,-1.6255672,-1.6852295,-0.81638265,-1.1166861,0.92761695,-1.8276151,2.6920319
5.030898,-1.3147826,-1.3784634,-1.9105525,-1.926628,-1.6420856,0.47868592,0.9849298,-2.8494496,4.7190695
4.9096637,-1.9293742,-2.817818,-2.3399763,0.09892471,-0.1269041,-1.1443942,0.29683772,-3.4935076,6.612364
2.7021616,0.13578725,-2.0950289,-0.8947236,0.4013459,-1.6252759,0.57847816,0.3837377,-2.756083,3.3566587
-0.000611946,-2.542277,0.64235026,1.5265522,-0.23819213,-1.2700696,-1.0074006,1.5173244,-1.3201793,2.7264311
3.5300376,1.179934,0.43895763,-3.0386882,-1.2360644,-0.35943887,0.022485279,-1.7044475,-0.32023084,1.5495034
2.1029885,-2.9538834,-1.2980756,1.1260598,-1.1435305,-1.8919606,0.7875227,4.7003326,-2.41191,1.5397999
-2.540869,-0.18098253,2.3865178,2.8696244,-1.0289236,-1.6360294,-0.10596741,8.21054e-05,1.2086438,-0.8361473
0.24702537,-1.09512,0.7087166,0.6398352,-1.4369341,0.15751866,-1.203586,2.873841,-1.0245147,0.55417895
-2.9355617,-2.6513457,2.2370396,5.0517583,-2.4537673,-2.039365,0.5047849,2.311192,-0.11955269,0.2630088
-1.3625699,2.2749345,2.4900274,-1.5836997,-2.0715566,-0.6074252,-0.63351136,-2.4693544,3.86018,0.08326903
-2.3992655,-0.13444623,0.48434505,4.6741195,-1.5058718,-2.9467494,0.059911095,1.668395,-1.0967062,1.333923
-2.023841,1.3777122,-0.37152368,3.1633406,0.3266707,-0.42475542,-1.9728761,-1.2940015,-0.99175626,2.301827
-1.5023279,1.4890783,1.585581,3.4367547,-1.6979969,-2.4393022,0.37008515,-0.4147455,0.033864662,-0.89342356
-3.0928564,-2.1982305,2.075112,5.0793314,-0.4276532,-2.4730701,0.6626409,0.69631743,-0.18777867,-0.26052126
-4.4930663,1.3246891,-1.0512553,5.8412056,2.5747068,-3.9579892,1.2777262,0.7437357,-1.7297665,-0.3840699
-2.4329627,-2.483531,0.55880785,6.033645,2.0535297,-3.2750623,0.15875372,2.174824,-3.1400886,0.5669507
-4.0646086,0.75531995,-0.34554318,5.6409183,-0.36299163,-3.418414,0.067733966,1.4325397,-0.46945894,1.0408863
-2.9713857,-2.0616899,2.5427086,4.860433,-0.9235615,-2.9084015,0.37282586,1.4191315,-1.1086109,0.6472956
-1.0998468,-1.2763937,-0.7890845,3.225225,0.29333192,-1.983546,0.0908974,0.73260236,-1.088954,1.7135012
-3.859372,0.3747961,-0.91844743,6.925882,0.14266236,-4.2846227,1.265768,1.8916314,-1.5238467,0.118679315
-2.9723341,-0.30111444,0.041209403,4.5909615,-0.43687898,-3.8258438,1.5968872,2.4740288,-0.42030424,-0.6261904
-3.60366,-0.8224325,0.43686995,6.5045457,1.776563,-3.142855,-1.3853273,1.5305734,-0.690424,-0.42545542
-2.5982492,-1.3036704,3.1931865,4.1973786,-1.6326066,-3.2552447,1.236023,0.6636666,1.4942836,-1.9809827
-3.3355763,0.3385777,0.8141502,3.678276,0.064909294,-1.6546168,-0.7616543,-0.47831544,0.6927775,0.6803653
-0.19467507,2.897609,1.4048271,-1.3208886,-2.6565785,-2.4769585,1.8449562,-0.79381835,1.7919079,-0.29244474
-4.344701,-2.4572594,2.6827285,6.1326327,-1.4556291,-3.7132907,1.270337,2.196321,-0.25258625,-0.06759885
-3.047858,-1.3346424,2.8031926,5.0326133,-2.0423815,-2.9126625,0.8307854,0.08795461,0.9217189,-0.33078068
-2.0305707,-1.6800771,0.6721018,4.632313,0.60681254,-2.6694229,0.858987,0.9147687,0.05491361,-1.4748062
-4.3178296,-1.4642453,1.5597868,8.498191,0.14441164,-4.1893153,0.26682743,1.9435985,-3.6671097,1.3042747
-2.0465353,-1.7533302,2.7258759,3.7681422,-1.7600578,-2.354479,-0.08558426,0.6142136,-0.23101912,1.0149704
-3.9880912,-0.51867163,0.935267,6.3819737,0.9980532,-4.3418183,0.011732571,0.68055177,-1.031272,0.88126135
0.9108886,0.14020455,-0.15853484,-1.9589516,-1.1060654,3.1289382,-1.1548445,0.10013834,0.29979217,-0.011803538
-0.8127205,-0.9684724,1.1442502,-1.3166817,-1.3279184,4.855402,-2.9452114,-0.42783153,1.2691002,0.43142417
0.108286045,-0.4755743,0.40181902,-2.1263628,-1.324241,5.376642,-1.5925077,0.88085985,0.2740153,-1.290058
0.8107568,1.5259204,0.46434006,-2.9573915,-1.7714996,4.332281,-2.2682765,-0.6187893,0.6762995,-0.0029848516
-1.4957725,-1.4794569,0.58406943,-0.13929534,-0.75635105,5.19192,-2.5626972,1.6759218,0.17632519,-0.9361088
-0.26231074,0.30371863,1.5809013,-1.477749,-2.8073328,5.394581,-2.7966983,-0.6387799,1.4186423,-0.60680246
0.9801058,0.2409634,0.4233081,-1.4196957,-1.6379105,4.3049273,-3.7016532,-0.7611573,1.9038585,-0.2001808
-0.024847686,-0.19112927,0.55557185,-1.165593,-1.5917389,4.7731156,-2.8685555,0.22400817,1.7543855,-1.3273183
-1.6596483,-0.74152225,0.83361715,-2.3564553,-1.2562503,6.2450595,-3.02609,0.22438768,1.6099054,0.27463993
-0.23210086,-1.4340131,1.424801,-1.2291116,-0.84873044,4.8190484,-3.5219831,0.5475086,1.9600314,-1.348715
-0.2509657,0.50832677,0.2662051,-1.7645582,-1.8766264,5.340921,-3.1963494,-1.0462455,1.2749857,0.82558537
-0.29356635,-0.16408964,1.7977885,-1.9838299,-2.7148454,6.7986245,-4.222467,-0.5528584,1.1976076,0.3994578
-0.3039164,0.14117813,-0.21420984,-1.0242724,-0.5117379,4.8104696,-2.0491498,-0.7689843,-0.28599498,0.33140376
0.16176553,-0.91775686,-0.5921677,-0.77244884,-0.7014243,5.478726,-2.896139,0.7942351,0.12031467,-0.3683513
-1.1916882,0.28296894,1.1243521,-0.5640805,-1.5479833,4.330454,-2.7994292,-1.7365075,2.248797,-0.17546225
-0.28485334,-2.4372122,2.2721996,-0.71318245,-1.7425708,4.5614033,-2.3224907,0.81851065,1.1053679,-1.2783879
-1.4848174,-0.7433184,0.5470245,-1.0386071,-0.86824834,4.5596404,-2.3126206,1.5844841,0.94720954,-0.8347691
0.37158823,0.86681384,1.6052002,-2.0119963,-2.5918837,4.6183205,-3.4423013,-1.5185941,1.9231299,0.2034683
-0.77911127,0.7857395,1.1734271,-1.7636405,-2.0572753,4.532585,-2.5008123,-0.72727513,1.1806054,0.24279878
0.063409075,-0.4523329,0.8433481,-1.5075203,-0.97187823,3.992933,-2.0107174,0.3475894,1.7820752,-1.9561623
1.3909811,-1.761488,0.7607264,-1.9085152,-2.1836824,4.284754,-1.9292133,2.4245353,0.27887136,-1.0281157
0.8472124,-0.3046435,-0.10920954,-2.080867,-1.1076294,4.44934,-2.45649,0.16330633,0.70653075,0.14192405
-0.36399227,-1.6220288,0.775096,-0.2751829,-0.70589215,3.3249784,-1.7569366,0.7434181,0.5590304,-0.4454002
1.1149148,-1.0138152,-0.5608038,-1.2141162,-0.88553447,4.1960573,-1.9230199,0.69061935,0.6405037,-0.92543566
0.38776642,-0.72182816,0.7993047,-0.7781568,-1.7468069,4.156417,-2.7907405,0.6566404,1.528598,-1.1968629
1.6461011,-4.0585976,0.32106033,1.6579697,-2.4817362,-0.7627282,0.083764486,6.738898,-2.0867167,-0.5314282
1.0696235,-3.0780346,0.92172927,0.45314908,-2.014574,-0.43791434,1.034154,3.482228,-0.92050594,-0.3183498
-0.37834954,-2.7134435,1.0480666,1.4994583,-1.9067565,-1.6726415,2.1703613,3.4226515,-0.7229844,-0.6171105
3.8320663,-0.7571599,0.8212208,-1.5448568,-3.9160633,-1.990839,2.2398982,1.5128554,-0.7341983,0.5617269
2.4001842,-2.0332077,-0.20946492,0.4905455,-3.304318,-1.7734737,1.7548598,4.1880183,-1.1566957,0.04389441
1.199295,-0.8432636,0.7011581,-1.5455278,-2.323314,-0.22804204,0.37178406,2.7263348,0.18892933,0.046711974
0.32413304,-1.104731,2.7520244,-0.6347248,-2.7561383,-0.5463531,0.80672866,0.77669287,0.8922867,-0.3512989
-0.14979146,-0.53874844,4.0505877,-0.90732867,-2.665894,-1.6509042,0.9519856,-0.11518991,1.92493,-0.81068003
2.064428,-1.9650111,-1.4104406,0.5517992,-1.932969,-2.7358983,2.7079442,4.3210926,-2.9197288,1.7932118
0.5275398,-1.1612873,4.449367,-1.6336937,-3.1631408,-0.05660191,0.42697558,-1.4664705,3.35272,-1.4069449
0.10874684,-0.6655153,5.390838,-1.0684477,-3.0087056,-0.790756,1.1105428,-1.3994865,1.9738497,-1.751188
0.14367197,-2.0207195,0.86373127,2.6597357,-0.79320544,-2.456502,1.3999467,0.84109354,-1.1648822,0.5863317
0.78806704,-1.2886245,0.85343736,0.21006079,-2.4643285,-2.1619494,0.589985,2.524832,0.25168866,0.9556757
0.29429477,-1.7947369,0.6567423,1.712037,-3.429706,-1.0564137,-0.14097115,4.106054,-1.2037997,1.1698695
-0.5030545,-2.2381957,4.8830013,-1.2358652,-3.7471154,0.035378724,0.926264,0.090886444,2.6724758,-0.69235873
0.25088346,-2.4292467,1.6400925,3.1868777,-2.4502773,-3.5342736,1.5708396,3.2057793,-2.0378733,0.81312907
0.82851017,1.7376773,0.5540183,-1.7988801,-2.2268262,-2.7665339,1.774702,-0.3569209,0.52833253,1.9642302
0.73941135,-2.4018843,0.78005224,1.3686879,-2.126586,-2.188778,0.5231193,2.7693057,-0.58146465,1.4695885
1.3199202,-2.41076,1.6940764,-2.0193975,-2.9177399,-2.3956666,3.1420298,3.1991947,0.18817817,0.2880122
0.6968923,-2.4922783,4.036535,-0.3080473,-3.377296,0.0886454,-0.34584853,2.0942094,1.5240974,-1.5567428
1.7790743,0.7968994,0.8781357,-1.053523,-2.7196536,-2.6770146,1.902822,-0.36139888,-0.02413638,1.6069221
2.111626,-1.5812471,-0.7569491,1.5032843,-2.1770308,-2.3970885,0.6915004,3.597849,-1.9334757,1.2331668
1.553576,-0.7825001,3.760908,-2.8969755,-3.9393759,1.3972547,-0.9203874,0.275396,1.9033655,0.0018198043
-0.5772209,-1.1189456,0.621582,1.7129804,-0.18851228,-0.72783136,-0.42008436,0.70754004,-0.7055042,0.8088256
-1.3074325,0.16342527,2.6224968,-0.5629928,-1.7192111,0.11436772,-0.31680682,0.2519924,0.6104649,0.1929466
