-3.5567658,-0.19447692,-1.0459555,2.5375304,2.0929563,-2.2109714,2.76435,1.6522762,-2.701786,-0.40284836
-2.2765589,-0.54688287,-1.184665,2.482227,2.2101424,-2.5946088,2.0720212,1.9863285,-2.7876081,-0.47119725
-3.3374846,-1.5316033,-0.39607054,3.1207201,1.9407718,-1.9154087,1.776309,2.2659304,-2.6844103,-0.06605248
-1.1849483,0.9899927,-1.0419302,0.48188543,1.4395361,-1.1177198,0.7534557,0.052424043,-1.8598548,0.66231275
-2.1483037,1.732404,-1.0131,0.55235666,0.7123638,-0.9325378,1.5655749,-0.21030167,-1.8891557,0.85155547
0.046395406,1.5032952,-0.18312275,-0.94162405,-0.52886784,0.15056424,0.06147456,-0.9321152,-0.45647177,1.2127804
-4.0549355,0.7151446,-2.241904,4.168379,3.7845862,-3.023892,2.026563,1.4959441,-3.9796133,-0.30986726
-3.876748,-0.82729024,-1.2446835,2.717399,3.152347,-1.991264,2.4377549,2.0519142,-3.6090488,0.002080217
-3.1466618,1.8376433,-1.0169969,1.7940028,2.718881,-1.31624,0.7521565,-0.22136557,-2.2151132,-0.02145423
-3.8370502,0.34352,-0.9512576,2.432862,2.8464015,-2.187654,2.1253705,1.0854653,-3.4434304,0.24499469
-2.057704,0.37856978,-1.4943284,2.0242074,2.3596678,-1.3046224,0.3016008,0.8147212,-3.0886965,1.4447632
-3.6525762,1.5263819,-2.0666878,2.1080062,3.3066196,-1.5914937,1.4148469,0.55081546,-2.8787842,0.30856705
-4.0814624,0.34441215,-1.1070541,4.3652554,2.3810008,-2.7694392,1.3820877,1.270905,-2.8605914,-0.09472506
-2.1897595,2.060634,-1.4805412,0.98083574,1.7698138,-0.9289539,0.77750677,-0.4598092,-2.694447,1.2182506
-3.6331184,0.70800716,-1.1838146,2.960221,2.5555239,-2.406629,1.833231,0.8173443,-3.09613,0.38384897
-3.6543937,1.0543082,-1.3957677,3.7239478,3.362951,-3.2030792,1.7669368,1.0214499,-3.308772,-0.48549604
-0.77037835,3.013682,-1.2663212,-0.9867591,0.4203968,-0.099362224,0.2981945,-1.5573874,-1.5397308,1.898449
-1.8531969,0.3427629,-0.090027004,0.4506114,1.0960646,-1.097066,0.94731903,0.056121796,-1.3240159,0.9533478
-3.74801,-0.69336,-1.1073685,3.173509,1.5492485,-1.7457569,1.8594792,2.1322403,-2.4292233,0.12125559
-3.3871245,1.584748,-1.2883024,1.8141158,2.148163,-1.4563998,1.8080769,-0.024588972,-2.5483558,0.3649137
-0.28871197,-2.6387465,2.6051652,-0.68406016,-0.6543784,0.35748827,0.2305586,0.5509516,1.0718989,-0.8285605
-0.3289155,-1.6697149,2.6553986,-1.3461206,-1.0401576,0.7256747,0.3596692,-0.14158714,1.5851802,-0.89581287
-0.063711375,-0.9533929,2.1127176,-1.3558887,-0.972899,0.7607908,0.10136197,-0.4106849,1.4496456,-0.77757883
-0.5173283,-1.4226305,2.5292459,-1.1758883,-1.7335882,1.1372119,0.24096955,-0.05971685,2.1619625,-1.089029
-1.457557,-0.018554255,0.50505173,-0.078238726,-0.25245947,0.7520572,0.34869665,-0.11366998,-0.09836997,0.058533102
-1.5053949,-0.58786666,1.2061749,-0.62383723,-0.83229333,1.4988048,0.5255599,0.03631638,0.43969968,-0.4302888
-0.24936186,1.8955257,-0.2205467,-1.5581231,-0.912261,0.75767386,0.39009088,-1.2228769,0.22040111,0.83340186
-2.2322838,-0.32224613,0.9813454,-0.3801071,-0.14251956,1.8674139,0.27760398,-0.29839325,0.62059265,-0.73671687
-0.7908259,-1.0812141,2.1149955,-1.3433218,-1.4411135,1.3828934,0.37645176,-0.13314116,1.5801193,-0.8189997
-1.8637404,-0.21051379,-0.725029,1.4493334,2.1586435,-1.4622973,1.4631467,0.606622,-2.2845156,-0.12798963
-0.33690488,-0.14390285,0.8582685,-1.1734016,-0.97390175,0.840606,0.50641954,-0.33537802,0.5135607,0.114663035
-0.87314165,0.18201615,1.1680466,-1.1685333,-0.63673186,1.0833489,0.18627669,-0.6574098,0.8607375,-0.15495552
-2.6117642,0.2636807,1.0362093,0.8240257,0.56110656,0.10577685,0.47334242,-0.349461,-0.4221923,-0.47418904
-0.9085784,0.85538304,1.1918434,-1.3162776,-0.96932566,1.0534525,-0.06521195,-1.103709,0.8423559,0.27005053
-1.3249698,1.0154195,-0.4169535,0.24091415,0.6416235,-0.38994667,1.0230916,-0.23575452,-0.81971586,-0.12655388
-0.60460764,-0.14801838,1.3953803,-1.2923911,-1.3460627,1.2294012,0.32069272,-0.5545064,1.0391157,-0.10000406
0.1636125,0.17781936,1.4081888,-1.7205677,-1.4020349,1.3282524,0.09416517,-0.92760456,1.5186762,-0.5747862
-1.1521853,0.3769285,-0.8467479,0.367415,0.25732145,-0.42805266,0.89124864,0.5918658,-2.1268907,1.4069579
-0.32376954,-0.2121224,2.1387382,-1.8919387,-1.4152485,1.7317362,-0.20056763,-0.92930925,1.6953146,-0.38681185
-0.32154518,-0.003355816,1.0503452,-0.9738583,-1.0446227,0.594252,0.40378612,-0.34687394,1.0992802,-0.60052323
1.7194557,0.7846282,-0.41004875,-1.7531714,-1.0769429,-0.09106392,0.94556135,-0.39147702,-0.08639908,0.23329121
1.8058641,-0.32861602,-0.06403603,-2.0023558,-1.5315483,-0.1560697,1.6810565,0.33616325,0.1424708,-0.042173073
0.6994185,-0.34855646,-0.65301657,-0.54517084,-0.4522596,-0.94112104,1.5086694,0.9666401,-0.84631115,0.20278265
1.7944251,0.17766808,-0.16494665,-2.0503237,-1.4718635,0.20714584,0.9465078,0.13963601,-0.09328145,0.43606412
1.7773347,-0.05806376,-0.27402335,-1.880278,-0.8872012,0.18315035,0.9827289,0.17043465,-0.46468735,0.175911
2.1177893,0.7650508,-0.57760763,-1.819974,-1.4861642,-0.0634622,0.7135054,-0.18716797,-0.4472136,0.9870454
1.5522146,-0.43902624,-0.12557483,-1.8183951,-1.3365726,-0.3862502,1.6069756,0.61106765,-0.105312794,0.2860362
1.5004325,0.8868987,-0.31701985,-1.3971163,-0.8647175,-0.25181478,0.4458521,-0.32072508,-0.09872125,0.23361914
1.868921,-0.397842,-0.052398592,-1.6337936,-1.2100219,-0.23341593,1.0325322,0.5844681,-0.16244939,0.024916992
1.6584415,-1.0394186,-0.18243669,-1.2750794,-1.2586868,-0.024012327,0.81671965,1.1112874,-0.5458861,0.50584275
2.141216,-0.566053,-0.30323455,-1.6105095,-1.3872937,-0.05655326,0.89673275,0.6285473,-0.28586692,0.43918103
1.1875973,0.1357461,-0.42914155,-1.1582408,-0.9126039,0.0004839599,0.9161356,-0.057068825,-0.21649148,0.3215869
1.9306438,-0.57706374,-0.37359646,-1.5675697,-1.394255,-0.17189538,1.1531451,0.8346269,-0.33544263,0.42102295
1.6511817,-0.3206219,0.025121033,-1.6325678,-1.4222939,0.0360215,0.92223066,0.23447719,-0.11966488,0.43324876
0.5089364,-0.8686928,-0.30247632,-0.90008813,-0.71425307,-0.0391521,1.1843815,1.016885,-1.0810785,0.80052257
2.641597,0.25827032,-0.29314172,-2.1145043,-1.8378439,-0.47471273,1.1182892,0.25155133,0.14809418,0.3194183
1.7116195,-0.9006638,-0.009230055,-1.3191504,-1.5643408,-0.33468586,1.1974905,0.9719982,-0.16771847,0.25943026
0.90721005,2.4710069,-0.5243058,-1.873198,-1.0512576,-0.038344815,0.5033365,-1.139982,-0.09942776,0.79393256
2.2371829,0.026930884,-0.23961404,-1.5388808,-1.6814781,-0.65689623,0.96431714,0.38056043,0.07901546,0.39026576
1.086254,-0.64328057,0.29893482,-1.0746125,-1.2439387,0.063602075,0.5836127,0.45075217,0.06495112,0.20552562
-3.0828996,0.40244597,-1.774973,2.9587238,3.2272193,-2.52322,1.7053921,1.072344,-2.7310057,-0.5136841
-2.4825737,-0.7829934,-0.88227904,2.0961826,1.8175646,-2.0222492,2.178471,1.7951535,-2.4708228,-0.29023093
-3.5079572,0.6077934,-1.7735052,3.190326,3.6071446,-2.6380167,1.8684249,0.83159316,-3.2616627,-0.095437214
-2.4885705,-1.1124321,-0.24804257,2.6811085,2.0834973,-1.5084349,1.1058552,1.1438327,-2.2499185,-0.55669147
-3.5922742,0.010679528,-1.5100546,2.3027565,3.794128,-1.2714825,1.4877818,0.85085166,-3.69165,0.6675956
-2.9981754,0.51485115,-1.9313333,2.4294415,3.498363,-2.210271,1.6625445,1.1267273,-3.1555305,-0.14244442
-3.7740588,-0.6284726,-1.4915361,3.2480023,3.236756,-2.7526054,2.6960206,1.9136509,-3.5238264,-0.44117558
-2.7501671,-0.89025813,-0.40226862,3.074573,2.091829,-1.9714297,1.0083187,1.6939074,-2.9465437,-0.17786948
-2.6100595,0.29391283,-0.9487344,1.6883471,2.9273024,-1.3212882,1.3684511,0.54739285,-3.1003406,0.15783776
-2.579559,-0.44673997,-0.8348336,2.4544191,3.3985183,-1.828971,1.7186933,1.1178108,-2.6508384,-1.7555385
-3.3368328,-0.3054412,-1.0336595,1.5702591,4.026452,-1.520842,2.3700418,0.7650695,-2.7263758,-0.9924406
-3.031237,0.13339953,-1.4776223,2.3049748,1.977684,-2.299696,2.5786915,1.4141773,-2.2374573,-0.53102446
-2.685622,-0.6250726,-0.86620224,1.6588868,3.5169184,-1.0457219,1.0994735,0.6086322,-2.5105019,0.12107937
-3.130317,-0.922136,-0.7568034,2.2784657,3.2257886,-1.4496896,1.6513846,1.2407786,-2.6189804,-0.6474693
-2.450422,-0.4919328,-0.91626346,1.417197,3.3551233,-1.5586659,1.6295898,1.0379535,-3.4923368,0.5137168
-2.542634,-0.18875249,-1.4807514,2.6930466,3.233515,-2.6290655,2.1257648,1.127046,-3.1444633,-0.2890616
-3.1312401,0.23709695,-1.7898238,2.4120677,4.2628756,-1.1290295,0.7047908,0.69404876,-3.4234955,0.20116703
-3.206935,-1.0730273,-0.95927143,2.771337,3.6627243,-2.889639,1.9621444,1.9900779,-3.095691,-0.124402806
-2.8290257,0.5154664,-1.3161162,2.455592,3.226192,-1.8616111,1.6090448,0.58974767,-3.6149065,0.20345195
-3.3025753,-0.3769446,-0.7545024,2.1419053,3.8822773,-0.7157099,0.4566999,0.48195967,-2.8623905,0.2539984
-0.86267775,-1.430387,-0.5272119,0.9819222,0.3674438,-1.7340593,2.002216,1.8632178,-1.9101481,0.2054178
-1.6895742,-0.5431289,-0.57107675,1.2196314,0.8766694,-1.5839366,1.8195548,1.3021599,-2.107103,0.34206754
-1.775857,-0.36834663,-1.221297,1.5696454,1.3896669,-1.4672934,1.9473891,1.5372759,-3.1713808,0.45471162
-0.9669693,0.1225466,-0.954059,0.47218406,0.58319217,-1.4809676,2.0807421,1.0092058,-2.1100845,0.37909454
-1.4660015,-0.9614324,-0.4928994,1.0212536,0.6496863,-1.9453903,2.67173,1.7075435,-1.6285505,-0.46256554
-1.8341777,-1.0455382,0.15969038,1.3336897,0.65444875,-1.7076101,1.6206009,1.2058719,-1.465925,0.28108126
-1.1731596,0.8280188,-1.1844128,0.4841718,0.6028375,-1.2252462,1.373183,0.38884124,-1.9287558,0.99413127
-1.0656635,-0.6001971,0.20239559,0.3130861,0.041686058,-1.1789097,1.9424984,0.6132289,-0.71318895,-0.42325026
-0.4830917,-1.7956676,0.1230427,0.3975827,-0.5665268,-1.2291391,2.1285117,2.0085995,-1.2869319,0.16728297
-3.6420472,0.10413878,-1.6919136,2.8078077,2.6275609,-2.238647,2.3886943,1.612816,-3.346171,0.07759692
-0.3707095,-1.2037544,0.3837684,0.17987563,-0.6019818,-1.1227223,1.628927,1.1930116,-0.46731287,-0.4068761
0.8914816,-0.20318897,0.19087076,-1.2348912,-1.3078772,-0.9183831,1.8808386,0.65945995,-0.08866972,-0.09758259
-0.25656167,-0.30458498,0.1417822,-0.14574121,-0.68863845,-1.1543607,1.4035044,0.813467,-0.42681935,0.21312518
-1.2521254,0.8320921,-0.80768,0.6728526,0.51646996,-1.2553929,1.3896401,0.39676005,-1.5870918,0.33648098
-0.9531548,-0.28013498,-0.40729874,0.43549824,0.2897883,-1.4886085,2.1928217,0.9523723,-1.6689808,0.075774014
-0.7166884,0.40901732,-0.3307926,0.34702635,-0.3914031,-1.2728614,1.2120616,0.5473455,-1.3016825,1.0921075
-0.016333148,1.3499649,-0.49438325,-0.90227824,-0.79871714,-0.8202371,1.1778886,-0.29735303,-0.8265077,1.2633706
0.4553908,-0.49415356,0.32838657,-0.9755412,-1.4754677,-0.73531705,2.0994236,0.603526,-0.11992845,0.0760348
-0.39138877,-0.8852803,-0.03196595,0.114673674,-0.35353172,-1.071522,1.956635,1.0816125,-0.8910212,-0.15565063
-1.6873248,-0.56700677,-0.4021074,1.2365394,0.7500126,-1.7175261,1.861381,1.3545643,-1.6022124,0.009615332
0.12879477,-0.84959644,1.9332995,-1.3650311,-1.2179474,-0.017965421,0.838635,-0.19552058,1.5678804,-0.8659842
-0.113148876,-0.7612144,1.8690591,-1.3052746,-0.9373318,-0.090169206,0.7188228,0.032738686,1.1166897,-0.73617285
-0.29777426,-1.3886247,1.7699726,-0.7567244,-1.309664,-0.44881195,1.2766693,0.6861448,0.7351495,-0.5531581
-2.1551054,0.27306348,-0.57379746,1.120313,1.0663569,-1.4171182,1.7966874,0.6912854,-1.5206388,-0.18570222
-0.6411301,-0.17283736,-0.45882663,-0.2081037,-0.029311538,-1.2829167,2.4138288,0.92656994,-1.1514213,-0.09951936
-0.53781945,-0.3374496,0.7346046,-0.46483427,-1.190646,-0.2729374,1.261152,0.3622029,0.2581488,-0.0932879
-0.20490365,0.0628681,2.896777,-2.023193,-2.1466517,0.4211905,0.69264674,-1.305641,3.3109095,-1.60893
-0.03714694,-1.5064218,1.0249906,-0.5139075,-1.1696417,-0.7292608,1.5729239,1.0859641,0.20508394,-0.18630154
-0.31397694,-0.7805756,0.019253358,-0.5167053,-0.76660275,-0.7957221,2.0013726,1.0623277,-0.9114148,0.3701017
-0.29062486,-0.20106207,-0.17113149,-0.15295647,-0.05943954,-1.1574615,1.805841,0.78510725,-1.0092585,-0.18698294
0.15880443,-1.1322944,1.6227493,-1.1521566,-1.3188753,-0.5336425,1.3461378,0.6456504,0.8085731,-0.7540372
-0.8858077,-1.8271971,2.19354,-0.7566347,-0.58654755,0.42823642,0.92759925,0.33502784,0.6977521,-0.8339037
0.051109746,-0.99732727,1.2814759,-1.0491666,-1.5096416,-0.057925157,1.1490312,0.4783511,0.86459905,-0.4833386
-0.2073289,-0.501098,1.3813202,-0.8898868,-0.8289675,-0.47583497,1.1842549,-0.01901348,1.0639199,-0.9794508
-0.029630259,-1.1216428,1.6623075,-1.4894185,-1.6394396,0.7202653,0.99248093,0.19837356,1.5483944,-0.90323734
-0.44308525,-1.2294421,1.8716135,-0.82712156,-1.258221,-0.0281474,1.0083588,0.2779818,0.80790704,-0.43299115
-0.015482798,-2.1589737,1.4104946,-0.4854157,-1.5424864,-1.07348,1.9491951,1.594292,0.09823501,-0.2530865
-0.24909166,-0.5199531,0.6093495,-0.7344528,-0.82912016,-0.42086786,1.4108369,0.37565777,0.1728459,-0.34622842
-0.49394196,-1.7212167,2.1404943,-0.6116922,-1.5724182,0.07356329,0.72623783,0.5945641,1.4102722,-0.78912866
0.30454993,-1.0179985,0.9982331,-0.85318285,-1.0603981,-0.97499454,1.7835896,0.7452296,0.4339028,-0.73412526
0.011381477,-1.0003965,2.1666622,-1.2038988,-1.0799409,0.34308636,0.8160335,-0.27306974,1.5215983,-1.535668
-1.4808674,-1.2712444,0.5482341,0.6817245,0.32755655,-1.4639565,2.024967,1.2602898,-1.0288644,-0.61442757
-0.36201847,-2.3709965,2.6652575,-0.6938351,-1.3595717,-0.16787152,0.85905224,0.7652489,0.7013814,-0.54880023
0.025180325,-0.40648073,2.448227,-1.3744009,-1.4769607,-0.072857946,0.57945114,-0.7920146,2.4567754,-1.5390766
-0.9767751,-1.7848821,2.5615802,-0.7911643,-1.4200094,0.67311996,1.0321531,0.13565561,2.0695753,-1.772786
-0.44573444,-1.685168,3.3660512,-1.1409712,-1.5855193,-0.16523913,0.7951593,-0.03300622,1.9407065,-1.2107049
-0.74361694,-2.239972,1.9261601,-0.21916662,-0.8583318,-0.033566296,1.0902774,1.0120758,0.23819822,-0.53671867
-0.8989611,-1.9377937,3.2863421,-0.64590114,-1.6747959,0.44657627,0.15695056,0.1388924,2.6088188,-1.4689487
-0.41402096,-1.4432114,0.76515317,0.005888507,-1.1542572,-1.5452522,2.8302307,1.5010966,-0.47971612,-0.6981893
-0.32084322,-1.6796193,1.3338808,-0.81426024,-1.0652131,-0.76050055,2.417334,1.0547646,0.31663805,-1.1857992
-0.3588748,-1.560471,2.296349,-0.7561176,-1.0264387,-0.31079277,1.0281482,0.17778778,1.5620003,-1.4221649
-0.2418338,-1.2256693,2.5026457,-0.71332973,-1.3977551,0.33050966,0.26185933,-0.00011973083,0.912965,-0.5180497
-1.2924385,-0.38162988,0.031607985,0.13783209,0.291769,-0.9400567,1.9979417,0.7048603,-0.80849236,-0.42506975
-0.64622915,-1.1086198,2.3682158,-0.56769925,-1.2304277,-0.48732263,0.95821077,-0.09404513,1.3715665,-0.9391123
-1.1682976,-2.0643,2.0525951,-0.114629254,-0.77188635,-0.11174114,1.3902781,0.7172332,0.83965844,-1.2353939
-1.970943,-1.618261,0.5210285,0.6650838,-0.09741968,-1.3116211,2.355466,1.5517474,-0.88803166,-0.123644546
0.03025812,-1.7831886,1.9112558,-1.1900891,-0.9277853,-0.694878,1.75618,0.7275919,0.8558633,-0.9075633
0.8363928,-0.4747104,0.9222374,-1.9288275,-1.5370996,-0.6203749,2.2425187,0.28909144,0.6013942,-0.63296384
0.5108213,-0.16629682,0.7427373,-1.4413304,-1.2390002,-0.629063,1.882884,0.17362851,0.5320361,-0.63721067
-1.9494481,-1.1095691,-0.06711085,1.0895264,0.55727595,-1.3140702,1.7026489,1.5105096,-1.9158345,0.6093247
0.17681886,3.168838,-1.292801,-1.5407286,-0.02992589,0.42543462,-0.081418976,-1.6938578,-0.8574299,1.498031
-0.004254937,2.162413,-0.5714593,-0.89350563,-0.08584559,0.033616602,-0.33190602,-1.1733761,-0.9137252,1.4073212
-1.300691,6.328328,-2.1287253,-1.5023329,0.5251688,0.46710253,-0.13619986,-3.2300274,-1.2773579,2.0473514
-1.2390132,4.9092917,-2.389456,-0.9203776,0.31217757,0.50371075,0.15441777,-2.3987575,-1.1480852,2.0047703
-0.72492856,5.1785345,-2.122543,-0.9931579,-0.18052542,-0.23236072,-0.14267409,-2.3129742,-1.1155941,2.4414368
-0.91082424,4.9407177,-1.8865947,-1.4400814,0.15753707,0.59135616,-0.22132653,-2.7346528,-1.2506937,2.688833
-0.8135902,6.8030534,-2.2282286,-1.9903452,0.18278748,0.1377024,-0.1378349,-3.602855,-1.1567439,2.6173801
-2.2530599,5.791775,-2.296177,-0.37635237,0.66327477,-0.17339462,0.29960856,-2.809615,-1.157285,2.0539186
-1.8498492,5.240356,-2.1588244,-0.4667877,0.5980758,0.46002054,0.15344423,-2.4909217,-0.8671714,1.0264039
-0.44586074,4.7448974,-1.2805741,-1.72825,-0.3950325,1.0147076,-0.5444597,-2.5061066,-0.14395851,1.4127703
-0.42305517,3.529665,-1.0566932,-1.3121676,-0.2559499,0.37550113,0.08640987,-1.7635437,-0.45911095,1.1891601
-1.4138232,4.3819556,-1.7472023,-0.340712,1.1362708,0.4294372,-0.47534788,-2.3759434,-1.5898085,1.6870841
-2.1950345,5.2433896,-1.8425242,-0.87291974,0.24328715,-0.10311681,0.08128658,-2.7712657,-0.9346413,2.787485
-0.71117455,3.7051296,-1.1716564,-0.8342605,0.25381964,-0.13570032,0.0529193,-1.9670951,-0.80100834,1.1779088
-0.34796995,5.57303,-2.0599017,-1.344862,0.35538477,0.46994615,-0.5483748,-3.1516557,-1.48881,2.50537
-0.58920723,5.0727057,-2.4874303,-1.3020308,0.18283403,0.40492043,-0.2588836,-2.2672381,-1.2304548,2.4248865
-0.43640757,3.6896825,-1.82529,-1.1589888,0.27150202,-0.0039246827,0.2874049,-1.5850028,-1.3354143,1.6496835
-0.817129,3.200632,-0.9035934,-1.0031585,-0.11597113,-0.051546335,0.11959925,-1.7832375,-0.80942327,1.9435365
-1.1970252,4.729128,-0.9687389,-1.7923646,0.563859,0.6988923,-0.4375186,-3.1502907,-0.7220368,1.9047399
-1.1312305,6.115637,-2.453225,-1.0229473,0.34018415,0.5176195,-0.5681626,-2.9818609,-1.7202191,2.719905
-1.4996914,-0.1117018,-1.1698405,1.3237922,0.9149798,-1.1835855,1.3343523,1.1292887,-2.2526484,0.6980923
-2.8674805,1.5658991,-0.8156849,1.9832482,1.5709436,-1.927141,0.73505586,0.35948384,-3.011757,1.6058712
-2.7606742,2.36054,-1.22523,1.2366481,2.2916167,-1.7535696,1.3907082,-0.42025182,-2.4062386,0.4085641
-0.65997547,0.061020225,-0.08461034,-0.027459577,-0.19586915,-1.4785694,1.3679152,0.6618999,-1.3632646,1.0445958
0.62509954,-0.49589735,-0.23816612,-0.2271152,-0.13842624,-1.4252269,1.2328627,0.76355124,-0.8079378,0.22490628
0.46402162,-1.7958407,0.5470741,-0.34386438,-1.4386016,-1.4105743,2.13476,1.7032214,-0.19480607,-0.08498673
-1.069866,1.3370881,-0.72680163,-0.5263124,0.41219133,-0.72518766,1.3582275,-0.34338203,-1.0751531,0.9067299
-0.17815767,-1.3592283,0.31026,-0.3703305,-0.5023039,-1.0379642,1.6529841,1.4009535,-0.48515347,0.24505384
-0.089210674,-0.6918665,0.06408563,-0.6343947,-0.8005644,-0.6765181,1.7118096,0.97705173,-0.9164974,0.5614847
0.15097342,-0.88093203,0.29367903,-0.69352204,-1.28152,-0.9587376,2.004456,1.0439849,-0.57943326,0.49554086
0.35307747,-1.5799222,0.2019276,0.093129024,-0.8889331,-1.3655118,1.93027,1.5891459,-0.88767475,0.061622113
0.7088808,0.71304345,-0.44862556,-1.1561486,-1.201135,-0.7717234,1.63223,0.064244926,-0.40708807,0.6401243
-1.1472414,-0.50007004,-0.17779405,-0.004226908,-0.052040994,-1.0230013,2.0254698,1.0749303,-1.6380038,0.637621
-0.35243547,-2.1886096,0.30893892,0.2881531,-0.8041327,-1.9353085,2.9145908,2.1386275,-0.7944233,-0.42533982
0.12329103,-0.8618049,-0.24158281,-0.19553049,-0.7629466,-1.1932112,2.3340666,1.3244696,-0.7032264,-0.32696283
-0.530223,-0.67992455,-0.0027374327,-0.34310174,-0.44112605,-0.5568547,1.215411,1.0187168,-1.045868,0.84323907
0.20031284,-1.6337726,0.21224737,-0.37360924,-0.8161568,-0.54879284,1.7138956,1.3894707,-0.3585037,-0.21299438
-0.5891435,-1.0550687,0.008066565,0.06168355,-0.07768145,-0.7905369,1.3430042,1.0393718,-1.0201293,0.39957118
-1.3023902,-0.90075403,-1.0015985,1.000644,1.1008571,-1.5581795,2.0346057,1.7181329,-2.4061053,0.29768944
-1.0509152,-1.5236905,0.26937816,0.24715246,0.018455565,-1.008805,1.875627,1.384149,-1.2887899,0.27299476
-0.32743412,-0.7594449,-0.10042323,-0.38209563,-0.54139495,-0.90047795,1.982758,1.1227418,-0.8169933,0.2637378
1.4399592,0.19847648,0.28753036,-2.2182026,-1.9282722,0.29328823,1.5270011,-0.13099834,0.17004102,0.2738359
-0.34983832,-0.88804454,0.2590004,-0.490327,-0.5205703,-0.6823866,1.8617084,0.8300617,-0.64946467,-0.030987248
-0.75969553,-1.2601985,-0.29366675,0.36856222,-0.3972404,-1.7430463,2.6516643,1.9136254,-1.4118085,0.04114078
-0.9730813,0.049401715,-0.15463987,-0.33719015,-0.41467637,-0.6519382,1.9132044,0.5080973,-1.0398008,0.44344872
-0.33828396,1.689504,-0.08848562,-1.1898859,-0.74289984,-0.41636062,1.0197318,-0.8520745,-0.19602741,0.76311666
-1.0397098,1.1559906,-0.5366342,-0.2584607,-0.33363485,-0.30255675,1.0421736,-0.18447605,-0.9003509,0.940084
-0.78035957,0.38064593,-0.12994474,-0.13765651,-0.4530229,-0.92552173,1.1698449,0.31206813,-1.0179865,1.0738645
-1.503312,0.50398916,-0.12549105,-0.34498554,-0.46485943,-0.69652486,1.7175791,0.27629766,-0.7666238,0.80119395
-0.60590285,0.287777,-0.17125413,-0.13322873,-0.009519115,-1.1544129,1.1580594,0.37936118,-0.8831645,0.58152133
-0.5333052,0.068477884,-0.3837513,-0.27801764,-0.3482153,-0.48895174,1.5610557,0.49719504,-1.0923918,0.39711326
-0.5076457,-0.25132495,-0.5313749,-0.37749356,-0.46442303,-0.52521276,1.9806392,0.7757846,-0.8424632,0.14875011
-1.461184,-0.34839922,-0.6471615,0.675169,0.5570236,-1.2461971,2.108037,1.1805996,-1.6685181,-0.07930605
-1.4134107,-0.20237033,-0.89057565,0.6142724,1.4495822,-0.71405935,1.3346071,0.8424481,-2.0963962,0.2959571
-0.8650828,0.76587445,0.08431551,-0.53997463,-0.60669243,-0.71571535,1.6089919,-0.20865087,-0.20367596,0.13155565
0.58500856,1.8393738,-0.2848286,-2.0835977,-0.9301078,-0.383754,1.6510403,-0.95060945,0.113943845,0.31829572
-0.8283079,2.4967275,-0.93925524,-0.79069257,-0.44206452,-0.6747613,1.6402755,-0.88439727,-0.81976116,0.8255712
-0.93371254,0.5034862,-0.48257574,-0.42048782,-0.17579913,-0.49466002,1.7391562,0.15141849,-0.8255766,0.18429007
-0.28942484,0.15043885,0.10921803,-0.75801206,-0.64729416,-0.7739827,1.5103283,0.24754184,-0.33944428,0.35280818
-0.9265508,0.80256224,0.22967091,-0.7088152,-0.4578116,-0.51801735,1.3097794,-0.29156333,0.4318359,-0.1351652
