0.4864843,4.3057284,-1.8002601,-2.0800571,0.5342801,0.62277555,0.85809845,-1.5100447,0.40186134,-1.522946
1.9514935,1.6304054,-0.8853014,-2.2399774,-0.30569127,0.40806442,0.90556216,-0.805745,0.6753807,-1.2328506
0.99700797,1.2728276,-1.3456354,-1.855102,-0.31036216,0.8960378,0.97371054,-0.4868025,0.1965307,-0.17030838
2.711006,1.7529246,-0.94726735,-2.4280612,-1.3344129,-0.9865724,1.3885994,-0.35190365,0.94199,-1.1351397
1.3375616,3.4515634,-1.0997089,-2.4277804,-1.2836285,-0.082214355,0.65578747,-1.3798506,1.2177407,-0.49199602
1.6737856,1.3897519,-1.1602795,-1.4823759,-0.6388668,0.018702567,0.96304715,-0.5883639,1.6314052,-1.669499
1.0227432,2.0535274,-0.5073431,-2.23911,-1.2903502,-0.33318055,1.3806871,-0.3249562,0.8507192,-0.7131214
1.8861877,1.626415,-1.352391,-1.3018924,-0.9753244,-0.04291007,1.1667871,-0.16750446,0.49545637,-1.2375269
0.0005608946,4.877713,-2.402899,-2.2536082,1.7999842,0.9480135,-1.3746071,-2.7627485,0.95694554,0.057702158
3.1777182,-2.0516562,0.7183884,-1.2513382,-3.6077266,-3.3918138,4.406243,2.7993567,0.22210392,-1.6945429
2.4619117,1.1670724,-1.1389608,-1.1725385,-1.0441962,-0.91474223,1.2167447,0.28207046,0.9504024,-1.7300214
0.9952357,2.9302483,-1.5020964,-1.7855036,0.3591681,-0.8375765,0.34201118,-0.7990813,0.6685491,-0.64144695
1.6317625,1.7826031,-0.26327243,-2.8026552,-1.269166,0.20136255,1.4157063,-0.71171534,1.675135,-1.7965918
1.1083382,0.6686164,-0.30137402,-0.9689607,-1.0519644,0.20864235,0.66216695,-0.05922064,0.6612258,-0.79213274
-2.6588585,7.731999,-2.9418323,-2.9949908,2.0580747,2.3879633,-0.409513,-3.653219,1.5312666,-0.56798023
1.6455096,2.7341704,-1.8326787,-1.1789999,0.11273335,-0.0064707994,-0.2244374,-0.84733486,-0.20033395,-0.1876891
1.9495702,2.4588885,-1.5929492,-1.5069511,-0.7908404,-0.99183095,0.86038125,-0.39742526,0.5355694,-0.93821377
-1.3729589,7.0920215,-2.5942063,-2.5077107,1.3640527,1.3478881,0.05601108,-2.9382808,1.0245458,-1.0453761
2.1343517,1.8576165,-0.58655536,-2.0256314,-1.1101476,-0.84942997,1.3674508,-0.32796708,1.711954,-2.271057
-1.0154291,3.202582,-1.1171993,-2.2774358,0.34193778,0.6524435,1.1880207,-1.3167127,0.9720689,-0.7381982
-1.4759668,-1.1798972,2.6938407,0.5668037,-2.8308682,1.1279224,0.80284435,1.2191502,1.0495788,-1.7384303
-1.1298003,-2.839169,4.0975037,-0.30835912,-3.080872,1.9472896,1.3180108,0.8319595,2.791599,-3.7367048
0.5778708,-1.3262789,3.5240848,0.06769547,-3.4096146,0.25663567,1.0854111,0.9718976,2.4276454,-3.8977368
-0.017863318,-2.3155465,3.26422,-0.5150488,-2.5873976,0.9920265,0.5409873,0.62445617,2.4224594,-2.7699032
-2.2242088,-1.2811911,5.2467422,0.20672244,-3.1682558,2.2772899,0.44286323,0.09695512,2.8111205,-4.09057
0.7043182,-3.1937265,4.0946755,-1.5480311,-3.847924,1.1626803,2.007709,1.1618507,2.3417344,-3.1607776
0.19860159,-1.0764428,1.803123,-0.16862209,-2.6271908,0.12390581,1.0328808,0.87165296,0.7575198,-0.94453704
1.0054964,0.8668598,0.13827775,-1.8055291,-0.54952335,1.6154407,-0.29556155,-1.2326157,1.9512862,-1.6860566
-0.84573853,-1.0151066,2.1130478,0.27028066,-1.2976098,0.97416896,0.34118542,0.55014694,1.5440263,-2.5861301
-0.9514344,-1.5808225,3.4258206,-0.60653925,-2.9329982,3.342124,-0.15078554,0.07764606,2.7131453,-3.019349
-1.0642414,-1.0501418,1.9766452,0.25369373,-1.9051054,1.0611284,0.29431844,0.3420355,1.3544568,-1.3809662
-1.6224036,-1.9539394,3.9884875,0.9392647,-2.7106528,1.4219453,-0.29846555,0.8172052,2.4704602,-3.044258
-2.4669557,-0.829746,4.4429617,0.74753475,-3.4548016,2.1087174,-0.27170396,-0.22436646,2.3172634,-1.8578594
-0.8189719,-1.719455,3.4657798,-0.63143295,-2.883708,2.0120077,1.308315,0.6795105,2.573322,-3.9914813
0.76782805,-2.7349148,2.6383827,-0.47695413,-2.7258077,-0.7746842,2.2992823,1.4449897,1.4843084,-2.245967
-1.4220581,-1.7748005,4.4215736,-0.51083356,-2.2643142,4.108667,-0.7468096,-0.35761496,3.3851416,-4.553973
-3.3050838,-0.4092058,3.7048666,0.10422853,-1.6098065,3.8495107,-1.3670454,-0.9886383,3.0520606,-2.4142632
1.2427177,-1.0114474,1.6754293,-0.5751813,-2.3032775,-0.22031513,1.2233652,0.7806681,1.4373466,-2.3052835
-0.7627927,-1.5092776,3.4759853,-0.5555621,-2.5649238,2.293407,-0.070414245,-0.14084771,2.8051622,-2.8619027
-1.3727099,-0.98655283,2.78217,-0.6256513,-1.8380731,2.4570575,-0.20561445,-0.2649028,1.8527648,-1.823731
1.3619639,-0.4761389,0.06366275,-0.60220486,-1.5835364,-0.43095058,1.8343434,1.1412965,0.62712044,-1.9656167
0.8214661,-1.3142413,2.079905,-0.2006154,-3.0495305,-1.2943949,1.6092222,1.2050594,1.4479437,-1.4805653
1.590776,-0.6340078,0.8656896,-0.9155024,-2.6337743,-0.5003672,1.4536934,1.0742557,0.3844141,-0.88010335
2.4368134,-1.7464521,-0.1540847,0.16828224,-2.0038025,-1.7286159,1.6994138,2.1392372,-0.50767034,-0.56806695
0.63269407,-0.9277097,1.8244188,-0.26036575,-2.819931,-0.8300936,1.6058483,1.1937826,1.4752892,-1.9827383
1.9198364,-3.0697937,2.2924263,-1.0951892,-2.9684105,-0.79819024,2.311144,1.8538423,1.7093886,-2.5320926
1.103457,-1.1389244,1.5971789,-1.0943166,-3.1114638,0.15192194,1.626326,0.8247709,1.2683288,-1.3028032
1.822871,-2.4656343,1.781157,-0.92556566,-3.4806569,-0.059972137,2.9530454,1.9930549,1.7691268,-3.392689
2.2160156,-2.2028275,-0.2125559,-0.7103959,-2.3832884,-1.0639237,2.9073296,1.69752,0.28821,-0.80924284
3.6047597,-2.443522,-0.4596324,-0.99770266,-2.9526653,-2.7902875,3.6229987,2.599401,-0.29238948,-0.477335
1.6326758,-1.8621424,0.2324851,-0.6697162,-2.5753975,0.19819003,2.3830872,2.0881944,-0.12186589,-1.1341627
2.7174468,-2.4724855,1.210939,-1.7928838,-3.6943703,-1.858168,3.726871,2.0664456,0.668485,-1.4631898
2.9049668,-2.4750867,0.47973603,-1.2154241,-2.6323092,-0.96626353,2.217051,1.6136786,0.91528594,-1.1486783
0.78524745,-0.0561592,-0.2543851,-0.9326593,-1.109444,-0.15726867,1.9507642,0.75808334,0.22234952,-1.2488153
0.0048520416,-0.6415101,0.066513345,0.2170187,-1.8381166,-1.016668,2.7188396,1.8750417,0.08643911,-1.4236069
2.653015,-2.2062354,0.0035804808,0.1270884,-1.9539623,-1.5799325,2.1166449,2.337038,-0.43543455,-1.0922099
2.011162,-1.2723737,0.46653318,-0.74910337,-2.0990207,-3.0189233,3.1277952,2.0554953,0.46028098,-1.5154363
2.6920948,-1.9977252,-0.37369585,-0.5343141,-3.3154137,-3.656991,4.420974,3.066737,0.1804052,-1.0690448
0.6647332,0.4159646,-0.1301806,-1.3095305,-1.2598137,0.34415796,1.5466673,0.33096838,1.0825533,-1.5856494
2.145798,-1.6833352,0.9215873,-2.069345,-3.0628908,-1.3722638,3.0861855,1.4022198,1.2708519,-1.4275595
0.54222834,2.9259005,-2.5623028,-1.1412839,1.6001124,-0.0016247928,-1.509267,-1.425364,-0.8136446,2.1318645
0.82505214,2.4842772,-2.9183075,-0.9509806,1.9566236,-0.8855189,0.27571872,-0.54078555,-0.8117202,0.4303635
1.4377625,1.1477282,-2.0286796,-0.862334,1.1300178,0.49972808,-0.8773428,-0.79159737,-0.0741659,0.25654396
0.6010408,3.363614,-2.5569556,-2.26215,1.7356241,0.61110395,-0.1724863,-1.7216289,0.05574996,0.25949326
0.3300367,2.743628,-2.1459715,-1.5849805,1.3170736,0.5919802,-0.2728039,-1.3517864,-0.7821423,1.0131841
0.90205985,2.0315776,-1.9054065,-2.2492635,0.4911567,0.7524488,0.20476717,-1.2029159,0.13903874,0.53151184
1.4300356,2.2177043,-3.1079142,-1.1131206,1.8117347,0.66832584,-1.4453619,-1.1284211,-1.3866004,2.1256375
1.6251822,1.8016208,-3.3631377,-1.0389255,2.0635056,-0.49446952,-1.0135236,-0.96494913,-1.3472227,2.3478644
1.4687501,-0.14866242,-1.1094664,-0.8113728,-0.14748055,-0.020376265,0.33723402,0.35111088,-0.24944392,0.1531772
0.932546,3.0210547,-2.4696906,-1.6299826,1.4146974,-0.4651003,-0.4900893,-1.1457998,-0.706874,1.3152244
0.5769666,1.4774433,-1.966435,-1.6348614,1.6470568,0.32719156,-0.06926152,-0.90682137,-0.26457956,0.4916447
2.5506167,-1.7268821,0.1255384,-0.634691,-2.0468035,-1.5864071,1.5787426,1.3208506,-0.1761851,0.18117659
0.31650183,2.1974082,-1.098664,-1.6893587,0.4554271,0.067094,0.44672275,-0.855705,0.25943378,-0.061000373
1.402962,1.578252,-2.6384013,-1.5339599,0.9605083,-0.56860805,0.43948162,-0.19680837,-1.1152048,1.1069
1.5673876,1.29783,-1.1390158,-1.7695668,0.025382936,-0.857183,0.6907332,-0.2613956,-0.10093049,0.09246865
0.6655094,1.704579,-1.7263335,-1.4183776,0.8770285,0.015892178,0.23380259,-0.6572161,-0.37456176,0.6583259
1.7888408,1.0925511,-2.116729,-1.8792648,0.477288,-0.2731226,0.5324471,-0.29842946,-1.0080616,1.3737357
0.10355283,2.421803,-3.1145957,-1.0476875,2.4780955,0.28399235,-0.018896893,-0.70576894,-0.81724656,0.56664944
1.6798484,2.0823584,-1.8514287,-1.9053962,0.5174964,-0.6333331,0.41559672,-0.55121946,-0.37489706,0.21816736
0.45926648,2.8911128,-1.9293087,-1.7734398,1.0400012,-0.7605915,1.1702236,-0.75103796,0.15655944,-0.59044826
5.634855,-1.5851473,-1.4648619,-2.633801,-1.643077,-1.4939096,1.630525,0.82779646,-0.8082601,0.6119232
4.0166574,0.7788509,-1.7471168,-2.1325922,-1.3693272,-1.6361593,1.2878442,0.3076861,-0.4025047,0.41362378
4.300082,-0.51987946,-1.5952361,-1.6147661,-0.66083944,-2.3049135,0.77175736,0.519347,-0.2890459,0.7518697
4.7191935,-1.775086,-2.460014,-0.3365348,-0.9348295,-2.812519,1.6822808,2.0151863,-1.6638232,1.0052078
2.2986536,-0.44153252,0.50439024,-0.99772877,-2.2783823,-1.1485225,2.0583978,0.9692147,1.203165,-2.3399382
3.5566585,-1.3866159,-0.85814685,-1.7917717,-2.196702,-1.1994421,1.9797647,1.348846,-0.21276566,0.043460045
2.7260914,2.3311467,-3.2169507,-1.9071043,1.6840376,-0.97985816,-0.45901352,-1.1516424,-0.9189867,1.4528903
1.984642,-1.5541887,0.5199962,-0.6465885,-2.1002479,-2.7920036,2.9794202,2.3314018,0.14773229,-1.3858083
3.638058,-2.6361337,0.63088423,-1.6630075,-3.5084367,-2.395444,3.380539,2.1974034,1.2057644,-1.7299589
2.8681078,-1.0400329,-1.0245615,-0.60465044,-1.7397511,-1.6693931,2.8001614,1.787119,-0.1748335,-1.1049713
1.8118186,0.64923704,-0.7372431,-1.3088976,-1.4519899,-0.6293614,1.1435218,0.2125464,0.037375204,0.24403079
2.2434063,1.0675145,-1.1926695,-2.2150893,-0.90799296,-0.10396087,0.9827604,-0.34187105,0.7114096,-0.41859785
2.871758,0.15501776,-1.5215645,-1.2388592,-1.1021372,-2.2461882,1.7377292,1.163495,-0.5443186,0.20490396
2.9257145,-1.6366049,-1.1339347,-0.21625417,-0.8852881,-1.4264535,1.1580789,1.2723925,-1.0883257,0.5962827
0.36179477,3.5983438,-1.4712763,-2.0992637,0.58012676,-0.047549784,1.0338495,-1.3135287,0.8391348,-1.5622057
4.2946916,-2.2652373,-1.173824,-0.6845849,-2.0818093,-1.7531534,0.55250406,1.8794684,-2.2826304,2.6613908
4.3094444,-2.7148185,-0.6284692,-0.75528413,-2.3098161,-1.1067809,1.0734015,2.0340633,-0.80797493,0.41389737
4.245081,-1.7150778,-0.5514225,-0.37831464,-2.7376313,-1.6976638,1.7692335,1.8977453,-0.090413414,-1.0858192
4.973077,-1.4764585,-1.5857655,-1.8609189,-3.1058428,-2.8556328,4.138666,2.7171972,-0.4116027,-0.9695047
4.5400887,-1.4974183,-1.4864272,-1.203649,-1.1875952,-1.7069713,0.12234497,1.3002826,-1.4876143,1.9403911
0.839656,0.42910218,-1.005817,0.41843477,-1.2562747,-1.1258286,1.4895794,1.4538245,-0.5918258,-0.39187866
0.9740722,1.0655204,-0.023233533,-1.1975608,-2.5526948,-1.2545702,2.9800596,1.1350566,0.87165016,-2.1817722
2.1944962,1.317912,-1.1160263,-1.6469346,-1.7748944,-1.9750916,2.542591,0.599548,0.518602,-1.0921785
1.5988114,-0.11666316,-0.23928188,-0.7694249,-1.4777455,-0.5023967,1.7619895,1.0552249,0.6041764,-1.6739788
1.6163285,-1.6090647,1.615662,-0.8778692,-2.696356,-1.8019687,2.964579,2.0404918,0.90277123,-2.739232
1.0693786,0.65915483,-1.1960738,-0.5737337,-1.0776285,-1.9877049,2.406936,1.2271963,-0.022277169,-0.820155
0.38835734,-1.420019,0.9400858,0.09157839,-1.6548152,-1.1038029,2.062449,1.5642309,0.48206654,-1.4972323
3.1691046,-2.0411496,0.46624494,-2.0309792,-2.8519511,-0.47686023,2.076187,1.1357492,0.62136245,-0.47698322
2.6088805,-1.3682632,0.8452683,-1.3535821,-3.091925,-2.1715612,3.0771494,1.6472329,1.3190016,-2.1253033
1.6867837,-1.1512918,-0.6467333,-0.23477522,-1.0702922,-0.7688446,1.4436477,1.0863883,0.3366808,-0.77393174
2.6404738,-2.333753,0.19442748,-1.3239667,-3.1805372,-1.4402031,3.1630015,2.2147887,0.53137803,-0.9575386
1.931704,1.1415079,-0.9320591,-1.5969065,-1.468935,-1.356325,1.9454765,0.43698916,1.5705822,-1.9336985
2.176626,2.48838,-2.584073,-1.8418605,-0.041933283,-1.8074232,1.3434799,-0.16785485,-0.3821446,0.5147504
2.5458665,-0.5448315,-1.793617,-0.7753184,-1.0224527,-1.5789233,1.8040249,1.1243646,-0.09431773,0.10184285
2.9273705,-3.7072492,0.928688,-0.3003949,-3.871454,-3.302065,5.057264,3.561911,0.97700965,-2.6720595
2.5738893,1.9256305,-2.1377864,-1.4940089,0.05820571,-1.0178736,0.51682997,-0.42104992,0.3363104,-0.37831348
3.7960007,-1.7292422,0.08167218,-1.8039112,-3.0802612,-2.6750298,3.7370956,2.1326368,1.091101,-2.141272
1.7297627,-2.2549462,1.2133838,-0.28235787,-2.9333954,-1.8512274,3.0461245,2.3212233,0.8437692,-2.4227157
2.7757072,1.522867,-2.6102679,-1.5312424,-0.27541742,-1.9182187,2.0726392,0.57846105,-0.69717485,-0.02498522
2.0159197,-1.9810404,0.8758454,-1.1100166,-2.742769,-2.1001906,3.3770652,2.280781,0.5649147,-1.9033706
-1.98684,0.3969599,1.0169538,0.15693751,-0.7144005,3.5528421,-1.0513875,-0.7020277,1.2764006,-1.150606
-1.0318602,1.1199145,0.31727272,-1.2204027,-0.4507988,3.5690885,-0.519906,-1.2154498,1.5837644,-1.5296139
-1.6625346,-0.416187,2.0549114,0.023384538,-0.7022116,2.5224457,-1.4423203,-0.18909916,1.8530587,-1.8356061
-1.989366,-0.26137164,0.40596813,0.38723963,0.9273105,4.0357776,-1.851565,-0.8949151,0.17027304,-0.46867666
-2.298548,2.3232741,-0.34138536,-0.57121897,0.7302204,4.7075453,-1.5162033,-2.105168,0.95839584,-0.628041
-0.84203625,0.8424865,0.43694115,-0.46847335,-0.26822308,2.5178194,-0.86269605,-0.51890874,0.9252664,-1.3280642
-2.7494783,-0.36368257,1.655309,0.5652937,0.59331757,4.1873765,-1.8039904,-0.9408181,0.9528848,-1.4007993
-1.4248614,-1.3811029,3.562394,-0.48566023,-1.2367707,4.064354,-1.0634271,-0.7115387,2.9416845,-3.6871676
-2.5065722,-1.3326803,3.2621973,0.8508433,-1.789493,3.796361,-0.76001835,-0.099383,2.2308338,-2.79888
-3.1835315,1.9159795,-0.5621334,0.19989553,2.3447843,6.387832,-3.2501154,-2.5376954,1.492439,-1.6402414
-2.1721392,0.67872995,0.43386453,0.48111346,1.0803323,2.860818,-1.5434333,-1.0090419,0.6041806,-0.8077309
-1.1366553,-0.5317705,2.774769,-2.0242648,-2.2772593,5.692958,-0.75436276,-1.3727088,2.6188533,-2.4733377
-2.4903722,0.38024414,2.1800828,-0.43971923,-0.9941117,5.468491,-1.7574884,-1.7787287,2.137344,-1.7892164
-2.3030221,0.98378754,1.722656,-0.25929257,-0.5155058,3.7814689,-1.6889293,-1.657139,1.5801163,-1.0597885
-0.5043449,-1.223032,2.4444883,-0.56159335,-1.8959708,3.600988,-0.61742544,-0.2197049,2.1629725,-2.6179218
-1.1633774,0.9353335,0.17042951,-1.3011377,0.25146598,4.64906,-1.6208706,-1.9568436,0.9525733,-0.5572942
-3.397185,1.6916126,2.7525575,-0.6281418,-3.0580807,4.246741,0.32761148,-1.2191398,3.0634177,-2.8936472
-1.8659117,-1.6226221,4.0409164,-0.18397859,-2.6070807,3.0619135,0.29798377,0.30341697,2.1661434,-3.4312768
-2.4882545,0.76285267,2.6508338,-0.6064992,-1.0694754,3.9785228,-1.6120787,-1.435528,2.9566407,-2.5879812
-1.3737057,-1.8702434,4.852003,-0.7080962,-3.91743,4.4957047,0.35452008,-0.29857573,3.4358308,-4.3295016
1.1844114,-0.9367763,2.5071027,-0.9362826,-2.8063817,0.26980668,1.1099349,0.51429355,1.5164009,-2.2611637
0.22190514,-0.77277577,2.2359655,-0.49981418,-2.7255876,0.59915614,0.15503234,0.1395043,1.3645588,-0.7410057
0.4813092,2.7487388,-1.2925429,-0.92521113,0.7830678,0.5325066,-1.0773401,-1.389235,0.43262503,-0.05611408
-1.6683643,-0.7030294,4.365545,0.32700133,-3.8855982,1.1097195,1.0508587,0.4046342,2.6573045,-3.1309564
-0.11144577,-0.9072448,2.4589145,-0.07183984,-2.9254756,0.8543885,0.8405364,0.40003788,1.714294,-2.172494
-0.40742773,1.1446503,1.099965,-0.71830314,-1.2502126,1.3792741,-0.55743337,-0.8730749,1.5597202,-1.204989
-2.2270646,6.7531905,-2.747297,-1.1088915,2.9285192,2.232286,-2.18123,-2.8002436,-0.14492598,-0.3169559
-0.63903105,0.883911,0.26798147,-0.6096093,-0.18555026,1.2241182,-0.019256584,-0.4331042,0.8766112,-1.2098404
-1.4602793,-0.37299806,2.6598136,-0.4679527,-1.6642318,1.5527374,0.3720144,-0.3557451,2.580827,-2.8182132
-1.9112582,-1.1065851,3.3373554,0.55581254,-1.2123849,1.5467657,-0.14069429,-0.19375852,1.965839,-2.8640494
-1.1035544,0.6069202,2.0410888,-1.0003183,-0.7861331,2.2122774,-0.469585,-1.074812,2.3182771,-2.5752008
0.7330374,-2.4279032,3.0131395,-1.4117596,-2.8904164,1.6714519,1.2416818,0.6435956,2.0861347,-2.7679675
0.8020314,-1.1436216,2.7804546,-1.2767837,-2.3736424,0.4008413,0.9516996,0.34158695,1.9779059,-2.759822
1.2097818,-3.154563,3.475614,-0.6648108,-3.4336152,0.16208392,1.4465687,1.199328,1.8818218,-2.4902737
3.627888,-0.62438756,-1.6850564,-1.3162396,-1.4584619,-1.9241818,3.032364,1.7910208,-0.5621719,-0.9329927
1.3938087,-2.477436,2.4651024,0.20771575,-3.2552636,-1.324653,1.4600703,1.8121599,0.8051615,-1.4359112
-1.6134754,-2.3846679,3.7904212,0.73236495,-3.0828319,1.6884434,0.94130635,1.5211087,1.2933049,-2.940754
0.34581253,3.5443044,-2.4303036,-1.6853504,1.911144,1.1238958,-0.77959275,-2.0047917,0.2780095,-0.15093705
-0.30129433,-2.1093717,3.5351646,0.3010234,-3.2907362,0.7928636,1.4015436,1.1455036,1.7346723,-3.2121878
-0.79454076,-1.4112126,4.461024,0.053254005,-2.8603454,2.6001387,-0.58378917,-0.23388526,2.6478732,-3.6305249
1.9628575,-1.7033064,1.0239034,-0.89070106,-2.7312465,-2.5584984,3.2191272,2.2756493,0.40596303,-1.8282044
-1.3529961,0.71828616,2.2066767,-1.061204,-2.0341005,2.1478562,0.43318474,-0.66317165,2.269931,-2.4385953
-1.4136585,-0.59461963,3.742202,-0.8073301,-2.872394,2.3485656,0.007915556,-0.20955428,2.8004138,-2.9331832
-0.71781594,1.1663091,1.573267,-1.5437073,-1.9043679,1.8094324,0.8477644,-0.6132337,2.2865877,-2.644236
1.129458,-2.1540337,2.8668067,0.21111947,-3.2277822,-0.020042598,1.3610691,1.3238394,1.829506,-3.1068296
1.3719162,0.45598304,0.11497854,-1.0412929,-1.0358129,0.5911813,0.23740193,-0.1978527,0.926515,-1.4766277
1.025412,-1.4820805,2.0423265,-1.6814194,-3.0205536,0.5034167,1.4136851,0.6802732,1.2464349,-1.1072544
1.3008223,0.42165744,0.4666888,-1.137782,-1.6851724,0.12046449,1.2441205,-0.015633851,1.6940929,-2.332592
2.8479013,-1.7214879,0.31862313,-0.31089482,-2.443078,-2.4790106,2.207003,2.085068,-0.10898315,-1.0178243
-0.69028777,0.033418536,1.0535109,-0.18792424,0.04067345,2.455841,-1.9780055,-0.98373413,1.5526633,-1.1100018
0.8475493,-0.53988665,1.6498533,-1.3390265,-2.9413118,-0.042301297,1.3312727,0.3502611,1.8932332,-1.4763733
2.4107714,0.34198433,-1.354805,-1.2468908,-0.70881563,-1.1788554,1.4579177,0.5090878,-0.15523577,-0.23047045
2.4262543,-1.6459594,1.0634619,-1.0863965,-3.0384145,-2.1696544,2.7297273,1.7257885,1.6149076,-2.336093
0.93860793,2.2925258,-1.9886895,-1.8913567,0.43236154,-0.38052762,0.1349619,-0.77486587,-0.013507314,0.87875855
2.6553414,-0.17348346,-0.06169443,-1.9406054,-1.9989963,-1.2247498,1.816681,0.5357787,0.88028824,-1.0169401
0.5651691,-1.3764429,2.3313298,-0.10366362,-2.664478,-1.0389293,1.274903,1.2767191,2.8341284,-3.4380722
-1.0735526,-1.308709,3.0645218,-0.46171495,-2.2684662,2.137281,-0.06573543,-0.12339923,1.7042214,-1.483362
1.3971411,-0.71105415,-0.30629483,-0.94091713,-1.5942743,-1.0192353,1.9926319,1.5242429,-0.46037424,-0.28190032
-0.91595876,-0.8636904,3.181875,-0.26833835,-3.5814729,0.8939825,0.69075704,0.38799143,1.1433843,-0.5627097
-1.3716725,-2.1501164,4.2896805,0.15396607,-3.8577728,0.2744725,1.5569493,1.4400868,2.3712397,-2.7269526
-0.70775014,5.1307206,-2.6313217,-2.1745648,3.4123678,1.7384468,-1.4128687,-3.0396721,0.26508054,-0.18933117
-0.26022285,3.3707976,-2.3634882,-0.15826687,2.929873,-0.73928815,-1.5690157,-1.4918101,-0.72551435,0.8783744
-0.6897607,3.326253,-3.1642034,-0.27253893,3.2736554,0.009415686,-0.22194034,-1.2379853,-1.1215042,0.553905
-0.71797323,2.2686987,-3.669606,-0.8167804,3.4325294,2.1413436,-1.324065,-1.1676593,-1.7587413,1.6826754
0.1813906,2.6947336,-2.7611604,-1.1622325,2.3901854,0.58494014,-1.6537321,-1.592082,-0.33088902,1.3500668
-1.0788693,6.367045,-3.248121,-2.3128915,3.8277268,0.7993295,-1.3050869,-3.4286182,-0.019693159,0.82244396
-0.81845903,3.0761008,-3.479791,-1.5677637,3.0023494,2.1647801,-1.1195517,-2.0776925,-0.4752041,1.20666
-1.091754,3.806054,-2.3968575,-1.4947966,2.4339483,2.204289,-1.3868906,-2.3451736,0.16755936,0.279445
-0.50771964,2.4166803,-2.832666,-1.550503,2.8900723,2.609229,-1.7753603,-2.138972,-0.3358762,1.2765137
-0.48896295,3.9378204,-3.093376,-0.48776093,3.1520734,0.42744476,-1.1608334,-1.5882767,-1.024682,0.6675138
-0.084481254,2.4348497,-3.4957054,-0.077937484,3.880916,0.02506262,-2.2237873,-1.4950209,-1.9582866,2.6793303
0.44560498,1.7453643,-2.8925612,-0.8627641,2.4225302,0.15095758,-0.74132514,-0.9855989,-1.3778394,2.0672202
0.3432909,3.4227595,-4.1498938,-1.2955022,4.110781,0.37797463,-1.964417,-2.0413766,-1.9829427,2.9803932
-0.7484033,2.5515246,-2.0914724,-1.1696578,2.2933245,-0.23465806,-0.47361982,-1.2251743,-0.72304803,1.3253496
-0.039434627,2.96766,-4.508366,-1.3316354,4.347737,2.398993,-2.4514637,-2.149232,-1.9209541,2.680458
-1.2554204,1.2002457,-2.300362,-0.08209792,2.8727455,2.0839305,-1.146929,-0.87359095,-0.11435016,-0.2590622
-1.0742949,3.4615655,-2.546767,-0.954886,3.445628,-0.0022101998,-1.1711001,-1.5152645,-1.0749823,1.5062441
-0.9650003,3.878652,-2.5084016,-1.1189893,3.4181015,0.7043879,-0.54476136,-1.854269,-0.18801457,-0.40484366
-1.2638277,5.1057057,-2.8012345,-0.6198493,2.6556356,1.2155817,-1.0799503,-2.3936973,-0.46609998,0.24986723
-0.31596905,3.8663068,-3.8448205,-0.94194597,3.9637647,2.0331292,-2.3963883,-2.2486465,-1.1030614,1.1101971
