-1.4661363,-0.5192815,1.923342,-0.41696662,1.5924835,1.2316036,-1.0893137,-1.4733907,2.6729143,-2.5712192
-2.215635,1.5170536,0.5540797,-0.6440725,3.4608974,-1.1915356,0.26624283,-1.1237646,2.4829018,-3.1397457
-2.8496203,1.4083802,1.470202,0.6009719,0.8622089,-1.2565017,-0.45250803,-0.57206833,1.8509595,-1.1562374
-3.707417,-0.5047888,1.8924522,-0.07238309,0.72238725,1.9305172,0.20521264,0.37477353,2.652204,-3.5574827
-4.0515943,2.5387042,2.704133,1.2515314,-0.0161293,-2.1023836,-0.6044273,-0.58372766,3.2482333,-2.5901048
-0.732571,-0.21530299,1.0516961,0.4758637,-1.2189918,-0.29618508,1.2287927,0.49653947,0.8249856,-1.6444794
-0.847723,0.5765709,1.1832299,0.6175576,-0.4639576,-1.8185422,0.17706303,0.19773677,1.6408952,-1.4807922
-0.9260626,1.1223835,0.113465354,0.35926437,0.8746562,-1.715419,-0.3441246,-0.2649483,1.1185943,-0.46030533
-2.1491,0.5368101,2.5012484,1.7128283,-1.777963,-2.1457222,-0.6887879,0.3426377,1.6349251,-0.22102204
-1.5826334,-0.18986745,1.9581884,1.4110204,-1.9225982,-1.4878976,0.29956025,0.7086808,0.7501301,-0.0748714
-1.8068142,-0.6856545,2.3136966,2.4022284,-2.4609704,-2.335461,0.08353542,1.4523156,0.99179524,-0.16202933
-0.49886727,-0.54872394,1.5950578,0.5245797,-2.0858984,-0.52621794,1.5146352,0.864072,1.3761319,-2.2396374
-2.033477,0.6251879,2.5167813,1.127205,-0.02888766,-2.1795428,1.0052072,0.19418782,3.0299737,-4.489796
-1.1305059,-0.06075862,0.4890683,0.49393582,-0.025021426,-0.23972477,0.7590215,0.6128339,0.93566287,-1.9298037
-3.7813303,-0.82204336,2.267057,2.6521916,-2.5724573,-0.9877694,1.187174,2.737857,1.5134641,-2.4025307
-1.5139256,-1.2191205,2.9747713,1.2831885,-1.7141482,-0.036474288,-0.82301724,-0.14912301,1.418835,-0.4050169
-1.3774133,-1.0828726,3.2608385,2.6057749,-3.6569967,-2.1344662,-0.6136799,1.7410363,1.6828576,-0.7262526
-2.7316008,1.2328041,0.47395673,1.848679,-1.2498208,-1.8619246,0.7416985,2.0028908,0.43158352,-0.9077908
0.67053765,0.1530319,0.87870723,0.24685891,-0.3658741,-1.5380859,-0.2258823,-0.29786885,1.5442129,-1.1806523
-1.9908037,2.2614758,1.2043849,1.294532,-0.22054495,-3.5212,0.3517519,-0.13919091,2.3108616,-1.8317351
-1.0366315,-2.0796115,2.1800294,1.6163191,-1.6784633,-2.1808903,0.6519338,1.5579243,0.7992062,0.048068352
-0.6401846,-1.8235655,2.4529653,1.0774325,-2.0161526,-1.065038,0.526555,0.6668729,1.5687904,-0.8639791
-1.7682545,-1.065572,2.7651982,2.1651313,-1.9587514,-1.8178701,-0.24259432,1.0051509,1.7806076,-1.1327287
-2.1438951,0.08035435,0.9872158,1.8548026,-1.3169879,-1.6960635,1.3267889,1.8250139,1.058916,-2.0844855
-1.9975557,0.12877755,1.7980165,1.7316979,-1.7166758,-2.195539,1.2637786,1.504593,2.0415585,-2.7438784
-1.5120009,-0.7960463,2.8581953,1.0371243,-1.2808541,0.3759511,-1.4893024,-0.5827818,1.7641038,-0.5311737
0.8111955,-2.8510795,1.905807,-1.1107213,0.13350914,1.4743452,0.38728663,-0.58619195,1.4878153,-1.6576333
1.176192,-3.8657432,0.89671415,-2.129932,0.856501,4.748852,-2.5075827,-1.7265033,0.0420005,2.6844084
-1.1759824,-4.4931517,0.9839292,-2.0862288,2.75175,6.559458,-1.0594107,-0.48130172,2.0280163,-2.9061701
-1.2042773,-2.056673,0.2978691,-1.3765284,1.4001201,3.5599334,-0.68924385,-0.14639449,0.5647981,-0.19396621
-0.12852882,-2.2653904,-0.15053008,-1.356223,2.0636957,3.9177182,-0.30247757,-0.16310278,0.2755287,-1.7102501
-0.15274788,-1.6627735,1.2014673,-1.4022487,1.4348223,3.7049568,-1.3429239,-1.9261237,0.7991222,-0.5582527
-0.60932803,-2.3272293,-0.6605831,-1.9853855,1.0775471,4.144722,0.6441489,0.10834501,-0.57914656,0.4122666
-0.46322817,-3.223121,1.1949837,-1.8666192,1.5028647,4.7442064,-0.68721694,-0.9341603,1.5080906,-1.6556549
-0.6269593,-3.0578628,1.222116,-1.4468894,2.6097205,5.100959,-2.26192,-1.4341607,0.85923296,-0.7941365
-0.7146727,-2.4008155,1.0432392,-0.42762762,0.8769147,3.0024025,-0.825314,0.34471852,0.92579454,-1.8294495
-1.3671179,-2.4206522,1.5534654,-0.9251381,0.41547072,3.7492726,-1.0962217,-0.41700107,0.17202532,0.45170298
0.2745552,-3.1961875,1.909404,-1.265623,0.81765777,5.7906466,-2.8729131,-1.8489848,0.30020708,0.109303705
1.1652032,-4.3345776,1.4569466,-2.9332285,1.0079663,6.685438,-1.3451618,-1.4993001,1.0650327,-1.0147501
-1.1483687,-2.022076,-0.45153615,-1.7530938,2.5282981,4.4660897,-1.148227,-0.1431664,-0.1680002,0.011517249
-2.0796134,-1.9791139,-0.19100189,-1.3659453,2.1380675,4.9249463,-1.8239926,0.020562746,0.248217,0.28851932
0.15790288,-2.7612534,0.23365809,-2.7214215,3.6155682,5.5547514,-0.7205291,-0.98714465,0.57473946,-2.7202883
-0.76983094,-1.7599427,1.1044321,-1.9007746,0.4702819,6.136262,-1.4438965,-1.6461604,0.4983602,-0.5414538
-0.98145235,-2.7071402,1.0265348,-1.5919907,2.4182086,4.2296762,-3.1410663,-0.97188765,0.8073299,1.0217364
0.39688706,-4.620682,0.32390216,-2.5875762,1.0810097,5.7852783,0.67714095,-0.0046540275,0.7214791,-1.6135508
-1.0472065,-2.4805992,-0.6414174,-1.9832653,1.9207703,5.170965,0.38120246,-0.2059243,-0.66899014,-0.13690862
-0.51067704,-2.1517212,-0.4450601,-1.6954507,3.1315877,4.604471,-1.7034199,-0.64808995,0.25062788,-0.6610817
-0.012297168,-2.8499904,-0.82137096,-2.219488,2.5441294,6.1686454,-1.2362846,-0.73929334,-0.43303746,-0.1197368
0.1976621,-2.940304,0.636783,-1.2996837,-0.6672066,4.3489065,-0.35723388,-0.13266274,0.19504613,0.14411613
-0.9675183,-1.7565211,1.1508477,-0.23306085,0.3787803,1.8711808,-0.3975262,-0.05031871,0.500903,-0.4958148
-1.9603386,1.8598883,0.4470968,-0.122482285,3.7261624,-0.80983526,-2.394012,-1.544594,1.5468781,-0.8026091
-2.2399554,1.0459682,1.0845909,-0.2535292,1.8955482,-0.6999551,1.0384678,0.0050352737,3.9305387,-5.9629517
1.4932196,-0.90165055,-0.23127237,-2.3036008,3.205071,1.0046024,-1.0460794,-1.8760985,1.3792987,-0.6764733
-0.68058544,0.19180836,-0.96483487,-1.6626135,5.0432343,1.2995439,-2.159699,-1.5173088,1.1657324,-0.698058
-2.1927335,-0.0055800527,2.5497873,1.1469476,-0.3107701,-1.4583468,-0.5068985,-0.33842248,2.8677015,-1.9438106
-1.8926866,2.0521438,-0.6376118,-0.62145424,3.5449436,-1.1073155,-0.911932,-0.7781568,0.7346407,-0.35012656
-2.8392856,1.3274975,0.97379017,1.1541203,1.0412277,-1.1305194,-1.0782728,0.19399542,1.5706798,-1.2583042
0.4228239,1.1105618,0.68542224,0.29948288,0.6994674,-1.6289811,-1.6444978,-0.85859185,1.6236815,-0.8860589
-2.9768853,-1.4385641,1.747118,1.1716751,-0.5216005,-1.0222594,0.65977234,1.3083731,2.0285993,-1.1813622
-0.5998646,2.081611,-0.6482369,-0.0558244,0.9939908,-1.2062485,0.5535047,-0.40421736,0.85448974,-1.6080354
-0.8546602,-0.5738583,-0.34848133,-0.32539308,1.06121,-1.7303753,1.9200172,1.1516339,1.0821004,-1.4118793
-3.1234426,0.3252368,2.750958,1.4511917,0.8048569,-2.585107,-1.4649844,-0.10578295,2.8171434,-1.1709758
-1.7709472,0.95210356,0.9601334,0.5428299,0.4426785,-2.021454,1.4343959,0.35679638,2.7051542,-3.8067665
-0.3805071,-0.29719806,-0.4385089,0.5523296,0.51138306,-1.5067327,0.72777593,1.1126806,0.17026426,-0.5405185
-0.80298173,0.59547836,0.45184043,-0.1183977,1.3852075,-0.6867293,-0.1400968,-0.60238004,1.2519727,-1.3445514
-1.5046167,0.3011337,0.6822824,0.16394116,1.8851844,-0.41044903,-1.1112261,-0.31890896,1.3734897,-1.1381441
0.4974873,0.36580127,0.22142638,-2.4907186,5.132263,-0.34992194,-1.0129232,-2.4778502,2.0884426,-1.9869744
-2.1464114,1.4965446,0.044987127,-0.5482888,4.4638805,-1.1871247,-1.832742,-1.018792,2.8420324,-2.3061426
-1.8416339,-0.77808577,0.65393,-1.3840263,4.463125,0.6570945,-1.8387419,-1.0187058,2.2606173,-1.2360227
-0.722332,0.5010649,-0.2906308,-1.5011913,3.4301372,-0.455955,-0.06743385,-1.3464551,1.7147087,-1.2740849
0.6936105,-0.44479603,1.3664691,0.59698856,-1.1407764,-1.839047,0.32863897,0.44085047,2.1667666,-2.3571289
-0.5098546,0.44277418,-1.5130019,-3.1623123,7.648118,0.51756614,-0.20563404,-1.8677287,2.159749,-3.44321
-1.617063,-1.1044157,1.3675019,-1.6102587,5.8669295,0.6484151,-1.921543,-1.4715613,3.3341112,-3.46909
-1.7249693,1.619058,0.93669206,0.26772767,1.6524603,-2.363404,-0.8298377,-0.6933773,2.233952,-1.2454396
-0.83120155,0.48640126,1.4051716,-0.54431665,2.9786515,0.57143074,-2.4374492,-1.7864264,2.291915,-2.2511942
-1.1860049,1.3825802,1.635857,1.6819957,-1.3573635,-3.3223338,0.4367033,0.5952889,2.1808405,-2.2654421
-2.5340438,0.61984986,0.6633826,2.0158591,-1.3615087,-2.4144096,2.0206265,1.6737658,1.4312323,-2.2096136
-0.65574455,-0.4920131,2.5147839,0.7478419,-1.6403346,-2.7323747,0.6768402,0.03803238,2.4994829,-1.2066187
-1.7967718,-0.6272319,1.1113902,1.4923542,-2.1728194,-2.5498128,2.457208,1.7683485,0.86537725,-0.6764141
0.28536338,-1.69276,1.2695816,0.53523844,-2.2374516,-1.5873094,2.3880334,1.0815483,0.70428556,-0.8478028
-3.098785,0.7285946,1.2576622,1.9675899,-2.3820727,-2.2646341,1.7751989,1.6668028,0.88669455,-0.6221006
-0.4035399,-0.03034763,0.50792307,1.4012936,-2.4928944,-2.4345138,2.2929146,1.7110881,0.6221737,-1.2968812
-0.90855515,-1.3996987,0.5387967,1.9326979,-1.4226712,-3.494483,3.3470218,2.9245012,0.81562847,-2.467219
-1.0860429,-0.45065135,0.4521034,0.7708527,-2.7627094,-1.5781736,3.7739472,1.7289721,0.7528497,-1.6001209
-2.4954438,-0.9447419,1.4827348,2.5557113,-2.2887836,-3.3694532,2.79288,2.8710685,1.3328506,-2.0491729
-2.3032322,-1.1892116,1.0592227,1.5160521,-2.4860802,-3.0418327,4.3942637,3.056333,1.9773647,-3.1574798
0.35233688,-1.1074834,-1.1584992,-0.38934255,-1.8896526,-1.541986,5.0836906,2.3631957,-0.6622638,-0.8701678
-0.830663,-1.5364311,1.9763297,1.8727524,-2.9467046,-2.1249495,2.3511717,1.7472047,0.7644837,-1.4008504
-1.2248781,-0.65705234,1.2871156,1.6950799,-2.822555,-2.565776,2.593042,1.9226401,1.1401576,-1.4364243
-0.272191,-1.1434135,1.8499868,0.07206996,-1.2411696,-0.9527538,1.6032518,-0.05719825,2.4241486,-2.4760077
-0.034263223,-0.5995502,2.4532676,1.2298723,-1.9415344,-3.4516275,1.3283871,0.5733077,2.394403,-2.161803
0.6426228,-1.3682938,1.8721642,0.8317968,-1.5526416,-2.6171687,1.2040839,0.2494311,1.4580587,-0.9411142
-1.3080268,-0.62571734,0.5297956,1.2060086,-1.8939854,-2.4233215,3.3656175,2.2598228,1.0863565,-2.2940562
-1.7443745,-1.149539,2.4420795,1.6351647,-2.694616,-3.2698352,2.4547102,1.7497884,1.6717429,-1.2410128
0.24829109,-2.327388,0.28496227,-0.3913896,-2.352835,-1.3764856,5.241397,1.6820877,-0.06966659,-0.8949479
0.24696343,-0.92424774,1.1965154,0.96663153,-1.4489117,-2.4754179,2.673126,0.96332926,1.4016131,-2.7353406
-1.6125335,0.36091602,-0.4763987,1.6746157,-1.4856231,-3.0262334,2.9290707,2.4438794,0.4304592,-1.3441645
-0.56780684,-0.6221877,-0.080995455,0.84631544,-1.807468,-2.2740107,3.093255,1.9334587,0.7758744,-1.3454347
-2.2525299,-0.18108104,1.3379135,1.6893917,-1.6510247,-1.9153464,1.6700228,1.8592777,1.434251,-2.1376605
0.2894956,1.185182,0.6307326,0.9085452,-1.4917693,-3.4688656,1.2336268,0.18554917,1.1706222,-0.8105368
0.5368609,-0.09626798,1.1913711,-0.5061237,-0.81546855,-0.61580396,0.34746176,-1.0801105,1.1727637,-0.16798288
-2.1410635,2.0113606,1.140937,0.092952505,2.721758,-1.6553395,-1.824538,-1.1715044,2.7847643,-2.17219
-2.1660867,0.04697846,2.7106571,1.4966358,-1.6395792,-1.0424671,-0.6140962,-0.33793348,1.4765344,-0.12697852
-1.2462122,0.2921164,1.359478,0.17754592,-0.60619426,-0.4356507,0.73793256,0.15939698,2.0179858,-2.4973762
-0.13174553,-0.28837532,1.756577,0.3595559,-0.12209302,-0.2714033,-0.9703616,-0.5312562,1.6887099,-1.6570214
-2.4431398,2.0946848,0.49939278,1.230522,1.1582165,-2.079446,0.3094753,0.23270047,1.8278027,-3.0410335
-0.42946792,1.6703752,0.115709454,-0.414137,0.3644415,-1.4429867,0.37603885,-0.4977432,1.3322161,-1.1348857
-2.0304508,1.622719,0.8253614,-0.19726597,2.158711,-0.80284923,-1.2512459,-1.3109621,1.2298884,-0.305619
-3.1597114,3.0075753,0.53569466,1.2087532,0.86005366,-1.7116957,0.17501356,0.12712002,2.5418816,-3.6688282
-4.3545737,1.3141938,1.9162648,1.5176743,-0.19943887,-1.2819066,-0.63083786,0.21657106,2.2931387,-0.9910315
-2.6559324,1.527539,0.22700746,-0.24998985,0.5864842,-0.75611025,1.4041559,0.29020905,1.6966003,-2.0780988
-2.2182353,2.9867237,0.13110572,0.5644158,1.7949643,-2.455408,-0.24753559,0.071648635,1.6222954,-2.3687944
-3.1998549,1.0661364,1.5230052,0.5355751,1.9995888,-1.4109948,-1.2225705,-0.36297077,2.9541855,-2.106455
-2.1104748,1.6899977,1.295706,1.1068503,0.4699571,-1.8585656,-0.86439204,0.09863179,2.2446046,-2.3109689
-2.2490358,1.0553024,0.3830267,0.86074644,-0.32310838,-1.0398139,2.453047,0.9629279,1.3486122,-3.511594
-0.6271163,0.7502615,0.015528605,-0.5426447,1.6506397,-0.12574369,-0.117927834,-0.4338339,1.9522709,-2.617051
-2.4774032,1.2682362,1.5388299,1.1743506,-0.5497193,-2.4596353,1.7548234,0.9600532,2.7713718,-4.1725025
2.3294551,-1.1857505,1.2902418,-0.2232625,-2.468843,-1.0052123,1.0918567,-0.31253186,1.0434685,-0.64916205
-2.5185795,-0.09603517,1.4812964,1.0472965,-0.80544287,-1.1121104,1.1472286,1.3324127,1.4650496,-1.960138
-0.57453704,0.7137156,0.94810504,0.44385707,-1.2381971,-1.8655851,1.6232641,0.09484332,1.5733868,-1.7821189
-3.3815627,-0.3027953,1.5957022,2.231625,-1.3720185,0.100967914,-0.08951412,1.9641083,0.7370926,-1.5478951
-2.155434,1.1534534,0.54345006,0.5216412,0.06568919,0.6989487,-0.0903268,0.12197408,1.4159201,-2.276837
-1.0631046,1.047237,0.63798267,-0.43462616,0.8956527,-1.0388939,-0.06938921,-0.46855682,2.0100722,-1.5858015
-2.0869203,1.9279755,1.0422992,1.2990289,-0.23142523,-2.4403858,0.9936621,0.61186796,2.6124303,-3.9234283
-3.2326665,0.76419276,2.0461617,1.3359445,-0.12632464,-0.8371955,0.024755107,0.019319646,2.8400679,-2.9834487
-2.3552928,3.2018735,0.46469393,-0.49060297,0.51755536,0.8296004,-0.20380856,-1.0366493,1.4417619,-2.3324287
-0.7216987,1.0433931,1.0197022,1.1087466,-1.8671807,-1.3583724,0.16773784,0.08030803,0.51399183,-0.021921732
-2.589411,3.2765589,-1.2835078,0.09040329,1.117793,-1.4544506,-0.122186795,0.15541989,0.44283113,0.21414632
-2.2346036,1.3265189,-1.0424032,-1.1317297,2.455742,1.5595539,0.8637948,-0.1871565,1.0095469,-2.55721
-3.2952113,3.705256,-1.2911332,0.6494152,1.4405726,-0.239629,-0.34372064,0.5639508,0.48022452,-1.5846566
-4.152998,1.4506394,0.20522411,1.7040441,-0.57685727,-2.0218823,1.9437668,2.109684,0.66574925,-1.406035
-1.951422,2.415863,-0.80312246,0.07540797,1.6078638,-1.8084805,-0.14118698,0.5195978,0.28872693,-0.16291767
-3.438953,6.4268055,-2.2384455,0.40661687,2.5807705,-2.7487848,-0.56745267,-0.24855119,-0.025571961,-0.16497797
-2.00173,4.3948092,-1.521647,-0.59619457,1.4996694,-1.8921273,0.7150056,-0.562466,1.01194,-1.1161243
-1.4890413,3.549717,-1.7490122,0.64930975,1.3346395,-2.2641184,0.32541722,0.42341822,0.4503954,-1.1658691
-3.2043567,4.6117277,-0.6937404,-0.13084565,3.004842,-1.8936863,-0.17890264,-0.68340033,1.1365539,-1.9928361
-3.7269943,3.4105494,-0.5171241,-0.20519944,3.0733442,-0.58708036,0.25773963,-0.44571084,1.8291595,-3.0852523
-2.5875306,3.2297585,-0.53756225,-0.45073783,1.4005702,-0.8061864,0.6167284,-0.62910146,1.1236162,-1.3502655
-2.4558296,3.3175213,-0.6910433,0.424923,2.0623472,-1.859932,-0.38772237,-0.33330533,1.1067133,-1.291174
-1.6156542,2.795151,0.07159856,0.27417016,0.082985565,-1.8422368,0.175328,-0.23210934,1.409931,-1.1566175
-3.761767,3.3558135,-0.20563966,1.0736727,0.45641398,-2.3276765,0.88368386,1.00242,2.3752275,-2.9520628
-3.0196984,2.4681447,-0.16627173,0.21129413,2.3117537,-0.7882132,-0.8332466,0.08520175,0.6547463,-0.9527844
-3.3772836,2.0830128,1.2409717,0.8912157,0.7806664,-0.35680774,-0.26231614,-0.0497716,2.1929717,-3.206928
-3.463847,3.0359857,-0.47220868,0.59003466,1.3081813,-1.8145328,0.36101508,0.70732325,1.1456068,-1.4287088
-3.275859,3.7105265,0.46232674,0.9676159,0.4707942,-1.0960557,-0.761501,-0.19042581,1.2277601,-1.5663666
-3.3322423,2.9113014,-0.61027193,-0.28792912,2.7469459,-0.09607333,-0.5323297,-0.66169393,1.1300424,-1.3333732
-1.3649951,2.6846976,0.15743835,0.14298344,0.7277629,-0.70872056,-0.70236987,-0.65362513,0.5857113,-0.85257214
-3.3319478,3.0689561,-1.1995059,0.8726154,0.7838645,-0.6705898,-0.7029239,0.5165456,-0.6731888,1.3691689
-4.312759,3.8469782,0.11732865,0.7891415,-0.37040466,-1.0656273,0.9365167,0.9564681,0.6730671,-1.5611943
-3.0779812,1.9224281,0.20321275,-0.30930793,1.8356978,0.61738616,-0.86608255,-0.55218786,1.2323799,-1.0879763
-2.8692415,-0.8288799,0.85105306,2.2890253,-1.9090648,-1.7004128,1.4340456,2.8703055,0.6508335,-0.961686
0.041424967,-0.45467585,0.9267625,1.6633161,-1.5995635,-2.5729218,0.1668775,1.0971936,0.51438266,0.08052758
-1.439193,-0.44860423,0.087345675,1.1176627,-0.60610765,-1.8257458,1.5541179,2.352326,1.3723216,-2.3081157
-1.384062,-1.4459758,1.9003065,2.3092215,-2.5626497,-1.6712103,0.48255512,2.2258134,1.3521405,-1.3066908
-1.930356,0.010625854,0.6452177,1.2487962,0.1588658,-1.2957268,0.27666762,1.45539,1.1762471,-1.8213837
0.13940778,-0.39649093,0.9629534,0.6127542,-0.4834559,-1.1706028,-1.1202799,-0.22722778,0.3917635,1.2335709
-2.3430557,1.6297743,0.050991505,1.1688029,0.7198118,-1.169266,0.26895395,0.8001892,1.686434,-2.8225014
-2.2877195,2.2075512,0.396118,1.1826401,-0.8250314,-2.421145,1.0301018,0.81653434,1.7493833,-1.9985815
-2.9537349,2.4703062,-0.4796386,2.055051,0.6850009,-2.7117498,-0.6538143,1.5030959,1.3290199,-1.35187
-2.6502986,0.6104164,-0.067470595,2.2775223,-1.1327547,-3.0016053,1.4898357,2.622925,0.6826948,-0.9087925
-2.2246876,0.88343364,0.571547,2.2101846,-0.6453347,-2.2069967,-0.22320057,1.3447579,1.469591,-1.3306432
-2.1707153,1.1285076,1.0442059,1.519318,-0.4536609,-2.977835,-0.6996933,0.5339126,1.9993392,-0.16941303
-0.3986621,0.29317427,0.6757322,0.84060544,-0.79322505,-1.298357,-0.10016127,0.36790445,0.68972325,-0.31314975
-0.9196265,-0.30215985,0.9611013,1.6791916,-2.430215,-3.2976043,2.9216132,2.2652445,1.1866765,-2.1707253
-2.49216,0.969257,1.3889068,2.605857,-2.2612672,-3.3158448,1.3145394,1.9046183,1.4500042,-1.7855695
-2.639189,1.3476522,0.6126391,2.2978106,-1.7197682,-3.159466,0.18240617,1.9200658,0.7283735,0.25850403
0.3202123,1.1601285,0.45151496,1.784967,-1.3652772,-3.0462327,-0.011364548,0.5102816,0.8639035,-0.8284087
-2.4081252,-0.65201974,0.92328304,2.7791352,-2.110762,-2.102753,1.1510111,2.888497,0.39538682,-0.9053583
-3.2551503,0.37459755,1.0087069,1.917758,0.3105393,-0.095005274,-1.5570217,1.2041442,1.333541,-1.344381
-2.641788,2.3293376,0.82314986,1.8958583,-1.1609708,-3.1771631,0.30548075,1.0979849,1.215823,-0.883548
-2.6227078,0.6285431,0.38392892,2.5934167,-2.167801,-2.9877975,1.1794167,2.2552116,0.5267945,0.06339007
-2.4679847,0.4461596,1.0124763,1.8257687,0.11327891,-1.6254163,-0.45513216,1.4253331,2.057083,-2.5091684
-4.121996,-0.5525013,1.64997,3.9466138,-3.3766198,-1.4239197,1.0473014,3.344877,1.2053646,-1.9070984
-0.8191894,-0.16124,1.1941121,1.2850063,-1.7320684,-1.7142448,0.18127345,0.90810984,1.0920689,-0.3622292
-3.7875533,0.48311788,0.6826028,2.4222493,-1.3583275,-1.8555286,1.1300738,2.5960913,1.2192475,-1.7543114
4.0051928,-1.0047632,0.23847567,0.25211018,-3.405137,-2.876951,1.5752223,0.12857622,-0.8307619,1.857704
-0.20810343,-1.12315,1.9933823,1.7656306,-3.2704453,-2.8021545,1.3715577,1.7241684,1.2442535,-0.91846526
1.7771608,-0.9978505,0.83735365,1.2462412,-3.4280307,-1.2911413,0.14815576,0.25481585,-0.5917691,1.957265
0.7096729,-0.093075916,0.47683042,0.34069818,-1.4654409,-2.3022416,0.7416005,0.16396394,0.086489774,1.250301
1.9300292,-0.19880779,0.6064022,0.6115107,-2.5080147,-3.0040267,0.22660074,-0.19144142,-0.47359455,2.9711883
-1.7352183,0.8087674,1.5226481,2.480927,-2.8474913,-2.6260126,-0.087882176,0.58169335,0.1890852,1.5777315
2.337893,-0.2962767,0.3525894,0.11549464,-1.2764317,-1.3023806,-0.60186166,-0.67890674,0.050605226,1.2511414
3.8120294,-1.1553223,-0.61076146,-0.2504599,-2.0949721,-2.3727798,0.9539417,-0.37882137,-1.3785673,3.391289
5.2990937,-1.9052202,0.79410297,-1.0713233,-2.166477,-1.3053815,0.5619333,-1.6091403,-1.008583,2.455879
3.444228,-2.307629,0.66961014,-0.4713891,-2.5213904,-1.391144,1.2055327,0.3466824,-0.41415992,1.4620764
-0.0072376356,-0.7302225,-0.36129025,0.66062963,-1.0987062,-1.9396973,2.6223052,1.434868,-0.35406572,-0.2302447
3.5933278,-0.25779808,-0.11746772,-1.5979221,-0.6641613,-2.4252565,1.0160155,-1.2788901,-0.2683778,1.9620724
-0.9881054,-0.80865926,0.7881678,1.2386575,-2.0035455,-1.9737289,1.4782552,1.6032251,0.30986506,0.26582816
2.7707918,-1.2954278,0.16485721,-1.2543532,-1.0346345,-0.8325122,1.0592397,-0.8497866,-0.16825674,1.4509064
3.9063501,-0.8336717,0.5247912,-0.57775825,-1.8488421,-1.4774218,-0.12518936,-1.0633764,-0.07815207,1.5466214
5.0879645,-2.0587122,0.478295,-0.66106504,-1.9483418,-2.0016065,0.5092747,-1.0177056,-1.0902125,2.6442401
4.7516356,-2.8252962,0.6360764,-1.4351681,-1.7955685,-0.01122722,0.62796724,-1.2137362,-0.64300865,1.9355664
3.6111465,-1.7790629,0.3340503,-0.5485226,-1.8597505,-1.7893403,0.98734695,-0.16902906,-0.9094992,2.0461025
3.3150322,0.1540244,1.0280502,0.202783,-1.7094394,-2.40967,-0.94916916,-1.8815562,-0.11677762,2.2467663
3.2040448,0.54484504,0.009954673,0.018706858,-1.565892,-2.5440733,-0.051751044,-1.078899,-0.24551414,1.6203735
4.680039,-0.83833605,-0.7206506,-2.2470016,-0.7238561,-1.1078155,1.7027963,-1.483683,-0.09872683,0.77962184
-1.3152231,-0.31636298,1.847702,3.0834284,-3.3245244,-2.5113375,0.0071528424,0.6616853,-0.40496433,2.1160443
4.050383,-2.3951488,1.2932043,0.073198214,-3.6750202,-2.0051951,1.0803657,-0.17951408,-0.6757993,2.3723009
5.05735,-1.4122763,0.05297397,-1.0407771,-2.027584,-1.610857,-0.8414546,-1.7167324,-0.99491066,4.4111695
4.3562,-1.8087323,0.31985667,-0.4918716,-2.0984206,-1.2751198,0.08133927,-0.9358341,-0.8401054,2.6325011
-3.3661647,1.1921763,1.9349313,1.5182581,-0.48989683,-1.7803795,0.7837732,0.98543006,2.0581574,-3.0345094
3.3065548,-1.5581396,-0.023543611,-0.22675686,-3.1985273,-1.3670712,1.6361051,0.47097003,-0.7917398,1.7971363
-1.9010471,1.6664085,0.83082825,0.6618499,-0.8340708,-2.3910673,0.072878316,0.15142694,0.68789923,0.8936422
-1.8866326,-0.83383507,0.83332384,-0.37529022,0.596367,0.09759587,0.16320626,0.3222443,0.3394501,0.743178
-1.131263,-0.6440041,1.3393791,0.7060995,-1.1191193,-0.61970204,-0.8677927,-0.075813346,-0.0924265,2.450391
-0.5644969,0.301939,0.10973166,-0.07705121,1.3182151,-1.4364598,-0.15666638,0.06149117,0.16346605,0.27177945
-2.3033037,3.3245764,0.04754816,1.0803024,0.5509999,-1.2224586,-1.4852417,-0.62862444,0.3114701,0.24558377
-3.7297907,1.8030496,0.317929,0.89460546,0.8445877,0.3168636,-1.5785658,-0.2078926,0.040642064,1.2465852
-2.494431,0.015057847,0.58849025,1.3691548,-0.8659103,-0.9520902,0.7196202,1.6313094,0.8002402,-1.0164744
0.27555013,0.5927555,-0.0061875423,0.14417978,-0.74489504,-0.23617774,-1.7162006,-0.7028704,-1.4487487,3.8159513
-0.38773632,0.72162616,0.5852772,0.3326841,-1.1514738,-1.4310515,0.34832558,0.050850168,0.29655683,0.5991925
-2.3601687,-0.24544887,0.44325528,2.422665,-2.826103,-2.1136212,1.3544726,2.781452,0.12646392,0.22340743
-1.7480594,-0.034405336,-0.16830018,0.4309246,0.9014295,0.18227148,-1.0455213,0.4721136,-0.13917463,1.1955073
-0.29829508,-0.19039379,1.3202673,1.4378548,-1.849292,-2.364351,-0.39342004,0.6251904,0.25529444,1.3072141
0.04274276,-0.19315453,0.054002002,0.5817134,-0.7359785,-1.0354564,-1.7958632,0.11581463,-1.2086452,4.1347437
-0.1109315,-1.5026081,1.0836432,1.0113546,-1.5931693,-1.1199145,0.38266456,1.0235369,0.37893912,0.417939
-3.301055,0.58906335,1.4732445,1.9808741,-2.0508451,-2.4201128,0.27093413,1.6277552,0.6513535,0.9943301
-0.50949895,-1.6083679,-0.5444613,0.20387124,-0.25754148,-0.20355216,0.74087584,1.3271979,-0.87425214,1.7597696
-0.6310244,-1.7988673,1.4457803,1.7322154,-2.587825,-1.5767107,0.47324008,1.3601784,-0.13350506,1.6182003
-0.21242906,-1.341003,1.05242,0.0668453,-0.34394324,-1.4530308,-0.069419205,-0.18175182,-0.22379774,2.626659
-1.677405,1.0867879,-0.8119466,2.2459679,-1.6892604,-2.4273908,0.31837502,1.8709201,-0.28071982,1.2667454
0.7732631,-0.5375245,0.03170616,-0.04922039,-0.4178028,-0.6434376,-0.15008448,-0.12946609,-0.26264495,1.3814894
-0.69358456,-0.28565013,-0.45110595,0.0010337085,0.12442635,0.323039,-1.0555111,-0.1084085,-1.0819033,3.2779524
-1.0946788,-0.6764516,1.0943828,1.3169813,-0.46574652,-1.5951376,-0.42795432,0.5796729,0.77911556,0.3689943
0.73620546,-1.4421755,1.0769109,-0.0062903836,-1.9979314,-0.3149317,0.2097622,-0.21650752,-0.52422506,2.4669406
-0.92809796,-0.5612138,2.2994082,1.7918888,-3.0474234,-3.1434598,0.9134407,1.1549355,1.372072,-0.062623076
-0.6937605,-0.44122905,1.0887392,1.775972,-2.3257222,-2.6925366,1.0220125,1.7864224,0.8822384,-0.5760452
-2.4233027,0.8140448,0.79602253,2.8566937,-1.4515342,-3.0849948,0.22233449,2.2550051,0.94569635,-1.0299077
-3.134816,0.9037702,1.2965004,1.8993118,-0.2658931,-2.2862031,-0.4385883,0.86595505,1.833422,-0.8616154
-1.0213063,0.18999667,-0.50675374,1.4076017,-1.1797107,-3.304701,2.4581506,2.4841502,-0.26076365,-0.32602882
-1.401011,0.1932251,-0.27004275,1.962609,-0.89124787,-3.2419052,0.77314216,2.2086046,-0.3193034,0.9151919
-0.68511796,-0.2685256,-0.56013757,1.4727268,-1.4585053,-1.724755,1.3750906,1.9342092,-0.23820107,0.12301933
-4.610121,-0.11338778,1.011616,3.518537,-1.6818961,-2.934749,-0.14056768,4.300073,0.8512765,-0.40494847
-2.7205687,0.8690173,0.83242446,2.7555344,-2.056263,-2.7726977,1.0999743,2.2978017,0.8974529,-1.2961004
-0.74625844,0.515953,-0.86167943,1.1886263,-1.2067391,-1.8717206,1.290132,1.6579511,-0.60934067,0.6107179
-3.276298,0.7772078,1.0901787,1.9382629,-0.55534387,-1.8619056,-0.49934462,1.1098158,0.89011115,0.18931556
-0.7657435,1.0462582,-0.6648177,2.319546,-1.7082685,-3.2171283,0.7455336,2.5735028,-1.0015144,0.6019286
-0.9190841,-0.9376748,0.59401566,2.7638526,-3.266666,-2.9019172,1.2690535,3.0866337,0.094415344,0.17361945
-0.021892205,-0.7177663,-0.6401858,1.5247914,-2.7916312,-2.2052057,1.8907024,3.2407298,-0.9961922,0.65973616
-2.1938155,-0.6046559,1.5764546,2.8525786,-2.142508,-2.9302347,1.0434413,2.7915165,1.0619161,-1.6144934
-3.7734725,1.9217069,0.023192406,4.0009394,-2.2262359,-4.5597734,0.36869594,3.5553224,0.316835,0.15851414
-2.4308767,-0.5114818,1.7532885,0.97964984,-0.95599926,-1.3570209,0.42628688,1.0500286,1.744199,-0.8389154
-1.0509808,-0.09254934,1.3123868,1.9006139,-1.2366023,-1.2734473,-1.2457196,0.73762596,0.27622515,0.5882238
0.13264918,-1.9263185,0.39067003,0.32639056,-2.0758104,-1.6945102,3.6099443,1.9027361,0.20746355,-0.9217056
-2.255927,0.31694388,-0.068653844,2.476683,-1.5095791,-1.2135785,0.5089276,2.6926782,0.2520703,-1.2257581
-2.5097377,0.9910957,0.8305506,2.5227578,-1.6104196,-3.4321892,0.7183468,1.7834517,1.6348387,-1.1626576
-2.9265394,1.5534663,-1.1733263,2.90585,-2.253317,-2.4304385,0.86562353,2.8358357,-0.9482869,1.4442918
-3.556581,-0.3967135,0.16983654,3.7816029,-1.8216983,-2.2325368,0.7581288,3.8507545,0.9411901,-1.6007928
-2.1037853,-0.83952856,0.04074584,2.5947871,-2.3874302,-2.1568499,1.6512606,3.6194303,0.36423087,-0.76742756
-3.2442868,0.47454292,-0.48769566,3.461842,-2.5990443,-3.7411618,2.3495355,4.2144117,0.32465234,-0.875449
