-0.019084543,-0.53885627,1.4008418,0.9093393,-2.8114307,-0.68409437,1.0784719,1.1145823,0.8075094,-1.4934936
0.50025856,1.8463086,0.14039913,-0.9499374,-1.8688986,-1.1139541,0.87223196,0.15924555,0.3448482,-0.04760456
-1.0413784,1.8036811,1.1497202,-0.50417703,-2.6325622,0.47610706,0.53853536,-0.46417713,1.6112132,-1.286386
-0.8426126,-0.020215645,1.8271244,-0.0554474,-1.213597,0.41183662,0.7531994,-0.12283766,2.0184612,-2.9848664
-0.22770283,-0.35534012,0.98566025,0.23850228,-2.314397,0.4220026,0.6715775,0.8163451,0.9226151,-1.210758
-0.33529592,0.06990568,0.6247485,0.17563216,-1.713042,0.18580325,0.19870329,0.25344035,1.0603211,-0.7235668
-1.1426061,0.72306633,0.94298893,-1.1420448,-1.6099377,2.0474622,-0.5661298,-1.1192708,1.8826282,-0.49910176
-1.6772732,0.12559365,1.7014494,-0.9649507,-1.1887641,1.9740566,0.017900502,-0.7009987,2.1258738,-1.7310188
-1.9865204,-0.9349619,2.1068432,-0.59323955,-1.2784339,2.529424,-0.25239116,-0.21515867,2.4967582,-2.657908
0.5931121,2.6549158,-0.31677842,-0.201734,-2.215926,-2.9014544,1.6458899,1.0648785,-0.24179585,-0.1385572
-1.618595,-0.07946418,0.92009217,0.13783287,-1.2483417,0.7557198,0.22641449,0.15175661,0.81856906,-0.36001185
-0.6241746,0.03523822,1.6739511,-0.831193,-2.0407991,0.7127372,1.2058299,0.10542846,2.35408,-3.212588
-1.21297,0.4773103,1.6785165,-0.90285826,-1.5935748,0.698786,0.7906905,-0.28316966,2.2039268,-2.4167173
-2.2588844,1.3626179,2.2662709,-1.8958199,-2.3520012,2.2103524,0.17476517,-1.0151806,2.7422802,-1.7871721
-2.9438393,2.6606874,1.6704457,-0.83856,-0.83363914,2.002641,-0.51525104,-2.215147,3.5717318,-3.5257027
-0.2863904,0.6481741,1.2967173,-0.43679798,-1.4884355,0.15807813,0.03879098,-0.4307962,1.4870846,-1.4190562
-2.5000377,1.6606894,1.6830269,-0.5437058,-1.6864856,1.4245886,0.15785599,-0.85182494,2.323204,-2.0805805
-1.7542388,0.61956716,1.3647572,0.026108526,-1.8932347,1.0975578,0.4994728,-0.22371,1.8131124,-1.7686529
0.67941344,0.3261077,0.24492103,-0.5319106,-1.382783,-1.654156,1.238598,0.99455446,0.0038263686,-0.16271451
-0.47860563,0.6490093,1.0799453,0.113323376,-2.392154,-0.31721675,0.69404685,0.20669186,1.4916148,-1.5716932
0.06033364,-0.098132625,1.4739009,-0.3347479,-3.133079,-1.2264422,2.1494217,1.4589934,1.4165187,-2.1239371
-0.6016512,-0.48008347,1.7311109,-0.6711263,-2.6926072,0.9225214,0.57639104,0.1431852,1.8272887,-1.3233507
-0.6274853,-0.6286618,1.487724,-0.20125599,-2.427826,0.7660805,0.10741244,0.47046024,1.2158804,-0.8792858
-1.3720464,-0.34122568,2.0765917,-1.7094542,-1.4786935,3.4891372,-1.0233915,-1.600929,2.7655962,-1.2988296
-2.181686,-1.4301324,2.858596,-0.54521006,-2.152867,2.3161118,0.38576946,0.15222737,2.6435654,-2.5413446
-0.95472014,-2.0921714,-0.87452006,2.5271964,1.7980628,-0.23748071,-1.4807935,0.7283668,-2.658408,2.935582
-1.709561,1.9979753,-2.579093,1.441356,3.4805808,-0.68307024,-1.2414808,-0.984822,-2.0624282,2.2701128
-1.1455537,1.4919517,-2.037776,1.8324162,1.899486,-0.3599162,-1.3711357,-0.6177361,-1.8024615,2.0409086
-2.9431558,-0.91078556,-1.244028,3.0111914,3.6653466,0.921698,-2.7318504,-0.52479255,-2.3552573,2.9871838
-3.375426,0.9753759,-2.0289853,4.3730664,3.1842058,0.6741266,-3.2124758,-0.8084975,-2.1032598,2.0582094
-0.24278602,4.9543476,-2.9246001,-0.29769242,2.163872,-1.301359,-1.197845,-2.054182,-0.9754321,1.8855603
-3.546974,6.1295066,-2.9684691,-0.30931032,2.7086275,-0.08437766,-1.2981579,-2.6189163,-1.1401298,2.9047916
-3.4563062,2.1738086,-2.7943218,1.5991608,4.8487196,1.0668917,-2.309864,-1.8671732,-2.0975723,2.7996037
-2.1822903,0.83727145,-1.7902377,1.9165432,2.9356115,0.09227078,-1.3302808,-0.69397706,-1.407598,1.4236834
-1.6307138,2.0534077,-2.8170512,1.9477048,4.5129204,-0.9073341,-1.8954711,-1.5967464,-2.4891202,2.9045508
-2.1619534,1.1552134,-2.1135128,0.98246,5.7034016,-0.18716253,-1.1737034,-1.5075643,-1.2314023,0.5780948
-2.5363162,-0.23073749,-0.13050532,2.3112025,1.7200717,1.1169677,-1.6151422,-0.4285005,-0.5205862,0.014832333
-1.8665131,0.20989017,0.18107298,2.7983847,-0.87127733,-0.3187725,-0.5229451,0.7165128,0.19765563,-0.8806821
-0.87914026,-0.0064814836,-0.84081423,1.0411435,1.6642507,-0.39626098,-0.31308293,0.01876393,-0.87268263,0.62248814
-1.7023262,-1.8823409,-0.65872055,2.944105,2.8187408,1.2355465,-2.0311642,0.15265298,-1.7131364,1.0901308
-3.1839468,6.1247253,-1.82208,-0.44118923,1.293172,-0.32895267,-1.0030793,-2.3704789,-0.6519499,2.296193
-1.4575695,3.1255507,-2.64727,1.2968019,1.5799685,-1.1278731,-1.1690397,-1.1604688,-2.4024613,4.012988
-0.8205751,2.3222787,-3.5247169,1.5398084,4.3721986,-1.8272427,-1.5211971,-0.8113679,-3.1433601,3.6400733
-2.9330356,1.281549,-1.3415405,3.5321283,1.4825329,-0.19674124,-2.201464,-0.73003346,-1.8306001,2.9177058
-3.7314136,1.3174398,-1.3850089,3.0240822,3.1162224,0.3441429,-2.5314174,-1.3373632,-1.0701096,1.8550317
-2.5959563,-0.1461374,-0.8244446,2.3239176,3.4832509,0.4056673,-1.7940767,-0.6929415,-1.4101899,1.3103571
-3.018109,1.2761773,-2.3704734,1.6396823,5.3143907,1.1874586,-2.0399084,-1.666498,-1.787536,1.3644319
-1.3208106,6.2365994,-1.3718542,-1.4993556,-0.3331114,-2.6596198,0.7836063,-1.493742,-0.5534666,2.308511
-0.62999797,5.6971765,-2.7706559,-1.4470239,2.0558882,-1.5565062,-0.80902904,-1.8825018,-1.676009,2.8856812
-1.700685,2.7367032,-3.799743,1.6292489,5.564062,-1.6284994,-1.8699901,-1.6747384,-3.3040736,4.026352
-0.50219315,8.4838295,-2.9281418,-0.46563578,-0.89984727,-3.5635078,-0.046349123,-2.367139,-0.7386901,2.4106703
1.0467831,3.183259,-0.10847764,-1.6295459,-1.4358022,-2.624597,2.6251187,-0.35269943,1.5260909,-2.2970893
-1.2367951,5.661244,-1.5446657,-0.5824715,0.03776206,-1.7232364,0.61723655,-1.8304591,0.40510908,-0.027633965
-0.06275836,3.5184524,-1.6010329,-0.021215782,-0.24843864,-2.0029895,0.3305265,-0.9264352,0.0141630955,0.6808732
3.1724331,0.5933696,-0.29810748,-1.2420748,-1.7500451,-2.875829,2.5071642,1.0472205,0.29035515,-1.2162044
3.625622,1.3661375,-1.6138995,-0.7792378,0.24080603,-4.080658,3.0201151,1.0985014,-1.0941263,-1.3487945
-0.017989367,6.474023,-2.4592125,0.060989395,0.594846,-3.320721,0.3340749,-1.6475167,0.14697199,-0.7022429
-0.6209787,9.278746,-3.5720685,-2.8587341,-0.39882386,-2.9217403,0.7992944,-2.294187,-0.59556365,2.8603194
-1.5870453,7.0579677,-3.4045186,-0.5333793,1.9115714,-1.7963521,-0.563027,-2.081567,-0.085390195,0.507834
-0.3073019,3.9020941,-0.4847335,-0.5123938,-1.7358725,-2.3712623,1.6379321,-0.5256815,0.4379813,-0.53834385
1.8487419,3.8326685,-1.8724836,-1.7733206,-0.1641437,-2.8280413,1.3492467,-0.4324143,-1.423729,1.8324614
1.9864684,2.1907794,-0.6933154,-1.0465324,-0.5418176,-3.0433211,2.3076153,0.08863884,-0.120826736,-0.9877875
-1.2954774,5.6729383,-1.6372315,-1.6231856,1.2179402,-0.42911154,-1.0752754,-2.2024915,0.29060477,0.8659944
-0.9597249,6.5507283,-2.0033455,0.0874715,-1.1839404,-2.9983208,0.28446674,-1.1593149,0.06600006,1.1343942
-0.40135384,3.2807863,0.24741417,-0.6033621,-1.5467653,-1.0426799,1.116251,-0.61706287,2.01812,-2.697789
-0.9231609,6.3208437,-2.3702545,1.0233843,-1.4356686,-3.593404,-0.7302147,-0.47426578,-1.1905875,3.1132712
2.896524,4.4393544,-1.1301184,-2.327853,-1.7809997,-5.062299,4.005441,0.60927063,-0.17972495,-1.0518837
1.427148,6.2049994,-1.0301495,-1.5841312,-2.8098223,-4.2548094,2.9827244,-0.081967324,-0.067990005,-0.50245696
1.404689,7.3314967,-1.5510381,-1.8045664,-3.0721817,-5.0759892,2.403421,-0.5979363,-0.088235036,0.83719367
0.8480331,4.562376,-1.6660632,-1.7964256,-0.21121229,-2.7025402,1.4711838,-1.3626668,-0.29854932,0.6683453
2.0020263,1.0952451,0.28845054,-0.7218893,-2.1788836,-2.5708945,2.399921,1.0626421,0.5397892,-2.0075998
1.6265451,2.4945378,-0.6261857,-0.09344435,-1.6142383,-3.553037,2.4906497,0.6476764,0.77380055,-2.4252346
-0.8177149,7.0855083,-2.1025774,-0.9246942,0.021494463,-3.1615293,1.1829952,-1.8052931,-0.2560611,0.65751976
1.9145046,2.2033918,-1.6876837,0.54785645,-0.36124563,-4.2042027,3.0720065,1.1428633,-1.0166981,-1.3117411
-0.8253472,8.973692,-2.9868877,-0.5636587,-0.15583013,-3.9690592,0.9369315,-2.1542132,0.31196603,0.15254694
1.0324887,6.079887,-3.2732801,-0.11262141,-0.14855091,-5.2102523,1.2533165,0.004982397,-2.5520165,3.0112696
0.92775357,3.9191039,-2.4093206,0.5668107,-0.055822656,-4.524118,1.989351,0.704485,-1.4679046,0.43641812
-1.244114,1.7051903,-1.0051082,2.3914795,1.1163963,-2.044387,0.0874169,0.4281215,-0.72296697,-0.7974617
-0.98933995,2.2309024,-0.754753,2.1052585,-0.7219461,-3.0770454,1.639494,1.0469165,-0.8125494,-0.75745255
-2.0258253,-0.6954398,1.5044433,1.9099756,-1.9741797,0.10256152,0.8599025,1.1956966,1.4777331,-2.7688625
-0.921893,0.23133312,1.4873537,0.40388662,-2.2429576,-1.0914803,1.6370096,0.5958473,1.5897385,-2.1875951
-2.06815,-0.2584206,-1.4259335,5.2198834,1.3259171,-1.2052611,-1.1153098,0.94239646,-1.6104965,-0.009456158
-3.0595908,4.9480863,-1.4579271,1.032942,1.1240597,-1.6122001,-0.27701163,-1.3862317,0.016698916,0.3422892
0.52395976,2.9868762,-0.21018857,-0.105892405,-1.4272364,-3.2217188,1.3180935,0.3086482,0.5968935,-1.1118406
0.8694098,0.7306889,0.92561126,-0.18706155,-3.9329853,-2.6769824,2.7002804,1.6414087,0.4151335,-0.89261633
0.17068198,0.42396343,0.36747718,0.6594145,-1.2397313,-1.4801705,1.3125983,1.2398274,0.50808567,-1.8642354
1.6590549,0.946971,-0.77522844,0.67415804,-1.3984879,-4.313485,3.3659043,1.750967,-0.0964189,-1.9932544
1.1187564,4.429495,-0.18268144,-1.6735264,-1.8287919,-2.7211173,1.5411255,-0.91766155,0.79783916,-0.4851017
0.24309006,0.31652063,-0.034120247,0.79447085,-0.38938886,-1.4039055,1.3438115,0.7170662,0.16330409,-1.8128779
-1.4718069,1.764905,0.95513093,0.96048415,-1.8823004,-1.3340087,1.4468491,0.7346516,1.7453923,-3.2251432
-0.49454767,0.12158896,0.4119273,1.3012084,-0.8811641,-0.8345799,0.9067617,0.85065347,0.54577094,-2.0850887
0.37086105,0.78973305,0.5784345,-0.053323284,-1.0770302,-1.7722716,1.6138515,0.7522939,0.94340473,-2.2490714
-0.31981072,1.8699156,-0.3678446,1.0739474,0.27141756,-2.5462928,1.2692821,0.16115496,0.10473654,-1.5975556
0.007747829,7.0124097,-2.6107106,-1.4686081,0.98656476,-3.4942663,1.1582408,-1.5738618,-0.4159722,0.48446912
-0.13232663,3.1497881,-0.54040664,0.045776382,-0.51324797,-2.134222,1.1446543,-0.55934393,0.59421366,-1.0771914
1.6793493,0.834382,0.46486863,-0.9566817,-1.4407489,-1.9147807,1.9873211,0.527884,0.7734985,-1.9640346
-0.13567486,3.453051,0.11114396,-0.55314803,-1.8263526,-2.1952472,1.7955651,-0.19274528,1.4365832,-2.0647619
-0.27952093,0.48315996,0.5503209,0.8752405,-1.1717412,-0.62265295,0.51939553,0.25029135,0.7737331,-1.5325537
0.217785,2.2101023,-0.50536245,-0.13804635,-0.62326264,-1.5174872,0.88177645,-0.10335776,0.6247049,-1.2180479
0.84141517,0.40168542,0.8856242,0.017272472,-2.074002,-2.2472818,1.7497396,0.9990992,0.99702513,-1.8378005
0.65144694,1.8767912,0.13342237,-1.2293093,-1.1138805,-0.8165344,0.98677105,-0.5672214,1.32286,-1.3834848
-0.6449007,1.0034823,-1.0722951,1.1446885,1.1469315,-2.1884215,1.108165,0.63442194,-0.8240326,-0.36360455
0.7597914,1.8541076,-0.24221405,-0.2902211,-2.1259017,-2.5906417,1.769973,1.0284376,-0.3422658,0.20030141
-0.23992589,0.79002434,0.36696875,0.6757784,-1.7561274,-2.2112055,2.5159914,1.7803032,0.61573935,-2.734216
1.3281816,0.7794955,-0.26849595,0.2016363,-2.272468,-3.6414464,2.61093,2.385974,-0.70149344,-0.5527883
-0.71065915,-0.27134132,0.33860275,1.7133495,-1.5468117,-1.634876,1.3545232,1.610564,-0.393344,-0.5536876
-0.9130199,-1.1105106,0.4485952,2.3212023,-1.2099538,-1.3121473,1.0515616,1.6218956,0.05915012,-1.4155047
-0.067263365,0.9306606,-0.2671425,1.6745679,-2.2923956,-2.7297838,1.5005102,1.7699416,-0.9415161,0.20238194
1.14978,2.9244769,-0.76453125,-0.5216067,-2.1226528,-3.4814873,2.0294394,0.8656662,-0.5336819,0.4603598
-0.11438945,0.1566018,0.63531625,0.994586,-1.9618342,-2.1959102,1.9097344,1.6130328,0.65976906,-1.8898177
-0.5594413,2.249749,0.6136956,-0.39834803,-2.326192,-2.1150997,2.23132,0.9761234,1.1972988,-2.0998528
-0.92882824,4.1625266,-0.5886599,-0.24540715,-1.2051306,-1.7593027,1.1575809,-0.7995632,0.8024605,-0.8395022
-0.26910108,-0.95135903,-0.32021204,2.2061963,0.20426784,-1.4464368,0.7684859,1.028379,-0.7822797,-0.38327992
-0.89954495,-2.5961454,1.959679,2.2546737,-4.0035563,-0.27589822,1.5617485,2.2274125,0.91808796,-1.6383586
1.6491374,0.6542546,-0.2784001,-0.03767906,-1.4233129,-2.822129,2.052735,1.648248,-0.4875249,-0.71046287
1.8641382,1.7458236,-0.23716813,-0.45642155,-1.4514347,-2.605058,1.9664228,0.10921088,0.2592839,-1.1107972
-1.9383278,-1.1935799,0.34673247,3.1082206,-1.2085713,-0.7113693,0.43618986,1.4488692,-0.36944082,-0.35324445
1.2064025,0.65558606,-0.2585724,0.6312438,-1.7992902,-2.976061,2.687005,1.6695395,-0.74408776,-0.87795055
-0.77116084,4.131968,-0.26091364,-0.5164536,-1.7758174,-2.3012493,1.0017301,-0.38135076,0.3006845,0.43025434
0.74157834,3.6509216,-0.84311104,-0.43456674,-2.015712,-3.5672476,1.9845922,0.39758134,-0.5284189,0.548992
0.8211993,3.4850695,-1.2869947,-1.5306804,-0.9658712,-3.4162023,2.5966864,1.0006187,-0.2515879,-0.32166398
0.13622604,3.8255076,-1.6714405,0.5079422,-0.47322905,-2.442773,0.926748,-0.3207998,-0.8523664,0.31834024
-1.5119599,0.76581943,-0.48006624,2.6739233,0.68109554,-1.293786,-0.59146106,0.21731865,-0.62826234,0.2130655
0.9491255,0.9694352,0.26214322,-0.12248911,-2.4775853,-2.3104827,1.7943523,0.7058265,0.097591355,0.017499477
-0.82212305,1.0808111,0.00033990107,0.6875575,-0.8029201,-1.4898778,1.2386582,0.7136113,0.29923394,-0.9677366
-0.35528865,-0.5089237,0.5217206,0.7922617,-1.6871432,-2.3956354,2.2885556,2.0368135,0.20819406,-1.250927
-0.63112736,1.2418993,1.8268285,-0.72341263,-2.7387362,-0.71663135,1.5596383,0.18218857,2.3108466,-2.5576034
0.29242462,-0.42477942,1.6336327,0.18259422,-2.1650941,-0.98859787,1.7243475,0.78732073,1.9639773,-3.2519038
-1.5495957,0.25833678,2.372169,-0.6376735,-2.9525938,1.9737029,-0.047499105,-0.70377094,3.5059152,-2.8007445
-0.7555318,-2.7422469,2.7200334,0.04265882,-4.250742,1.4689795,0.8227873,1.6495221,2.2047942,-1.92431
-2.6106675,-0.19176362,2.9966204,0.20815827,-3.6155684,1.5234503,0.6788618,0.33256084,3.7551281,-3.5324914
-2.5177882,1.5607598,2.75845,-1.2864187,-2.6876311,1.6336948,1.2739477,-0.67218363,4.4333596,-4.877987
-1.0360565,0.05845961,2.3763378,-1.6968644,-2.4174933,1.8436422,0.46528262,-0.81499547,3.0642457,-2.1527214
-1.6594609,1.1591984,1.4406424,-0.5245913,-2.1468458,1.8123502,-0.2728727,-0.48128057,2.371868,-1.8326278
-1.4360696,1.2355053,1.2170476,0.4931007,-1.8050711,0.9019715,-0.25625196,-1.0524032,2.1511128,-1.7639213
-1.3365152,1.2037714,1.9899031,-1.353965,-3.0270836,0.6278688,1.0207088,-0.30335853,2.7614481,-1.8730168
-2.1941707,1.2330475,1.8989291,0.6383004,-2.7205343,0.60749614,0.51063764,-0.2692987,2.691775,-3.0955
-1.0341109,0.6351685,1.2491163,0.4864353,-0.85526264,0.15878151,-0.14491102,-0.014690787,2.2689483,-3.0236375
-1.182116,0.7551918,1.2604471,-0.1570673,-2.1174278,0.15527005,0.66770256,0.4152292,1.135477,-1.1381989
-1.9828932,2.9429185,-0.06205053,0.4651842,-0.2532965,-0.04600045,-0.46699724,-1.1347089,1.0869701,-0.86548114
-1.4045258,-0.26205653,1.7624196,-0.24350938,-1.8951166,1.7061995,-0.4033282,-0.41098142,2.2748091,-1.6592784
-0.32359347,1.2084116,1.3447019,-1.2054886,-1.4724624,-0.097543746,1.1681259,-0.36088568,1.8209243,-2.1369476
-0.45813885,2.8365335,-0.02629167,-0.90327424,-1.2737278,-0.758749,0.706305,-0.6186776,1.7143764,-1.7169857
-1.1026878,0.8175043,1.6436371,-0.9995045,-2.0627482,0.6504703,1.0295944,-0.42985123,3.0807214,-3.0888133
-0.9945134,-0.46184117,2.136991,1.1540143,-3.3398361,-0.8174384,1.3599038,1.3473012,2.0334733,-2.938755
-1.1653997,-0.11206035,1.7670578,0.15993567,-3.5284991,0.26552087,0.8482997,0.84311634,1.7471154,-1.4261246
0.20803058,1.937372,-0.3635558,0.6679189,-1.9788015,-2.9306526,2.347249,1.2023327,0.8687857,-2.0235913
-0.13600108,1.1629021,0.5948357,-0.4828025,-2.017991,0.07020418,0.45744845,-0.19103602,1.5589799,-1.1539328
-0.05103728,1.9763129,0.3150045,-1.2322805,-1.5516393,-1.9334003,2.4011478,0.6820257,1.5843151,-2.2605703
-0.52655244,0.8364886,1.0521225,-0.7760893,-2.233439,0.57409203,0.58532196,0.011491731,1.8167789,-1.568661
-2.1805437,-1.6463708,2.5393016,0.4229998,-0.88168716,2.951178,-0.7692858,-0.3478679,2.7696848,-3.2742345
0.29989478,1.7564144,0.012952214,-1.1367931,-1.6460576,-1.5231326,1.8271897,0.5651822,1.3839045,-1.6838984
-0.4823124,1.9477439,0.6816144,-0.45527858,-1.47651,-1.4672142,1.6964805,-0.22648998,1.8685629,-2.3938067
0.47211996,1.8981018,0.9559024,-2.1765912,-2.6098106,-0.7189262,2.5496674,0.15928209,2.7739246,-3.3471053
1.6498966,2.61607,-0.51660085,-0.871874,-2.1077313,-2.9773843,2.7211883,0.8566517,0.21171619,-1.3696072
3.482456,4.5180507,-0.7670853,-2.4899378,-2.9695215,-4.927171,3.5874276,0.39297682,0.7071538,-1.4298332
1.2376553,3.997678,-2.266194,-0.6716867,0.30542457,-3.6311843,1.575983,-0.37356383,-0.23327558,-0.22248453
2.3432767,1.7555459,-0.5683861,-1.6721597,-1.1621017,-2.4174535,2.5051112,0.184802,0.71054035,-1.8530607
0.2918984,2.6899564,0.33795616,-2.1395347,-2.0118675,-1.3245845,2.0174882,-0.55584884,1.630171,-0.79551864
1.181182,1.9407218,0.089799285,-1.4684762,-2.661704,-2.0512598,2.4812465,0.4544354,1.628273,-1.5436523
2.0094597,2.7015135,0.50932527,-2.4608235,-3.0337837,-2.761344,2.8577907,0.5187171,1.3535931,-2.0710304
2.8020494,3.0685256,-0.16720016,-2.5833836,-3.050684,-4.106255,3.8895197,1.0532923,0.76160955,-1.3948328
2.0272222,2.379937,-0.076649696,-1.7227634,-2.3804374,-3.2038093,3.0986362,0.6683344,0.3416388,-0.92386305
2.5786095,1.454955,0.39934728,-1.9744408,-2.734729,-4.4757237,4.503881,1.7115912,0.9219109,-2.4896681
0.19460365,5.491935,-1.8730893,-0.80417347,-0.609305,-3.6480823,1.6023835,-0.81323785,0.12268922,0.12954575
1.2006161,3.7850993,-0.76309997,-1.6718911,-2.448358,-4.0513735,3.1697369,0.67043674,-0.019150537,-0.052948713
0.42105016,3.748934,-0.7392519,-0.69939023,-1.4094601,-3.3349411,2.3201966,0.1010972,0.7708546,-1.0460587
2.0473254,2.2427673,-0.6713663,-0.49880326,-2.2933908,-4.815576,3.8176916,1.7068055,-0.41848168,-1.1189313
1.0431933,3.129595,0.41278252,-1.6181546,-2.324985,-2.9814951,3.1651707,0.04274285,2.0341094,-3.340352
-0.35871193,4.6200213,-2.196136,0.014587477,-0.76330376,-3.0784576,1.2491928,-0.07115531,-0.6881713,1.4735706
0.618853,5.7523513,-1.6825274,-2.2133784,-0.87368834,-2.1567185,1.074115,-1.6504679,0.39415976,0.6818931
1.0548576,1.288799,1.4498008,-1.442883,-3.5133514,-2.21355,2.7639403,1.1005988,1.7596998,-2.2946408
-0.2681193,3.1347382,-0.04584214,-0.7029473,-2.8515918,-2.627086,1.8681958,0.4095959,0.515112,0.305916
-0.20205937,4.4667044,-0.6043409,-0.5063306,-1.315927,-2.2823021,1.343492,-0.88704437,1.4868152,-1.9763467
0.68655336,-0.6181953,0.38429946,0.95859873,-2.53484,-2.0873883,2.176435,2.1646867,-0.22274424,-1.0407832
-0.7829821,5.190906,-1.8949835,-0.99990857,-0.2683422,-2.2819347,0.52062356,-0.6960862,-0.6520647,1.699553
-1.5206698,-0.5671396,1.0052993,1.3443584,-0.042375132,0.81421685,-0.24125116,0.14514151,1.7094262,-2.8506842
-1.8986179,-0.16321759,2.1757843,0.3422171,-2.7807903,1.1162905,0.43984273,0.49601352,2.4363215,-2.3592439
0.019341826,0.279356,1.0535628,-1.604461,-1.1125185,0.06421059,1.1003239,0.011626199,2.2977238,-2.4979064
0.2849697,-0.83432204,1.4186465,0.56959474,-2.05506,-0.7078704,0.9854911,0.93862146,1.3241882,-2.264001
-1.374769,0.22047465,2.04869,-1.1738497,-2.272707,1.9116813,-0.0821361,-0.5039038,2.4488318,-1.7541032
-0.14588915,-0.03092353,1.3382488,-0.91869515,-2.3109107,0.791405,1.1393746,0.17393911,2.3840702,-2.5046995
-2.03797,0.4349777,2.3844457,-0.28615487,-1.6631444,2.6346557,-0.7748458,-1.06356,4.0120883,-4.0357046
-1.668351,-0.5223857,2.3535767,-0.041677326,-2.6189303,1.5597296,0.41026554,0.028458,2.7056735,-2.8739548
-1.3103603,0.03137283,2.1265965,-0.7056086,-3.2536466,0.8974168,1.1347638,0.15435746,2.6258872,-2.2695317
0.29165345,1.762048,-0.42488673,-0.07457468,-0.062299207,-2.727956,1.7837584,0.1423375,1.1189435,-1.9577935
-0.11752064,1.1827986,0.6583025,0.12291545,-1.5591587,-0.941218,1.1251751,0.27971298,1.412435,-2.4988286
-1.9823179,-0.76594913,3.2738123,-0.5935248,-2.9896865,0.9075326,2.3331635,0.5312422,3.456169,-4.3771143
0.53818893,1.6842678,0.962184,-1.7858963,-3.333229,-0.57619965,1.4298148,-0.19803417,2.4306707,-1.6111248
-0.79951596,2.4175875,1.3597924,-1.2995744,-3.1241918,-0.54905033,1.6440341,-0.3744,2.9874504,-2.8509643
-0.54893136,0.028006509,1.8997782,-0.6836808,-3.2475593,0.31691718,1.1597786,0.61948603,2.0460908,-1.9871955
0.5989046,0.342053,1.7482758,-0.9650222,-3.8169532,-0.28586966,1.6067214,0.6626507,2.407878,-2.5950687
0.9670973,0.42281646,2.206477,-1.9314511,-5.019699,-1.5086002,3.6494172,1.1864884,3.662124,-4.1668234
0.8674576,0.30495846,0.7281026,-0.2790458,-1.1485218,-2.295468,2.211904,1.1800148,0.9885906,-2.7753491
-1.0576667,2.4030988,0.7863476,-0.10470019,-2.7999892,-1.2100515,1.5535544,0.25165337,2.0835097,-2.3333144
0.030460775,1.525705,1.046805,-0.6892711,-2.331719,-1.3636864,1.7685261,0.2941345,1.3428962,-1.5659585
-0.9883033,2.2586787,1.8184298,-1.6749281,-3.5860984,0.65152586,1.5249779,-0.3393493,3.4212582,-3.299698
1.079081,1.1297603,1.9724983,-2.0022473,-3.1013384,-1.5054581,3.3643427,0.4850605,2.6005235,-3.807518
0.23008308,1.2255948,2.136823,-1.5843871,-3.5496097,-0.7398799,1.6273444,-0.34387267,2.9188771,-2.477885
0.39981398,0.79547405,1.3998929,-0.26926214,-3.2339015,-1.7882388,2.4912667,0.51992434,1.6187043,-2.184733
0.3025759,2.0306342,1.076547,-0.46890986,-2.8989167,-1.7866281,2.2658124,0.39530033,2.3372705,-3.4634664
0.82500446,-0.3487844,1.1852247,0.35610306,-2.8383005,-1.647841,2.4122512,0.9747328,2.1594017,-3.5643237
2.85134,1.3041654,-1.5218235,-0.45790482,0.66856146,-4.398689,2.915666,1.2763615,-0.97296023,-1.4500558
1.7013801,0.21233033,0.01923838,-0.15350674,-1.0001178,-2.084778,1.7059747,1.2533631,0.16306238,-2.014179
2.373017,2.0914288,0.026625244,-2.3688083,-1.8420949,-2.5603464,2.80911,-0.16132608,2.492038,-3.1442425
2.3745153,0.19157709,-0.21076927,-0.13382733,-1.5938886,-2.0795083,2.0339315,0.9689744,0.18133597,-1.7459354
1.7427691,0.6188884,1.1013267,-1.6844077,-2.1220598,-0.97599876,2.4510956,0.04503292,2.5366318,-3.6821833
1.9932462,0.28159136,0.16627243,-1.3094971,-0.99150205,-1.4733101,2.1983657,0.21241656,1.6601689,-2.9425783
2.5300083,2.1897767,-0.8668875,-1.864769,-1.0828172,-3.1770377,2.797306,0.67563725,0.4666763,-1.5640106
1.6780609,0.185798,0.415575,-0.87743676,-1.0109516,-1.4275917,1.7557571,0.84495884,1.4727197,-3.2668183
3.4073234,1.7825234,-1.361636,-1.396769,0.1968763,-3.8263557,2.3156853,0.08295533,-0.22409083,-0.8900605
3.223056,-0.016446024,-0.18627596,-1.0790942,-2.0567207,-2.9506629,2.54809,2.0765538,-0.055934172,-1.524327
3.509826,1.296309,-1.0003465,-0.26578724,-1.5905285,-5.0260725,3.573979,1.9396706,-0.124213874,-2.294879
0.015642017,1.8105056,1.5707246,-0.94026417,-3.7279744,-0.049428537,0.8965313,-0.4832988,2.703283,-2.3860617
3.0544658,2.2477539,-0.7659251,-1.5185391,-0.14730318,-2.8606763,2.2815976,-0.7415655,1.6842895,-3.48618
0.040921584,-0.5286433,1.0327166,-0.40241706,-1.0859883,0.9680758,0.5016271,-0.18069172,1.5251315,-1.8290005
3.014829,1.7510092,-1.0501655,-1.534447,-0.06396656,-2.9650552,3.0519977,0.41014928,1.036022,-3.409992
3.7230194,1.0497668,-0.9175254,-1.0894494,-0.92058325,-4.3686566,3.70129,1.8860085,-0.24195577,-2.4498045
3.1263454,0.4625234,-0.12542148,-1.0748943,-0.5720166,-2.662893,2.901717,0.68409413,0.8816696,-3.2390232
1.7172589,0.97586477,-0.77296174,0.20192872,-0.15003167,-2.5129013,2.19131,0.25777608,1.0431268,-2.7648711
1.350139,0.48740488,0.825184,-1.2780335,-2.0912225,-0.8074945,2.0182543,0.2630295,2.4035542,-3.1673722
2.7040741,0.2188885,-0.25905216,-1.6072466,0.61504644,-2.7081153,2.6302557,0.79971904,0.24050839,-2.570095
1.6714959,2.4597552,0.8089623,-2.0424218,-3.0577178,-1.4465746,2.0954256,0.015998706,2.6014454,-3.3904173
3.128364,1.0550979,-1.1865779,-1.344374,0.3344863,-3.8691962,3.0694504,1.1956103,0.79664105,-3.4209974
0.90249825,1.3040702,-0.3170077,-0.13077632,-1.6978605,-1.575039,1.5285426,0.3633444,1.2863541,-2.1524754
2.7738788,0.038317457,0.646525,-1.0018039,-2.5482416,-2.0551565,2.4580183,0.90769047,1.0321037,-2.1885004
-0.83546126,-0.11418645,0.50925136,0.8735839,-0.69716203,-0.8160371,0.8475693,0.78026986,0.16842203,-0.88777
0.60951674,1.7462401,-0.656271,-0.27818045,-0.67509496,-2.3588924,1.7009661,0.642494,-0.013062071,-0.8634258
0.4383473,4.7914443,-1.573444,-0.9585282,-1.1643085,-2.8069885,0.9438774,-0.89158684,-0.5911952,1.844619
1.1341683,1.9180508,-0.94898933,-0.31643885,-0.7333153,-2.082377,0.8486562,0.04223971,-1.0583527,1.2477007
0.5686674,-0.26377738,-0.14655195,-0.08888964,0.041166916,-1.3126587,1.1681197,0.8894573,-0.08525686,-0.83137995
-0.6789386,-1.3620399,1.380589,1.3672316,-2.3901405,-0.534178,1.070088,1.7164533,0.7494355,-1.6353602
0.7974285,-1.1907382,-0.10119791,0.3669331,-0.5387074,-1.408311,1.162531,1.6726367,-0.8447935,0.16500303
1.198673,3.6172345,-2.4180584,0.114416316,-0.51248825,-2.9240966,0.22163668,-0.3701723,-1.4322149,2.2204478
1.170591,0.83352864,-0.82844985,0.41718882,-0.70011574,-2.2704237,0.99196935,0.34145653,-1.1146395,0.9831942
-0.30641788,0.975291,-1.2226057,0.16651402,1.2949984,-0.85254526,0.062480666,0.27333346,-1.0781021,0.8048007
-0.49698982,0.9021511,-1.4594232,1.4264212,1.5880854,-1.0374942,-0.37073517,-0.058418304,-1.2458725,0.66259253
0.6402136,0.11770976,-0.7252935,0.3793664,0.60832274,-1.4586564,0.7449585,0.5126554,-0.83695954,-0.0141450465
0.003040582,-1.0149007,0.38026807,0.87324005,0.17563947,-0.7070341,0.74881005,1.2257664,-0.19063489,-1.4734182
0.525303,-0.13276757,-0.55176556,0.3995517,1.0856245,-0.66567373,0.19249196,0.24975109,-1.0231233,-0.02148801
0.22566423,1.0718783,-0.65509903,-0.14899942,0.30208945,-1.9226702,1.163949,0.54039043,-0.21061294,-0.33658037
1.103142,-1.0810964,-1.1380798,0.5155422,0.8453853,-0.5822724,-0.39525065,0.41690272,-2.204131,2.4191635
0.585966,1.1516598,-0.68677807,0.8764672,-1.7935133,-2.6365378,1.4487314,1.3606892,-1.4191713,1.063617
0.46671036,-0.41963553,-0.25250408,0.29654688,0.4415242,-1.1538476,0.46941763,0.77965385,-0.64132917,0.00789322
0.8526144,0.39678252,-1.1454942,0.5954822,0.9433002,-1.4670392,0.28404558,0.35504195,-1.2394711,0.5043033
-0.34890458,2.0189834,-0.983639,-0.21491018,-0.3062389,-1.9316255,1.1070422,0.42420977,-0.43109548,0.46465665
-0.7933762,6.844358,-2.3083763,0.05195172,-1.8226216,-2.8702645,0.2772451,-1.2741497,-0.6542266,2.0458171
0.023212373,-0.694443,0.2989751,0.8519181,-0.5348696,-1.5027133,1.2921675,1.5309672,-0.2455941,-1.0286913
0.45638552,-0.9641242,-0.15259778,0.5692042,0.14387752,-0.8000412,0.7928877,1.2793028,-0.5374987,-0.76814383
-0.67964554,-1.8190863,-0.11078086,1.734395,0.97007585,-0.64996254,-0.010790186,1.5759213,-1.3740363,0.2865279
0.4752964,1.6734345,-1.2500262,-0.06823078,0.5663328,-2.5526507,1.5482125,0.6881777,-0.9383047,-0.055772036
-0.2696245,-1.1224409,-0.34927467,1.0309947,0.9622872,-1.4824507,1.034611,1.469944,-0.6785859,-0.71540266
