-1.5599333,-0.564542,4.6815286,0.4245183,-2.9312317,1.248962,-1.2165023,-1.9997396,3.358127,-1.5900428
-2.3079607,2.070661,1.496594,0.2029742,-2.5625753,0.13917091,0.19987233,-1.42222,5.1956663,-3.1382227
-1.0293745,1.6082577,2.302256,-0.21105146,-3.0542371,-0.7019888,0.53180397,-0.9837691,4.088853,-2.5777133
-0.33577645,0.13222758,2.8938494,-1.5480661,-2.3243082,0.3760197,0.1634018,-1.5154878,5.043619,-3.0027056
-2.4893646,0.30067313,3.543731,0.9027141,-2.1215115,0.41819236,0.2166302,-1.9855858,4.418511,-3.3317676
-1.081283,0.83798224,3.1447966,0.8178092,-2.5707273,-0.47311488,-0.9333536,-1.0563976,3.6376393,-2.4247117
-1.7022873,-0.4858399,2.222967,-1.105685,-2.0381427,-0.40744355,2.004481,0.41567615,3.0084674,-1.935691
-0.80142593,1.7066734,0.65974927,-1.7799699,-2.1479833,-0.18480894,0.8562783,0.10483317,4.273902,-2.7696662
-1.5112321,1.828157,0.40256307,-0.28025782,-1.133923,-0.72430396,0.6354205,0.43335807,2.7962646,-2.4632661
-1.2517875,2.5055342,0.16209263,-1.1076324,-1.3806752,-1.0780705,0.92477757,-0.26501906,3.027795,-1.5614104
-0.5816326,2.2381544,0.856801,0.9073587,-2.5768437,-0.6150975,-0.99367934,-0.1450237,1.8549213,-0.95922273
-1.5260872,3.108676,-0.28185758,-1.0738964,-1.2781676,-0.5523306,0.24346913,-0.16109574,2.8725584,-1.366691
-2.3418005,0.9243557,2.4524243,-1.7955437,-2.2884066,0.004102081,1.4756742,-0.9803,5.193639,-2.8245647
-1.8479289,0.1455919,2.5191321,-0.808943,-2.3857832,-0.62722087,2.0201619,-0.81077886,4.346745,-2.6526465
-0.54892933,1.3221,1.9728826,-1.5392668,-1.7867454,0.08617577,1.0985509,-1.6469495,4.684448,-3.7665021
-1.3171644,-2.0538297,3.6318955,-0.62230223,-2.0431354,0.8626144,-0.7535618,1.0949861,1.5490919,-0.3471241
-0.18386924,0.76216984,1.8681487,-1.7891686,-2.221257,0.9128032,-0.0043235123,-1.0648026,4.257972,-2.6433387
1.1819954,-0.60071313,2.9744034,-0.45078984,-2.202246,-0.7050798,0.07166399,-1.0541911,2.0758693,-1.3565948
-2.2207153,-0.48237723,1.2777663,4.798741,-1.7574881,-2.9341834,0.27195066,2.2214532,-0.08878568,-0.9835512
-1.5023081,-1.2846811,0.326357,0.4242679,-3.187629,-1.3732682,2.1107419,5.2683616,-1.6902822,1.1522634
-1.7813122,-1.5506284,1.1198106,-0.30159163,-2.6515567,-2.1273587,4.0996327,3.3294203,0.56595707,-0.5437045
-1.2923285,1.6246805,1.486829,-0.510751,-3.092693,-0.23032087,0.32570016,0.05813211,4.7739124,-3.2234888
-0.044911146,-1.775453,2.090897,-0.05498401,-1.4603441,-0.8957584,-0.37119466,1.9290452,0.38628876,0.26112926
-0.5929135,-0.77865845,0.053460963,0.09179652,-1.9132893,-1.7506014,1.5578835,3.5879676,-0.9413118,0.88148195
-0.72892225,0.49822158,1.2639308,-0.74593145,-1.393199,-1.17914,1.62403,-0.48342258,3.29606,-2.1741812
-0.42815426,-0.035743162,-0.21266681,-2.0144205,-1.4434354,4.502328,-1.4406484,0.916989,-0.5252337,0.76209396
-0.64372885,0.059681654,1.2596258,-2.2659237,-1.6356306,3.7654102,-2.365764,0.24049562,0.44397962,1.1744796
-0.8436855,0.30203813,1.1850351,-2.8147192,-2.5040448,6.256337,-3.0108001,0.44479412,0.4269588,0.59543055
-0.30976537,1.0111964,-0.39109626,-2.2948642,-1.5632643,5.552601,-2.667647,0.44624168,0.44347936,-0.22872144
-0.45137843,0.35910106,0.20243692,-2.6811547,-1.7251368,4.7810616,-2.3003552,0.47441298,0.26618016,1.1244757
-0.6591351,-1.0989472,0.9568966,-2.7962496,-1.3410758,4.9862905,-1.450464,0.8648362,-0.055908725,0.63059205
-1.3327745,0.4270981,0.8025438,-2.2940993,-1.9051976,5.007861,-1.6613392,0.45028675,0.77484334,-0.2867378
-0.6659155,0.89675003,-0.23490229,-2.0440526,-1.0119402,4.8831615,-2.1781797,0.05038577,1.1933782,-0.84940684
-0.4463987,0.40966475,0.4424462,-3.040162,-1.4748752,6.688985,-3.4401987,0.1466443,-0.5047822,1.242408
-1.5953066,0.012859285,0.35046497,-2.5431013,0.35684454,5.1628213,-1.6422348,-0.48984012,-1.1146562,1.5217918
-0.44242862,0.1911345,0.40214542,-2.533237,-1.5937452,4.96125,-2.410518,0.09800196,-0.2222958,1.5778829
-0.53668904,0.30866843,0.55753356,-2.6015162,-2.3381124,5.385221,-2.498064,1.0057083,-0.22850029,0.9866428
-2.196932,0.23018299,1.7023646,-1.999896,-2.7052798,5.0312176,-1.8898449,0.85666066,1.2173665,-0.24074489
-0.74605703,-0.409068,0.94998264,-2.6076388,-1.6989769,6.653495,-2.8631802,0.18033195,0.18554397,0.40044546
-0.63100636,0.021634057,-0.09201767,-2.258339,-1.0580456,5.3453174,-1.6838938,0.21031731,0.060889974,0.114810996
-0.84988177,-1.0103507,1.388683,-2.5920424,-1.7728345,5.242962,-2.212598,0.3098605,0.28794634,1.1966211
-1.7184353,-0.43915635,1.3009815,-2.2007675,-2.0372598,6.0724587,-2.271677,0.8681441,0.80847687,-0.37941384
-1.6483537,0.40646857,1.0083543,-2.3701005,-1.8055246,5.6583433,-2.2229383,0.61731994,0.20515873,0.16135693
-1.0111755,0.25015366,0.6850896,-3.0516195,-1.214072,5.07823,-2.4653876,0.4285617,-0.91474986,2.2794611
-1.3497165,0.6489268,0.6018795,-1.6708593,-1.7606997,5.5461864,-2.5708067,-0.36536446,0.80298746,0.09741896
-1.3477414,-0.038666144,0.72579235,-2.2944703,-1.9339538,5.6992893,-1.8790822,1.1226498,0.48362887,-0.52824
-0.68969107,0.9431804,-0.1735776,-2.9323542,-1.9163208,4.7971935,-0.9519254,0.6996463,0.7822176,-0.52290076
-0.71948147,-0.5687725,1.359781,-2.5590186,-1.4934869,5.9114995,-2.5395424,-0.29774737,0.93938637,-0.048233993
0.11637601,-0.55659294,-0.47766706,-2.7350094,-1.4185286,4.7276707,-2.4783444,1.7931447,-1.5384192,2.71315
-2.0608332,-0.73000723,0.93385357,-2.3620975,-1.5480709,5.5898213,-1.9340199,1.3338732,0.6100005,0.19137102
0.23218885,-0.024627462,-1.2256702,0.6701314,4.7154713,-1.3447002,-1.0113859,-1.9070207,-1.8798152,1.7739525
-0.9189788,0.00288634,-2.460447,0.007360488,7.1579676,-1.260513,0.17756309,-2.2120984,-1.0027343,0.5027357
-1.669545,0.44071347,-1.3117615,2.9329093,2.555634,-2.3446434,0.10298599,-0.068469614,-0.31905454,-0.26325276
0.17823792,0.24008475,-2.478911,-0.08550081,4.860291,-1.8828876,0.54671735,-0.89279765,-1.2245482,0.73684955
-1.1216016,0.21798025,-2.7140296,0.9118616,6.794866,-1.6470367,0.0329348,-1.7054937,-1.1044489,0.3027996
-0.7900289,0.5686894,-2.5610943,-0.18115593,6.459041,-1.4830359,-0.09860282,-1.6980444,-1.4285166,1.2009733
-1.2331947,0.4704672,-2.4986892,0.9753985,6.1752634,-1.5396454,-0.84730834,-1.8440989,-1.3000337,1.6294577
-1.0984005,0.28535235,-1.9382097,1.5402019,4.8469543,-1.2380611,-0.54719555,-0.9278543,-1.2422479,0.3697347
-0.84278595,-0.21174009,-1.8967818,1.6188796,3.40124,-1.8859578,0.05397089,-0.18801168,-1.4315652,1.427372
-0.85366154,1.279649,-2.3422792,-0.1598015,5.1227436,-1.6791846,0.18446977,-1.680991,-0.65734744,0.74786574
-0.6053394,1.444588,-2.2420943,0.07487352,4.9591403,-1.1874365,0.05186765,-2.1701334,-0.6582069,0.31025752
0.2354047,-0.55006313,-1.830537,1.1255915,4.838947,-2.2123,-0.63715357,-0.95386904,-2.2166884,2.2122717
-1.3901287,0.72184944,-2.6163208,1.1881273,5.100724,-1.9630259,-0.3899371,-1.032742,-0.7944583,1.1579199
-1.298879,5.820333,-3.9430993,-0.9315506,0.6846001,-1.8101746,0.7349641,-1.2056061,0.43999493,1.5918554
-1.3930842,1.041504,-2.5918722,1.1020758,4.7337313,-1.5776776,-0.13218477,-1.5254225,-0.38736612,0.7099597
0.44244763,-0.027601615,-1.8742386,1.9162235,4.262249,-2.2875721,-0.45354366,-0.6955804,-1.4624664,0.20622051
-1.0180725,0.43190074,-3.1371071,0.6394938,7.1583834,-2.1130352,0.70857406,-2.2780635,-0.63382566,0.18246752
-0.8358915,-0.36258268,-2.617274,1.5387592,6.7016573,-1.73991,-0.4166916,-1.32158,-2.442385,1.5395494
-1.1960373,0.5193874,-1.790717,0.90796274,4.184343,-1.2770225,-0.6072913,-1.1581907,-0.6376822,1.050737
-1.5756129,0.8423255,-2.6194127,0.9686863,6.36985,-1.8228141,0.22457878,-1.6012201,-0.99302983,0.16729268
-1.3637666,0.047989473,-1.889974,0.90099704,5.9070854,-1.6027642,-0.40993655,-1.7654083,-1.407563,1.5585071
-0.6462574,0.35099906,-2.047572,0.8100586,6.136224,-1.694917,-0.13163622,-2.5638573,-1.7966996,1.577848
-0.76587415,0.5045657,-3.125356,0.8845838,7.3537073,-1.890037,-0.5270692,-2.2829833,-1.0806743,0.9032187
-1.2821348,0.09564607,-2.5271847,0.9544231,6.4526114,-1.135518,-0.55722046,-1.7205797,-1.5919067,1.3311156
-1.548335,0.7249195,-2.088246,2.044855,5.145906,-2.058856,-0.17571251,-1.2984494,-0.8643203,0.12071381
-0.8900826,0.81951797,-0.34789553,-0.6604463,-0.3117463,-1.7512621,3.4660928,-0.13282692,0.93070686,-1.0756327
-1.9132936,-0.17370106,-0.28113994,-0.7228967,-0.9851165,-2.669264,6.4274306,1.9205034,1.3078405,-2.7978015
0.041933924,2.046869,-1.1493402,-1.0400922,-0.23173515,-1.561709,2.8019848,-0.20438045,1.9069906,-2.611411
-0.7182541,0.9127572,-0.34546396,-0.90559787,-1.0007577,-2.3347375,4.609549,1.292674,1.4451121,-2.8782096
-1.2077314,4.044378,-3.0245535,-0.28633693,1.0924423,-1.1064645,0.28510624,-0.090982825,0.081208065,0.2801895
-1.2566645,2.6660795,-1.3828458,0.97637767,-1.2721239,-1.2127324,-0.16158624,0.83607334,0.32035792,0.5860761
-0.3666427,3.8650804,-2.601228,-1.0273864,-0.3172341,-1.2471883,1.1502244,0.24249974,0.33107686,0.072441734
-1.7468948,-0.17716838,-0.53699064,2.7575002,2.361064,-3.136062,2.156918,-0.9538396,0.27981317,-0.99502796
-1.4558073,-0.6068971,-1.0557851,0.41013432,-1.0328534,-2.3490689,2.9827626,4.0954814,-1.1676843,0.33813965
-0.6859664,-0.67737114,-0.7759861,0.9296145,-2.3292427,-3.316819,2.3882916,5.078597,-1.6606296,1.2886801
-0.09194681,1.0253679,0.9071556,-1.4359024,-1.6248915,-0.03882906,1.8518856,-1.1853456,3.338639,-2.834993
1.2691983,-2.250542,1.0653917,-0.55451673,-2.1840765,-3.0377882,3.6945262,2.2539043,-0.23103164,0.09099256
-1.7247528,-0.40740603,-1.0718697,5.0473433,0.62167156,-2.9953904,0.07781915,1.7209591,-1.4425335,0.29874793
-2.3534477,3.011854,-0.8501615,1.6399906,-1.6375811,-1.4784466,0.99235934,0.29549357,2.216166,-1.7989904
-0.5730125,1.3104155,0.7194893,-0.482112,-1.9670422,-0.0514192,0.9726222,-0.70317656,4.0701485,-3.3799953
0.10623106,-0.2262974,-0.60365534,0.1909486,-1.7963178,-3.8048913,5.1052265,2.3932097,-0.44976622,-0.73548603
-0.6136198,3.9096918,-2.939142,0.20708483,-0.2492217,-1.7964722,0.43450147,1.0704876,-0.35163426,0.44555363
-1.3583165,0.664424,-1.5575731,-0.6151747,-0.17793195,-2.2884657,2.1698132,2.9055583,-1.5470263,1.9680357
0.24308154,-1.4468554,0.66075444,-0.0694343,-1.8993602,-3.6090279,6.2825103,1.663828,-0.33757567,-1.3889526
-0.5292263,0.13638644,-1.0085729,-0.5351677,-1.4332474,-3.5566084,6.2422786,1.9845396,-0.261837,-0.8575353
-0.7912626,2.246881,-1.7895875,-0.6136872,-0.6046362,-2.7792103,4.0977006,0.87294775,1.0796345,-1.6091467
-0.34743926,1.1213329,-1.0537096,-1.8922529,-1.2052398,-2.284229,4.7950206,0.8719082,0.7245066,-0.6028498
-0.7297044,2.8078558,-1.6667444,-1.180464,-1.4001702,-2.9112613,4.2026615,0.9600461,1.3118278,-1.313242
-1.62048,0.0011098832,-1.8442872,1.7457712,-0.20215954,-2.4291337,1.4466308,4.3245177,-0.4553964,-0.80253667
-1.3362019,1.0837183,-1.6055237,-0.25698873,-1.5721915,-3.100271,6.0791817,1.7548162,1.4136034,-2.3737726
-1.0054528,1.7834508,-1.3763479,-0.64117,-1.5039642,-1.409459,1.6576904,2.6678638,1.5995448,-1.6475754
-0.28293788,4.6628466,-2.4636958,-0.5682789,-1.2795489,-1.5186518,1.5016515,-0.4124357,2.585596,-2.2224119
-0.565081,2.1358209,0.5571827,-0.7957495,-2.8474128,-0.9911319,0.8795789,-0.30024207,4.9932847,-3.1791909
-1.6524714,1.520015,1.2895565,-0.23926052,-2.0525658,-0.28236803,0.65099734,-1.3363212,5.2515364,-3.3115952
-0.07975441,4.9666944,-1.7424392,0.3588324,-1.9383543,-1.2834846,-0.6377335,-0.35370445,1.291024,-0.5360225
-0.37593853,0.32232177,2.6360385,-2.2351503,-0.73615503,2.6748095,-1.4310002,-2.436116,3.7902536,-2.3517601
-0.36203375,1.1447113,-0.31307653,-0.7962638,-1.7664816,-2.1436129,3.243913,1.2679117,2.170131,-2.4735184
-0.9958178,1.5860571,0.876489,-1.2022762,-1.392649,-0.80150187,0.7475272,-0.75900465,4.4186506,-2.5940497
-1.6057864,0.6613837,1.9207013,-1.6007376,-2.3201222,-1.3633553,3.055166,-0.67823344,4.853558,-3.0219269
-2.0509346,1.328681,2.5674288,-0.92375755,-2.6043146,-0.026017278,0.4129712,-1.4015348,6.458558,-3.9114404
-0.75738454,2.683692,-0.44246665,-2.263668,-1.792916,-0.14999226,1.0528275,-0.9776098,5.4731455,-2.913758
-2.5682805,4.0911326,-0.31927985,-1.0629352,-0.92861867,-0.5217074,0.69260615,-1.5504144,5.379962,-3.2872658
-2.0739114,2.1932647,1.2026035,-1.1656141,-1.0527027,0.500185,-0.18667902,-1.4598578,5.6764913,-3.775381
-2.3554974,5.600556,-2.3922946,1.4574108,-1.20355,-1.0683752,-0.9872429,-0.26700553,1.7035762,-0.43507144
-1.5669633,1.8239667,0.5113111,0.381091,-2.6582603,-1.1785872,0.83670694,0.27365142,3.8050005,-2.237273
-1.0281569,0.33453304,0.30622655,-1.4846208,-1.3219085,-1.842407,4.450086,1.067015,2.3008604,-2.7233648
-2.432278,2.0591416,0.9665691,-0.3070013,-2.6384873,-0.58629847,1.0716616,0.4398119,4.4431133,-3.0776496
-1.7310375,1.528692,0.18527314,-1.202693,-1.3556653,-1.6085545,4.5397973,-0.9926935,3.5332315,-2.8667297
-1.4061437,4.6568456,-2.7185009,-0.24469271,0.35581118,-0.47229257,-0.102257356,-1.0092144,0.18260385,0.84370404
-1.4058253,2.6277676,-0.71470517,-0.34162524,-2.1253033,-0.04341063,0.13584355,0.3277772,2.1969998,-0.6549763
-0.57181084,2.1589818,0.4126485,-0.8447551,-1.9937572,-1.6163683,1.342964,-0.53778267,3.7926185,-2.1795757
-0.28670338,2.0745273,0.9860065,-0.527044,-2.431474,-1.0528262,-0.09471451,-0.35651678,5.5088925,-3.9541745
-1.833949,0.33045506,3.350282,-1.434489,-2.7837224,0.016664535,0.5035071,-0.6731519,5.338865,-2.9196115
-1.8128911,1.6556503,0.83825374,-0.356655,-2.3871536,-0.23577479,0.42911917,-0.38823855,4.9098406,-2.7719269
-0.41375825,5.4364915,-1.9612626,0.13619006,-1.3404528,-1.3324813,-0.25070298,-0.550382,1.1556681,-0.8103252
-0.7814776,4.8189206,-1.2403369,-0.73037934,-0.07268788,-0.5055821,-1.0829517,-2.0942178,1.9580888,-0.2930081
-1.558158,7.0925565,-2.6686203,-0.7985467,-0.5978117,-0.29596266,-0.39615583,-2.4229462,2.1437256,-0.47592115
-0.98553145,6.391106,-1.9891278,-0.30575302,-1.3879557,-0.4765006,-1.2951725,-1.4422535,1.67414,-0.15585425
-1.0172364,6.4649205,-2.939556,-0.7442037,-0.43352556,-1.3044276,-0.3278247,-1.6893846,1.704168,0.31739956
-0.7948756,6.576396,-3.1013634,-0.32108766,-0.82607776,-1.1997048,-0.06502937,-0.7902474,1.3600167,-0.80598843
-1.0630279,7.848243,-3.514529,-0.9056517,-0.6904764,-0.23188516,-1.2892727,-1.9765508,2.3227818,-0.50249666
-0.6554487,6.522201,-3.2840893,-0.65233463,0.6087842,-1.0245392,-1.1109903,-1.7374718,1.1851319,0.21356589
-1.2354681,6.4704576,-3.2979972,-0.7793742,0.49057513,-0.26020846,-0.30170625,-2.1036794,0.19432248,0.83124375
-0.97408116,6.747662,-3.065975,0.16113931,-1.0452924,-0.9967892,-0.4769237,-1.2100897,2.4111567,-1.5869185
-1.7333399,6.897777,-3.3608959,-0.48041746,-0.53753954,-1.8249445,0.5769517,-0.98045903,1.8125116,-0.33600715
-1.8444195,6.554315,-2.3334212,-0.46158457,0.5427081,-0.11324409,-0.731936,-1.9271421,0.8066791,-0.464526
-1.0839019,7.2628713,-3.5503008,0.24410528,-0.12521677,-0.23993665,-1.3207604,-1.8526982,1.1635122,-0.464059
-1.0015278,6.621185,-3.362419,-0.34792742,0.3955105,-1.4071263,-0.34455365,-1.6203821,0.75931895,0.35589918
-1.4447095,3.9686894,-1.3648995,-0.29740518,0.3320433,-0.25774872,-0.51196426,-1.3893188,1.2998635,-0.39522853
-2.2078657,5.8073754,-2.088197,1.0423379,-1.45983,-1.0736889,-0.8436594,-0.27527714,1.6624646,-0.5077292
-0.94085014,7.26264,-3.434077,-0.18511933,-1.0562643,-0.2000314,-0.15619342,-1.731013,2.0414188,-1.6195129
-2.294951,6.009319,-2.8610942,-0.43758035,-0.50197345,0.85747504,-1.2021434,-0.9405759,1.0008626,0.37881374
-0.50007284,6.269878,-2.9634984,-0.66049296,-0.6839526,-1.6977859,0.34464222,-1.1454182,0.70610857,0.3877687
-1.4837198,5.997771,-2.1822867,0.011340022,-0.7633949,-0.8794726,-0.45338386,-0.8103065,0.59457266,0.035427622
-0.6302413,7.059957,-3.6398928,-0.46635768,-1.1792113,-1.2645394,-0.14586698,-1.0879558,2.1290634,-0.7691571
-0.5878781,6.877415,-4.130969,-0.34917453,0.7698904,-1.1637055,-1.0457739,-1.172687,0.7645664,0.10910838
-1.2006879,5.804388,-2.1346223,-1.1262617,-1.0448325,-0.5389488,-0.49056733,-1.3282008,2.1832204,-0.1430785
-1.2293556,6.1618867,-2.509594,-0.5251169,-0.37734026,-0.3436025,-0.7375445,-1.9198599,1.3641646,0.17707822
-0.38694212,7.1721425,-3.4266853,0.012873083,0.23013641,-1.2273728,-0.61769366,-2.053775,1.7106305,-1.3888566
-0.34888765,5.6532936,-1.9606465,-0.976009,-0.8005438,-1.4565006,0.0013515502,-1.8163625,1.8623893,-0.14031172
-2.7771618,-0.5181058,-0.64708954,5.1366215,2.8671699,-3.798535,1.2379581,-0.009227488,-0.7841419,-0.6900725
-1.4654227,-1.0678468,1.1628771,6.0781703,-0.47865123,-2.213276,-0.78044325,0.8994381,-2.3309414,0.31307983
-0.36364523,0.82357264,-3.2129393,0.80589026,7.567868,-1.9088033,-0.26145148,-2.7893112,-0.95390266,0.26617557
-2.1618776,-0.55266833,0.7327066,6.941986,-1.1448789,-3.4787862,0.19410907,1.22746,0.013435498,-1.7373221
-0.81052566,1.0223262,-2.8779805,1.0713279,5.230995,-2.6900215,0.5388101,-2.1206057,-0.4653082,1.094782
-2.2284205,0.22816981,-0.64422446,7.6623626,0.20186608,-4.040081,-0.34153062,1.2500383,-0.3746668,-1.6298544
-2.3049505,-0.42408228,0.6729511,7.4864726,-0.711711,-4.944833,0.9548004,1.4106692,-0.31820953,-1.7271733
-2.5105398,-0.25680315,0.28235468,7.075834,0.73176146,-3.5006568,-0.6565936,0.8784701,-0.6259562,-1.4089406
-2.5558968,-0.62789714,0.42164847,7.030626,-0.59339017,-3.4499314,-0.08471245,1.1310791,-1.3025672,0.15090433
-0.8415601,0.37705237,-0.063330136,5.9992957,0.48451948,-4.0637884,-0.17932813,0.19475326,-0.81772935,-1.0681194
-2.9889367,0.36836797,-0.31644425,7.6753187,0.59488493,-3.6263456,-0.89986837,1.102367,-1.1823621,-0.63745683
-2.2622833,-0.09003715,0.02122996,6.8154626,0.08540741,-4.0961537,0.42242652,0.6090712,-0.01778327,-1.4061849
-2.1322553,0.11407386,-0.17843726,6.4789796,-1.3576653,-3.5773494,0.34807128,1.356546,-0.53888243,-0.43127412
-1.8978653,-1.8352313,1.7586532,6.064161,-1.3094394,-4.4809494,1.4783856,1.7582313,-0.23235844,-1.261833
-2.9159358,-0.9985327,1.1694831,7.6167145,0.16565634,-4.5800095,0.28406447,1.2039734,-0.91639555,-0.94401234
-2.0407026,-0.4640401,0.25561044,6.733482,-0.3102703,-2.7489846,-0.15272115,0.5476583,-0.026229188,-1.7270445
-0.18098804,3.6360269,-2.0386574,2.0308762,-1.1559101,-1.9172724,-0.8227839,0.43207875,-0.09789227,0.19768459
-1.0969634,-1.0422424,0.3200142,7.119922,-1.4428096,-5.0044813,0.47896993,1.9878072,-1.3374947,0.15371731
-2.9820645,-1.5705783,1.5816844,6.690883,-0.8309221,-3.2466035,-0.090397134,1.2823809,-0.71906036,-0.027063288
-1.9790355,-0.14662425,0.008632459,7.651769,-0.60362434,-3.754968,-0.14683019,0.8703381,-0.16014318,-1.7179042
-2.4609358,0.34619826,-0.73729044,6.9266987,-0.40351325,-3.2216794,-0.00080905855,1.32496,-0.61754525,-1.0645877
-3.1155565,-0.5855433,0.69918513,7.002967,-1.075537,-4.3625717,1.5903486,1.7877735,1.2557281,-3.0787368
-1.1342655,0.13011615,-0.0846022,6.6349125,-1.1441458,-4.141027,-0.19520675,1.7345542,-0.26596272,-1.4649534
-1.4618772,-0.16105337,0.67924577,6.5657444,-0.46052295,-3.5985126,0.6014944,0.28847235,-0.5152836,-1.9383106
-1.8059042,-1.054262,0.51457673,5.2344217,-0.17072056,-3.0790145,0.31313163,1.8084797,-0.24653818,-1.4583117
5.707811,0.54640377,-0.414915,-2.0276558,-1.1734769,-2.64117,0.43861896,-0.45622277,-1.178686,1.2754415
4.9739985,-0.2991407,0.1709648,-1.6401134,-0.31837696,-2.7701735,0.3042044,-0.56588894,-1.496584,1.6470339
3.6985867,0.54941267,-0.9001128,-0.30032378,-0.6519596,-1.7720231,-1.0612661,0.17773068,-2.7522104,3.1753252
0.76457,1.4720452,-1.3195089,-0.53330666,-1.302885,-0.920369,-1.0965666,0.8779866,-2.7731276,4.9964137
4.08411,0.51490855,-0.49857995,-1.5587037,-1.0268557,-2.5765445,0.9029579,-0.26622233,-0.79457855,1.2559457
4.1247716,0.9036899,-0.53131694,-0.4466596,-0.6611413,-2.884473,0.28428,0.12158337,-1.7002022,0.86843014
4.2982984,0.43920273,-0.14465597,-2.086877,-1.1140251,-0.693611,-1.1745819,-0.45645493,-0.15230022,1.0634933
4.4315605,1.4020658,-1.8160862,-1.8868959,0.17899525,-2.303799,-0.45692837,-0.35799915,-2.738403,3.619504
4.432915,-0.07069741,-0.32340863,-2.3694868,-0.61069906,-0.3004941,-0.6598036,0.22369045,-1.959877,1.7144065
1.8596607,1.1979675,-1.2900269,0.64388114,-0.661608,-2.1078088,-1.0871608,0.511843,-2.7801416,3.8646338
1.8741466,0.6658054,-1.7219521,0.26097646,-0.72020173,-1.7852573,-0.7696985,2.1187973,-2.1693559,2.4070778
2.1013792,2.5977094,-1.7154129,-0.3481945,-0.6351781,-1.0660607,-1.4757239,-0.55286163,-3.1382704,4.3729253
5.9730806,0.5582704,-0.14110246,-1.8972054,-1.4265778,-2.0910952,-1.5352082,0.28898165,-1.4056958,1.7249011
1.0378026,2.3326201,-1.1675518,0.07173133,-1.9607358,-2.3167458,-0.6570266,1.1186587,-2.7444625,4.480902
5.106183,-0.39375436,-0.29862908,-0.6399251,-2.313822,-2.4115715,0.034849122,1.3884052,-1.8529328,1.4781411
2.2842667,2.8139443,-1.6316235,-0.93496096,-0.6509877,-1.1295763,-0.68493515,-0.53150874,-1.1389089,1.651464
0.81668544,1.2616715,-1.4902712,-0.25526103,-0.60872054,-1.1232922,-1.2173561,1.488544,-3.8621597,5.2199326
1.9562706,0.21052377,-1.527872,-1.6783552,0.023463145,-0.037689894,-1.3724841,0.4603222,-3.5995204,5.6809688
0.82133055,0.1365153,-0.7794349,-0.9954273,-0.5462363,-1.411352,0.020086631,1.6247567,-1.9745504,3.2617178
4.3904157,-0.43312562,1.0715686,-1.8401651,-1.0652072,-1.6250466,0.4574569,-1.1144347,0.8585943,-0.7154389
5.25563,0.13967393,0.5163994,-1.7069683,-1.0743974,-1.6534983,-1.5658323,-0.22607188,-1.8846887,2.2237031
5.756506,-0.5767035,-0.4810594,-1.4897885,-0.4313228,-2.0507967,-0.030571982,-0.33926886,-0.98153925,0.61246794
2.1955469,-0.57354736,-0.6609071,0.018612787,-0.36381507,-1.205772,-1.6408596,1.2479242,-3.4683173,4.569019
0.8988935,-0.3150978,0.18932918,-0.47426835,-1.4711946,-0.66212296,-0.9757976,1.2089785,-4.284562,6.0474763
3.9822574,0.48026496,-0.41533288,-1.6342547,-0.45517552,-1.8978504,-0.35043454,-0.38604724,-2.2994103,3.0489802
-2.015772,2.4233103,-1.2604862,2.1468844,1.1375357,-0.62022984,-1.8407753,-1.4970413,-1.2886345,2.8902197
-1.8506284,-1.4602933,-0.46241727,3.250472,0.37755448,-1.8439147,-0.4270954,2.4957936,-3.1482694,3.2485442
-0.2898368,0.39145267,-0.6326348,1.5708606,0.89189315,-1.999813,-0.6177588,-0.406919,-3.258144,4.4643455
-0.3447624,0.121494815,-0.40758637,1.8361228,0.6220882,-1.0361892,-0.9125772,-0.4309903,-2.5987122,3.2471175
-0.9640938,0.32994676,-1.8124596,1.1936285,5.8724194,-1.0268918,-1.1200753,-2.026586,-1.9723438,1.5501314
-0.7601274,0.18674885,0.030329086,2.6555417,-1.7062012,-1.4396504,-0.6550251,1.8240567,-1.5241241,1.5165088
-1.2131149,1.2212129,-1.3808151,1.4585094,3.2971852,-1.3774554,-1.0336666,-2.0412822,-1.9047991,3.0146606
-1.1107193,-0.8872355,0.16944718,2.6395755,1.6365074,-1.0576408,-2.3054674,0.2605924,-3.288677,4.054047
-0.91623986,1.5807439,-1.6566693,1.223305,1.0110161,-2.060958,-0.6272597,-0.3792581,-1.8484458,3.7560163
-1.26424,-0.34989077,0.40514377,3.1223874,0.60179013,-1.7711862,-1.637494,0.15705979,-1.8738862,2.6979003
-1.6568938,-0.71735734,0.14505544,2.5780277,2.2708058,-2.0221875,-0.4947431,-1.130357,-2.243579,3.3309906
-0.63913095,0.76243836,-0.4277071,-1.1469083,-0.25746745,-0.3080737,-1.2151523,-0.62171,-3.3637238,7.363418
-1.2899784,-0.047559217,-1.8308822,1.0479131,4.5441937,-1.6153823,0.9782341,-1.2573626,-0.81524956,0.25496626
-1.158651,-1.1029409,0.23232672,2.1468935,0.7993045,-0.6401119,-1.9381518,0.42108873,-3.6521714,5.0233192
-0.36185613,-0.70047575,0.20394418,0.17741227,-0.7011033,-1.1476496,-0.13420393,0.8753999,-2.5408719,4.4726663
-0.383431,0.02733855,-0.649888,-0.79422027,1.8912272,-0.4331703,-1.9790152,-0.35266826,-3.3947003,6.18247
-0.69762397,-0.9029406,-0.591785,2.5409827,2.5974872,-2.4638004,-1.5193166,0.2627442,-2.8586555,3.726478
-0.8891736,0.025258526,-1.118414,0.26035842,0.12494258,-0.98719764,-0.9787492,1.2553104,-2.8582625,5.35444
-1.7172817,-0.7107978,-0.9940081,2.5235329,2.8395598,-1.4324026,-1.0242413,-0.27748874,-1.9747335,2.7903047
-0.5864402,-0.77390945,0.11751745,1.0802083,0.5100638,-0.9302753,-1.6421343,0.17593935,-3.0564656,5.221454
-1.068013,1.0168171,-1.2655884,-0.3898718,1.2717983,-0.0116533935,-2.4603422,0.009435888,-3.733513,6.7197585
-2.3952358,-0.723945,-0.5522253,3.692565,2.0622818,-2.2950542,-0.94203943,0.27969885,-1.5732988,2.502451
-1.6719865,0.16229092,-1.717738,3.3257794,2.1151364,-2.4405081,-0.6249368,0.60142285,-2.2426476,2.5922902
-2.289945,-0.94772464,0.247188,3.8363094,0.6895014,-1.9061478,-0.527429,1.1617111,-1.5678476,1.4091951
-0.9268931,-0.76379824,-0.40461668,3.4868345,0.11006424,-3.4077728,0.6552918,1.391179,-2.3047185,2.288756
0.16009554,7.497043,-3.1001709,-1.8712368,-0.4195618,-1.1892465,0.51074964,-3.104507,2.291543,-0.8194107
-1.658803,0.028609753,-0.23079088,4.4996133,-0.6190247,-3.2364333,-0.21918751,2.5663936,0.025917724,-1.0337753
-0.962381,1.0908222,-2.0726502,-0.7006595,0.89703804,-0.8029113,0.4184667,1.3545879,-2.237517,3.1493292
-2.570628,-1.5945357,-0.9738211,2.1885562,-1.0372083,-2.77759,2.3599854,6.2139373,-1.760686,0.20542416
0.5526478,6.3284926,-3.426182,-0.11856279,-0.2888475,-1.9224411,-0.15154494,-1.1873276,0.44831455,-0.149111
-0.22780636,-0.59101176,0.5859182,1.2755582,-0.1022331,-1.9616314,-0.56209075,1.0322434,-1.6165341,2.2872324
-0.9620713,0.97293264,-1.9880553,0.885451,5.006267,-2.238494,0.7833976,-2.2946818,-1.4159663,1.2659057
-2.6007557,-0.14677636,0.14663103,6.297604,-0.5942502,-3.109697,0.24171515,1.5576893,-0.5861995,-1.1332796
-0.9085815,-1.0336452,-1.5101498,1.0436809,-2.6086266,-2.9535432,3.705702,6.0856547,-1.0908451,-0.44041973
-0.9617193,-2.0109005,-0.76279825,2.2248363,0.114035204,-3.0390084,2.1879182,4.001057,-1.8376108,0.24603382
-1.4874234,-0.07519676,-0.28953946,4.0121665,-0.56272274,-3.182735,0.3270852,1.7412419,-0.29002827,-0.10507936
-2.4585319,-1.8018749,-1.690858,2.1473498,-2.4219038,-2.677532,4.0218906,7.1926246,-1.6635832,-0.345594
-3.0589306,0.014743805,-0.6118121,2.8288841,0.118693635,-2.422921,0.6660462,2.5218723,-0.4745378,0.5619085
-0.44392267,-0.30964762,-0.432309,4.7305627,-0.2791977,-3.0641367,-0.43594497,1.7653564,-1.639315,0.21596792
-1.3534384,-0.16156854,-0.15389067,4.320295,-0.57299733,-2.8640382,-0.79928637,2.523294,-0.80575806,-0.012993939
-0.74435043,2.411365,-1.7376719,0.50974065,-1.1907334,-1.3339623,-0.30137247,1.4641438,-2.8155825,3.925706
-0.3698458,2.94917,-1.2334787,-0.9621363,-2.2133324,-2.1195977,2.4286516,1.6266092,1.9681517,-2.0297055
-0.40523356,0.5906966,-0.7346532,0.10050325,-1.8084786,-1.8475171,0.44411904,3.3281162,-0.8792977,1.3695076
-2.3178508,-0.7592632,-1.3023213,3.2585254,0.029743,-2.0889695,-0.061720982,3.459263,-2.0618079,2.0815558
-1.8704801,0.0563903,-2.183,2.000682,0.11132465,-2.71542,0.84869725,4.6520214,-0.6168284,-0.092475615
-1.7132205,-0.97057456,-0.0013387725,7.0983696,0.32635677,-3.5459545,-0.9404252,1.6717803,-1.3498045,-0.5294282
-1.5344205,-0.5896858,-0.11585858,1.59059,2.9252563,-3.3909996,1.5990771,-1.5171305,-1.69213,2.7560477
-2.8242462,-3.0968165,-0.43762895,2.50841,-2.9440987,-0.88089037,1.7735492,6.9696302,-1.4221008,0.58157855
-2.5900958,-0.4174468,-1.5251855,2.321046,-0.77466977,-0.8488642,0.06625731,4.525207,-1.3756284,0.78120154
-1.3571382,2.1633565,-3.1536624,-0.6056622,0.48802912,-1.0753785,0.86879057,1.9823343,-2.7710242,3.667863
