1.1394162,5.144347,-2.6912334,-2.4599485,1.4427704,-1.2997521,1.0063628,-2.5180075,0.12469471,0.088785514
0.54520524,4.247968,-2.8761935,-1.3203211,1.3611046,-1.7249509,-0.13794322,-1.9631008,0.2381871,1.6865587
0.6774711,4.840045,-3.3098774,-1.6898943,2.0024455,-1.6042699,0.1950555,-2.3692431,0.39747694,0.7893836
0.7235901,5.126395,-2.15072,-1.9167962,0.24664737,-1.5242074,1.1012563,-2.1250994,1.3328656,-0.5863077
0.7457585,5.400871,-2.2909234,-1.4637817,1.1296173,-1.867391,-0.39611897,-2.849008,0.06296197,1.490849
0.84178394,4.767422,-2.8718987,-1.603493,1.0707524,-0.4395439,-0.026598737,-2.6447692,0.019796439,0.8049799
-0.15782453,4.1072283,-2.1171813,-1.2280467,1.3667283,-0.5355021,-0.11971842,-2.462967,0.5688565,0.47544008
0.32631627,5.1077967,-2.7949553,-1.2571328,1.9140155,-1.3977307,0.23768385,-2.7253327,0.3414879,0.2873509
0.08561377,6.774177,-2.912126,-1.644074,1.5955575,-0.23968464,-0.9043346,-4.2509427,1.1812809,0.3094067
2.1634707,5.277433,-2.5806012,-2.8818786,0.35048467,-0.51831317,-0.04577498,-3.0665178,0.8926168,0.49401093
1.8157219,4.87403,-2.6796858,-2.505613,-0.08772336,-1.086197,1.044895,-2.2791939,1.0924559,-0.16376846
0.7680496,4.886782,-3.509716,-1.291448,1.9604504,-2.3262253,0.6982766,-2.2255201,0.6268247,0.54490215
1.7647007,3.8209631,-2.0813704,-2.0087352,0.78804255,-1.7206959,1.522786,-1.6846381,0.8229792,-1.2270157
2.186395,4.6898766,-3.1536684,-2.8097253,0.42687833,-0.7519742,0.8514997,-2.167057,0.97667986,-0.26690418
1.2467911,4.5855904,-2.1219516,-1.2624809,0.48454916,-2.520906,-0.039737985,-1.7010522,-0.017774008,1.498873
1.030063,6.178214,-3.5682507,-2.369558,1.8553213,-1.1366974,0.0035530478,-3.0674357,0.5916766,0.41335398
2.468447,4.8431926,-3.0612535,-2.562513,0.55485845,-1.5977235,0.75096667,-2.193238,0.67244935,0.11287217
0.8172378,5.653635,-3.0724616,-1.9692101,1.2236166,-1.0026755,0.47631937,-3.1201735,0.625519,0.27657717
0.60997003,5.3247547,-2.1795502,-1.2253416,1.2565231,-1.0458927,-0.25330442,-3.1381092,0.8398908,-0.1966557
2.2312791,-0.07879001,-1.3821977,-0.8298905,-1.8342187,1.3120514,-0.8127539,-0.39921927,-1.6530335,3.3356245
0.97635895,0.7703935,-2.5903993,0.0015025139,0.45212126,1.3641727,-2.3686566,-1.2497455,-2.0497215,4.636069
0.38810876,-0.41113722,-1.6233243,0.061220676,-0.6431023,1.5382432,-2.2074747,-0.16182111,-2.5183551,5.4711647
1.6225919,1.210728,-2.7312753,-0.86087537,0.3667612,1.9230859,-2.919172,-1.6890861,-1.965154,4.812006
1.1675807,-1.5414472,-1.2967974,0.5766983,-0.9628141,1.0264759,-1.5225111,1.0930909,-2.0645797,3.6083014
0.06452988,-1.4487746,-1.2748551,1.3444235,-0.28248543,0.623398,-1.4487308,0.90542,-2.166024,3.7341306
0.43679246,-0.61130965,-1.1611737,0.13828662,-1.078923,1.7020278,-1.2959383,0.50123894,-1.5582886,2.955426
2.0799289,1.799073,-1.7477604,-1.7643166,-1.6146661,1.8147804,-1.1122558,-1.1087466,-1.3877903,3.0312617
2.1553714,0.2696379,-1.5591761,-0.78986764,-1.5683544,1.0917019,-2.0954127,-0.030939817,-2.047126,4.6204815
2.5544307,1.5343661,-2.1043553,-1.8035538,-1.5017872,1.0987468,-0.98608744,-1.123534,-1.1168797,3.336517
0.48678815,-0.7287971,-1.9739631,0.81217384,-0.1623495,0.40209052,-1.5339569,0.656786,-2.0550015,4.2053013
2.631748,0.43511274,-1.1739577,-0.7509459,-1.9071524,0.66739327,-1.6465809,-0.722607,-1.0575595,3.5610392
0.9804909,-1.304194,-1.554819,0.7791332,-1.1254921,-0.6629373,-0.6823646,1.7534184,-1.4989727,3.3959794
-0.42489818,-2.2961402,-0.7012296,1.6927646,-0.17722397,-0.9418411,0.24487303,2.3892078,-1.7998472,2.3158023
0.85625607,-1.6431556,-1.4122918,1.2816983,-0.4524722,0.46841395,-1.8305188,1.2336398,-2.4362507,4.1280193
-0.5091211,-1.1449394,-2.059449,1.5485784,0.7475016,-0.30541408,-1.1284446,1.5719172,-2.0231426,3.4927602
2.7424095,0.103879124,-2.333743,-0.5157933,-1.119571,1.453344,-2.4394019,-0.69190764,-2.247594,4.866378
1.6906126,0.06555572,-2.3997498,-0.8394339,-0.23221515,1.3641528,-1.8953222,-0.5538809,-2.382584,4.923248
1.1476167,-0.013922185,-1.2610743,-0.080859035,-0.9903616,2.150521,-2.048797,-0.7820181,-1.5087483,3.3259566
2.3248444,1.1783755,-2.624136,-0.7224008,-1.2853646,1.6783711,-3.032212,-1.4094372,-1.672564,5.4271197
-0.81785077,0.36433002,3.2893524,0.82974505,-3.1109269,0.55596584,-0.28299707,-0.9879075,3.685886,-3.1009138
0.71435267,-0.1293172,3.258028,1.0163379,-3.226166,-0.66783106,0.56620103,-0.3238656,3.7809756,-4.494757
1.628653,0.20232806,1.7945635,-0.1233615,-2.955188,-1.149107,1.3064524,0.108132154,2.9846015,-3.4880133
-0.69317746,-0.62319434,3.1955757,1.1278039,-2.5174198,-1.649958,2.5342796,0.39561313,4.168189,-5.4334474
-0.21169205,-1.272947,3.2884989,1.013666,-2.5457351,-0.6996467,1.7362942,0.7678139,3.327365,-4.9828334
-2.5579157,-2.1823652,5.1125174,2.748793,-2.9247572,0.51004565,-0.5411407,0.28325278,3.8950193,-3.958161
-1.1870512,-1.577304,5.022147,1.8352753,-3.6128972,-0.7398888,1.4578873,0.38515115,4.913328,-5.928871
-0.016846359,-0.033941776,4.2229958,0.73814523,-3.3936222,0.15492058,0.34605908,-0.9821887,4.3208103,-4.8712974
-1.3116082,-1.207673,4.9725103,1.758951,-3.764704,1.3140723,-0.12008874,-0.65136105,4.351875,-4.790297
-0.8260225,0.13682011,4.9946322,0.25745243,-3.5316389,1.2374179,-0.14768256,-0.88583547,3.7585495,-4.6683702
0.0017088046,1.1468327,3.1186614,-0.10872635,-3.0020769,0.7610033,0.40455186,-1.4571334,3.8403256,-4.3965697
-2.3950002,-1.9844826,4.877289,2.610519,-3.3247988,0.49736643,0.51885957,0.58214456,4.2875576,-5.171025
0.45180175,-0.46560526,3.7002761,0.6503749,-3.1993134,0.11592072,0.62178206,-0.016455278,3.4632072,-4.9300485
-1.0291808,0.43910888,5.078881,1.0535061,-3.2832859,-0.3689459,0.27892,-1.4331208,4.505181,-4.8330536
-1.4006687,-0.42919767,3.5703297,1.6905667,-3.0767815,-0.29670084,1.1072874,-0.12487422,3.678095,-4.2625833
-0.28614756,-1.2535021,4.9311,0.7094358,-4.560833,-0.45885825,1.220493,0.5419698,4.403666,-4.7765427
-0.16569556,-0.8713156,3.9935446,1.1459109,-3.4619646,-1.7505089,2.234953,0.8117431,4.032383,-5.413709
-1.1409432,-0.58913887,4.182843,1.1303731,-3.9328642,2.4052463,-0.7237812,-1.0114708,3.5520678,-3.5556757
-1.4594779,-0.9585562,4.6591783,1.3889219,-2.5579507,0.7564069,0.4345557,-0.52327746,3.4654384,-4.7679095
0.95469874,-0.5225122,2.2394958,-0.31191853,-2.9186542,-0.3086722,1.9261864,0.59330255,2.2910972,-3.6168103
1.0076648,0.3133171,2.4740973,0.3405217,-2.3362114,-1.4769615,0.56241417,-0.4452625,3.4638324,-3.579728
1.7091802,0.3423203,1.2632738,-0.750003,-2.591605,-2.1387944,3.021052,0.8354605,2.6090922,-4.049871
2.2713559,0.22891918,0.9605301,-0.7577888,-2.801223,-1.1751527,1.6692637,0.42292935,1.7077601,-2.3130777
2.447962,0.18575901,0.3914562,-1.5635048,-2.6237192,-1.1514885,3.1787062,0.79058075,2.1699598,-3.5248792
0.23036514,0.10152987,2.777401,0.5093219,-2.6932633,-0.94831324,1.8283192,-0.22432652,3.9169035,-5.065634
0.032982692,-0.02136615,2.0280266,-0.57484996,-1.9398899,-0.061837465,1.5257429,-0.44700807,2.7066164,-2.9185996
-0.27776176,1.0236287,2.2569637,0.75815314,-2.5444126,-1.3647527,1.2340509,-0.94639486,4.214689,-3.994325
4.28601,0.6153605,-0.7623989,-2.4312282,-2.7972414,-1.4208531,3.038301,0.85320884,0.76280844,-2.0220912
-0.746612,0.6486486,2.3510394,1.0472946,-1.662241,-0.08381051,-0.038664922,-1.8229939,4.160807,-3.6580982
0.32973006,-0.04023856,2.791668,0.11569303,-3.191205,-0.97744215,1.6821027,0.35732037,3.777788,-4.5644345
-1.170004,-1.0264392,3.6621222,1.8764951,-2.474853,-0.43031967,0.8104049,0.3295859,4.2904224,-5.41165
-0.86397344,-1.2967088,3.818593,1.6774116,-3.0946581,-1.1848785,1.8737243,0.2811185,4.5524735,-5.353409
-0.33359292,0.00888297,3.0544603,-0.16607323,-2.9292104,1.7041003,0.041985646,-1.5792439,3.7549946,-3.3714983
0.17921032,-0.24932605,4.3662777,0.44554955,-4.1209035,-1.2130961,1.6615835,-0.047158375,4.6599755,-5.212843
-0.0202,0.5917187,3.40406,0.24131301,-3.0610359,1.7836038,-0.8045506,-1.7468727,3.0812907,-3.1110904
-0.5049168,-0.78878903,4.2957697,0.9381275,-3.0789778,1.4359871,-0.22724973,-0.7115686,3.8871758,-4.945536
-0.18093051,-0.21351004,2.93964,0.90026915,-2.4782922,-0.86791015,1.2305306,-0.26242566,3.4970558,-4.272605
0.48351654,0.20564476,3.145103,-0.2831398,-2.9718215,-0.23231125,1.2556885,-0.5173052,3.4552932,-4.2587223
0.5473097,0.25706717,1.4431863,-0.094965905,-2.012499,-0.5362259,1.8851999,0.01710336,2.2908826,-3.5431063
0.679283,-1.5186565,2.9974406,0.541304,-3.2391803,0.31341693,0.6984123,0.5633832,1.6533482,-2.3322499
3.225533,0.8705026,-1.903061,-1.8600514,-1.1638132,-0.26389098,0.25237185,0.33476996,-1.3929356,1.9572442
3.9976957,0.31950292,-2.321328,-1.9287555,-1.6131302,0.2794634,-0.2971266,0.47049052,-2.2695084,3.315579
2.235945,-1.1348019,-1.6833943,0.39734697,-0.579365,0.055281162,-0.6884759,1.2788652,-1.6858696,1.8456734
1.781374,-1.3008552,-0.9166072,-0.21308124,-1.3548768,-0.7223239,1.3076978,2.0288541,-0.8847396,0.49530452
3.3229704,-1.795537,-1.1530542,-0.26310256,-1.9722092,-1.3830487,1.5170823,3.049766,-1.8135453,0.7586184
2.3109496,-0.46367627,-1.0624379,-0.6978369,-1.6861312,-0.512781,0.8730444,1.2019815,-0.86233824,0.9720247
2.27057,-0.9535438,-1.4690139,-0.26256207,-1.1665856,0.06106159,-0.16941936,1.0276374,-1.2055157,1.9274613
2.8739595,0.5899105,-0.6429139,-1.3551071,-1.9274267,-0.9929129,0.98150885,0.34293586,0.0553229,0.16270348
2.5165741,0.1617082,-1.7387024,-0.9402065,-1.0600758,-0.47432792,0.23730882,0.68176925,-0.9347176,1.5245608
1.3324432,-0.8594059,-1.1378095,0.124756575,-0.42241466,-1.2042123,0.6551957,1.6432754,-0.7347326,0.6931347
2.1068714,-0.19357628,-2.0241437,-0.7218325,-0.54897666,-0.113824844,-0.094271645,0.8129006,-1.608909,2.3419693
2.2288008,-2.3966906,-0.8924907,0.44250262,-0.8581779,-1.15571,0.7021761,2.7597713,-1.8503313,1.2028735
3.842245,1.6699215,-2.1558523,-2.3828907,-1.959539,0.42440164,-0.23584573,-0.6550775,-0.9666635,2.3120081
1.5566691,-1.3165586,-0.9127125,-0.36569783,-1.1325841,-1.171463,1.9329203,2.2429395,-1.2059344,0.5911151
-1.6895578,-0.9893998,-1.8626662,2.2823539,2.147608,-1.5372709,0.518256,1.2710894,-0.09707304,0.16156416
0.45756558,-2.4425669,-1.0195321,0.74012303,-0.066930264,-1.1825304,1.1649038,3.3295097,-1.6887121,0.96810216
2.0618958,-1.602273,-1.1597773,0.46812037,-1.0126699,-0.20065337,-0.41689998,1.4738072,-1.6905067,2.1440623
2.424655,-0.30985847,-1.113338,-0.5272002,-1.2027378,0.39142174,-0.41533804,0.6950695,-1.0899482,1.2898836
0.63062936,-2.0495172,-0.37167716,1.3699982,-0.86688244,-0.8545666,0.22848232,2.5913882,-0.8720816,0.5592791
2.5103028,0.60063505,-2.143432,-1.2388852,-0.38284808,0.44151217,-0.50153005,-0.7008746,-1.5260155,2.7339036
5.149546,1.0095246,-0.77501893,-3.4818692,-3.5043294,0.05334556,2.0579474,0.11633752,-0.28852123,-0.33826113
3.7387624,0.4971247,-0.051025853,-1.7655685,-2.9351428,-0.11638072,0.8975953,0.011497185,0.6931186,-0.85025483
4.705151,0.6553838,-0.3930694,-3.3846252,-2.7952254,-0.014194906,1.632095,0.0986404,0.1931757,-0.6889508
4.411892,2.4112928,-2.5368953,-2.6185505,-1.0548749,-0.6019086,0.30085945,-0.81158274,-1.0885513,1.5257361
4.0341425,0.76003134,-1.6887425,-2.0749972,-1.9949888,-0.11533314,0.80958503,0.03246893,-1.2698475,1.521135
3.942266,0.9504931,-0.9663153,-1.3554343,-2.0950196,-0.67098343,0.49148035,0.10531515,-0.4136956,0.18799804
4.398275,0.46540174,-1.0412787,-2.4534614,-3.1919994,0.21466374,1.5707724,0.5245745,-0.9571809,0.48660797
4.376068,-0.13529755,-0.90454745,-2.4021168,-1.9555994,-0.46127665,2.0423477,1.1956849,-0.82105166,-0.87587875
4.778815,0.41155133,-1.1846119,-2.4005013,-3.0374289,-0.53156763,1.3037448,0.9443216,-1.334161,1.0973885
4.8847647,1.2485843,-1.7496372,-2.9398568,-2.431708,0.127608,0.7296814,-0.09632556,-0.28783688,0.4873197
3.451095,0.28783616,-1.3949221,-1.7114737,-1.9329585,-0.66706026,0.99756193,0.6029681,-0.72096634,1.0410702
5.4963045,1.2636179,-1.9770888,-3.1897721,-2.384197,-0.044020712,1.2188686,-0.08011676,-0.523062,0.14230011
2.8929498,0.55910754,-0.5871137,-1.5624214,-2.421018,0.25630468,1.1485782,0.12262456,-0.3239939,-0.09309004
4.701726,-0.7116798,-1.3806312,-1.4562361,-2.662967,-1.1797687,1.5162767,1.8467679,-1.3963856,0.85449964
4.284864,-0.64446974,-0.5574964,-1.5868587,-3.2198544,1.2262993,0.57573605,0.56477517,-0.6779959,0.122631624
4.19097,1.9470148,-1.3094043,-2.3587754,-2.3927023,-0.094441205,0.19766541,-0.9161107,-0.3219588,1.0131476
3.5976071,0.5495064,-0.89358646,-1.7180793,-1.9545987,-0.65214276,0.7681132,0.37255043,-0.95602435,0.88502145
5.3446097,1.0259149,-1.2476352,-2.5385344,-2.572109,0.09169689,1.0362101,-0.40758294,-0.5452888,-0.11695136
4.7960596,1.3284183,-2.1566405,-2.1746821,-1.7238176,-0.71469414,1.4346391,0.26417464,-1.1385525,0.12466963
4.3040648,0.9557198,-1.3351817,-2.460129,-2.0437963,-0.14626133,1.0890144,0.22953548,-0.84831375,0.31942964
-2.0325842,0.83776164,-3.409532,1.7212155,4.4645977,-1.3652993,-0.8311199,0.24060805,-0.8496775,1.2413478
-0.026446313,-0.009696811,-2.0790873,1.1683251,1.9139414,-1.0671359,0.22107582,0.72992945,-0.9708531,0.26864856
-2.6487052,1.929368,-3.9582062,1.8341002,5.393877,-1.7101091,-1.1976668,-0.3549645,-1.3647704,2.0460331
-0.9393459,1.8633878,-4.228276,0.9427419,4.4406176,-1.82625,0.26824224,-0.36317176,-1.1529045,1.0040433
-2.4477658,2.3991098,-3.5242562,1.1195642,5.3722067,-1.8983113,0.044938043,-1.1323737,-0.68835413,0.7647124
-2.8877852,1.5128586,-4.0962486,1.850854,6.595871,-2.3847709,-0.10732584,-0.025438711,-1.6323657,1.2729855
-2.1657043,1.4492501,-3.3125074,2.4050307,4.590133,-2.2776136,-0.5556965,-0.8159631,-0.7887439,1.3857597
-2.3303275,2.2388213,-3.6530871,1.7081232,5.5472803,-2.3714657,-1.055763,-0.9068223,-1.2941446,2.1703794
-3.7096317,1.595573,-3.800701,2.579071,6.242752,-2.3796077,-0.2673838,-0.23292138,-1.1158484,1.1085312
-0.86340654,0.72203207,-2.449421,1.107288,3.0092857,-1.2172879,-0.45697987,-0.37647992,-0.7304155,1.2724419
-1.2207307,3.8564327,-3.4316878,0.6212927,3.809502,-2.4000335,-0.3623278,-1.8737557,0.26380333,0.699547
-0.539476,-0.2737097,-2.3100817,1.0624158,2.5520365,-1.3770977,0.37789035,1.064028,-1.0997574,0.6407629
0.4410604,4.125351,-2.9830477,-0.81848073,1.9548542,-1.3873858,-0.3608274,-1.88797,0.06990159,0.872867
-1.8411458,1.6989436,-2.5565877,1.0852616,3.9551036,-1.1993042,0.19300635,-0.23994863,-0.790662,-0.22766711
-1.1792235,1.2962114,-2.7976236,1.7174101,3.7579393,-2.0264478,-0.70760906,-0.46034306,-0.33379245,0.82165587
-2.3049119,1.1840831,-3.5788164,2.308931,5.1466103,-2.6759782,0.059219673,-0.103965625,-0.69599926,0.69140404
-1.5295906,4.348838,-3.4399838,0.008836746,4.1403885,-2.133182,0.002818361,-1.823433,-0.34579197,0.77571726
-1.6056455,2.1011803,-3.614667,0.9784775,4.371562,-1.900474,0.2329712,-0.3311991,-0.6430569,0.47017664
-2.2244995,3.2586367,-3.6753752,1.4705644,4.6753078,-2.1537104,-0.23090027,-1.4880811,0.056000985,0.31210333
-1.2376812,3.1042683,-3.053042,0.9629593,3.4576628,-1.6826826,-0.6417486,-1.2316692,-0.40229085,0.7227464
2.028854,-0.017348588,-0.05824992,-1.2773223,-2.2697473,2.9831548,-0.20728333,-0.6137942,0.30474487,-0.8057621
2.178538,0.6525872,0.803742,-1.9596219,-2.6893828,4.3799663,-1.4801921,-1.7291844,0.7683291,-1.0245904
2.3609192,0.33744422,-0.3280735,-2.0687964,-2.1687837,3.6972895,-0.6829522,-0.77560204,0.0014454648,-0.48569041
1.2322273,-0.008839071,0.56450105,-0.36403432,-2.2605686,3.1493282,-1.3334267,-1.2202358,0.7465712,-0.49375373
2.6513762,0.015112758,0.007782981,-1.8880837,-2.4570289,4.394268,-1.6538906,-1.4690573,-0.32264605,0.5782581
1.5733707,0.76320827,0.32069486,-1.1463072,-1.9528468,2.43466,-0.7482929,-1.4257716,0.392682,-0.31518716
2.5668485,0.2775633,0.40111083,-1.3890228,-3.2803118,3.3834696,-1.2429495,-1.2376031,0.31816122,0.05744256
2.2533443,0.80247796,-0.35098767,-1.8393071,-2.110562,3.1267653,-0.8934515,-0.8543325,0.070465945,-0.12565522
2.2414482,0.7158489,-0.16380732,-1.8622322,-2.7816813,3.4929194,-1.0310556,-1.2781273,0.26042894,0.27757126
2.4211855,0.57806504,0.018176869,-2.0807517,-2.8393419,4.169814,-1.38544,-1.4957925,-0.29607156,0.74625593
2.5339873,1.1783171,-0.13134305,-2.2644994,-3.1869915,4.0466094,-1.3921286,-1.834896,0.12358584,0.82754874
0.7076365,0.8935764,-0.35188216,-1.0537553,-1.9816229,4.6831937,-2.155116,-2.27387,0.52114075,0.83175045
2.8518057,0.23734006,-0.20836978,-1.9893606,-2.8880494,4.6878133,-1.7248832,-1.4010803,-0.0028051361,0.27221394
3.4334724,-0.2510703,0.3514328,-2.2664447,-4.0661864,4.9312196,-1.4652976,-1.2230827,0.051897146,0.3949858
3.9894469,0.27667227,-0.3681326,-2.5261424,-3.3687432,2.8006353,-0.6264544,-0.8355669,-0.02872841,0.5807077
2.6487916,-0.723967,-0.47731298,-1.6244235,-2.2895606,3.3835793,-0.8054439,0.010525793,-0.41005155,0.22891866
1.8619797,2.214318,-0.56612194,-1.9027214,-1.811019,1.986015,-0.90290534,-1.5796872,0.70309836,-0.028824434
2.252246,0.5589092,-0.39592224,-1.6575158,-2.2769759,4.5664907,-1.6136957,-1.7423325,-0.26711595,0.43364197
1.6625456,0.32094917,-0.060178295,-1.4216117,-2.0139554,4.3882713,-1.5684576,-1.3564874,-0.08223503,0.10243936
1.6237938,1.0644515,-0.5543024,-2.03692,-1.9338511,4.658098,-1.3318052,-1.9598478,-0.20691198,0.49344254
-0.11916788,-1.7097301,-0.025683448,1.212706,-0.5854374,-2.1094217,2.587483,2.1477332,0.32590315,-1.3450572
0.8270858,-1.0760468,0.28015506,0.25782326,-1.1417626,-2.8109794,3.619411,2.6473975,0.21441582,-2.3729367
1.2389274,-1.6199105,0.0018239096,0.43343115,-0.9655065,-1.7829388,2.6791613,2.2434576,0.18397346,-2.0850263
0.6579403,-2.625506,0.5184349,0.84855807,-1.3172095,-3.2963343,4.697084,4.139535,-0.0314643,-3.0822315
0.43757316,-1.4888489,0.012948856,0.92357206,-1.0996021,-1.831873,2.937204,2.3069706,0.314572,-2.140308
0.8003407,-0.8159915,0.6207797,-0.07153675,-1.9224858,-3.289833,4.893442,2.6487696,1.153922,-3.6106107
-0.39700088,-1.3201287,0.47952944,-0.066502124,-0.40164548,-3.3819785,4.5896378,2.628442,0.29102382,-2.1428096
0.65574795,-2.3917413,0.40604514,-0.22853634,-1.7276527,-3.0611587,5.330124,3.8528786,0.6111437,-3.0142658
0.23809205,-1.3293071,0.5403019,0.49870726,-1.8481711,-3.3181272,3.9316173,3.100923,1.035956,-2.459908
0.6895936,-1.1749729,0.7403596,-0.48524174,-2.0051095,-2.817945,4.2408853,2.6211681,1.0546505,-2.473867
-0.826478,-1.6417193,1.2512325,1.1735876,-0.7919321,-2.204471,3.2257237,2.42815,1.5541745,-3.8091247
-1.0310146,-1.5610735,-0.117461845,0.6963568,-0.585314,-2.6558022,4.0496507,3.1049519,-0.027759217,-1.645354
0.8441975,-0.8287668,0.6536999,-0.040503234,-2.221595,-2.22372,3.3527622,2.5228145,0.9175758,-2.6317
-0.32351747,-1.0654883,-0.375571,1.4746306,-0.7692776,-2.9351497,2.6154356,2.6191723,0.083028354,-0.9149683
0.90246624,-0.93715715,0.78798443,-0.5218823,-2.1347735,-2.6106439,4.55036,2.4011528,1.3279524,-3.413531
0.15133049,-1.8663626,1.2437694,1.1413372,-2.0646594,-0.82953787,2.2619743,2.0477018,1.1014729,-2.7205043
1.0025016,-1.1251652,0.7997841,0.0022477806,-1.1563021,-2.917222,4.1097493,2.377146,1.2471416,-3.9393206
0.62558156,-2.3684843,0.15181914,0.38854012,-1.5878699,-3.2223477,4.7817407,4.140765,0.4479964,-2.8970962
0.81883746,-2.3043926,0.6307636,-0.1002979,-2.0704787,-2.204842,4.302323,3.3176942,0.29751644,-2.332349
-0.7923275,-1.6378547,0.31460935,1.3942049,-0.7430488,-2.3245096,3.332057,2.7058334,0.7316173,-2.4488673
0.36884645,-1.709717,0.7255202,0.18260023,-1.8394029,-1.6007624,2.515707,2.6560326,0.73478633,-1.6830553
1.3093941,-1.6489505,0.16502993,-0.00014260411,-2.4316711,-2.5877361,4.0334315,3.382246,0.2340337,-2.1115665
2.917086,-0.19007461,-0.6618288,-0.29306945,-2.3068125,-0.38937598,0.5082482,0.8478083,-0.039271303,-0.18505462
2.4739425,-1.9408782,0.20278783,-0.2916949,-2.1735756,-1.4904876,2.177743,2.9092195,-0.37068483,-1.2260695
0.24573423,-1.5288217,0.7685905,1.8152944,-1.5820152,-2.5196638,1.8715166,2.2852764,1.0097744,-1.9269327
1.031617,-0.52916944,0.17417355,-0.28548864,-1.8754463,-1.7126542,2.688816,1.8445792,0.8468707,-2.058194
1.9717517,-0.43095028,0.7402195,-0.9607004,-2.3863013,-1.4672254,2.2846007,0.95403224,1.559334,-2.0874612
0.8409506,-1.6141543,0.06452408,0.44767848,-1.4031539,-2.378828,2.8548155,3.2733393,-0.14333248,-1.5976295
0.80087095,-2.397713,0.42466658,0.64885294,-1.750207,-3.0057745,4.1828513,3.7770865,-0.004738651,-2.1534638
3.2936954,-0.5832041,-0.7127035,-0.7677741,-1.8558441,-0.9189292,1.3881903,1.0900148,-0.5639771,-0.23478977
0.30165482,-1.7070818,1.0586194,1.2820941,-2.3859012,-1.904543,2.0046973,2.4620078,0.8387559,-1.5742446
-1.2812141,-2.782319,1.0376694,2.7634008,-1.0764805,-1.0278558,1.1765609,2.9361982,0.3635549,-1.7059327
1.3432182,-2.3667004,0.84610194,0.7319767,-2.880084,-2.2510023,2.3568437,3.5311217,0.28758755,-1.1673715
-0.7380383,-3.466285,1.2656552,2.7127182,-1.9470584,-1.5858707,1.3563894,3.3635569,0.04249359,-0.51160264
1.1019293,-1.7090288,1.1293212,-0.21934912,-2.1778734,-1.8401004,3.4508395,2.8393216,0.9807752,-3.1462762
-1.2608535,-1.909095,0.19249968,3.4150746,-0.56706697,-1.7765864,0.6186199,1.7559812,-0.09919096,-0.06712335
-0.7151441,-2.5518055,0.7251442,2.6998599,-1.214607,-1.9166299,1.3417119,3.2619123,0.1583066,-1.3511479
1.3589007,-0.75495887,0.1750613,-0.68573785,-1.8573372,-2.524519,3.6233487,2.6473553,0.5185038,-2.1610653
3.947799,-0.22316399,-0.6708451,-1.7732816,-3.3432667,0.6176877,1.0967782,0.6002039,0.05241423,-0.23145749
-0.6695731,-2.6994274,0.8069355,1.2341543,-1.905308,-1.8062252,3.3716803,3.8040469,0.23867986,-1.9163985
