-2.3998387,-0.37796652,-0.4302262,6.9106154,-0.11908075,-2.4182124,-1.0727004,2.1067357,-0.8604725,-1.0178479
-2.866633,-0.15878522,-0.49082726,6.7372055,-0.5665176,-2.4461064,-1.5796479,2.9397202,-0.25667906,-0.9416007
-2.6395462,-1.2624935,0.3052715,5.4168935,-0.40365663,-1.7609993,-1.0721316,2.3666325,-0.4285416,-0.22578198
0.29369795,-0.99025846,0.4030738,3.0669274,-1.1557941,-0.37441513,-2.3823202,0.62914,-1.0112102,1.7204764
-2.291453,-0.48586527,0.14635265,6.4603505,-0.22996166,-2.8257165,-1.4638373,1.7250413,-0.3873885,-0.29205707
-1.7659874,0.40696993,-1.1382277,6.4920373,0.43868324,-2.6161792,-1.572155,1.6295012,0.7154283,-2.187475
-1.2156318,-0.7373004,-0.116555095,5.7770247,-1.0230175,-2.9238608,-1.2102203,2.392271,-0.23676376,-0.3498071
-3.0014703,-0.940114,0.7942467,5.9322476,0.016280353,-2.565668,-0.622125,2.0626972,-0.70521224,-0.6673018
-2.2261846,-1.6332778,0.7151269,6.144057,-0.5979619,-2.3060777,-1.7387705,2.2855392,0.5584241,-0.9132663
3.6629245,-0.66946757,-0.8796779,-1.5427837,0.012477785,-0.2542965,0.8121896,0.26052395,0.26193717,-1.5725935
-1.8631073,1.9511987,-1.7488091,1.356211,1.5176455,-0.01202181,-2.5567918,-0.75214314,-1.6887486,3.9336174
-3.5150034,-0.27083135,-0.4755172,6.8827634,-0.09917918,-1.7818155,-1.2713113,2.3012335,0.03571986,-1.457906
-3.974435,-0.21020573,-0.07209182,7.030879,0.5860771,-3.0685148,-0.3365387,1.9543881,-0.16806807,-1.3673565
-3.703604,-1.3006284,0.9345107,6.331022,0.068513334,-0.91777694,-2.1426656,1.5506637,1.3158995,-1.8348767
1.0850741,-3.0690768,-0.46938568,1.6754539,-1.0926064,-0.40871778,-0.28192094,3.530435,-2.3441927,1.5345855
-2.2203526,-1.3305151,-0.039334536,6.589462,0.3945327,-2.2139893,-2.1762233,1.6738648,-0.99690115,0.5993695
-1.8217306,-1.8757935,0.38231584,5.6868963,0.18747696,-1.3985972,-1.6969013,1.2946959,-0.61527044,0.09421846
-1.0888094,0.33752993,-0.6175007,4.363897,-0.07963875,-0.23641685,-2.8803806,-0.02067297,1.3125145,-0.8454368
-2.215842,-0.5565567,1.0815384,5.021586,0.31785268,-1.8626664,-1.6218632,-0.08814303,0.6690002,-0.45983437
-2.1519225,-1.5955344,0.056218684,6.4565873,0.26333106,-2.141036,-0.60336053,2.271166,0.07412185,-2.3452759
-2.8612635,-1.1544541,0.7470857,5.277594,0.077989966,-1.6339928,-1.4123147,1.8046006,0.4369,-0.9498848
0.68795836,-0.6226449,-0.85341316,3.1052241,-0.7561331,-1.2600379,-0.78132117,1.1778407,-0.42858458,-0.043013208
-0.92263734,-1.7720968,0.919954,4.3863034,-0.47350183,-1.3396745,-1.742173,1.130335,-1.394429,1.4258518
-2.6084836,0.32995483,-0.5871979,5.909821,0.21519306,-1.0750268,-2.4821033,0.6660577,-0.25626484,0.08268948
4.0491395,-0.80331075,0.11965993,-2.1291213,-1.9212917,-0.014368504,0.16933928,0.32804507,0.7837399,-0.43297216
-2.6570907,-1.461779,0.20825028,6.890756,0.064881355,-1.4716482,-2.3147354,1.667345,-1.0207695,0.3744508
-2.5925534,-1.9344562,1.5016891,4.4220023,-1.981085,-1.827181,1.3754529,2.9885573,0.45658293,-2.1190794
0.039941013,-0.84376645,-0.34648985,2.0156245,-1.6281761,-1.2769434,-0.008878399,2.8648615,-1.5888726,0.9318894
0.77862227,-1.6727548,-1.018523,2.8945765,-1.9794937,-1.6106095,-0.6592213,5.327979,-2.767016,0.9565762
-0.7433257,-2.3057652,0.23702103,4.2717824,-1.1262287,-0.8612814,-1.1989133,2.6554127,-0.54720867,-0.13160768
-2.183359,-1.942712,1.2382731,4.1894183,-1.0767905,-1.3661587,-0.107678935,2.1034582,0.40166274,-0.95842934
0.89148974,-2.778639,1.0316306,2.0244849,-0.8278198,-2.0049295,-0.20753859,1.8147304,-1.7561697,1.9977701
-1.2112875,-1.72924,1.2203124,3.7335854,-0.4547147,-1.6325089,-1.0469717,1.1439008,-0.21552119,0.40404853
1.8351746,-0.53760767,0.27514175,0.075650066,-2.8438156,-1.4926962,0.0021145158,2.9452496,-1.1591944,1.0914592
-0.93556166,-3.0452409,0.8765951,3.193289,-0.8375355,-1.0061417,-0.38061416,2.478292,-0.48481628,0.35208258
-0.33524185,-2.4046793,0.0011386294,3.488441,-1.3297986,-0.77136123,-0.5424459,4.0690866,-1.5607072,-0.40807
-2.782533,-1.2055966,0.3046462,6.1997857,0.61561424,-2.2469208,-1.1413188,1.403239,-0.9820055,0.12199272
1.0452939,-0.54432964,-1.9313301,0.70907354,-2.437935,-1.8519151,2.2741241,4.891606,-2.0355806,0.08677986
-1.6500063,-1.2747419,0.20930532,4.9700994,-0.40186128,-1.8168479,-0.39083835,1.8705653,-0.98877275,-0.28892848
-2.6948292,-2.1354275,0.6849126,5.349471,-0.5536965,-1.8925874,-0.8309892,2.581399,-0.61848205,0.4477565
-2.0856621,-2.4772224,0.2854473,6.2778835,-1.6586295,-1.8322176,-1.1037664,4.320973,-0.35456,-1.0146207
-1.6742691,-1.5539851,1.0361216,4.8600063,-0.2722043,-2.1908805,-0.50888985,1.5139138,-1.1446388,0.19529238
-1.7945743,-0.4655728,-0.355119,6.490775,-1.2007447,-2.2630146,-1.2675478,2.018789,-0.5016123,-0.36551026
-2.1377409,-1.2204343,-0.27712807,4.9479375,-0.86564267,-1.8390726,-0.7439285,3.0527668,-1.3006247,0.6334075
-0.8053255,-2.3572984,0.6803216,4.0547533,-0.86354375,-2.489918,0.44931036,3.209668,-1.4397775,-0.1844621
-2.2442064,-1.0216815,-0.13996768,4.584575,-0.38028708,-1.6484765,-0.88323754,2.5930629,-0.77079964,0.15953447
-2.98406,-1.3317369,0.23532373,5.792744,0.15590061,-2.0403385,-1.3903517,2.2835252,-1.6882119,1.2360988
-2.1114707,-2.6510706,-0.32644564,2.5998633,-1.0603313,0.25473642,-0.06763007,5.294202,-2.1494985,0.37615284
-2.6229813,-2.6528687,1.2666751,5.4886956,-0.6509737,-2.2059405,-1.0989127,2.472077,-1.299358,1.6135389
0.25077593,-0.27430812,-1.7204478,0.5258317,-3.1762397,-0.686947,1.1617626,5.9973154,-3.101706,1.231003
-2.7404816,-3.0968847,1.466812,5.4664025,0.32000518,0.25739023,-3.1186514,1.4363766,-0.7866045,0.9936143
0.22307216,-0.4269844,-0.0639593,3.357168,-0.67533195,-3.4912055,1.2923326,1.5973746,-0.5093042,-0.9828112
-2.2914827,-0.09419528,0.10244894,6.9133735,-0.17620409,-2.8210423,-0.8907017,1.117175,0.56444204,-2.1240509
-2.9159288,0.8167646,-0.7222347,5.957586,0.4499332,-2.6906497,-0.64258826,1.8925128,-1.1366936,-0.6645026
-2.1171105,-0.44547185,-0.41205752,5.463819,1.0236533,-2.226045,-0.8851067,1.1245997,-1.1787001,-0.090343446
-3.4591444,0.16208214,0.5506437,3.6741357,-0.84662545,-2.3240805,1.7434175,1.2938342,1.594838,-2.0705552
-1.5305185,-0.2019912,0.1876738,5.5894494,-0.9305476,-3.1211898,-0.695081,1.0344055,-0.25315514,0.2614802
-1.8981471,0.01555115,-0.29683238,5.904079,0.11982158,-2.6060462,-0.7057387,0.9639771,1.0067511,-2.1655242
-3.5628326,-0.18939935,-0.2216407,7.3589306,1.0086449,-2.575658,-1.2424972,1.189429,1.1600336,-2.589633
-2.6873105,-0.34092805,1.0982261,5.5525975,0.5096212,-1.7516668,-1.4436859,-0.3454038,0.09478685,-0.4272934
-2.00814,-1.0037335,0.45507556,5.2896104,-0.12406966,-2.832605,-0.5914228,0.6386292,-1.2209455,1.7054601
-1.5998366,-0.22552392,0.004860403,4.1118298,-0.2565917,-2.5838327,-0.900857,0.7600564,-2.8347845,3.7735293
-2.1673183,-0.03895709,0.108070016,5.7324452,0.0071303695,-3.4428465,0.05940483,1.4432573,-1.0483712,-0.3868967
-0.47060832,0.43240616,-0.5259458,2.1499774,1.8086089,-1.3192517,-1.6905115,-1.348504,-2.445777,3.5265315
-1.3566874,-0.30257517,0.69488907,2.6121097,-0.4779546,-2.099251,-0.26507753,-0.12650165,-1.8772796,3.412794
-2.0094686,0.9188341,0.24251753,4.1983123,1.1391058,-2.7912686,-0.82112634,-1.0303216,-0.7873454,1.1816278
-1.3306316,-0.3571774,0.047886074,3.992725,0.6187966,-2.2502363,-0.46140423,0.58220625,-2.4613466,1.7897713
-0.5057142,-0.38576213,-0.7308829,5.202933,0.18047032,-2.5516317,-0.5970106,1.1974506,-2.1865718,0.61121225
1.3134859,-0.7241671,-0.8617266,0.8085836,-1.9075562,-2.14304,2.295892,2.841527,-2.3058276,0.8566611
0.45561147,-0.816409,0.11887333,3.9808383,-1.8609456,-2.7384238,-0.13957457,1.6482934,-1.3457416,0.9595611
-1.6540203,-1.3723813,1.2326393,5.322282,-1.693118,-3.0497103,-0.15947156,2.742659,-1.2403787,0.12587461
-1.5906491,-0.75476706,0.67794657,3.4506812,-0.78046393,-1.6448104,-0.6476636,0.961653,-2.1577532,2.701168
-2.3564868,-0.6258416,0.7395535,5.8730273,-0.6284635,-3.28224,-0.113112286,1.7875445,-0.49600855,-0.55939126
-0.80265427,-1.2232533,0.52540696,4.2448606,-0.33982506,-3.3106666,-0.0071373247,1.8230467,-1.9091926,1.2618806
-1.5841749,-0.8508723,-0.3158111,5.6032376,0.89180183,-3.2246957,-0.07238652,1.1766323,-0.7134007,-0.56303215
-1.114218,0.21947375,-1.0095544,4.9332204,-0.97630787,-2.6164587,-0.25858906,2.1700225,-0.6998091,-0.39599994
-1.655638,-0.3220618,1.0389282,-1.9795256,-0.72155774,6.0366387,-2.2247639,-0.16244066,0.8307159,-0.91314554
-2.7845,-0.8213023,0.6793875,-1.4856942,-0.8887607,6.302311,-1.8406498,-0.0012239143,-0.4388926,1.1522827
-1.0452559,-1.2746774,1.1456125,-2.1073294,-1.9752768,5.606366,-1.2683678,0.5784983,-0.41801342,0.66506124
-2.3929534,-0.8881631,0.77314246,-2.8658323,-1.0011259,7.571077,-1.2689288,-0.07552204,0.035479326,0.033284575
-2.4916747,-0.2336685,-0.10968652,-1.4257102,0.6390631,6.6250224,-3.1354294,-0.29167944,0.2558281,0.063789874
-2.0486581,-0.47854868,-0.17371184,-1.7560878,0.2191377,5.1577864,-1.3871686,-0.18373951,0.35508955,0.2008959
-2.288473,-1.7416626,0.99396396,-1.4929549,-0.12449649,6.2926693,-1.5618438,0.07181925,-0.10228573,-0.1331723
-2.426971,-0.72876954,0.3483802,-1.9073236,0.17938435,6.369264,-0.54112846,-0.14426503,-0.46196845,-0.8107158
-0.34371772,0.082472,-0.93062353,-1.5512155,0.17351034,5.4586663,-2.0207145,-0.50001204,0.12867881,-0.5938536
-1.7614777,-1.1276808,0.43131918,-2.6729639,-0.5267148,6.171493,-0.7153186,1.1405754,-0.49416658,-0.51024747
-0.8861351,-0.47514257,-0.24587533,-1.648383,0.87822914,4.3606615,-1.9699801,-1.3158934,0.00376587,1.2377594
-0.4629828,-1.988305,0.780762,-0.8756765,-0.056904107,5.146451,-2.739202,-0.500068,-0.51660866,1.1715584
0.018595606,-0.64252806,-0.3651525,-2.6804023,-0.38324323,5.4683394,-1.0499905,-0.34773734,-0.42100134,0.30373076
-3.2696111,-0.9147086,0.4750471,-1.8731136,-0.6196114,6.4457135,-1.3846617,-0.035700344,-0.6387383,1.7223427
-1.2011228,0.08296932,-0.40390164,-2.0963938,-0.45492914,5.979856,-1.8381686,-0.27383518,-0.5903355,0.72313106
-1.5979012,-0.626896,-0.30282038,-2.228173,-0.3933486,6.747107,-1.5105417,0.0055320486,-0.33760753,0.15789431
-1.0508906,-1.6083549,0.8048233,-2.3687453,0.022944987,6.2553196,-1.2404401,-0.87716997,0.5120148,-0.52234304
-1.3629996,-0.835122,0.3979404,-2.0136073,-1.0963436,6.086653,-1.632688,0.2639226,-0.044146728,0.14483672
-2.7568579,-0.66190064,0.9027796,-2.1659884,-1.0488651,7.0217996,-1.1006737,0.14073828,0.13320825,-0.5802835
-2.8984382,-1.480637,0.7970027,-1.7928329,-0.2663478,6.8830094,-2.2463078,0.13064682,0.07074195,0.7240013
-2.1611633,-1.1618577,1.0906012,-2.5246477,-0.76324105,5.7321796,-0.90831923,0.010224737,-0.7025628,1.2704837
-1.3749807,-1.6729285,1.578414,-2.3479385,-1.2040393,5.6401567,-1.1632836,0.47322977,-0.73656857,0.7605196
-2.4312992,-0.4504926,-0.35471606,-1.1616786,-0.2202988,6.0400023,-1.4870294,0.9989803,-0.38637987,-0.629066
-3.859361,-1.0588042,1.0379038,-1.5729439,0.042985126,6.920749,-1.9872301,-0.7260255,0.853736,0.24871728
-1.3818907,-1.3573468,1.4503391,-2.0845718,-0.9014975,6.095611,-2.2402508,-0.1802113,-0.27683508,0.8246738
-1.0888093,-0.83955073,2.9818573,0.15906504,-1.2433683,0.55099165,-0.47295907,-0.9654368,4.5964847,-3.5402732
-0.8799226,-0.765563,2.6519485,0.035454452,-1.1713923,1.2313097,-1.3227884,-1.727746,5.249292,-3.1499054
-0.77404857,-1.3157593,3.7666154,0.23573695,-0.91750705,0.85117877,-0.9673663,-1.5608194,2.99252,-2.1983135
-0.77612174,-2.0179777,4.9113455,-0.82662666,-3.0361512,0.95196176,-1.008573,-0.75442106,3.7510107,-1.0388762
-0.7491987,0.3317552,2.5149348,-0.58241045,-1.2289597,-0.2691178,-0.6895869,-2.022663,5.4305854,-2.5575707
-1.96222,-0.39021495,3.2085876,0.08099297,-1.0837053,1.2802093,-0.7131021,-1.6306149,5.086681,-3.7438605
-1.3643045,-2.2930148,4.9520884,0.14118335,-2.8285322,1.0501527,-0.57514036,-0.5756636,2.681242,-1.0427002
-0.19529131,-0.07040754,2.1110098,-0.9523219,-2.2152889,0.8261652,0.105661616,0.0117116645,4.2807055,-3.7518423
-1.216521,-0.53658116,3.0476131,-0.79044497,-1.9034725,0.043729246,0.51652634,-1.0819902,5.838474,-3.6887598
-1.0891018,-3.7449377,5.592942,0.009642214,-2.5437162,0.44470492,1.311517,0.23413983,1.5568997,-1.6137183
0.20582864,-0.34446853,3.040062,-0.8240769,-1.2758068,-0.050742134,-0.7490899,-2.050865,4.0311356,-1.8783435
-0.76325893,-2.1297238,4.325421,0.8115082,-0.7722206,-0.074734,-0.68646324,-2.1049218,4.11503,-2.5597374
0.023510605,-1.5447596,2.8715773,0.56707907,-1.2807115,-0.9125093,-0.9301388,-0.56086874,2.7301593,-0.7344955
-0.73418057,-2.0582561,3.8401246,0.80514216,-0.32697526,0.83157086,-1.3763936,-1.6387961,2.7094307,-1.9098392
-0.77336764,-2.4632087,3.281431,0.83553135,-0.8369129,-1.0628669,0.6739731,-1.2098303,4.169268,-2.3316653
-0.51029086,-2.0159156,4.3602967,-0.45066926,-1.754681,1.3615463,-0.5862088,-1.7809242,3.211936,-1.6929696
-0.41155985,-2.6923811,3.3054152,0.83761966,0.074964225,0.51165736,-1.5289927,-2.1302629,2.008182,0.099056154
-0.90408945,-2.235737,2.6363747,-0.27642134,-1.5973694,2.8227005,-0.9153081,-0.16867217,1.1328056,-0.43630436
-0.9748212,-2.5002902,4.1591806,-0.52724755,-2.1511736,0.91315854,0.20652093,-0.20663458,2.3512158,-1.1451818
-1.4627442,-0.92602265,2.618811,-0.07590583,-1.0852203,0.51228106,-0.46460158,-1.6914116,5.368055,-2.6297913
-1.227799,-1.4330966,2.0957406,0.7041154,-1.1926227,0.3753562,0.43209353,-0.28222036,5.264182,-4.538474
-1.2491856,-1.507766,4.2103467,0.10205683,-1.7177985,0.55560184,-0.5026399,-1.3846993,4.0125203,-2.3821297
-2.1589894,-1.2431916,2.4853883,-0.7271247,-1.4796348,4.7925897,-0.91570705,-1.1248624,1.1530122,-0.7820927
-1.2289668,-1.0231253,1.4081626,-1.2885193,-1.2576835,5.682809,-1.9619961,-0.52096725,0.31966645,-0.15700972
-2.0263703,-2.2683032,4.1544447,-1.195838,-1.5668652,4.0714493,-0.62651277,-1.4653807,2.746539,-1.8384566
-0.3231833,-0.5307175,-2.0543082,0.52466476,5.6809907,0.31134948,-0.6508819,-1.612802,-2.030018,0.62414336
-1.1212616,0.045535654,-2.2323036,1.2103906,6.218609,0.15040302,-1.7538965,-2.1088567,-0.89888257,0.5053917
-2.654596,0.8931569,-1.7124497,0.71220505,5.9450254,0.92159915,-2.1739516,-2.4080243,-1.4938086,1.9306574
-0.87238896,-0.4736404,-0.37808305,0.3412399,5.2847214,0.022154108,-1.862773,-2.2938948,-0.95463574,1.2196746
-0.76850235,0.40301493,-1.6015086,1.0739996,5.310939,-0.55000365,-2.2846718,-2.0114799,-1.417967,1.8385712
-0.90658534,0.0740467,-1.882822,1.8193321,6.1721725,-0.16935882,-1.6190704,-2.2517047,-0.81599486,-0.3978367
-0.9451778,0.72512543,-1.8843731,0.83457243,5.2866764,-0.6122837,-1.3358449,-2.2880344,-1.9765586,2.191354
-1.6604363,0.7499242,-1.9957633,0.5366882,6.2435036,-0.07668917,-1.2386088,-2.185653,-1.7353112,1.3324094
-1.2430658,1.1913188,-2.1084719,1.0776476,6.8637934,-1.0861024,-2.0134556,-2.639732,-1.3153743,1.3433391
-1.3478435,0.7867259,-2.5240955,0.6484519,6.613282,0.27669,-1.3434448,-2.5949464,-1.3335197,0.8526933
-1.3630251,0.32002643,-1.128556,1.0020119,6.021139,0.21401122,-2.293316,-2.710449,-1.072655,0.9832399
0.031698912,0.029173166,-1.5384479,-0.053442508,4.0440903,-0.14838949,-1.0737066,-1.622782,-2.034527,2.355996
-1.7864268,1.0440487,-1.9866469,0.7461313,6.6473527,0.28643093,-1.5102556,-2.961202,-0.6254891,0.18051931
-1.1704342,0.6570382,-1.6612024,0.46544912,6.775711,-0.012447625,-1.9523001,-3.0457966,-1.1560894,1.0849648
-1.4342662,0.7614459,-1.3122728,1.4065188,5.1969833,0.26021233,-2.9196277,-2.5684779,-0.85758036,1.5105203
2.0133133,-1.6587427,-0.4165421,-0.5266187,-1.0322093,-0.0022427589,0.51328087,1.6905434,-1.0576125,0.5690577
0.14917147,0.5703479,-1.1771929,0.50563455,4.2007737,-0.4502432,-1.7318313,-2.4013002,-1.2826124,1.6477023
-1.8790584,-0.08713725,-0.25548345,1.7479452,4.925537,-0.523896,-1.7872777,-2.2740517,-1.4439409,1.5803465
4.655479,1.392156,-2.1300359,-1.2223175,-1.7515854,-2.2460196,-0.4018658,1.0905392,-0.9833459,1.7239833
2.388255,-0.8562548,-0.1479003,-1.740238,-1.978294,2.5613935,-0.3334893,0.084754966,-0.24417613,0.2539464
1.9277412,-0.08237317,-0.94971323,-0.5394896,-0.58243763,-0.012216836,-2.1397448,0.5517758,-2.6274734,4.579215
1.9321178,0.93374264,-3.1835985,-1.2964349,-1.7303425,-0.28058764,0.21309642,3.457921,-2.7007647,2.8017232
1.1457438,0.33996275,-1.8923281,0.08430004,-2.719992,-1.2714677,2.0628023,4.3466806,-0.82729816,-1.0249858
5.91179,-0.5494803,-0.96662146,-1.2357528,-1.4100306,-2.1533215,0.58229464,-0.10607787,0.3832662,-0.29973298
5.7837963,0.7773514,-1.6777511,-1.2580321,-2.2514274,-0.84811103,-1.2298057,0.718338,0.1924767,-0.059976965
6.0504923,0.015435606,-2.038518,-1.2493421,-1.9927284,-1.9325373,-0.27499643,0.63504636,-0.43340567,1.3708696
4.3841324,0.9293587,-1.1287198,-0.03257686,-2.4157827,-3.597411,-0.095363006,0.69509184,0.12154366,1.3622395
5.0590773,0.71928096,-1.8989997,-2.0084498,-1.208676,-1.678848,1.292652,-0.046641298,0.98195124,-1.0718272
1.7387241,-1.1909113,-1.6247865,0.13122961,-2.2483914,-0.015854582,0.7824028,4.021819,-2.1632013,0.73324597
5.1385403,0.94477606,-1.7957789,-2.3034675,-1.895666,-1.3325129,0.89976555,0.6984743,0.15255377,-0.3987622
0.7204906,-1.0207175,-0.81905496,0.2700352,-1.737866,0.15091428,-1.2821449,2.331946,-2.4718363,3.96997
5.900702,0.41605815,-2.4390588,-0.99334896,-1.7608505,-2.1288311,-0.8992309,1.5919083,-1.3515284,1.8348347
3.4325864,-0.39234957,-1.2987273,-1.0401244,-2.1895573,-0.64998424,0.38689485,1.9864833,-0.91475755,0.8670378
4.911541,-0.63159233,-1.1782113,-0.99395585,-1.680851,-1.5932522,0.17528334,0.267436,-0.10194574,1.0013412
6.1267667,0.5193238,-2.9821553,-1.4465499,-2.0926793,-1.6943076,-1.0801355,2.0425863,-1.3879184,2.169073
1.4726392,-1.7602874,-1.0980831,1.2514935,-2.2299623,-1.4068794,0.44247437,4.6803284,-1.2453897,0.13228522
3.1093566,-1.9248556,-0.5744129,-0.4113549,-1.4874182,-0.6107341,0.8906721,2.3877175,-1.4995755,0.29555303
3.4830759,-0.13060558,-1.1807147,-0.9338646,-2.4591389,-0.40804246,0.13809566,1.7319938,0.7048333,-0.788417
-0.7741804,0.086566836,-1.2411882,0.54666233,-2.1084595,-1.0914916,2.4279265,3.749654,-0.8547105,-0.57781804
2.1503904,0.052609503,-1.7317404,-0.52749586,-3.2722685,-1.192056,2.0072792,4.7117558,-0.7643555,-1.2151306
0.9597107,-1.6925145,-0.5260179,0.43597263,-2.0135152,0.047359973,0.85119176,3.350974,-1.7392856,0.4476105
3.8196778,-0.94738543,-1.6884114,-0.79734695,-1.2108124,-0.06262508,-0.53499377,1.1045977,-1.6177152,1.9855654
5.15871,0.53609943,-1.757731,-1.6007938,-2.2540083,-2.4142501,1.8143443,1.2234257,0.32048503,-0.83978176
0.32507482,6.522596,-4.434772,-0.31550804,-0.43206123,-2.079332,0.5353106,0.1300168,0.43451634,-0.47572067
-0.24190122,5.8008304,-4.3121367,-0.63289046,-0.4476435,-1.8565464,1.448035,0.4054621,0.37224475,-0.31158867
-0.5586747,1.8279423,-2.890655,0.8407215,3.6881063,-0.49162844,-0.3947275,-1.1762373,-0.22886403,-0.5399519
-0.10204649,7.02647,-4.196221,-0.1997166,-0.095130295,-2.4034274,0.54077566,-0.54422724,0.7550791,-0.56529045
0.06915149,6.4398494,-3.0258064,-1.0689749,-0.3023624,-1.5472927,0.7371492,-0.72217697,0.2761995,-0.6902441
-0.6143383,4.7849097,-2.7384896,0.4881678,0.86691487,-2.352278,0.19003914,-1.2878647,-0.41670668,1.2645894
-0.2969567,6.476431,-3.6104589,-0.79668236,0.46997067,-1.994901,0.40336165,-0.43372107,0.43818572,-0.42805365
-0.25500876,5.0069036,-3.066864,-0.21782541,0.94932234,-1.3400939,0.38432267,-0.88179094,0.56451875,-0.9666554
-0.14362434,5.7172017,-3.217761,-0.26452434,0.84939814,-2.1410792,-0.2951579,-0.82532966,0.8316625,-0.30783197
-0.4592158,5.3340483,-3.0381384,-0.45669067,0.037996903,-1.2719609,-0.12476839,0.3164693,0.54378784,-0.6950716
-1.3655163,2.8452168,-2.3136122,0.09532632,0.46129838,-0.89760184,0.9943435,1.4616196,-0.97184026,-0.1865482
-0.5444083,3.9972816,-2.362008,-0.29348603,-0.012870178,-2.180913,1.8467195,0.06761665,-0.02398656,-0.2879375
-0.8196589,1.7045268,-3.252552,0.17298111,3.1761901,-0.75877655,0.8208562,0.12792152,-0.8322191,-0.20153108
-0.45964733,5.917751,-3.5529728,0.55243623,0.26194426,-1.6097736,0.47092292,-1.195552,1.1009313,-1.2752972
0.17551938,7.1087365,-3.3831534,-0.906379,0.18567315,-2.5894926,0.37688687,-1.2282948,0.31226924,0.18550095
-0.56516576,6.60864,-3.4136415,0.42054722,0.73034894,-2.5546536,-0.6363267,-0.9043285,-0.29398996,0.8571714
0.27657104,5.363756,-3.1551332,0.24080032,0.95606184,-1.7935784,0.37760398,-1.1718161,0.92183185,-1.7633787
-1.5686765,1.2590898,-2.0683558,1.5853527,6.165487,-0.7735522,-0.7459544,-3.1592283,-0.5850836,-0.049974978
-1.0964438,4.921403,-2.604464,0.018978417,-0.2439644,-1.5019196,1.8513978,0.41711062,-1.4450392,-0.1224474
-1.1714617,6.0318756,-3.9772694,0.31985322,0.3377608,-1.9969242,1.5791206,0.33861613,-0.11845188,-1.1536586
0.24936196,5.633992,-4.426742,0.006228298,1.8348707,-2.1515973,0.40165135,-0.86305964,-0.8511184,0.36387494
-1.3411067,3.588285,-3.083879,0.30931613,0.34151694,-1.3733226,1.3010006,1.3554263,0.35170332,-1.2856014
0.6420243,6.678577,-4.3586845,-0.57106245,1.4450005,-1.9553239,-0.6357664,-0.8264629,-1.1432155,0.90046465
-0.38780537,5.758492,-3.319715,-0.08913359,0.48795083,-1.9395945,0.07341622,-0.53955543,0.42044625,-0.22661701
-0.5633676,6.4451113,-3.2775712,0.55331564,0.13772449,-2.888789,0.0401165,-0.4018575,-0.30107304,0.5187113
2.9160953,-1.8730234,-0.002506299,-0.10725218,-1.0715591,0.20793048,0.5489873,0.9146942,-1.0108582,-0.3854973
-0.9419253,-2.6574512,4.6044407,0.9932414,-2.3797326,-1.2605813,2.0572076,-0.42444265,1.1746691,-0.90932965
-2.869563,-0.37775674,0.17376252,1.4341108,-1.5123411,-1.3981279,4.56309,3.4413564,-0.24233656,-2.9731617
-0.92780983,-2.495152,4.1885357,1.3497165,-2.3591545,-0.59122515,0.86704546,0.9325788,0.4815158,-1.2191284
-2.6241157,-2.8517666,2.9944417,2.1607516,-1.2930629,-1.586582,1.8080175,1.5071144,-0.28683907,0.34927338
-1.9047685,-3.064522,3.4764984,0.7189069,-1.8977023,-1.3213228,3.9812531,1.399945,1.6541504,-2.7994368
-1.5670317,-3.6267984,5.389553,1.3434179,-1.860469,-1.2246675,1.4867597,0.075545944,1.1320482,-0.92869437
-2.7361166,-4.160944,6.423379,3.1013908,-2.0847895,-1.9029558,0.5298909,0.54887736,0.7934723,-0.24062952
-1.7746832,-4.1844425,5.2817626,1.6532724,-1.5948871,-0.5376111,1.3147764,0.39739078,0.8766572,-1.1981981
-2.2792194,-2.4859788,1.5768257,3.6280532,-1.7179035,-1.3868262,0.3747746,2.9903927,-0.36040804,-0.06969625
-2.3447797,-3.6090002,6.139603,2.4147255,-2.2116048,-1.1644602,-0.21558754,0.18177998,2.30332,-1.1957451
-2.380458,-3.6296906,6.3264217,1.9580243,-1.7890713,-0.026762933,-0.6683904,-1.0220933,2.7390943,-1.2835381
-1.5018364,-3.165507,4.6357946,0.16554198,-1.5283813,0.50678724,0.54710513,-0.5772026,1.9578618,-0.8048109
-2.6439426,-4.5485535,6.6910553,2.4244893,-2.137441,-1.0838172,0.13185617,0.5090338,1.1104013,-0.21285263
-0.059571147,-2.1264439,4.839382,-1.0420524,-2.8795383,-0.1626853,0.8487511,-1.0169322,1.8498799,-0.069852084
-1.4572484,-4.044473,6.5948663,-0.7562126,-3.4619691,1.7572265,0.21322416,-0.43193877,1.968809,-0.24031183
-1.676979,-4.281137,5.778946,-0.52857614,-1.4106154,1.8977048,0.8115742,-1.3503957,1.0878745,-0.3079259
-1.121621,-4.686986,6.5053062,-0.61311877,-2.11835,2.5229862,-0.106846884,-1.6368508,2.2088094,-0.88761294
-1.2117355,-3.0341654,2.480425,3.0505779,-1.0496362,-1.2432654,-0.21029757,1.0998777,2.0023823,-1.6462588
-1.4054892,-3.7750983,6.6492925,0.48897752,-3.2082112,-0.124643475,0.3536274,-0.6528505,1.663177,0.22464089
1.4826343,-2.767108,0.7707776,0.5860807,-2.1653283,0.031221367,-0.92665964,2.60001,-1.0852307,1.6627587
1.435469,-2.5011313,2.2633576,-1.046789,-2.6516109,1.9531999,-0.6910516,0.74705863,1.116568,-0.4801617
-2.3960135,-4.9137836,7.237903,1.7035437,-2.239895,-0.71417177,0.5831784,0.35266852,0.85529506,-0.23228523
-0.28117073,-3.490211,1.6784801,2.0481482,-1.4859623,0.48975796,-0.76809597,1.7649715,-0.6794058,0.89466476
-0.5418658,1.2244996,0.0533247,1.5074306,0.55295885,-2.1523788,-1.0947328,-0.6430534,-2.1180685,3.3512232
-0.72060585,2.1035066,-0.969614,1.540494,-0.42368916,-0.9429976,-1.6489658,-0.15313277,-1.4828478,2.8432605
-1.2306026,2.3976972,-0.98538685,-0.36036795,-0.6041759,-0.34599355,-0.20887809,-0.27178034,-1.9467276,3.7035482
-1.473422,0.014148265,-0.14820051,-0.12577683,0.53615355,0.310825,-1.7787117,-0.14284328,-3.398233,6.2518573
0.18745556,3.3340063,-1.3263285,-0.1373032,1.2084031,-0.93582296,-1.7849982,-1.7734375,-1.4809891,2.7957098
-0.27051404,0.69842625,-0.06534755,-0.0019032359,-0.667312,-0.053343743,-1.7304347,-0.57333595,-3.3943014,6.1213236
-0.001211971,3.3461113,-2.4992101,-0.73173976,0.73396873,-0.75596535,-0.38926306,-1.2081505,-0.7965217,2.3933246
1.4124005,3.0199234,-0.56915665,-0.90628266,-0.9027523,-1.026217,-1.0444849,-1.977273,-0.026973408,2.1737626
0.38712022,-0.6017431,0.20798582,1.4880347,-0.7236856,-1.9669287,-1.1850115,-0.00759273,-2.5990872,5.1910143
-0.7778523,-0.22567025,0.55496,1.5164988,0.4756153,-1.2813183,-2.7735205,-0.47540724,-4.581434,7.657895
-1.0847421,-1.1551458,0.64370817,2.803908,-0.18793136,-1.1338499,-2.3795815,0.21086991,-2.6850147,5.119964
-1.4632149,0.36783233,-0.12467033,1.896076,-0.59180105,-1.3775159,-0.77740693,0.22136378,-1.3998398,3.4197662
-0.44981566,-1.3828183,1.4579227,2.0762055,-1.2309809,-2.0402088,-0.76555514,1.0451033,-3.1081996,4.612966
-1.5550675,-1.0670198,1.1066896,1.3929884,1.3919891,0.14445728,-3.9141283,-1.3999965,-3.2971187,7.2755933
-1.351,-0.2890778,0.6019914,2.6929874,0.5647689,-1.3125652,-2.0524921,0.09380714,-1.7134286,2.9279685
-1.7521552,-0.80546975,1.1434511,1.2363207,0.16503862,-1.296618,-1.2185491,-1.0589983,-2.2450445,5.9895473
-0.3988013,0.02058956,-0.78131133,1.0338008,-0.25752962,-0.32583883,-3.162146,-0.07951131,-3.5063024,7.591114
-2.2155077,-2.0093954,1.2963028,3.164783,0.27557817,-0.48799154,-2.5904856,0.5791594,-2.8691888,5.051344
-0.25060862,-1.142101,0.47802687,1.3016047,-0.70374525,-0.60129905,-2.996537,0.7925453,-2.9656463,6.21824
0.9624131,0.31785968,-0.22225365,0.4821608,-1.7095867,-0.8584696,-2.4010563,0.020704143,-2.6987138,6.248891
-0.47865,-0.41063175,0.2838159,0.7266984,-0.789098,-0.23585504,-2.1756272,-0.093803465,-3.1881075,6.4778657
-1.2426898,-1.9566907,1.6387584,3.563317,-0.95976007,-1.2238302,-1.3743525,1.2236689,-3.0586276,3.6007535
-2.171831,-0.6540607,-0.16410649,5.042482,0.41314533,-2.2035081,-1.1190271,1.2398924,-1.7752973,1.6071631
-2.5730696,-0.3613291,0.09085518,3.9788437,0.07600275,-1.3019974,-1.7255821,0.7929812,-2.1459482,3.3746345
-2.1202424,-1.187504,0.09553975,5.433391,-0.7706859,-1.6328154,-1.1307256,1.4040425,0.12408681,0.05962512
