0.9437177,4.960095,-3.047881,0.12455829,1.6886206,-0.2999168,-0.99115515,-2.649043,-1.2015141,0.46861368
1.1082331,5.004755,-2.4296095,0.014367364,0.4254824,-2.657071,0.9768506,-2.3392243,-0.9899969,1.1945941
1.1845351,5.259294,-2.396843,-0.8903268,0.6643005,-1.3667698,-0.57583714,-2.8959093,-2.114437,3.3565857
0.7070278,5.4891024,-1.1304885,-2.1646254,-0.17797019,-0.67224777,-0.68759096,-2.828776,-0.2949287,1.8478551
2.8741362,4.3084707,-2.028457,-0.75822276,-0.5709194,-1.8895221,-0.09703802,-1.9117951,-2.2809455,2.387542
2.3928983,4.3700337,-1.6953669,0.63838047,-0.35423076,-2.69559,0.061074637,-2.6060767,-0.8627457,1.0444353
1.3685147,3.8863752,-2.5065782,-0.40182608,0.92278826,-1.4300302,-0.3290467,-1.6332881,-2.1420085,2.5439725
1.6281514,3.1144524,-1.8868884,-0.7233428,0.14840184,-2.0284476,1.2921836,-1.0588272,-1.0849979,0.47051805
1.9892999,2.6881995,0.05547584,-0.70891446,-1.699882,-0.5771122,-0.78515214,-2.2837234,-0.4682894,2.0487046
0.603425,2.1942272,-0.5328706,-0.09268058,-0.12502027,-1.196827,-0.15053532,-0.9388331,-0.48841473,0.6463919
3.5954754,3.1719291,-1.0118263,-1.1605287,-0.3869747,-2.6164603,-0.2796747,-2.1337817,-2.2921054,3.064329
1.1306461,4.5093293,-2.9010181,0.22414556,0.5335729,-0.8277743,-0.20903936,-2.5225344,-0.3950579,0.6751191
0.7775551,1.5747359,-1.3972014,0.7642167,-0.31242868,-2.2090034,-0.22285742,-0.499712,-3.4041252,5.3942723
3.2596133,3.804645,-1.3325535,-1.1050042,-1.4359288,-1.3561493,-0.61258614,-2.009137,-1.2507678,2.1156242
1.3627893,1.5579991,-0.29153612,-0.45432565,-1.2386781,-0.8471504,-0.37385005,-0.6525909,-2.271715,3.373456
2.1390781,1.6755313,-2.1982448,-0.1055691,1.0058569,-1.0084031,-0.58238995,-1.2766182,-2.7152894,3.1137989
1.1646451,5.153171,-2.6426303,-1.1650403,0.49913877,-0.8802256,-0.30541423,-2.4473577,-0.8130731,1.4704261
2.8865016,2.3115423,-1.3242311,-1.289667,-1.3082349,0.24626103,-1.4775704,-1.031913,-1.6763215,2.7691727
3.069748,1.8528597,-1.6935797,-0.06558857,-0.76919794,-1.3563565,-0.9278057,-0.41924882,-3.2372832,3.6936462
3.0117452,1.9432117,-1.6218746,0.42056218,-0.4180228,-0.35930443,-2.3016448,-1.6044611,-3.612944,4.776817
-0.5967381,-2.487963,-0.44929597,4.6315117,-0.9881547,-2.0816636,0.74275374,3.650568,-0.9708538,-1.6534215
0.24057528,-1.575492,-1.1245452,4.8085155,-0.9444355,-1.625877,-0.83948606,2.0078802,-0.7592919,0.13056956
-0.095035605,-3.0418377,-0.3611063,3.5286083,-1.3975527,-0.5407474,-0.32767382,2.9413924,-0.94448173,0.14138119
0.6061516,-1.3283212,-0.119766854,6.184147,-1.9113935,-4.0954046,-0.22616416,1.6378541,-0.6845064,0.23967798
0.41339508,-2.4807358,-0.6338133,5.2238426,-0.8947536,-2.3697414,-0.69093215,2.7921474,-0.9317212,-0.16064255
-0.52128714,-1.0335236,-0.67468053,5.3172736,0.5231931,-1.0341907,-2.782695,0.86931354,-1.1224902,0.21528544
-0.52424306,-3.5930362,-0.59650284,2.3470724,-0.3149001,-0.9575748,1.2102785,4.0273085,-1.399447,-0.1983289
-1.7386218,-1.4157062,-1.2780097,5.1400867,0.30370873,-2.1926923,0.5462701,2.2588465,-0.8322816,-0.71660846
-0.263574,-0.43253726,-1.2951305,6.1653023,-1.7073505,-3.7092395,0.8343616,1.7532037,-1.169559,0.36386496
-1.1283528,-3.5383568,-0.07634082,6.151848,-0.8704064,-3.0224214,0.7210998,3.518332,-1.1122375,-0.35578585
0.4937385,-3.162243,-0.11574527,1.2500875,-1.0154301,-1.1433693,1.1448165,3.3151011,-0.6605578,-0.23797278
0.2789956,-1.9398551,0.0036928449,4.1488657,-1.8474659,-2.5046186,0.7610853,1.8804004,0.28680196,-0.9484055
-0.58246535,-1.1201501,-0.2553902,6.6178617,-0.9047929,-2.7460718,-1.2148074,1.3379102,-0.15959331,-0.9248503
-1.049126,-1.3711876,-1.2065741,5.9454193,-1.470235,-3.47894,1.7044088,3.0687273,-1.0559367,-0.8505747
-0.6486696,-3.9786837,0.118540384,4.3714743,-1.871762,-2.9766822,1.5810289,4.644329,-0.8864466,-0.16994064
0.5104658,-2.973831,-0.9571488,4.922258,-1.7596648,-2.1505284,1.1933695,3.798687,-0.7508948,-1.5996243
-0.275315,-0.7166462,-0.9997628,7.3833237,-0.4303401,-1.6876853,-2.383546,0.62881887,-0.87546974,-0.71939003
-2.1028888,-1.4060512,0.6517974,5.347491,-1.3240318,-2.3912134,-0.17719677,1.455424,-0.11968038,0.45524007
-2.0333595,-2.2643511,-1.0886717,7.200634,0.38766998,-3.4945168,0.5935811,3.0880358,-1.257418,-1.1140014
-1.0085775,-1.3189662,-0.17941229,5.394973,-0.14682402,-1.8986138,-1.158321,1.5387318,0.62495947,-1.7039478
4.8248177,0.11251946,-0.6065933,-0.09873707,-2.1774654,-2.32018,0.9301622,0.14556028,-1.4864142,0.7511623
4.6774664,0.5646734,0.36705813,-0.58266103,-2.6209662,0.5436238,-0.9726416,-1.2927188,-0.5272505,-0.2994669
6.2759132,-0.119081125,1.4876974,-3.094548,-4.6778526,-1.4748834,1.7183859,0.22208224,0.11392837,-0.62415105
5.6854568,0.9084994,0.65640163,-2.9329908,-2.7778525,1.0786349,-0.63816345,-1.5430903,-0.34994444,-0.36856216
5.912175,-0.8952545,1.2835456,-1.1201279,-3.741554,-0.51293707,-0.34560817,-0.122649774,-0.03592337,-0.6712356
3.2850907,-1.5545919,-0.69907886,0.038646564,-2.6661937,-1.8206612,2.6192389,2.401226,-1.6319019,0.059362367
4.528583,0.66585946,0.36483315,-0.75326806,-3.2405245,-0.8758406,0.34388503,-0.17330109,0.15535799,-1.2965851
5.1983223,-0.85517454,0.33336198,-1.5227644,-3.0462244,0.63726705,-0.2583503,0.30160952,0.3387043,-1.4486537
6.411989,-1.9681348,1.8798906,-0.5418679,-3.9663033,-1.8497242,0.4380873,0.16454656,-1.324516,0.5084179
6.5362883,0.096118644,0.11801634,-1.2479002,-2.2497518,-1.529401,0.073459946,-0.8822193,-2.0176299,0.88873225
4.235695,0.65491295,0.1658199,-2.2522128,-1.6577066,1.2423874,-0.4964629,-1.0188508,0.7119856,-1.9847385
5.294943,-0.5357698,-0.18533899,-1.4634669,-1.9145743,0.98578465,-1.5543731,-0.48082602,-1.5605521,1.0240325
6.78883,-0.6477029,-0.26905802,-1.6035728,-2.9490836,-0.29822886,-0.22324428,0.6533535,-0.07790453,-1.848567
4.8236413,-0.7549801,-0.058306627,-1.5121713,-1.9164972,-2.4153743,1.8654011,1.2585365,-0.3455476,-1.0217605
4.1844616,2.143899,0.29444435,-2.3205807,-3.4108431,-2.6310248,3.338401,-0.43937552,0.02960702,-1.220334
3.8836877,-0.056402337,0.0641006,-0.07654425,-2.4967752,-2.696651,1.6289839,0.78857434,-1.5428816,0.26532418
4.2359242,-0.92510015,1.3478696,-1.2015411,-2.7374625,-1.0925393,1.4653462,0.5611395,-0.3110164,-1.4874837
5.8109274,-0.22853534,0.9983647,-3.0614421,-2.4865909,-0.85541314,1.0010688,-0.6946821,-0.5833415,-0.374129
5.120469,-1.0878088,1.177325,-2.6857386,-2.6683564,1.3555052,-0.14672017,0.020661548,-0.9436078,-0.4945042
2.4279416,-1.190729,0.44292435,0.6288718,-3.0165946,-1.5375849,1.7894001,1.7415102,0.48000494,-1.9290245
0.81584257,0.6239768,-0.70064473,-2.4521797,0.6455219,5.2672944,-3.256683,-1.7605112,0.21033928,0.052786425
1.4371036,1.9760836,-1.5391798,-2.217084,0.12320797,4.986586,-2.9126909,-2.0721722,0.37005675,-0.5296592
0.66903687,-1.206336,1.6405131,-2.8791502,-1.2341877,6.932776,-4.1981006,-1.559145,0.86744493,0.36408526
1.1608645,0.118376955,1.0388887,-1.5620049,-2.1323311,3.5896726,-2.2597826,-0.8758069,1.8778102,-0.9696591
0.7050655,0.26850483,1.6529925,-2.4454296,-2.5050845,4.727255,-1.5577344,-1.6609962,2.1622398,-1.5651386
2.1918309,0.09914167,0.6628479,-2.9289389,-1.103414,3.7885919,-2.2197492,-1.0750045,0.24497682,-0.021055862
1.5855904,-0.771684,1.0806563,-1.3880224,-2.0619,2.3679934,-1.2682151,-0.7623779,1.5399047,-0.62155
0.09977823,1.2108268,0.38623446,-1.7845786,-1.2833515,5.0138135,-2.9737604,-2.0387158,1.6013815,-0.54994947
0.7732427,-1.6956712,0.48070177,-2.2252276,-1.5495999,4.074698,-1.4603909,0.63973653,1.0776054,-0.415747
1.9170169,0.37436327,0.34231254,-1.4691732,-1.9013579,5.9583507,-3.7438533,-1.8179052,0.58570826,-0.6665607
1.4937607,-0.84314144,1.1195526,-1.7342317,-1.5927243,4.8048306,-3.4106321,-0.7533703,1.573869,-1.0299382
1.9046274,-0.4827376,1.8212439,-2.6272712,-1.7277145,4.864713,-2.8844337,-1.8450863,1.8153763,-1.233396
0.6565201,0.5706115,0.40294656,-2.1531465,-1.2960241,4.575703,-2.092549,-1.0299791,0.68437314,-0.46937615
2.0265396,1.7820969,-0.22893973,-1.9868723,-1.028721,4.5664973,-3.0883052,-2.3189194,0.35654718,-0.2916178
1.7911606,-0.20735653,1.8562045,-3.0096884,-2.3485577,3.5284467,-0.8589721,-1.4782294,1.6960957,-1.3978027
1.705401,0.2210898,0.39097103,-1.9100617,-1.7296377,5.626787,-3.8180287,-1.4256477,0.0022875443,0.78379375
2.390247,-1.2509907,0.48189703,-2.3317378,-1.8299438,4.846618,-2.8575904,-0.48705924,0.5012503,0.14326589
0.47577217,-0.6342715,-0.07906046,-0.31926253,-0.8458626,1.956185,-1.1892778,0.2876678,0.23618281,0.14767833
-0.46472937,-0.9530383,0.7414176,-2.3088038,-0.63172156,4.944048,-2.3533704,-0.2716567,1.7490214,-0.6104377
1.2569804,-0.7004906,0.46836612,-0.39815542,-1.6511898,2.789383,-1.5630438,-0.27418584,1.3208184,-1.4729521
-0.1993042,0.73550814,-0.28730378,-0.14542368,-1.7609019,-3.658379,5.960702,2.30521,0.48671207,-3.0691464
-0.3787502,1.0922639,-0.41944212,0.1908117,-0.39721292,-3.7625885,4.3777037,1.3332164,0.6395341,-2.687841
1.9993418,-0.060523923,-0.34949872,-1.1342671,-2.861444,-4.983678,6.821043,2.7741663,-0.0606784,-1.9353676
-0.31784377,0.24145027,0.58014345,0.9390893,-1.8543646,-3.1058016,2.851096,1.9803357,0.0995773,-1.4658697
0.24752238,0.96834695,-0.50777453,1.0721124,-2.3233237,-4.465172,5.261197,2.3734498,0.3837821,-2.8435771
0.76784,0.58042717,0.42628247,1.14651,-3.047932,-5.2771025,6.140313,1.8107214,0.9333986,-3.4031682
0.13954154,1.4180698,-0.6778506,0.6581411,-1.6199541,-3.6820688,4.4742084,1.4797689,-0.31791902,-1.7464203
0.31115842,-0.04608528,0.40544832,-0.310504,-2.495984,-3.6580882,5.58383,2.7327406,0.83216417,-3.293318
1.4741846,-1.8357178,0.6137363,0.6957987,-3.1822758,-3.605956,4.8316135,2.9290414,-0.31006983,-1.5383947
0.6690338,0.62790287,0.41204488,-0.3600926,-2.6061685,-4.1776443,5.4992332,1.1052219,0.5657726,-1.7216319
0.76976395,0.5048335,0.20383982,0.36487594,-1.6796291,-3.6557484,4.0271287,1.606428,-0.48636183,-1.4617214
-0.017124437,1.417345,-0.053165667,-0.5401996,-1.8631382,-4.313836,5.667235,1.9685283,1.3522053,-3.465541
0.17518935,-1.6231664,1.3815628,-0.030979909,-2.6227415,-4.360094,5.3072257,2.832801,0.2449834,-1.2623672
0.18260643,2.1369362,-0.41401476,-0.7282905,-1.1197659,-3.4197526,4.848037,0.89567685,0.48666546,-2.9729319
-0.79367125,-0.12029384,-0.82969147,-0.67619336,-0.52501506,-2.35736,4.4537253,2.63796,-0.31987926,-1.4918534
0.50167125,-0.79001623,0.024142573,-0.38898912,-1.6158319,-3.4612665,5.981935,2.8564575,-0.3478923,-2.590285
2.198982,0.4337156,0.18208252,-2.0824041,-2.607404,-2.9447947,5.8496494,1.6494467,-0.4137369,-2.2536824
1.1025219,0.11506082,0.6757959,-1.5231905,-1.5310986,-3.1784005,4.2342086,1.3778971,-0.055529676,-1.3873044
2.3344877,0.422578,-0.6647723,-1.1176327,-2.3947403,-4.90505,5.890971,2.3339217,-0.29706278,-1.685266
0.7514242,1.1853395,-1.0409242,-0.737034,-1.0894606,-2.5756326,4.1356673,1.4294286,0.22890407,-2.4068472
-0.1548408,-1.9318941,5.91777,-2.1484067,-4.748578,0.6132128,1.3038826,0.20743375,4.0333405,-3.4010391
0.35068122,-0.5040315,5.1595335,-2.616526,-4.2870035,0.8886962,0.5733086,-1.3168336,3.615645,-1.5599955
0.36047158,-0.7706615,5.012281,-0.8242673,-5.1599584,-0.80290645,1.1735122,-0.27588165,4.538555,-3.0935824
0.8918159,-1.4792624,5.9408517,-2.2740598,-4.7874966,-1.1458267,2.0241559,0.06017497,2.6207194,-1.9881432
0.12016133,-1.1144679,5.98906,-0.95612055,-5.2574797,0.12193218,0.5046131,-0.8589593,4.424167,-3.023321
0.26451188,-1.6307635,5.5025735,-0.7533889,-5.108431,-1.5060853,2.0383432,0.6212555,4.1409907,-3.4986942
-0.2880436,-0.62213755,5.1841288,-1.3877671,-4.448234,0.4703095,0.9215678,-0.7999304,4.965704,-4.0379715
0.25331283,-0.57549906,3.350409,-0.610505,-3.9582508,0.047843277,0.8852848,0.064583704,3.4826689,-3.0162044
0.8594575,0.45608413,4.9828525,-2.116312,-3.756521,-0.135697,0.5488892,-1.8562415,4.425967,-3.367748
0.8739897,-1.2973211,3.2743466,-1.9552585,-2.9713225,0.40360606,1.1989771,-0.1623647,4.72153,-4.267326
0.2518881,0.9409752,3.902847,-1.4943855,-4.17624,-0.13904548,1.1450737,-1.4440053,4.20172,-3.0488455
0.6851162,-0.35869268,5.0751314,-1.2809078,-4.653305,0.28164268,0.6188741,-1.1441056,3.9068587,-3.1772802
-0.19886151,-0.56037146,5.3761353,-1.9490522,-5.122121,-0.68638813,1.9223272,-0.22501872,3.0405784,-1.4626544
0.3132475,-0.84615207,6.4295764,-0.95660084,-5.9367557,-1.1754876,1.3882014,-0.5142736,4.918956,-3.6104941
0.7320406,-0.99886924,5.184875,-1.7228669,-4.9254,0.36316648,1.1390834,-0.31594878,2.9513214,-2.6364992
-0.25271642,-0.55930096,2.854415,-0.4633582,-1.8957627,0.33276576,0.0091209635,-1.015312,4.698653,-3.51348
-1.0429584,-2.2822394,4.953332,-0.12296895,-4.087725,1.0554088,0.15837708,0.48602313,3.4613411,-2.681484
0.17809284,-1.06829,4.878916,-1.0759012,-3.860947,0.501691,0.52282596,-0.5278243,3.0869138,-2.7719233
0.46848622,-1.1746476,6.4372516,-1.9325377,-4.599224,0.49119687,0.6688811,-1.4655945,4.539502,-3.7126174
0.8339809,0.31591335,4.3308306,-1.415461,-3.844762,0.25232857,-0.05149532,-1.7670792,2.727713,-1.6388689
-0.16714951,1.4748564,-6.239925,-0.3313652,7.329485,2.362814,-3.2209775,-0.40998626,-3.702235,2.5098846
1.4846724,0.961488,-4.4601197,0.8519396,3.8793266,0.60586107,-2.191504,0.13495775,-3.9059727,2.5807743
0.31523558,2.0910077,-4.173346,-0.33333805,4.113137,0.8140924,-1.5059925,-0.5215949,-1.6883337,0.45711058
0.32939163,3.6229608,-4.338229,-0.38866654,4.33405,0.5381025,-1.6842414,-1.8290162,-0.9891677,0.19676949
-1.1038308,1.2994348,-5.023216,1.5172876,5.984622,-0.062087625,-1.6899776,0.09820907,-3.2277322,1.8947554
-0.6580128,2.2300994,-4.4152327,2.0684316,4.5093856,-1.4536989,0.041109227,-0.488562,-0.69917774,-1.2606566
-1.3524184,1.8085647,-4.99555,0.36346,5.39247,-0.5724986,0.20656201,0.42479396,-1.7574878,0.4610135
1.0778462,1.010103,-5.3976054,1.7096801,5.047612,-0.95448494,-1.029781,0.45522267,-2.3121564,0.22320516
-1.7190329,2.160706,-4.640834,1.222565,4.375165,0.28579035,-0.9784064,-0.014095411,-1.0552903,0.40386713
-0.15516612,0.21406113,-3.2864907,1.0333178,2.8754923,0.48309243,-1.6172138,0.49575734,-0.7166663,0.4750653
1.0136186,0.9768402,-1.9136343,-0.5123003,1.604166,-0.01451759,-0.8949796,0.007949069,-0.72181576,0.4134791
1.8520542,1.3999425,-3.0086987,1.312508,1.9559026,-0.8066381,-1.1352075,-0.79288745,-0.70151526,-0.12412502
-0.24380046,0.041191954,-4.6309876,1.6040436,3.8140528,0.36535347,-0.15553471,1.4395078,-1.7573107,-0.57190686
1.5298154,1.1390682,-3.1037076,1.6036743,2.6331832,-0.70081675,-1.6646568,-0.6077018,-1.2018329,0.21885346
1.0214343,0.34880796,-3.9570868,1.124734,3.4002144,-0.035134554,-0.9696487,0.50722307,-1.2176749,-0.664627
0.7456937,0.90990376,-3.888243,0.52993864,3.9419377,0.14268467,-1.1720716,0.2223665,-2.359577,0.47997952
0.9516313,0.24940388,-3.053182,0.83988065,2.2358975,-0.09747928,-0.54680496,0.6377136,-0.98679185,-0.39388555
-0.75324327,0.5309137,-3.948487,0.25097758,3.7756388,-0.18441589,-0.12672746,0.69254005,-1.0740216,0.63075036
0.51648664,0.5158577,-5.2213206,2.3327568,4.778411,0.019645512,-2.1713727,0.15797329,-2.8919637,1.882801
0.29519626,1.5070305,-2.5793245,1.8563272,2.0056984,-0.4660915,-1.235443,-0.7585597,-0.7274393,0.022996262
2.4318001,-0.07518385,0.36404106,-0.8632179,-2.713739,-2.067944,2.4820888,1.3006017,-1.3257993,0.344356
2.1474543,0.08064413,0.2033173,-1.0490187,-2.2875538,-2.2406101,2.167153,1.0789274,-2.4788911,2.3933177
1.1920145,-2.0459878,1.1329844,0.36183158,-2.560693,-2.074438,2.31274,2.9503589,-0.62420523,-0.69998294
0.99703085,-2.017528,0.8663877,1.2481066,-2.47704,-1.7633338,1.1431417,2.0448408,-1.4248226,1.5356824
1.4603021,0.8721205,-1.6685553,-0.77855843,0.022816747,-0.63461787,0.37102047,0.35737363,-1.6913792,1.668981
0.58188546,-3.9340496,0.33624482,0.9280941,-1.6767229,-1.1487132,1.2258328,4.2262387,-1.663828,1.0131859
0.46789554,-1.4127108,-0.9046393,-0.15799367,-0.643068,-0.3401934,0.27198818,2.3719707,-3.0562932,3.2725384
3.175574,-0.25993434,0.25642702,0.14445129,-2.8372662,-1.3011655,-0.6459216,0.4986248,-1.755745,2.8395474
2.9696114,-2.1222818,0.68973404,0.22460815,-2.577055,-1.3651967,0.10588141,1.4913561,-1.8593495,2.5861042
1.367138,-0.9427932,-1.621525,-0.27811426,-0.9006611,-2.269793,3.0582614,2.697248,-1.1384904,-0.028800353
0.80890155,-2.3475215,0.38931027,-0.2579371,-0.94450766,-1.5399507,1.8858227,2.4208128,-0.59774935,-0.0010288209
1.3970913,-1.1370573,-0.042695157,-0.10680645,-1.0669869,-1.236248,0.7354155,1.9112968,-2.519552,2.0546095
3.206407,-3.1615462,-0.11800643,-0.33110324,-1.9253142,-0.94717145,1.4779998,3.4015002,-1.5965484,-0.27199063
2.4821482,-1.1164058,0.7821029,-1.5399095,-2.0316806,-0.38741764,0.9216273,0.5517547,-0.013100959,0.38368887
1.8384787,-0.9826098,-1.2564815,-0.203186,-0.57007766,-1.5088406,1.769833,2.1925595,-1.6642346,0.28735346
1.9189607,-1.1766964,-0.882246,-0.124471106,-0.6892949,0.1319966,-0.72371006,1.3704348,-2.5866125,2.8005888
0.67450774,0.78963137,-1.5875301,-0.40672353,-0.7019441,-0.98094356,-0.86894405,0.20285268,-3.2679908,6.372376
-0.4940751,-3.4974384,-0.2467341,1.0279795,-0.21263672,0.55843353,-0.6278915,2.5608706,-3.078954,4.0570903
0.9765929,1.0790229,-1.7730312,-0.15632704,0.23801248,0.36324835,-2.1002584,-0.5555248,-3.5169053,5.6958647
0.37377608,-2.6789637,-2.2326386,0.9596127,0.32096666,-0.7942103,0.6720052,3.7848718,-3.2132084,2.7732737
-1.0096698,1.9017997,2.410564,0.46784756,-2.450563,-0.052755237,-0.038487233,-1.5625236,6.2348976,-5.816851
0.39672056,1.1674476,3.1885598,-1.6757765,-3.5372303,1.556858,-0.22476345,-2.0710618,5.7517586,-4.9103484
-0.0077207163,0.9880831,1.7481787,-0.19428527,-2.0175626,1.3553886,-0.332832,-1.8540592,4.6127663,-4.600944
0.019070335,1.5188892,3.7269611,-0.88275063,-4.366653,0.206128,0.66072464,-1.640598,5.6218195,-4.9157557
0.15666988,-0.38786408,2.4376295,-0.6742855,-2.861274,1.527225,-0.48924473,-0.9045669,5.51227,-4.1608467
-0.6393701,-0.4719551,3.2663825,-0.45227435,-3.3895035,-0.21920615,1.3389796,0.09754233,5.182356,-4.7345934
0.46996072,0.93400234,1.8348718,-0.9791238,-2.1108902,0.19822633,0.43335837,-1.0656009,4.8329034,-4.9916434
-0.7983446,-1.5540571,4.901828,-1.1568174,-3.4959223,-0.23204592,1.4007392,0.1689793,5.5659394,-5.047008
1.4379634,-0.11125307,2.8288708,-2.7756014,-2.576342,0.64853036,1.5559403,-0.9478148,4.7689123,-4.9826913
-0.8989564,-0.57617635,3.96339,-0.59146136,-3.2221038,-0.040120184,0.64205354,-0.48432094,4.262745,-3.2427878
0.9965018,0.36522004,2.719731,-1.3637929,-2.778141,0.19409218,1.106409,-1.1394567,5.2052965,-5.675586
0.5197336,0.13478108,4.8736157,-2.2008195,-4.2369156,1.1036445,0.19577959,-1.5979633,5.094827,-3.9346077
0.14537755,0.4642156,2.6889918,-0.47073606,-2.9581866,-0.13086677,0.41037717,-0.47062898,3.7918665,-3.4967341
1.1521102,0.108343795,3.0875823,-0.5707309,-3.529287,-1.5574743,2.0808816,-0.19714807,2.8629923,-3.475962
0.61780787,-2.2182283,4.259443,-1.1909318,-3.899349,0.046164513,1.116902,0.054202713,4.1063943,-2.9443724
-0.45348826,-0.06279503,4.8009562,-1.4569491,-4.4886947,1.0718787,0.30505523,-0.9355315,4.6369553,-3.4403312
-0.5077328,-0.7600527,2.6281278,-1.443637,-1.3728652,1.284922,-0.41842422,-0.62013006,4.0068474,-3.239929
0.5167457,1.3383362,3.9608235,-0.52574617,-3.7087913,-0.28857505,0.12740377,-1.9758639,4.479932,-3.962837
0.09300157,0.36211082,2.5637572,-1.3833963,-3.0903769,-0.74586,2.0919979,-0.14981203,4.241578,-4.0472317
0.8296087,1.0043931,3.2946842,-1.9000252,-2.929865,1.3392042,-0.5241625,-2.2569025,5.9591894,-4.8296742
0.22376594,0.66338015,0.37538412,-1.3781971,-1.7835956,-2.1863537,4.096571,0.95186067,1.4544075,-2.3792682
1.645394,-0.55566883,1.0892715,-1.3196436,-2.2250113,-2.5807805,4.3223944,1.6908592,1.1683261,-3.520076
0.91816103,-1.2549183,0.7327407,0.05504691,-2.7503786,-3.0401998,4.75208,3.0703087,0.48960665,-3.0023413
-0.442246,-1.5774853,0.62274057,0.90975666,-2.396698,-2.9549966,4.0546465,3.1989958,0.45756963,-1.7543224
-0.051563658,-0.2431906,-0.93622416,-0.5358242,-0.88292176,-2.6155486,4.247055,2.882722,-0.051779725,-1.6792793
0.24945685,-2.0453408,-0.14668284,0.9612197,-1.4610711,-2.4522157,3.177121,3.6690524,-1.4243178,-0.6153888
-0.837411,-0.5505942,-0.17459284,0.11873349,-0.5078807,-4.707011,6.4008913,2.9432008,0.06366878,-2.4840498
0.29954335,-2.3533792,-0.07931926,0.97550625,-1.2255722,-2.5175247,3.371195,3.2780848,-0.7409182,-1.1951824
0.70638937,0.46692136,0.2504812,0.5262482,-2.0025346,-3.850191,4.029306,1.6169057,-1.2414148,-0.6631222
-0.6061995,-1.4626915,0.457772,0.44998184,-1.7368661,-4.894476,5.649567,3.3852584,0.64397776,-1.7769709
-0.35977167,-2.0610125,1.9183342,-0.31124106,-3.3448005,-4.2422385,5.922138,3.6532254,0.89608914,-2.1571338
0.46945742,-0.90708995,1.0354122,0.78498787,-3.644267,-3.7376928,5.074837,3.4047928,0.20583233,-2.425361
0.2564399,-0.73685896,-0.038430773,-0.87476605,-1.4554224,-3.3555608,5.5057526,2.5410693,0.46854326,-2.303298
-0.11409975,-0.36859176,-0.18932499,-1.7406623,-1.3196065,-3.8900957,6.7059793,3.3382685,0.63211775,-2.9934738
0.21209118,-1.9175584,1.000835,0.6848119,-2.3900392,-3.4522667,4.769612,3.367681,-0.31254566,-1.9325176
-0.124053575,0.43226296,-0.03670188,0.5289883,-1.766498,-4.712038,5.919611,1.9895009,0.18036047,-2.2593486
0.59460205,-1.7033944,0.22982545,1.4856175,-2.024502,-4.4690905,4.7117634,3.2721486,0.4438261,-2.3305588
-0.40660852,-1.9001656,0.19293128,-0.13344571,-2.167575,-4.4008217,6.3930416,4.3927717,-0.42744943,-1.5848393
0.8113191,1.9203831,-0.009056142,-1.8770496,-1.0667976,-2.0459616,3.2876956,-0.45371544,0.27747813,-0.871502
-0.7336248,-0.8358568,-0.30282936,1.9639518,-0.551861,-2.4901314,2.230442,2.0541513,1.4542756,-2.6449249
