0.7725593,3.3860483,-1.5914696,-1.1597195,-0.8692043,-1.1235938,0.906075,-0.16641727,-0.30021223,0.32186022
3.807433,0.23891029,0.22528628,-2.1434503,-2.009143,-0.68931663,-0.25429654,-0.74976146,0.248852,1.4262784
0.99735093,1.5591828,-0.69664055,-2.5535321,-1.2864938,-0.77186406,3.642031,0.051148646,1.3778733,-2.2302356
0.67806447,0.074579746,2.3825269,-2.621166,-3.1320279,-0.26452997,2.0149584,-1.0014379,4.037505,-1.9836886
2.126128,3.2552633,-1.2960237,-1.9678781,-0.33342293,-0.9926785,0.7497272,-1.4497821,0.77476776,-0.7417846
0.1912497,5.724753,-2.4031086,-0.7390753,-0.37628952,-1.5861751,0.64673334,-1.4690936,1.4750954,-1.3344827
1.3036842,6.0153794,-3.5240574,-1.7007467,-0.091103345,-0.68450403,0.6241504,-1.2699492,0.85316145,-1.338562
0.5593051,0.89438117,0.8652554,-2.6362946,-1.5144205,0.4614891,1.449268,-0.9254164,3.4728317,-2.4728656
2.5824542,1.4028765,-0.31441355,-2.0293913,-1.1833171,-1.0361111,1.0093656,-0.3809151,0.20188083,-0.11683169
0.6399156,0.5196934,1.010959,-1.2863574,-1.1600864,-0.78666747,0.44570848,-0.38893723,2.9812393,-1.8558722
2.1980226,1.6373061,-0.38103822,-0.4742341,-1.4165202,-1.4860587,0.4100408,-0.56045,0.781375,-0.5715084
1.4350216,3.5982172,-1.9412559,-1.0062132,-1.1606104,-2.2171905,2.2810953,-0.2459805,1.8036488,-2.3363092
-0.13595232,1.0668626,1.3831986,-1.7879219,-1.8564849,0.113138676,1.0818893,-0.64397085,2.6850612,-1.7795244
4.3258076,1.3989426,-1.4458168,-1.9646485,-2.0988095,-0.70555127,0.755463,0.059078403,0.47396913,-0.61972404
2.186268,1.9595848,-0.10122326,-2.5785081,-2.1858177,-1.2470955,1.6425655,-0.47944546,0.31209305,0.64304304
1.5378015,5.1776676,-2.4494004,-0.94314814,-0.11244562,-1.2748587,-0.022984762,-1.5788506,-0.0925387,-0.05557105
2.0270398,1.378042,0.93079233,-2.8531365,-2.6289244,-0.14946935,0.61414313,-0.85525036,2.833544,-1.1608582
1.9752212,2.8838465,-1.7641981,-1.4342122,-1.3931553,-0.7809826,1.3573794,-0.25494134,0.5706073,-0.9654403
0.4274204,4.0052834,-2.8179307,-0.7622099,0.028085142,-1.4535594,1.5879469,0.70729965,-0.19392143,-1.2733393
1.8760266,1.7343296,-1.2247183,-1.7886992,-1.248309,-1.3608558,1.353526,0.056486256,1.7712952,-1.0287225
-1.1843371,-0.553931,0.28203568,3.1468616,0.64619875,-0.82201326,-1.5589458,-0.08685482,0.47287872,-0.14298621
1.1898468,-0.18609408,0.33042896,-1.3127584,-1.9212772,-1.3092061,2.952742,0.55162233,1.1184658,-1.2141765
-0.33652255,-2.093721,3.9873953,-0.8887547,-2.1437657,-0.0149602,1.2811769,0.16351911,-0.27900654,0.4663518
1.1222593,0.3817437,-0.39985928,-0.4651298,-1.2877722,-1.516019,0.31044337,1.1845335,-3.0764647,3.9162014
-2.2825875,-0.70489144,0.6817485,3.5106153,-0.60866046,-1.6192968,0.35132098,2.6212447,-1.3903226,-0.34060273
-2.3112242,-2.8241625,5.0813847,1.938246,-0.5561875,-0.8365996,0.15301205,-0.94956315,1.1072028,-0.543653
-0.8662983,1.0281224,0.007750841,-1.2679081,-1.9015225,-1.6704729,4.3262515,0.8201836,0.7879421,-1.1123387
-0.18344945,2.2737193,-1.9524884,1.4354414,0.6315793,-2.204915,-0.7646885,-0.3223068,-0.65836763,1.9384854
-1.9470048,-3.1150107,4.8821635,1.5429033,-1.4730562,-0.5770513,0.7802367,0.3149693,1.2659858,-1.4408166
-1.4252683,-0.9569411,0.6029769,3.279039,-1.1102641,-1.8908285,0.12012909,1.5725278,-1.2677795,1.2826351
-2.191272,1.7249976,-0.398506,2.576212,0.95665014,-1.671494,-1.9104966,-0.5730823,-1.7033094,3.368354
-1.6241668,-2.8722668,3.732996,1.4922574,-0.7561823,-1.4314157,0.5992736,0.025156982,-0.17433995,1.2168553
-0.7289611,-3.4247127,5.236057,0.42721424,-0.69165874,0.07424101,-0.5478703,-0.83058184,1.3228362,-0.6460762
-2.845353,-0.52693874,3.0023937,3.4447665,-1.5065851,-1.609669,-0.37237716,0.17317191,1.1195271,-0.5567242
-1.9073626,-3.9038448,5.490675,0.121893376,-2.101887,0.547436,1.2502924,-0.20094681,1.3749031,-0.5068927
-0.5064877,-0.60938525,0.8026687,0.38103142,-0.22095776,-2.024891,2.845559,-0.02187235,2.1891277,-2.5254862
-0.8076767,-0.5976876,1.2960393,3.6061215,0.3573097,-2.0934813,-1.7689793,-1.0749602,0.795504,0.5604284
-0.5384059,-0.057563275,-0.09319316,0.525229,1.3697127,-1.6409228,1.568529,-2.0015593,3.3236756,-2.2038834
-0.45616272,-2.0169814,2.7341504,3.2299452,-1.0082147,-2.288941,-0.26978078,0.35160226,2.276237,-2.258399
-0.66028345,-2.2308936,4.7982073,-0.67681134,-2.6981044,0.44786862,0.13986526,-0.14147985,2.0977826,-0.8829262
-0.015527755,-0.0485816,-2.0432868,0.8022603,-1.0538679,-0.9687185,0.7815509,4.3179326,-2.8967571,1.2702818
-0.35897216,0.53013504,-2.4262624,0.930779,-1.0442408,-1.8237903,1.4093446,4.8457723,-3.2281723,1.3541344
-0.8065908,-1.2040602,-0.15336144,1.1940875,-1.7295617,-1.1859766,0.63299626,4.5916333,-2.5288844,1.3943965
0.07455641,-1.1280892,-1.0956075,0.5740669,-2.8655217,-0.62642825,1.4531913,5.868089,-3.0306878,0.97611797
-0.40752602,-0.39997894,-1.616441,1.1001595,-3.0735826,-1.4753897,2.0404325,5.99734,-2.3668516,0.36595365
-0.58344555,-2.492966,-0.1968131,2.2433367,-1.8339893,0.7779347,-1.2150139,4.90468,-2.8854222,1.4456501
0.22501293,0.2442565,-2.1847215,0.9887023,-2.565087,-1.5821646,2.0012481,5.5855174,-1.5760769,-0.90979695
0.082000256,-0.8647702,-1.1595759,-0.03584966,-3.09022,-0.5865526,1.4954159,5.8448467,-2.2471004,0.76619303
-1.0446937,-1.9404209,0.8017982,1.3967531,-2.5609305,-0.43354633,0.28269872,4.8131433,-1.6358291,0.5034498
-1.8035526,-0.3238848,-0.5576552,1.5838288,-1.3853201,-0.1992448,-0.72562057,4.3497167,-3.9554386,3.2254195
-2.7639787,-1.1217618,-0.10543901,1.8426273,-0.83892334,0.27262878,-0.049075086,3.3654058,-0.7056094,0.3506045
1.5583228,0.779657,-2.4446301,0.48254183,-2.224359,-0.7858671,-0.96467245,4.0407767,-2.343402,2.1018112
-1.4930497,-0.58993244,-0.72502947,4.0763593,0.11663258,-1.2813451,-0.2399577,1.9715829,-0.5134542,-1.1295449
-0.9728303,-1.1219579,-2.0862498,1.8987366,-3.0441158,-0.9639591,1.1733468,8.071686,-2.7894769,0.048117593
-3.0480595,-0.9705664,-0.041911423,3.9669623,-0.73150015,-0.93831134,-0.20197366,3.829154,-0.65035635,-0.97764826
-1.2073262,0.34906057,-2.1756883,1.6729357,-2.8489592,-1.6466355,2.154925,6.768875,-1.6465659,-1.158443
-0.6890533,-0.845973,-0.987792,0.33994728,-1.8714353,-1.0854801,1.0883039,4.957415,-1.9151443,1.2098286
1.140379,-0.88203084,-1.5901637,0.02308993,-2.6205332,-0.6667546,0.6567793,5.0072,-2.260607,1.3733559
-0.95262766,-2.1554084,0.33983815,1.416236,-2.3632917,0.119485825,0.0059092976,4.478225,-3.6763628,2.9285896
0.13605896,-1.2210535,-1.475811,2.231962,-1.8891691,-1.5387964,0.28745925,5.234268,-2.0128698,0.4671196
-0.8643296,0.64132893,0.27274683,0.968649,0.43881163,-1.1161423,-2.184398,-0.7387044,-1.4663566,4.2203274
-0.22601399,0.5556743,-0.64124966,-0.08375798,-0.05342169,-0.91152644,-0.12880215,0.30674797,-2.6772754,3.9670568
-0.10081354,1.8427421,-0.7969634,-0.5298053,-0.13819894,-0.35918787,-0.46928713,-0.2808171,-0.27613285,1.2270525
-1.1101575,-0.0048907995,0.07796657,-0.40922883,-0.56609035,0.6973736,-2.5268476,0.93598866,-3.541915,6.523515
0.4395376,2.1752872,-1.626938,-0.352734,0.24901107,-1.7508906,0.15806292,-0.11821381,-2.6925719,3.6232758
1.0124732,-1.1122855,-0.3391539,-0.9588772,-0.85214627,-0.24967694,-1.0838567,1.4504995,-3.90392,6.127779
-0.1753563,-0.23696503,-0.17790368,0.37345913,-1.1082169,-0.6485293,-0.94785714,1.4418801,-3.119884,4.7053747
0.042624593,0.47101673,-0.7325166,0.4387589,-0.025267228,-0.7770417,-1.5186799,1.0135598,-2.9355006,4.1420665
0.67986465,-0.3424951,-0.58768815,0.25263366,-0.5023711,-0.4060646,-2.7030447,0.8361758,-3.2165203,6.1659803
1.139324,-0.101438075,0.105757505,-0.11404216,-0.84441864,-1.2642565,0.050249066,0.38147604,-1.3618467,2.199965
-0.94701517,0.41018865,-0.6902339,0.041265965,-0.3333593,0.3349042,-1.4775144,0.793975,-4.0350175,5.9987755
-0.2570383,-0.079486616,-0.6372908,-0.13999599,-0.7950585,-0.1642408,-0.25543666,2.0942888,-2.907378,3.2349942
-0.66331434,1.5494298,-1.2977288,0.5205524,-0.3198108,-1.3277113,-0.90655184,0.94744503,-2.472962,4.124674
-0.8786167,0.0048186183,-0.780214,0.4936166,0.860538,-0.38184348,0.2836235,1.1216202,-2.9146318,2.3364427
-0.271161,-1.7409943,0.8593783,-0.38542214,-1.7282699,-0.7265433,1.26155,2.656015,-3.6053433,3.791225
-0.45496264,-0.046618283,-1.3452067,-0.7022768,-0.4670129,0.7004485,-0.64269596,1.5995029,-3.481329,4.8788795
1.1904633,0.91184235,-0.6066527,-0.6620091,0.1283769,-0.58256364,-1.470701,-0.657445,-2.5990849,4.456296
-1.323828,-1.0030006,-0.2441076,1.3716683,-2.4192784,-0.15390056,-0.54574376,4.0776277,-3.2089424,3.598883
-1.9322522,0.6608306,-0.4614134,-0.5271802,0.1577873,-0.12154397,0.19832444,0.69752085,-2.4711118,3.868912
-0.5529232,0.33124235,-1.2428968,-0.41205695,-0.69542015,0.48757783,-0.5536863,1.4415462,-4.1746287,5.427844
3.439346,0.6582558,-1.735601,-0.98289466,-1.180164,-2.2865312,0.5804535,0.96455336,-0.6933366,1.4309244
1.9057212,-0.5539373,0.013485583,-1.2333965,-0.67881906,-0.42016324,-1.2396947,0.15073362,-3.7504542,5.909527
3.020774,2.7031956,-2.0796962,-0.30577788,-0.2775793,-2.814009,-0.4576021,-0.8281094,-0.17795925,1.355222
5.1071496,-1.2436243,-0.5193741,-1.4119842,-1.5744063,-1.5235355,-0.103065565,0.23038995,-2.3270166,3.495921
5.363825,0.860672,-1.3603983,-2.194305,-1.7138516,-2.1635034,-0.3036874,0.1022043,-1.2089415,2.736604
5.741155,1.2395748,-1.0257825,-1.7801793,-1.8601478,-2.7511158,-0.022964109,0.048127986,-1.0456799,1.5669014
2.212651,2.741096,-1.7168272,-0.77379847,-0.76609504,-2.1427352,-0.5844389,0.09662237,-1.1014098,2.1506562
3.065151,2.27906,-3.1659155,0.2634289,0.74399996,-2.4496725,-1.1588929,-0.3678977,-1.3450247,2.2674985
3.8745837,-0.1675758,-0.44797066,-1.0237339,-2.044741,-1.7906169,-0.7709944,1.0792075,-1.8382596,3.263268
3.8720949,-0.8806771,-0.50919634,-0.97771895,-0.37076166,-1.923862,0.25955728,0.47175777,-2.5484703,2.7114966
5.1568255,-0.9640125,-0.6037158,-1.6875732,-1.5029944,-1.867352,0.72245383,0.40273303,-0.58570576,1.1142291
1.9040638,0.5240183,-1.3396522,-0.4417637,-1.4712117,-1.5134488,-0.619176,2.1698112,-3.2813678,4.2117844
2.1462657,0.19989443,0.016738178,-1.1221836,-2.200906,-0.4665366,-0.96279013,0.6176896,-2.7699418,4.639735
1.3903003,1.6317661,-0.30716687,-1.6324301,-2.0077462,-1.3034887,1.0688155,0.86859345,-0.6092602,1.0923585
0.64400744,-0.34524783,-0.7151611,0.80736387,-1.2114347,-1.7198809,-0.5862161,2.0539498,-1.6219456,2.881941
4.1881704,-0.35981873,-1.0076331,-0.684458,-2.4786701,-1.3224916,-0.7209996,2.6708841,-2.798027,2.669367
1.2188576,1.3525554,-2.8892593,-0.3404586,-1.4766016,-0.9493338,0.19060415,1.720016,-0.7181181,2.033165
5.5148497,0.73960257,-1.9121509,-1.5310766,-1.6411233,-2.2470214,0.5058831,0.7340411,-0.4274261,0.41943482
0.7810472,-0.3894057,-1.5971912,-1.4156942,-1.0968413,0.13967195,0.9887638,1.9731712,-2.6125567,3.296313
5.4140787,-0.6879139,-0.7657058,-1.9138081,-2.3934765,-0.8359908,-0.5861761,1.2788672,-0.5189404,1.1724232
-0.22712389,4.8960466,-1.978607,-1.54941,-0.43121615,-0.9635775,1.9687724,-0.99005,1.2791439,-1.7728783
-0.4707274,1.3595139,-0.9059521,-0.90740967,-1.9452556,-2.06729,4.7461896,1.6956114,1.0157411,-2.2809663
-0.23050067,-0.8368372,-1.1035421,0.9938601,-1.8899654,-0.5982224,1.4451382,4.487495,-2.5530703,0.46735188
-1.1312267,3.7919116,-2.9695988,-1.4880543,-0.1377587,-0.34484544,1.3261359,1.2465384,0.35798082,-0.43531227
3.238006,3.463522,-3.9606442,-1.34281,-0.51625705,-1.7360103,0.48793122,0.8345937,-1.1217867,0.785522
0.4474871,-0.42379776,-0.60193074,-0.47351977,-1.0827994,-0.8415098,-0.31147578,2.3054104,-3.5257888,4.6668096
0.99076474,1.1174989,-1.3688323,-1.7763002,-0.63519406,-1.6269522,3.069655,0.8827883,-0.2528262,-0.19404784
-1.9139385,0.34192327,-1.2046025,-0.14517438,-1.2610158,0.015706658,3.131541,3.3236787,-0.89770424,-1.2229859
-0.1347839,0.74370205,0.13417375,-1.5226818,-1.4164833,-0.42678532,2.7558143,0.1650964,0.006684292,-0.19139281
3.0712717,1.8161875,-3.2260325,-0.52164817,-0.7790253,-1.4580274,-0.0580593,1.2288256,-1.0988252,1.1383045
-1.5659678,0.3587452,-1.3832078,-1.1820743,-0.62580454,0.34592602,3.3819523,2.7674608,-1.7489105,-0.15815002
-1.9245646,0.6743454,-0.39760643,-0.57536805,-0.28806552,-1.3904054,4.0614038,0.5107162,1.2958031,-1.7729187
1.1672652,-0.22569583,-0.43660524,-0.38379964,-2.3127968,-1.6291343,2.438616,2.5027847,-0.666922,-0.2910141
-1.1055568,-0.8713466,-0.82910883,1.3762715,-1.5332581,-0.093885586,0.38797244,4.605595,-3.5290003,1.7544117
-0.3799108,0.4892715,0.1578266,-1.8964634,-1.8802382,-1.0068455,4.2179575,0.7908871,-1.0512502,0.6801815
1.7394081,3.0922294,-2.613875,-0.90684104,0.5708527,-2.490651,1.0978638,-0.8381314,-0.28668568,0.777544
1.3702095,1.2349331,-1.3366086,-1.4895608,-1.5092071,-0.732254,3.039319,1.5249987,-0.86531097,-1.0657526
-0.11307153,-2.4198961,2.718424,-1.7696198,-2.6127336,-0.21063295,2.8866289,2.4316592,-1.430686,0.6353755
0.61891663,0.5292622,-1.8233887,-1.1796567,-0.023946166,-0.78905654,2.5771127,0.61331356,-1.7474891,1.3287153
3.6562788,0.5978701,-1.3156948,-1.4845873,-0.97850704,-1.9653018,1.2736368,-0.10355552,-1.1896716,1.6512965
-0.8450831,-1.6551499,0.79058075,-2.446029,-0.41626367,5.307,-1.1125607,0.022387438,-0.14309497,0.40517768
-2.2306182,-0.3228255,0.21008644,-1.415979,0.035794616,5.326962,-1.7272202,0.009990312,0.352115,-0.3307335
-0.08780663,-1.372715,1.2546227,-2.2824826,-0.3738511,4.759902,-1.1843398,-0.63870215,-0.9686492,0.8513148
0.48087397,1.6478316,-1.3572896,-1.7472695,1.2275449,2.2223256,-0.94161946,-2.0217092,0.72922885,-0.1917632
-2.7461188,-0.5417749,1.1850197,-2.0711358,-1.3491145,6.780027,-1.9737961,0.22712067,-0.9546666,1.354097
-1.7505975,-0.97616494,0.9469348,-1.5929226,-0.49397293,5.605717,-1.3841841,-0.20804256,-0.8853674,0.7168602
-2.617324,-0.39788884,1.0132992,-1.4856374,-0.7695464,4.909961,-0.6603913,-0.52174264,-0.15886162,0.6526879
-1.4682493,-2.0675998,2.9660764,-1.4623158,-1.7508559,3.7399714,0.06292389,-0.53127414,1.4651219,-0.96969676
-1.7006803,-1.79577,1.8934419,-1.9232329,-1.2660296,6.1153684,-0.95440876,0.13080758,-0.3354018,-0.24118224
-1.999398,-0.97142744,1.0624238,-1.8643816,0.18020423,5.5715027,-2.055735,-1.1509693,-0.43163255,1.5207801
-0.24910977,-1.6403629,0.5796167,-1.1683733,-0.04881434,3.5303876,-0.6478527,-0.3938524,-0.98828614,0.92636096
-1.5896268,-0.6645385,0.86464685,-2.0791888,-0.060101867,5.438976,-1.5869694,-0.5320569,-0.9843592,1.1492065
-1.9538317,-1.4042543,1.79808,-1.8685052,-1.4061427,5.7351627,-1.1184298,-0.061546348,1.1558298,-0.89702404
-1.563148,-1.2105244,1.2096226,-1.23914,-0.400494,4.935688,-1.8183513,-0.2525937,-0.960994,1.2564158
-1.4392537,-1.9680773,2.1520123,-2.4446118,-1.1493434,5.415408,-1.3982539,-0.37591392,-0.15688498,1.320184
-0.76062584,0.19316915,0.60302866,-1.9407731,-0.5302794,4.9007564,-1.8880665,-0.32765776,-0.9381418,0.588179
-2.398983,-0.610724,0.81982815,-1.9347389,-0.48666254,6.11084,-1.701285,-0.128629,0.35558733,-0.06748095
-1.8413088,-1.1081022,1.8370334,-1.620472,-0.6739069,4.837262,-1.3698786,-0.6243261,0.3213706,0.17285478
-2.1047246,-1.3755143,2.2052913,-2.9620333,-1.0602853,6.1278853,-0.53727806,-0.13373563,-0.9574942,0.69766665
-1.9410598,-1.3548161,2.303309,-2.2548573,-1.4578685,5.250833,0.25532198,-0.72058135,0.5029953,-0.6286932
-0.146202,-0.5528544,0.113065004,1.674325,2.2060554,-0.5482774,-0.7896574,-1.8646295,1.8569113,-1.7739941
-1.7239466,0.5871198,-0.50131106,5.3355527,0.71260035,-2.0458426,-2.418069,0.9821074,-0.50775856,-0.17814448
-1.0967301,-0.70474505,-1.1488112,2.0794013,-1.4834514,-2.4364898,1.8189,4.3666773,-0.7840831,-0.33426142
-1.8512814,-0.9942516,1.1958193,4.187806,-0.95885897,-2.27184,-0.35320106,1.2903427,0.16560332,-0.15627322
-0.9131938,-0.3065494,-0.34070075,0.8285165,-0.53802323,0.706522,-1.831601,0.36741847,-1.5122619,3.637164
-1.7609386,1.6986526,-0.72388947,2.819025,0.17977475,-1.9038471,-0.100905135,-0.043819867,0.07780279,-0.03233263
-2.8889678,0.48182085,-0.81448686,1.0547473,5.3113203,0.4341797,-1.1663836,-2.3453736,-0.93530804,0.8835857
-0.00055140257,-1.2864057,0.3152055,0.39858475,-1.0720065,0.13329688,-2.546496,0.7862257,-2.4586806,5.8321333
-1.0320268,0.3478721,-0.057771087,1.3612545,-0.37606898,-1.128921,-1.9324502,0.58472586,-3.6268432,6.043807
-2.16757,-0.12539169,0.020604135,4.86513,0.80226016,-2.0966673,-0.60890365,0.37370908,-1.0906594,0.24150366
-2.1244962,-0.011462599,0.08163667,4.8045316,-0.036659062,-1.9083183,-0.31830612,0.84917307,-0.6677614,-0.43411237
0.3795226,-0.9892973,0.61602366,-0.5154489,-1.8792273,-0.8901086,-0.3703011,2.375906,-2.6403587,4.0638156
-0.5908686,-0.07221261,-0.05163163,4.296914,-0.23752326,-2.7913544,-1.505146,0.82062775,0.21359111,0.24400109
0.09697592,-1.3973745,-0.92852026,2.337513,-1.212904,-1.7165271,-0.7264075,4.081286,-2.4897654,2.234841
-1.5604038,-0.78986204,-0.43002224,2.4271326,-0.32836166,-1.4336529,-0.33965442,2.9896612,-1.1216537,0.7860043
-1.2737184,-1.481201,0.22868323,3.9856915,-0.3787112,-1.4290901,-1.0577334,2.394065,-2.2689464,1.4592428
-1.9379365,-0.5064135,0.0509032,5.7564406,-1.1942672,-1.6504264,-0.87314475,2.1768076,-0.8333214,-0.72489524
-2.1382248,-0.726437,0.81648076,4.6819787,-0.49777976,-1.4039078,-0.55040246,0.5773622,0.77342755,-1.2992997
-1.897864,-0.97175395,-0.083907664,4.824393,1.344848,-1.8416762,-0.74624777,1.2555249,-0.53283614,-1.1594882
-0.59221876,-0.8511963,0.18088818,4.407949,-0.29236585,-1.8258032,-1.0179346,1.1860684,-0.29046604,-0.68386555
-0.7540767,-1.5800209,0.18906128,0.9520352,-2.129075,-1.0136784,1.1823967,4.855747,-2.2598443,0.7637607
-0.6521704,-1.392008,0.693455,2.4537442,-1.3031629,-1.9721842,0.35379243,3.2150211,-1.178809,0.09561977
-1.9992476,-1.5252818,4.4170933,-0.11219111,-1.9116641,-0.28555426,0.6675744,-0.51826227,1.9019958,-0.4498118
-2.0177393,1.3986107,-1.2720497,2.3593469,1.9076177,-0.72766066,0.040867846,-0.47739416,0.48190656,-1.5437841
-1.8565464,0.42978022,-0.7446357,2.5013876,1.2026391,-0.8924366,-1.2407018,1.459908,0.09515223,-0.723488
-0.16921791,2.488499,0.07471006,-0.4758202,-0.8619137,-1.744163,0.46385708,-0.95468116,2.3432949,-0.934651
-0.24266425,1.3431586,-1.0486345,2.5701108,0.8248055,-2.2839186,-0.024939973,-0.85830873,1.887184,-1.9262972
1.0953727,3.1381907,-2.5225935,0.122403294,0.1360833,-2.0602484,0.8526303,-0.60499394,-0.13945471,0.15538964
0.9367913,-0.29098713,1.3715155,-0.8309065,-1.479142,-0.81835794,0.62462217,-0.28076455,1.841667,-0.90565765
-0.91274977,-1.5080873,0.14612181,2.6613708,-1.4916089,-0.4354929,-0.99699986,3.5766144,-1.6089759,0.7961428
-1.0684956,1.514591,0.3161,1.8629051,-1.3328843,-2.095214,0.9743582,0.06420673,1.9669617,-1.9037595
-1.3063247,1.9225632,-1.8886175,-0.0063095987,1.5527964,-0.97140634,0.4805816,0.6123171,-3.1409245,2.8435252
0.5836195,1.4150596,-1.2861958,-0.86308813,0.46736035,-1.9716907,-0.4640547,-0.02834864,-1.5186846,3.7848017
-1.3976145,2.274161,-1.0056026,0.5872916,0.7751291,-1.4823705,-0.13784818,-0.61125845,-0.65742403,1.7817222
-1.3323036,0.76831234,-1.7951579,2.4070678,-1.0576452,-0.5114864,-0.5458602,3.833167,-1.2455599,-0.28252307
-0.99698186,4.368475,-3.1933165,0.6184176,0.1538595,-2.4287333,1.1782297,0.8410842,-1.0428946,0.7098465
1.2853316,1.0657415,-0.6612168,-1.963104,-1.0826865,-1.6426301,3.3628209,0.35629848,-0.7438998,0.17840937
-2.273811,0.06866294,0.7904027,1.7951888,-0.85179734,-0.9775033,1.3933614,1.7076124,0.8623267,-2.234863
-0.6349292,-3.3477073,5.628028,0.9423684,-2.3863826,-1.272562,0.37149876,0.6466512,0.24217515,0.050866082
-0.33292088,-0.8397703,2.344191,-0.5044366,-0.47198454,-0.83940625,1.173197,-1.2574393,3.1412344,-2.2005224
-1.3097868,0.19521108,-1.5012047,1.7337323,5.333479,-0.44780067,-1.287862,-2.0543542,-0.7383898,0.112645835
-0.5599823,0.9925324,-1.6163261,0.7734438,5.9620905,-0.33792195,-1.9404069,-3.24402,-1.0313029,0.96182203
-0.49891368,-0.105599135,-1.015475,0.8159019,4.1305814,0.5902363,-1.8598632,-1.2280161,-1.6074623,0.8203006
-1.5194212,0.05924943,-1.1614388,1.1524069,5.0490913,0.07950943,-1.8012304,-1.2497349,-0.94777936,0.34788308
-0.7650162,-0.6426208,-1.9863566,0.6149535,5.5922523,-0.29260883,-0.84532404,-1.7378173,-0.9747066,1.0399336
-0.5363139,-0.42806834,-1.2088741,0.8177619,5.352512,-0.14175321,-1.9224296,-2.4795542,-0.7502544,1.271474
-0.5359963,0.18794817,-1.1220407,1.1157742,4.6515837,-0.13528195,-1.6692739,-2.0819397,-0.7532022,0.3663947
-0.17832491,0.5842011,-2.2062001,1.203827,4.7881117,0.14437231,-1.6425018,-1.8366233,-1.9134935,1.0483824
-1.1818166,-0.07664129,-1.8733306,0.7945559,5.4308844,0.8248986,-1.1126294,-1.7761358,-1.1019998,0.08336231
-0.9426055,0.26388237,-1.7763333,1.5586171,5.539419,0.43246827,-1.7065555,-2.686775,-0.7025299,-0.012241453
-0.8599863,1.2090391,-2.6457047,0.39369687,5.485311,-0.09600869,-1.4108207,-2.149828,-1.1184306,1.2263933
-1.1884687,-0.37708274,-0.8819027,1.3801196,5.7128053,-0.3025675,-1.7904179,-2.22648,-0.9246395,0.5749248
-1.0362903,-0.35258493,-1.4808058,0.7732166,5.9237556,-0.19093892,-0.98810434,-2.2025576,-1.009865,0.596822
-1.1981815,0.115573466,-1.8916525,0.7280369,5.3862743,0.98584425,-0.9824028,-2.3914754,-0.39020455,-0.40447375
-0.5858753,0.43550482,-1.918196,1.1121515,5.0048237,-0.37377256,-2.2433004,-1.0979289,-0.5942766,0.28894514
-0.5887817,0.66741574,-1.3705683,0.68551147,5.259679,0.07510021,-1.6596005,-2.2667065,-1.5888354,0.78249335
-0.46011224,0.44371846,-1.8697886,1.2437783,4.929623,-0.5256562,-1.856086,-1.2617663,-1.3220079,0.7050445
-0.679037,0.0010245144,-1.5554941,0.83287203,5.6538105,0.4633235,-2.1992216,-2.2706985,-1.1783108,0.8759469
-0.9779922,0.7391945,-1.1542609,0.9394678,4.4011903,-0.13724053,-2.1934695,-1.9386883,-1.5412303,1.8528882
-1.3541251,0.11819664,-1.5219518,1.1243696,5.9473906,0.14825621,-1.415534,-1.889874,-1.1715031,0.035362035
