0.7416004,0.58104354,1.0903713,-1.3582383,-1.5907338,-0.5226886,0.05361595,-0.71484387,2.338033,-0.632365
2.473959,2.1936142,-2.1531682,-2.6440651,-0.11403688,-0.030940458,0.81979233,-0.70683986,0.35805142,-0.21872617
2.1773944,-0.86834794,1.0404654,-2.8695424,-1.0934507,2.7149944,0.26186442,-0.7583812,-0.51871794,-0.116635025
0.20650847,-1.364572,1.3756413,-2.2949762,-0.6502525,6.9212427,-2.3607917,-0.57898635,-1.5825917,0.33645275
1.6690584,-2.0953717,1.9075854,-2.849631,-1.73618,6.2617884,-1.7540355,-0.05494781,-1.798201,0.4779353
1.0407659,-1.2992401,0.9027737,-3.0121288,-1.1312758,6.6303864,-2.3674974,-0.7846332,-0.50960916,0.55436593
0.2220964,-1.8832195,0.90808946,-3.0550637,-0.6766966,5.9404325,-2.0749133,0.8774939,-0.35190862,0.121479005
-0.49836093,-1.1637225,1.4885287,-2.7586155,-0.6557266,6.300143,-1.4016832,-0.15584625,-0.5903421,-0.5282879
2.6287632,-1.7042785,0.86050195,-2.72743,-1.5876644,3.9977942,-1.6181061,-0.089020565,-0.38168997,0.6452151
1.5737413,-1.8313658,0.9459395,-2.709492,-1.0962481,4.184625,-1.3588054,-0.25276813,0.18014751,0.34108472
1.534814,-2.2692108,1.2005689,-3.6440856,-1.2538878,6.768983,-2.190121,-0.11835869,-0.20400049,0.21985722
-0.08832489,-2.0187385,1.4269607,-2.1169703,-1.8225725,4.459904,-0.40823364,2.122876,-0.4236067,-1.143978
0.29669398,-1.7353258,1.5546491,-1.6948702,-1.1321203,5.5933986,-1.9850388,0.5043296,-0.6527668,-0.7033854
0.9085439,-1.869237,1.2558683,-3.7200768,-0.84176314,5.8320265,-1.4207835,-0.50743777,-0.17473747,0.56044126
0.26530617,-1.6433799,1.502816,-2.9091506,-1.2074246,5.939725,-2.0176368,0.31191137,-0.22495516,-0.017297534
0.0362062,-1.7368803,1.938545,-2.506738,-1.1929023,6.0919514,-2.7973714,0.25603184,-0.60242444,0.52261037
0.16167803,-2.1247923,1.3154856,-2.6229866,-0.38048983,5.9612412,-0.5544652,0.44855297,-1.1139417,-1.0736097
1.3077666,-1.8965077,1.054245,-3.625398,-0.61551434,5.874715,-0.9535244,-0.6074772,0.24322389,-0.7679903
2.4722757,-0.8768263,-0.59254396,-1.9705163,-2.6167529,0.16969186,1.2880546,2.4720955,-0.33243576,-0.06160435
1.0769126,-1.172399,1.1331472,-3.4401371,-0.49268958,5.323284,-0.5144559,-0.9743187,0.22394992,-1.1080619
2.538738,-2.463864,1.7222916,-2.8087595,-1.6017159,2.257949,1.1929865,-0.07151176,0.38463837,-1.222477
2.6859152,0.117068574,0.6864361,-3.4494507,-2.0202634,1.3475252,-0.055271745,-1.3918234,1.7928196,0.28430077
1.618778,-2.4566271,0.8283742,-2.5094433,-1.6111493,5.2193213,-1.5281615,1.079688,-2.3595655,1.7061934
0.7710097,-1.3291562,1.5780618,-2.8405933,-2.0469353,4.933894,-1.1344297,0.017530901,-0.39989287,0.45427278
0.3745814,-1.2056832,0.926935,-2.6067116,-0.58238375,5.993733,-2.0558383,-0.4362955,-0.80465716,0.44806442
-3.8110194,0.4866088,-0.16532856,7.2900577,-0.58615005,-4.425773,0.87438554,2.4459703,-2.9127917,0.71382844
1.2594813,-0.91572666,-0.7978834,-0.30363593,-2.8445385,-1.9036618,1.9564307,4.0870457,-0.29758334,-0.36605012
4.2176776,-0.9209082,-2.1572459,-1.4273797,-2.143259,-1.3224219,1.9860436,2.4155867,-1.4446509,0.6858927
4.149474,1.1520026,-1.2502203,-1.6942565,-0.7434239,-1.3448235,1.0810438,-2.0482175,0.65605724,-0.005280344
-0.25217736,-0.25187355,1.923445,-0.9093813,-1.0152194,-1.3043702,3.7732701,-0.037119947,0.5792188,-2.6015272
0.105709374,0.25875583,1.0166212,-0.7168727,-2.1078146,-3.2544408,5.9789534,0.5380396,0.51430386,-2.4432845
-0.1667306,-0.2025733,0.47673285,-0.95741665,-0.9701094,-3.051787,6.5564666,1.2798307,0.70788306,-3.833098
0.020750612,-2.9382007,1.6631181,-0.7883878,-2.1729553,-1.5367023,3.4043202,4.092355,-0.26045787,-1.6266576
-0.5353684,0.22503567,0.71997243,-0.88856673,-0.34710404,-2.8619156,6.2943716,0.7236996,-0.14070208,-3.3320067
-0.3169067,1.8276663,-1.1919098,2.6024437,-0.92644066,-2.6944797,0.7214896,0.95948833,-0.32075998,-0.7151415
2.1494694,-1.1456892,0.10995669,-1.3747934,-1.4522777,-2.717938,4.5389028,0.504807,0.49310744,-1.2463725
-1.048611,-0.0009937286,1.3722551,2.5028508,-1.5674374,-2.3713255,1.391047,0.52299094,0.100660704,-1.0206969
-2.5202787,0.25267884,1.1491511,1.1412748,-0.443141,-1.7397519,2.2638261,1.051183,1.1198738,-2.332411
0.58565795,-0.0995118,0.7982735,-2.0048633,-1.5801611,-2.2917895,5.381516,0.73276186,0.19274966,-1.8495162
1.065865,0.008533835,0.5231326,-1.028371,-1.723763,-1.8857467,4.285983,-0.36401632,0.49376884,-1.496123
1.7417595,-0.032356396,-0.314537,-1.6371518,-2.0965118,-1.5396293,3.5903246,1.7321398,-0.14764126,-1.4301953
-1.4403166,-1.6547723,2.3700638,0.3788813,-2.4515812,-1.832286,4.0565925,3.1094677,0.03729164,-2.7182739
-0.06475179,0.5095654,0.6786105,-0.82962453,-0.118374966,-2.6231647,4.800284,-0.72945,0.7684193,-2.5079458
1.7952275,0.7167943,-1.6977183,0.48188016,-1.4350574,-2.4754627,1.5657088,2.195525,-1.1548768,-0.08563478
-1.4546646,-0.2666099,2.0181074,0.77029467,-0.36117023,-2.9163418,3.7344477,0.35801902,0.07113432,-2.0835087
0.33146077,-0.6769068,1.3744037,0.7165568,-1.7652168,-3.1309953,4.1543603,0.24937814,0.10217237,-1.4618816
1.7916347,-0.9454576,0.31368005,-0.033979,0.2464096,-1.4623613,2.4359186,-0.5863815,0.48262903,-2.3230565
1.0709996,-1.1778712,-0.80884653,-0.46143347,-0.42672524,-1.4117805,2.2282014,2.1121047,-0.37709582,-0.8467661
-0.052016154,-1.1664443,0.77783805,-1.0766317,0.09633724,-1.8090168,4.9331656,0.6630628,0.792651,-3.2500918
-0.5715096,0.111126125,0.5464071,-0.004312426,-0.46695587,-2.6082056,4.507227,0.6946184,0.55371433,-2.8520477
-0.05294667,2.918307,0.02947504,-1.8750082,0.052637704,-2.771956,3.0330205,-2.3336644,3.5872867,-2.6166995
-0.11480321,2.2429743,0.60188705,-3.0320747,-0.35554937,-2.6910965,3.792223,-1.6000272,6.0702224,-4.9625535
-0.6305685,1.9390042,0.25306723,-1.1123737,-0.17890778,-2.1039314,1.4186348,-1.0724887,4.3976026,-2.9285622
-0.8334677,1.1898453,2.642445,-2.389041,-0.61213017,-1.7634741,2.0885038,-2.0598638,6.0669165,-4.3716745
1.0347162,0.9306751,0.11216635,-1.8984735,-1.8459446,-3.5304368,6.298939,0.17883182,1.0113181,-2.411117
2.355085,0.9035128,-1.2793869,-2.4849718,-0.63188297,-2.9192882,5.855862,0.41856533,1.809619,-4.168556
-1.3384646,1.9958582,1.0263236,-1.720313,-0.44243696,-3.3727098,3.4002094,-1.2372336,6.555199,-4.919175
-1.5283382,5.952946,-1.6810521,0.24189779,0.4457453,-3.4361887,2.5337207,-2.6196787,3.3196666,-3.214332
-0.11430451,7.4637833,-3.4754453,0.47365877,0.79680055,-2.44105,0.78052837,-3.8013353,3.525482,-3.164294
-0.82626194,1.3153126,1.6459864,-2.358425,-0.74243015,-2.0739193,1.3908391,-1.4551914,6.690122,-3.6369627
-1.1975516,7.0967417,-1.5188357,-0.3528876,-0.13750473,-2.6303627,2.605927,-2.1398737,1.8257498,-3.5586095
-0.5368754,0.51912576,1.8942316,-1.7800677,-1.3106166,-3.7699845,8.121527,-0.29458007,1.8987914,-4.871239
1.3417593,5.3736653,-1.6803501,-0.6473421,0.94330883,-2.353064,0.45301783,-3.8664672,1.546506,-1.0895728
-0.16054098,1.639214,1.3800812,-1.5833753,0.1666551,-1.2548229,0.05704438,-2.4093497,6.93004,-4.742865
-0.94404304,1.0121803,1.7181512,-0.9365107,-1.5757954,-3.1732836,0.7906154,-1.1754757,8.771626,-4.5209556
-0.87000585,4.3165655,-0.93746704,-0.08685985,-0.4459978,-2.4428928,1.6789713,-1.5643064,3.963946,-3.5998373
-0.12860343,1.3167319,0.40166587,-1.52383,-0.2983937,-2.3058734,5.12639,0.061725512,0.21997933,-2.9461768
-1.538407,1.6262751,1.1587903,-0.15701675,-0.34790054,-2.8356404,2.3904023,-1.0836943,5.398505,-4.5928974
-1.7152182,-0.8413307,2.4164257,0.89834166,-2.2037334,-0.8711474,1.460516,1.3892901,2.528063,-3.1744359
-0.2967062,3.0725439,0.37091702,-2.2056286,0.33813104,-2.4518456,2.0600972,-2.792754,4.833183,-2.9305973
1.1904199,0.013440371,0.48916048,-3.3019023,-0.9975428,-1.6218374,6.253719,0.28225845,1.5649986,-3.9895203
0.8982921,-0.111260265,0.28638914,-1.4580401,-1.375113,-2.4427555,5.300632,0.8714974,-0.07639135,-2.0072293
-0.4448226,0.5504648,0.80316305,-0.9291798,-1.4297037,-2.479566,5.201247,0.49039835,1.0259538,-2.907111
-0.13270144,-0.3665202,0.82239956,-1.5328866,-0.5391285,-2.274594,7.4181104,0.94991714,0.2675776,-4.7405343
-0.9475694,1.9312074,0.58205056,-2.1105561,-0.6517623,-2.2488189,2.4394765,-1.3697854,6.7294025,-4.362214
0.055732027,5.886782,-2.0660188,-0.32129627,0.6255054,-2.1543727,0.28993994,-3.0666554,1.9376389,-1.1375842
-2.6390638,0.72546726,0.16975147,2.4209576,1.846468,-2.1881242,1.1158043,-0.36707598,2.701142,-3.826691
-1.1449286,0.29824203,-0.8860549,2.7779932,2.3381803,-1.3392462,0.14192608,-0.7775585,1.9477338,-3.3560495
-2.0247924,1.1643541,0.6349667,2.058119,1.8219502,-1.9625341,0.22252019,-1.640723,3.4138176,-3.7012932
-1.9565948,1.7605484,2.0976973,0.35109296,0.29717973,-2.1841311,1.3248405,-2.538801,5.0214577,-4.1720095
-3.028582,-0.67045575,2.8307538,0.8719733,-0.06639186,-0.5205786,-0.043559738,0.19743739,2.9619005,-2.5480568
-2.9596887,0.48478788,-0.11528825,3.574167,2.6385834,-2.1137247,-0.0051576886,-0.5177857,1.9982694,-2.9983397
-0.7421394,-0.5739125,0.72863054,-0.15633518,-0.048529334,-2.156199,5.495811,0.5622314,0.9778152,-4.1531076
-1.8538233,0.5094302,2.6721354,-0.76445913,0.95575887,-0.19067669,-0.074525364,-2.375273,4.300994,-3.1600983
0.6378258,-0.37393406,0.96528,-2.6655087,-2.103829,-2.7640262,6.633742,0.5319668,1.4375572,-2.4067347
-1.6017214,-0.64997923,3.6078196,-1.041283,-1.4530413,0.25665462,-0.19047256,-0.7090725,6.504117,-4.717579
-3.3225377,0.70340306,0.5386823,2.77864,1.9038985,-1.3548034,-0.028333196,-0.7183231,3.3326414,-3.8359246
-3.7354317,-0.793968,3.8001046,1.4324999,-0.5112523,-1.5566198,-0.21948595,-0.32447582,5.7884655,-3.892833
-4.343167,-0.49314862,2.813065,4.0281706,-0.70172673,-0.913678,1.4733038,0.9947746,0.31239378,-3.2592967
-4.3771157,-0.6347507,2.0509937,5.9481006,-1.233902,-1.9905761,1.6520967,2.4621153,-0.5132862,-3.480622
-4.3067718,3.0707464,0.6982588,4.223904,0.5551153,-2.4537954,0.47725436,-1.346381,3.4592388,-4.3924894
-1.5118446,0.81686705,2.0764794,-0.9863421,-0.77500784,-2.511545,1.3285508,-1.1108121,7.924422,-5.2867703
-2.5126677,-2.371106,3.5827208,2.4673693,-0.7097786,-2.5875103,2.4969332,0.4920332,3.461349,-4.465306
-2.195876,1.4281361,-0.5298311,0.666186,3.8288615,-2.206608,0.5034819,-1.3216743,2.4629796,-2.646989
-1.4997377,0.9337868,1.8431648,-1.292954,1.5010355,-1.006013,1.1510196,-1.8782862,5.014351,-4.7741537
-2.3733945,0.3326243,2.188816,-1.5471929,-0.17917365,-1.8109396,0.80217576,-0.64087725,7.6855974,-4.4788823
-3.0258775,0.40578622,1.5024711,1.1483272,1.3462213,-1.4357911,0.5254715,-1.6063491,7.0780315,-5.9419947
-1.4929334,-0.67647225,2.2636251,0.17039602,0.056136347,-2.14366,2.234978,-0.19652776,3.1148555,-3.424565
-3.3997498,-2.2542517,6.1392627,2.1188085,-1.5712415,-1.2467728,0.9040868,-0.04126501,1.0121126,-1.7617421
-1.7672766,-0.16005343,3.0142698,-0.8280599,-1.5803437,-0.9440595,1.5922328,-0.36648217,7.7080736,-6.7073402
-0.90935993,0.17992368,2.3679175,-1.2963418,-0.68093973,-1.5048141,1.1975362,-1.483664,7.465867,-5.3921876
-1.0429324,-1.1105645,1.3093071,-0.104519635,-1.0729973,-2.7680676,7.657487,1.5804548,0.12640934,-4.7625456
-0.8691924,2.1623745,0.36305588,-1.3069084,-0.4319065,-3.1873908,4.634023,-1.0614362,5.0910487,-5.412337
-0.69673306,1.0478344,0.044182844,-0.85049057,-0.9156011,-2.682851,6.112907,0.25609097,1.2546793,-3.6903665
-2.1725583,-0.37774485,2.024918,-0.09801474,-2.691641,-3.278123,7.9817777,2.5773757,0.5633963,-4.7255306
-1.9383948,-3.1135652,0.8520273,1.9777657,-2.6147144,-1.5308112,2.8218727,6.4383717,0.20646162,-3.3015702
-0.6530807,-0.6091898,0.25400847,0.18622968,-2.2351842,-3.4645863,6.9733586,2.7161052,-0.60789603,-2.7095554
-2.0108182,-2.5606236,1.8040235,1.4887897,-2.6456406,-2.0172799,3.866198,4.617247,1.2127753,-3.9392183
-3.3086624,-1.003984,1.5952141,0.4903961,-2.3459072,-2.4819505,6.6270065,3.3933656,2.645336,-5.828679
-1.9106184,-1.6250563,1.8654163,0.3913565,-1.4955412,-1.9838203,5.4441133,3.1382864,0.8908402,-4.8257055
-2.42645,-1.0196099,1.5835239,0.90927184,-0.88845426,-2.6787744,5.735064,1.6981512,2.2102258,-5.267499
-0.04959391,-1.26267,0.60739547,-0.64652336,-1.9985652,-3.297853,6.7761397,2.8390348,0.7072938,-3.868861
-1.7390896,-1.8063493,1.214183,0.9579612,-1.9216676,-1.4943676,4.524587,3.9325473,-0.10381744,-3.715706
-2.5266354,-2.9079309,1.9690404,0.21308497,-1.4730536,-0.8341212,4.214271,5.019128,-0.16103096,-3.6644561
-2.1862888,-3.2775166,1.7846999,1.294297,-2.5700953,-1.3335853,4.2124696,5.3579674,0.38295823,-3.8126662
-1.7072755,-0.42943972,1.4429816,0.54340804,-2.4485633,-2.2741694,5.39231,2.324411,1.8567021,-4.811844
-1.9153477,0.26257125,1.4056566,-1.0831658,-1.7288163,-0.73794293,5.8224926,0.4361566,1.0919961,-3.617114
-1.9057091,-1.4633482,1.1427301,0.9978868,-2.0961068,-1.499632,5.1558433,3.5014255,-0.3351162,-3.6720197
-0.7483458,-0.062775195,0.52721506,-0.7356194,-1.6977224,-3.6352646,7.388311,1.3848605,1.3885633,-3.9235256
-1.8499848,1.0408568,1.035382,-0.8945706,-1.3508376,-1.6001518,7.34819,0.012703342,-0.32463318,-3.5463805
-1.745646,-2.1651833,1.4684632,1.0448992,-2.2625601,-2.4487019,4.5622272,4.1772013,0.37795067,-3.1863651
-0.9156695,-1.3414724,2.109728,1.3642439,-1.7510381,-3.4756558,6.1704946,1.2753617,-0.56831414,-3.0005264
-2.06816,-2.6273293,2.2720299,1.0210584,-2.4681714,-1.3855975,4.1875067,4.558507,-0.4759753,-3.1749015
0.13167472,0.37574786,1.4685576,-2.3498623,-1.7541459,-2.9246316,7.5344806,-0.16853319,2.1312513,-4.546912
-1.3859283,-0.5926951,1.4908606,-0.07107872,-0.5935473,-2.4617333,5.1381226,1.3194561,0.50238883,-3.5081275
-1.2294015,-0.44402462,1.4616469,-0.42768398,-1.112534,-3.1775126,7.350353,1.0990067,0.33953112,-3.9539757
-0.4719119,-0.14288038,2.2968388,-2.10328,-0.19576535,-1.5022763,5.8025684,-0.93891186,2.7983506,-5.6327486
-0.27025628,0.08081409,2.4755154,-1.8148617,0.25278458,-2.2324457,1.7168542,-2.3202755,6.08663,-3.9938548
-0.3232023,0.23821622,1.5071645,-1.2495469,-0.8312041,-2.6883168,7.296758,-0.3747196,1.2208222,-4.8968024
-2.1543436,-0.9087106,4.329982,-0.8684622,-0.86238176,0.2777835,0.7172484,-1.6554363,4.7710037,-3.6585858
-2.2679925,-2.0051117,6.2697167,-1.2929529,-2.1999254,0.65331376,1.2719767,-1.0730305,3.6658819,-3.0290744
-2.0215821,-1.4245086,6.7293153,-1.0375888,-2.4159558,0.3002429,0.8383804,-1.649065,3.4482877,-2.8119912
-1.2587969,0.42715788,2.9566226,-1.4050965,-0.017034166,-1.8404038,2.0205724,-1.6778855,5.069915,-4.295126
-2.0447578,0.27228755,3.9448462,-0.6737504,-0.7082255,-1.3822039,1.0347689,-1.7288519,4.994115,-3.7353823
-1.9165486,0.53986114,3.0318646,-1.3134189,-0.2204676,-0.87167394,1.6763378,-2.096574,5.9039855,-4.747094
-2.7637916,-1.4090579,5.6246367,-0.8388568,-0.9785866,0.10572278,0.67273283,-1.3182961,4.5406923,-3.6594644
-2.857612,-0.5865556,5.1209855,-0.43875334,-1.0200622,0.9323412,0.37141627,-2.6042209,3.7214885,-2.6024868
-3.5846384,-1.1559219,7.216311,0.01740697,-2.13516,-0.07080401,0.37390924,-1.3224969,3.38853,-2.7415311
-3.2312417,-1.2699795,5.6934447,-0.8162849,-1.9663484,0.8605331,1.5675856,-0.33789402,2.5467136,-3.0476248
-3.025062,-1.2931662,5.4915557,-0.57997775,-0.6667569,-0.062489875,-0.1923575,-1.0841062,4.6434197,-3.2238877
-1.8303902,-1.4565206,5.959619,-1.3409764,-2.064082,0.16717803,0.94262177,-1.3359333,4.593399,-3.665041
-2.19098,-0.27076715,4.7247043,-1.6045765,-1.5604633,-0.30013418,0.5620047,-1.7860926,6.663788,-4.2273912
-0.52451235,1.4499764,2.1798165,-2.2440102,-0.24115193,-0.23685443,-0.30670047,-2.8127775,7.681223,-4.891812
-3.138227,0.08888066,5.492064,-0.473442,-1.327104,-0.6573901,-0.3512984,-2.6353,6.545762,-3.5191047
-1.924055,1.126528,3.4061542,-0.9425796,-1.8979083,-2.7917001,1.0163991,-1.0325454,7.2425866,-4.217852
-1.5420514,0.9316179,2.85608,-2.0831764,-1.1184366,-1.0496849,0.85501856,-1.367099,6.252229,-3.7122233
-1.14479,0.804161,3.38847,-1.8482512,-0.63816136,-0.7902986,0.28173906,-2.5257387,6.0162554,-3.499709
-2.5892367,0.4295166,3.6145914,-0.7345443,-0.6162736,-1.9330748,2.385005,-1.5118847,6.741574,-5.776768
-1.14088,-0.7079068,2.8998349,-1.5735682,-0.108976446,0.567048,1.2617712,-1.372194,4.571356,-4.4362125
-1.4358728,1.087899,1.6261048,-1.4147054,1.2823683,-2.4221067,2.0099998,-1.9608433,5.0179777,-3.8185303
-2.5726118,-0.62670213,4.3294797,0.08895552,-1.9917333,-1.4332391,0.6311063,-0.41035274,5.491617,-3.5126245
1.2147475,-0.24709386,-0.0054275915,-1.4366461,-0.7760418,-1.7828155,5.511109,0.31250373,-0.9794492,-1.8986063
0.64864355,0.78776056,0.89453906,-2.6628773,-0.6232438,-2.2245054,7.2573237,-1.0633236,1.1538136,-4.249154
-0.06491636,1.2497184,1.483117,-2.5769098,-1.2918531,-2.1124525,1.3673656,-0.9755362,5.130659,-2.2652783
0.38833803,0.4441591,0.969325,-2.1907427,-1.1030495,-1.9590391,5.670401,-0.6034053,0.33487594,-2.0361044
0.27426124,2.9535556,0.43125957,-2.713324,-0.000673376,-2.737933,4.3177443,-1.7950656,2.6253655,-3.430764
1.1264035,1.0257514,0.21421933,-2.425112,0.25763318,-1.3202184,4.7325425,-1.7338082,1.0961113,-3.05005
-0.28681433,1.5683708,0.95397955,-2.4132965,-0.77953684,-2.0152633,5.112023,-0.738179,2.161892,-3.622614
0.12557113,-0.16889018,0.86115795,-1.6615613,-0.20450452,-1.3118044,5.7328463,-0.1104746,0.91852194,-4.2348766
-0.37116498,-0.29148975,3.88792,-1.7390393,-1.2908715,-1.1270698,0.44545418,-2.1613734,5.1477213,-2.5293841
0.37356257,1.1379559,0.8088061,-1.9324478,-0.26177952,-1.7020408,3.772893,-1.1562403,2.9635758,-4.046632
1.2156461,0.51908255,-0.667957,-1.8991789,1.180662,-0.7765132,3.4735453,-0.7999591,1.2307435,-3.5354118
0.7648669,0.11883658,0.4424693,-1.1613747,1.2881328,-1.128098,4.2438436,-1.6863922,0.30661976,-3.2251322
0.036802575,0.62112385,1.4331293,-1.6425399,-0.67635936,-2.451729,3.7928243,-1.3573425,4.6199174,-4.4481196
0.5760308,0.18756795,0.75549585,-2.8602874,-0.8460034,-0.07602326,4.194215,-0.21867393,0.28508604,-2.0142875
-1.3056633,-1.0825627,2.4585328,-1.0597345,-1.4204919,-1.891699,6.0686502,0.39235812,2.279323,-4.5180855
-0.3519448,-0.436564,2.3759809,-1.8939278,-0.5778331,-1.1172645,5.2260203,-0.46379372,0.6070408,-3.460219
1.8656014,0.44373912,-0.060986213,-2.8383207,0.74279696,-1.775421,5.8357253,-0.88908154,0.2984255,-3.679971
0.57863766,-0.3547104,-0.57260305,-1.2671812,-0.14553925,-3.2230308,6.98502,0.72955555,0.35922772,-3.2294693
0.5287174,0.19567281,1.3104687,-2.430952,-0.4369441,-1.645332,6.1789975,-1.0556778,1.3483751,-4.073924
3.7288003,1.9129915,-1.1899095,-2.287513,-1.6373482,-2.1023402,2.9718046,-1.816668,-0.5867796,0.9304077
-0.49539787,-0.030657351,2.5245686,-2.488219,-1.2892778,-2.6475887,5.7624545,-0.2829577,2.9578183,-4.075472
-0.6042636,-0.4029047,0.09323306,-1.1275547,0.47265562,-2.4067996,5.431242,0.8018579,0.94398916,-3.2875202
0.11906357,-0.26920307,0.5451746,-2.3773339,-0.5748672,-0.88003147,6.5331745,0.18632959,0.89284164,-4.2551394
1.1918899,1.1720738,-0.6894334,-2.9850287,-0.263253,-2.4246373,7.501406,0.3699745,-0.087089606,-3.8804867
0.96312976,3.074029,-1.7460003,-2.8397229,0.67655164,-1.0106905,3.450132,-1.0113177,0.1959789,-1.7341815
-1.5408223,-1.1947486,5.286322,-1.8972489,-1.5185297,-0.8627578,1.4387147,-2.0206013,5.645868,-3.3689282
-3.362505,-1.9827728,6.509314,-0.6035361,-2.317542,0.34184802,1.2546424,-0.16894418,2.864234,-2.5457845
-1.8364931,-0.29275805,5.3075786,-0.68843365,-2.184201,0.056449883,0.4365097,-1.9091386,4.051396,-2.8961883
-2.581444,0.061239615,4.4670987,-0.30136213,-1.2101123,-0.3819064,0.3923304,-1.3847408,2.6453254,-1.7177755
-0.938253,-0.10498983,3.2506838,-1.5713891,-1.0413454,0.14196503,0.20013086,-1.1244069,4.3489184,-3.1639526
-3.1760092,0.87266904,4.4249907,-1.1327156,-0.4883751,-1.4935883,0.69604295,-2.598411,7.6784754,-4.751917
-1.4751846,-0.36870295,4.4222093,-1.7062911,-1.1785986,-1.2562538,0.7342918,-2.08384,6.320824,-3.4299912
-1.8498372,-0.34402168,4.2927155,0.113777906,-1.0361621,-0.6535784,-0.8419321,-2.3591251,5.351057,-2.6617916
-0.3164652,-0.2617082,3.0254908,-2.0896533,-1.7991133,-0.31608206,-0.52300435,-1.0499876,6.8599005,-3.53983
-1.9398154,0.46712798,3.29954,-1.6636002,-0.49221787,-0.58413637,0.36459357,-1.5254964,8.059413,-5.955142
0.0069273114,-0.34724188,2.2368102,-1.5475754,-2.1501777,-1.8860103,5.959928,0.21296279,1.0022548,-3.5912743
-3.650998,0.2310049,4.5404944,-0.3494276,-1.5893157,-0.6341214,-0.07832665,-0.80661523,6.939343,-4.603638
-2.564523,1.4503882,3.5373049,-0.77041984,-1.2645323,-2.2737215,0.9616034,-2.2266371,7.811535,-4.6792564
-2.3322823,-1.9289165,5.8786883,0.068362534,-2.0354302,-0.184713,0.0030168798,-0.70658714,4.852151,-3.624448
-1.7433378,0.3104241,3.3360388,-1.0167371,-0.6518567,-1.7096099,0.96403146,-1.838309,6.159134,-3.8496153
-3.5478265,-3.2385714,8.541857,-0.49283257,-3.0094385,0.1553644,0.08149236,0.9179024,3.880966,-3.3267908
-1.6123523,-0.051947653,4.306754,-1.3099953,-1.9766333,0.07914113,0.3895495,-0.40471846,5.6573324,-5.1047425
-2.7267032,0.6994775,4.8232403,-0.4950917,-0.37587205,1.2900568,-0.7311561,-3.338812,4.8134394,-3.9058058
-2.6179652,0.30929035,3.157619,-0.81654537,-1.2372341,-0.22872877,0.04155045,-1.0636964,6.8255177,-4.340906
-3.0053673,0.0034261048,4.251763,-1.1965582,-0.19627038,-0.9396429,0.5215482,-2.1042397,6.0021067,-3.3343108
-1.8075736,0.5904557,2.0982628,-1.8715161,-1.0135394,-0.6375085,5.494802,-0.34950778,2.4866366,-5.013416
-1.6364108,0.4623313,2.4006295,-1.1092001,-0.16975203,-1.2634069,-0.35879064,-1.7585897,8.61055,-5.193488
-2.2486873,-0.6059191,4.4112177,-1.4686458,-0.84654903,0.40270758,-0.062438555,-1.3067082,5.142267,-3.4155474
-1.2059598,0.36852652,1.5305247,-1.8468517,-0.36231354,-1.5183746,7.1871095,-0.8945705,1.2795608,-4.662746
-2.8631222,-0.64244735,5.0392647,-0.63119364,-0.9951207,0.7894726,0.25670916,-1.8696609,5.6187043,-4.6836157
1.8385655,-0.37088832,1.0234262,-2.6159236,-1.0830576,-1.3572873,2.8444695,-0.8196626,1.0061808,-0.538808
1.4171803,-0.22095212,0.37442365,-2.72765,0.15996817,-1.2518982,4.764116,-0.8713687,0.79987746,-2.5645807
2.982067,-0.9566666,0.5763068,-3.501943,-1.8876076,-1.6186455,4.947412,0.99826455,0.81761,-2.4931076
1.5112345,0.601574,-1.2005649,-2.2868361,-0.9471342,-2.2061605,4.026152,1.5450543,0.65544766,-1.8151939
0.34970427,-0.09985179,0.8477513,-2.1113777,-1.1513892,-1.5213213,3.7397213,0.13273872,2.110633,-2.3762162
1.3491684,0.16289645,0.4502092,-2.9259388,-1.3789477,-2.429398,6.344996,-0.50105876,1.443865,-2.6464136
-0.68384224,-0.09174241,1.4512458,-2.4141638,-1.1627419,-1.1588709,4.5053964,0.5069724,1.6735553,-2.7570915
-0.5733604,-1.7005479,4.631008,-0.4650538,-3.8691566,-0.4953069,1.9751899,0.14499043,4.2870116,-4.023322
2.0216308,0.28411865,-0.18777543,-2.3389313,-1.5918144,-1.7811146,5.0218606,0.6456843,1.9749489,-4.1873546
-0.92427236,0.22769907,0.8271702,-1.5549657,-2.002394,-2.4835606,5.3913746,1.626832,2.0490634,-3.2754486
2.3388333,-0.37486103,0.6207195,-2.8852513,-2.6498373,-1.915095,6.0549436,1.1665751,0.37320346,-2.8879392
0.55155045,-0.30235434,1.204489,-2.1748672,-1.7616348,-2.5116453,7.159696,0.54575664,0.22976597,-3.0896852
0.92721766,-0.20817485,1.3826594,-3.138074,-0.89435977,-2.2330904,7.144786,-0.52305996,1.8852298,-4.4790998
1.677223,-0.50927424,-0.47892284,-2.2159343,-0.2802057,-1.7466348,4.1038537,1.0182481,0.8703328,-2.5772934
1.2298777,0.7050405,0.80742836,-2.3220012,-1.6894864,-3.1123526,5.743727,-0.6078697,1.3859018,-2.2683575
1.2036678,2.4719794,-1.1232765,-1.9318026,-0.6371739,-2.1292832,3.990924,0.64729744,-1.458632,-1.1056769
-0.9329533,-0.48377067,2.4741242,-2.1817415,-2.8079693,-3.0310707,7.2927017,2.0704858,1.4320503,-3.9765284
0.20933588,1.4765768,0.16690204,-2.5280206,-1.103505,-3.3408718,6.0909276,0.36327365,1.7721567,-3.2332556
-0.8553968,-0.11934799,1.5156738,-1.5983304,-0.38367704,-2.0051315,6.8992624,0.5387802,1.4969203,-5.6373425
-0.5553971,0.50642973,2.2210765,-2.3431091,-1.4023054,-2.0975914,4.6766353,-0.7947367,3.649616,-3.9410307
-0.7572975,-0.321602,3.783998,-2.0535266,-1.5346427,-1.626293,3.5629754,-1.4152212,4.909677,-4.5687294
0.94823986,0.6815986,-0.16410506,-2.988097,-1.7592418,-1.8768896,6.2720704,1.3065934,1.3845584,-3.8998084
0.418971,-0.65845865,1.3277216,-1.7859823,-1.7048738,-1.3242177,4.924374,0.5702028,-0.047621258,-1.8225846
0.33520937,2.4611764,-0.0020987317,-2.3609762,-0.986016,-2.3407714,4.824649,-0.7333495,0.34952366,-1.6825244
2.967103,0.14532864,-0.39809096,-3.2067516,-0.22387731,-1.5372652,3.1718702,-1.4461801,1.5607067,-1.1296122
-1.3507334,4.9158716,-1.813741,1.5044652,2.3342283,-1.6712062,-0.45441273,-3.321821,0.10954437,-0.21464358
-0.7002927,-0.86101353,-0.086470656,0.40007716,2.9912312,0.5412011,-0.90414137,-1.3329009,-0.10461453,0.038577795
-1.0491966,7.004192,-2.4783738,-0.49165168,0.41890785,-2.360157,0.98065114,-3.5556045,2.9227235,-1.2972187
1.4112407,4.454095,-3.2176254,-0.34693292,0.6186542,-2.3891096,-0.19883244,-0.9647675,1.4400054,-0.8339357
-0.24849544,6.1615777,-1.1893592,-0.5322635,0.03086657,-1.3214793,-0.22042312,-3.4166143,1.7307864,-0.9410138
-0.056959197,5.874077,-3.3935425,0.059929714,1.2485447,-2.7157452,1.1288294,-2.3375018,1.5423244,-1.3198113
-0.77710295,3.3888736,-1.7661867,-0.22382927,0.9388771,-2.752548,2.453951,-0.7914935,0.61039186,-1.1273428
-1.524021,1.7087588,-2.460615,0.4704884,5.3037605,-1.2947968,-0.27323326,-1.960913,0.30506563,-0.28366974
-1.0054194,5.446477,-2.0972996,0.5535377,0.11320246,-2.4049923,-0.27029106,-1.3475491,0.6116161,0.42199102
-1.4985747,0.5278435,-1.2320106,1.732943,6.4987173,-0.6755611,-2.112464,-2.6078274,-0.3645929,-0.26369557
-0.08401744,2.9927955,-1.6632413,-1.6277171,-0.5117214,-0.59710145,3.7487004,-0.70238084,-1.1490065,-0.43942928
-0.7458478,1.0005078,-2.2120464,1.4449351,5.765209,-0.81154007,-1.2926855,-2.4056795,0.34345073,-1.054491
-2.1177075,0.36450174,-1.6591139,1.3141998,6.5238705,0.07917545,-1.8664678,-2.4883478,-1.8924311,1.7647157
-4.337413,0.12807631,0.43322188,4.67798,1.8789121,-2.3762364,-0.79279417,0.47051287,-0.23484047,0.06520277
-1.1627434,1.0862987,-2.2857761,0.097334206,6.0592837,-0.386153,0.26584387,-2.2135432,0.1753379,-1.6368337
-1.4950738,1.2791111,-2.097559,0.62607014,6.328629,-0.9874612,-0.8924771,-2.032763,-0.28140575,-0.4244215
-1.1562665,0.14994168,-2.1306093,1.745763,5.831911,-1.5248464,-0.107973464,-0.89751023,-0.36278385,-1.5838692
-0.49059457,-0.059822828,-1.5619421,-0.22407603,1.9766083,0.14627382,1.1610487,-0.122004494,-1.15636,0.3002093
-0.61153644,2.6288197,-2.7286472,0.90611184,4.9754887,-0.9190365,-1.0145562,-3.3895733,0.70009834,-0.49777994
-2.5334234,2.513828,-1.825344,1.0022328,4.5556498,-1.1681566,-0.77840793,-2.3944979,0.4390489,0.22574487
0.28133178,0.75590044,-2.6595032,-1.4444078,6.1341267,-0.09235295,-0.8275234,-2.4742923,0.80169976,-0.47875527
-1.7542689,0.11597744,-0.5046616,1.2410396,5.0795326,-0.75182295,-0.5758377,-2.5869377,-0.6304817,0.31526586
-1.9287184,-0.14537594,-2.0458627,1.7625194,7.5985627,0.08419307,-2.521926,-3.1154068,-0.1544279,0.50035006
-2.1008866,2.4755337,-1.5919988,0.99984026,2.210185,-1.2158232,0.85657626,-0.908922,0.05945415,-0.8364229
-0.2915539,4.329777,-3.4362252,1.3250854,1.9457365,-3.6119924,1.502164,-1.2215164,0.48950705,-1.0417497
-1.6944358,0.90563184,-1.8308947,1.1375886,6.641062,-0.63410413,-1.9260774,-2.581245,-0.22415014,0.22796324
