0.13711493,-2.3340423,-0.03398882,-0.5930653,1.2011049,6.537762,-1.5306376,-0.7299025,-0.9884045,-1.7019737
0.03945516,-3.5903158,-0.46373588,-1.3523341,2.2329988,8.463624,-1.7315384,-0.6436026,-1.2198364,-1.7272633
-1.6699128,-2.475599,-1.0138495,-1.3693271,3.0813353,8.568528,-3.5623405,-0.74818045,-0.9590261,0.13538577
-1.7213463,-4.49498,0.1248336,-1.1671121,1.051064,8.295021,-1.2305688,0.49745584,-0.41456097,-0.89964277
0.50945956,-4.97079,-0.95926553,-1.1172388,3.3229742,8.2318125,-2.8645515,-0.59880304,-0.6190357,-0.9534329
-0.24824186,-2.8896182,-2.498086,-0.5991962,3.4474802,7.3160095,-3.009786,0.39952454,-1.3922555,-0.57933843
0.21106498,-2.9814742,-0.24979936,-1.8860385,2.5343223,7.1724935,-2.607504,-0.9299612,0.11979951,-1.4391626
-0.32112545,-2.1190982,-2.0366914,-0.23630564,1.9177933,6.7806654,-2.0132122,0.07181074,-2.175302,0.18166865
-0.21845563,-3.3096235,-0.5259175,-0.9448226,0.69206643,7.9980574,-2.5432725,-0.56028485,-0.8255582,0.2538784
1.6378903,-2.7753897,-0.5754449,-0.4325685,1.1242552,4.927653,-1.0395956,-0.75954604,-0.39039373,-1.7305797
0.7072442,-3.593579,0.026968047,-1.8248262,1.8064257,7.510881,-2.6443615,-1.7182012,0.5632566,-0.8707794
-1.5444851,-3.4259505,-1.2895733,-1.6645159,2.0613513,9.284312,-1.4467775,0.21784446,-1.3692613,-0.7348832
0.99274725,-3.119065,-1.060916,-0.24807112,1.6400135,5.241544,-2.095109,0.022564251,-0.13368995,-1.2262694
0.37971044,-3.2568357,-0.58702445,-1.0721629,0.0054305643,7.5947227,-1.371699,-0.03181104,-1.0261174,-0.6809896
0.47530228,-2.3181868,-0.5566718,-1.6906825,1.9614685,8.313846,-3.5002356,-2.2497704,-1.2170889,0.800128
-2.0723433,-2.5207481,0.98318136,-1.3368741,1.8533568,5.5161495,-2.7117348,-0.68669623,1.2792017,-0.36974102
0.35783756,-2.4381957,-0.93338436,-0.13213561,2.0680113,5.5292506,-2.3457346,-0.52019155,-1.4296772,-0.21575736
0.79666066,-2.3319316,-0.112180844,-1.0596386,0.6612302,6.707617,-3.3810844,-1.4479223,-1.5303812,1.6754031
0.76110464,-2.7153592,-0.85056907,-0.7207045,0.22291628,5.4148564,-1.3224255,-0.44007152,-1.1264352,0.8576139
1.3332618,-2.42405,-0.15098019,-1.2774936,1.5127285,5.9532156,-2.5946536,-2.2679374,0.18231441,-0.29246247
-0.53889,-1.1889288,4.6344266,-0.18145041,-0.65888935,-0.26275504,-3.0770168,-2.3448734,3.3269072,0.28786165
-0.9572533,-2.1733437,1.467875,-0.2687387,3.0064666,2.6135182,-2.879258,-1.467302,1.78203,-1.149209
-1.8196776,0.98331904,2.6816747,0.867765,-0.21324775,-1.8447636,-1.4552372,-0.5763849,2.2986014,-0.9731581
0.12309164,-0.1374938,1.5482161,0.07975915,-0.56099063,-0.15528756,-1.6538731,-0.7912139,0.3080248,1.2386103
-2.0192516,-0.13535552,2.9806917,0.24255283,-0.070611216,-0.8940489,-2.1770282,-1.2268914,2.527466,0.76748383
-0.9299496,-1.2866212,2.6516876,0.0062494427,0.017178856,1.7899181,-1.5854241,-1.2164291,0.75194585,-0.1689478
-1.9076296,0.8843001,3.374652,-0.08995123,-0.45829624,-1.5798923,-1.3960032,-0.96990836,2.6445875,-0.62953496
-1.0490327,0.7772198,2.2873468,-0.28180736,-0.7262071,-0.73378813,-1.3127134,-0.9175129,1.2379327,0.7167371
0.89219755,0.29608524,1.1720253,0.6349151,-0.9416708,-3.039733,0.15782595,-0.34770098,1.5593083,-0.35537076
0.8321559,0.20345284,2.193321,-0.024579182,-0.9569653,-1.7707826,-1.0437409,-1.7782382,2.3183153,-0.037707373
-0.59035915,-0.07982184,2.2353942,0.74630415,-0.9573555,-2.5777192,0.11775367,-0.15612942,2.181312,-0.97816145
-0.84525156,-1.5448102,2.7996752,0.48033983,-0.40559995,-1.1844999,-0.7363891,-0.23426412,0.58526134,1.1297034
-3.0231006,-0.09008832,4.483445,0.22320203,0.58809155,-3.3835125,-1.1328486,-0.49834767,4.071806,-1.353076
-0.51948774,-1.3544887,2.6883676,0.40010184,-1.8050187,-1.1565526,0.08030142,0.15556437,0.8699747,0.58118963
-1.3666334,0.0779544,1.9510968,0.29710406,0.41060436,-0.46507877,-1.2126379,-0.81419194,2.020041,-1.0081335
2.5102751,-1.8809022,2.9939842,0.8240951,-2.9498813,-3.3635573,0.92153937,-0.3812539,0.62702465,0.68283784
-2.181458,-0.07979597,2.4478989,-0.10521828,1.0514102,-1.7551714,-1.0275896,-0.15511896,1.9669865,-0.31225848
-1.6063879,-0.239751,1.5180112,1.3792624,-0.99238825,-3.009264,0.6409698,1.7347072,1.5562806,-1.008161
0.29887146,-1.1420885,0.9138445,0.09401098,-0.23282841,0.34583744,-0.91840035,-0.36073852,0.46506882,0.54856324
-1.2815146,-2.1925542,4.244509,0.43529195,-0.42090505,-0.8861134,-0.21816581,-0.84736556,3.9856467,-2.8853855
-2.3319037,-0.38143587,4.299704,-0.4861743,1.6086605,0.45035085,-3.088171,-2.783463,4.2151065,-1.6787509
-0.8381339,0.4947791,0.69323456,0.8729623,0.20651436,-1.671099,-0.8062383,0.051981125,1.2756696,-0.28027654
-2.9114454,0.392233,3.18621,0.5089428,0.85215104,-1.2374177,-2.8631124,-0.55828184,3.9327395,-1.4347427
-1.3949292,1.1248876,1.0986203,0.8525767,1.1189628,-2.8849735,0.029732801,-0.39132878,2.5265267,-2.03976
-2.6592252,-0.51505625,2.684326,0.9197767,0.18588796,-1.1285217,-1.6836077,-0.13511983,2.4371474,-0.043998435
0.07158646,0.6062735,2.6578557,0.6104211,-1.4869292,-3.3308568,-1.4474348,-0.64096814,1.6741252,1.2080691
-0.22245295,-0.44759566,2.440907,0.007943988,0.99546957,-0.46788546,-1.8488606,-1.6258067,3.1856804,-1.9785293
-2.5922744,1.0752223,2.757814,0.21912353,0.5557655,-1.487669,-2.6469307,-1.0555534,3.2144089,-0.021591172
-1.643324,1.2038776,0.41178483,0.23886064,3.2900581,-0.50574636,-1.2871505,-0.81754696,1.5059841,-2.33084
-2.130892,0.07156925,3.0522327,-0.4266733,2.256683,-0.74538493,-2.2820573,-1.8862193,2.9574494,-0.97355294
-1.9499397,2.1616147,1.7700922,0.7952639,0.5541513,-3.0947495,-0.47611046,-0.639819,3.2136488,-2.4273977
-4.423184,4.171219,0.54561734,1.1701367,2.3032815,-1.8940789,-1.994844,-0.035666656,2.422921,-2.2429125
-3.5598433,-0.07335608,3.1167188,0.41934395,2.5131316,-0.7011697,-2.0665977,-0.8810829,3.4220133,-2.2300806
-2.2095227,3.1633136,0.21746384,0.4417467,1.8507481,-2.3971467,-1.7061301,-0.87954444,2.957786,-1.504526
-0.23165685,0.7616166,3.021928,-0.7529148,-0.34947774,-1.4787093,-2.1126137,-2.3674574,2.7975528,0.590313
-2.000427,1.1187333,2.1956117,0.9722914,-0.029128887,-2.467914,-1.1285738,-0.15019284,2.7890646,-1.3124716
-1.9214416,1.7510566,0.26743954,1.7205553,2.270053,-2.5806196,-1.296214,0.17965229,1.9732699,-2.3905873
-2.3247538,0.31119782,1.8555131,0.06576006,1.0339513,-0.40810096,-0.84807247,-0.28538427,2.087263,-1.5452682
-1.433506,0.19529371,3.159805,0.763417,-0.5056996,-1.9817713,-2.1880984,-0.769301,4.1886525,-1.4474868
-0.8482123,1.2283132,1.8554976,1.8928591,-0.5363646,-3.4333956,-0.6115154,-0.13562557,2.4319239,-1.8601015
1.6812325,-2.2257893,-0.47026592,-1.4659375,0.4003604,6.2834463,-1.6116494,-1.2181785,-0.6122328,-0.6765231
0.5367169,-2.8684976,0.2650206,-0.5460346,2.4471138,2.6770103,-2.2888372,-1.1269178,-0.021386608,0.87462413
0.19659705,-0.10563177,-0.56559485,0.2895863,2.558572,0.124066204,-1.806537,-0.6485815,0.5581222,-0.6195214
-0.61883634,-1.7618877,-0.49602795,0.6160213,1.9435658,5.137249,-3.0811546,-0.3610417,-0.02010633,-1.365519
0.7457989,-2.0368748,-0.4018454,-0.992686,1.7969508,5.654828,-0.91781783,-1.6270899,-0.8390926,-1.359722
1.5348489,-4.6269226,-0.5460883,-0.8252476,0.7183054,8.371704,-2.6627593,-0.96742356,-0.96482134,-0.056249425
-0.56533927,-1.5493934,-2.012296,-0.9035267,3.4760022,5.581986,-2.5149727,-0.46451786,-1.6361395,0.63290495
-0.6812665,-2.5119255,-1.3927268,-1.3762583,2.4517472,8.997274,-3.4717677,-0.9039692,-1.642983,0.5815315
-0.8405108,-2.3636086,0.27354106,-1.2537425,1.5515391,4.1676826,-2.4323387,-0.43770006,-0.72767365,2.0154004
-0.6033705,-1.1978804,-0.79341054,-0.31181824,0.8933773,2.033395,-1.418016,0.41141158,-1.2911117,2.3266962
-0.15255429,-2.80037,-1.3770581,-0.10308699,2.5153642,5.9933085,-1.9411849,0.09475024,-0.65816736,-1.568436
-1.4330717,-2.0724382,-1.7631261,-0.04590951,4.0174947,6.7216387,-3.659723,-0.51005733,-1.7010466,0.54596573
-1.2023363,-0.786239,-0.10455789,0.21563034,1.4584669,1.7194715,-1.8894995,-0.005357828,0.8372494,-0.2574765
0.4030223,-0.7294615,-1.0886662,0.1962802,2.5264678,1.1188335,-0.92006344,-0.6785966,-0.5385239,-0.26309353
1.4699125,-3.0309207,0.57735,-0.42335832,0.7246094,3.43542,-2.0124307,-1.3312334,0.7418589,-0.14619611
0.18778037,-2.0480332,-1.318466,-0.39070433,3.3449807,5.904377,-3.6871064,-1.3361014,-0.9205991,0.19457741
-0.62744844,-3.2539577,-0.49020004,-1.9871833,1.5484147,6.224905,-1.4312752,-0.6981757,-0.7351485,1.4368557
-1.3640966,-2.3081005,-0.14566703,-0.4437142,2.6305952,3.5554745,-2.1107593,-0.12244491,0.70927894,-0.44080454
0.51819044,-1.8102736,-0.06653692,0.43500015,0.18108258,3.4817507,-1.3455073,-0.43177965,-0.101548955,-0.841369
-1.0142658,-1.7715129,-0.30250496,-0.13838606,0.9174516,3.3284686,-2.1178255,0.4684563,-1.1346178,1.8083254
-1.6007587,1.5644101,-0.016571164,1.088853,-0.20240879,-2.2425165,0.9801561,1.1184261,0.021172196,-0.7133367
-3.3960006,1.9420615,0.43251145,1.3238177,-0.5604079,-4.026874,2.4788547,2.2387369,0.7316161,-1.1780419
-1.7693195,0.40229535,-0.5361136,1.252684,0.06852811,-3.034017,2.1660254,2.481879,0.18664299,-1.1551452
-2.1804585,1.1238459,-0.18577515,1.901897,0.81765455,-1.2757658,-0.75788623,1.0013207,0.343471,-0.74173677
-1.0765015,1.5635289,0.6752162,0.90808254,-0.30883238,-4.1134043,0.37887627,1.0088968,1.6258404,-0.6386274
-0.90234655,1.5138662,0.08566308,0.7171733,-1.3629218,-3.917106,1.8360606,1.345164,0.03846562,0.7318702
-0.879276,-0.42352623,2.8971632,1.2025484,-1.084879,-2.7104125,0.26523203,0.16576453,2.8291745,-2.381888
-1.4562063,0.25636917,0.7244837,1.2395816,0.13816035,-1.8924996,0.40932524,0.8523457,1.0196455,-1.3090005
-0.31408924,-1.4085054,0.089034244,1.422899,-0.8449206,-3.252567,4.0919995,2.9365287,0.7861109,-3.4902654
-2.5833976,1.1821674,-0.050664797,1.6762578,-1.0660732,-3.8735847,2.520361,2.6616488,0.4204821,-0.8368206
1.5730336,-0.30499297,0.78611773,0.44628206,-1.8807907,-3.4720697,2.0831702,0.38728777,-0.24206053,0.6686626
0.1771908,0.3634318,0.23126185,0.999366,-2.0311089,-3.431239,2.2842503,1.3569891,-0.075005785,0.21061349
-0.84621555,-1.110048,-0.98463124,1.2004579,-0.76512957,-1.9975952,3.5440078,2.8344915,-1.5814153,-0.19377016
0.5041531,1.2971027,0.35680658,0.8538388,-1.513353,-3.9105706,0.6127936,0.4522528,-0.41348815,1.8242469
-0.32001495,-0.9059031,-0.38702035,0.29540455,-1.6666151,-2.4357584,3.8078609,2.071815,-1.893894,1.4755713
-0.54094976,-0.25884727,0.37320465,0.88305396,-1.2016764,-3.0531588,2.3528445,1.5260288,1.2514174,-1.4155662
-0.18255194,1.5796582,0.12038462,1.6182126,-1.1154146,-4.8387175,1.8411037,1.1587182,0.986585,-1.2025408
0.4774043,0.4859355,-0.1915613,1.2711289,-1.9374276,-2.968633,0.8651791,1.5100278,-0.95919585,1.4364477
-0.94458055,0.9905038,0.26104712,0.4727807,-0.6175804,-4.0100284,2.1129715,1.2516149,0.72511184,-0.1911615
-1.6772841,-0.21092065,-0.388722,1.5704001,-0.50453055,-4.246763,3.6823382,3.0291514,0.3538673,-1.6460235
-4.572756,4.952229,0.4590515,0.02317445,3.0171585,-3.1103525,-0.7715679,-0.93334186,3.1945367,-2.2490659
-2.6296906,1.9016749,1.0756487,0.28010803,1.9059303,-2.381568,-1.7229892,-0.3024318,2.2408366,-0.46282113
-1.5001507,1.9781743,0.053895578,0.2974628,1.6167191,-1.9736677,0.3965304,-0.28606835,1.7366481,-2.4013731
-4.46625,2.7917645,0.82562405,1.2734815,3.8084798,-2.632732,-2.386374,0.4617003,2.3404944,-2.0230417
-2.3225684,4.110984,0.80584186,0.9053725,2.204537,-2.4749496,-2.6898649,-1.2916905,2.835865,-2.1921256
-1.1296699,3.3879144,-0.7664467,-0.010892317,1.2061013,-1.9731902,-0.15588956,-0.9202328,0.5713379,-0.15454496
-2.3670914,3.3577168,-0.4818197,1.68324,2.7268157,-3.4720976,-1.1416693,0.47943035,1.844723,-2.7345834
-1.3608,4.2308693,0.89228755,-0.113921925,1.1270624,-4.264103,-0.39320135,-1.547479,2.9305623,-1.5123278
-1.5525587,1.8115505,0.21889856,-0.18577217,3.4606085,-1.612374,-0.77576345,-1.1140145,1.9228728,-2.2392352
-4.0966105,5.130286,0.19600616,0.8999837,1.4262009,-5.3926563,-0.43775767,0.56843656,1.8254235,-0.20453249
-2.987238,4.154125,0.21010704,0.5803086,0.23975348,-2.8973513,-0.8401653,-0.04121832,1.4619416,0.11785735
-3.2086642,1.8346202,0.6840321,-0.21049897,3.2152445,-1.3425249,-0.9623201,-0.035163615,2.2499843,-2.2974293
-1.7838833,1.979735,0.5724482,0.07063407,0.81915003,-2.1540642,0.22646345,-0.010573667,1.5926707,-1.3150579
-2.9253767,1.751907,1.3946327,-0.11417143,1.7260779,-1.7039977,-0.86053544,-0.5531245,2.2535024,-1.0242807
-2.8459854,4.671309,-0.24485026,0.6448796,0.2622689,-4.3718114,-0.08260472,0.4881141,1.062851,0.50062734
-3.160455,3.7550154,0.84150577,0.61310655,0.92825437,-3.0006247,-1.0792049,-0.35386723,3.3540606,-1.9240059
-1.386409,3.3527987,0.39222783,1.0334849,-0.14983886,-2.1057935,-1.3786836,-0.5015403,1.6721711,-0.90657854
-2.0410647,3.252443,-0.16892345,1.5048997,0.37586096,-3.7707872,0.49618393,0.6948366,2.3187962,-2.619026
-2.5887399,3.5884109,-0.03604777,0.65014845,1.2723608,-3.576304,0.103410885,0.17789888,1.5543044,-1.1315007
-4.2283225,3.1213872,0.3183946,0.1462603,2.3545046,-1.8310138,-0.9126536,-0.24862443,1.6498492,-0.29455948
1.1234665,0.18991359,1.6544614,-0.10067074,-1.0122997,-3.2376795,0.023057058,-0.7787831,1.8205324,0.29238093
-0.42030388,2.3611689,-0.27042836,0.4554695,-0.35683778,-3.3375149,0.5344119,0.1587263,0.43254054,0.43872327
-0.80212456,-0.2860586,0.48472732,0.9243986,-0.22401828,-1.0179797,-0.6536049,0.7499591,-0.46599114,1.3337203
-0.9141515,-0.47639728,0.562462,0.91700405,-0.86386174,-2.5913172,1.0032399,1.5571064,-0.04435867,0.8534217
-0.9687651,-0.81818086,-0.54736495,1.08477,-0.49348658,-0.9767387,0.83999294,2.4114504,-1.3281729,0.8400751
1.9156576,-1.2472228,-0.3166436,0.7553043,-0.7217842,-2.7251012,2.9854562,1.1128153,-0.32620996,-1.3724802
1.0816238,-0.049240217,-0.012110099,1.4504493,-1.9995543,-4.951711,3.3104177,1.6933248,0.60738343,-1.0450548
-0.45048565,-0.8040357,0.8007416,0.932761,-0.92806566,-3.4727237,1.998396,1.4661633,1.6903596,-1.1953946
0.070938095,1.0515561,0.23410803,1.294225,-1.2831335,-5.490668,4.1427956,1.1561172,1.449477,-2.6531074
0.09641202,-0.92305255,-0.27646238,0.9901778,-2.0223184,-3.124335,2.5635538,2.2870917,-0.87758714,1.2829428
3.7713075,-0.56507754,-0.38076025,-0.12591587,-0.54650474,-2.0238922,0.53898513,-1.1099718,-0.74527264,1.1851274
2.2177908,-0.21836509,0.49059123,-0.45535314,-2.2175562,-3.2901444,2.7306218,-0.022394162,0.25956076,0.46317255
0.7789684,-1.4152923,-0.21108662,0.21617061,-1.0781755,-2.8225946,3.2276108,1.5491555,-0.3861423,0.17142572
-0.21378185,-1.4453832,0.80041575,1.2565303,-1.2157204,-4.3338494,2.8345475,2.1771972,-0.2980954,0.5042855
-1.252244,1.5156826,1.5924848,2.135265,0.13510972,-2.936778,-1.5036598,-0.31886205,2.064696,-1.3625919
-1.4851562,0.5499736,0.26804167,0.6509884,-0.4966057,-2.9059772,1.2712816,1.608265,-0.22195892,0.8434175
0.54532725,-0.10289742,0.57391906,0.68184876,-0.561879,-2.6633863,1.0115999,0.38541347,0.86371493,-0.73742634
-2.3252618,-0.32708657,-0.36889553,1.3681539,-0.047108687,-2.432829,1.6661973,3.0825655,-0.8298893,0.2185624
0.26427346,-0.3571304,-0.56747735,0.381328,-1.0889715,-3.2487197,2.9735034,2.4164827,-1.0221269,0.25481126
-0.89509887,-1.3110465,-0.25565046,2.185475,-1.053656,-2.3460774,2.3002267,2.7338789,-0.456361,-0.79064596
0.6553044,-0.007748291,0.29700485,0.6801755,-0.9812865,-2.005352,-0.53401506,0.35886568,-0.1151579,1.7545825
0.2747299,-0.117146805,0.11592555,1.3212876,-2.0415275,-2.9616752,1.3463961,1.9504086,-0.18067105,0.34403273
-0.5712089,-0.69026905,-0.61137986,1.3575015,-0.80575,-2.4330256,2.0664988,2.514212,-1.6663173,0.9327198
-1.6107892,-0.5408994,-1.1090333,1.78017,-0.51005346,-2.4317133,2.2720876,3.6108863,-1.969235,0.5779827
-0.7671966,0.053620055,-0.6213138,1.692826,-1.1985929,-3.4143262,1.4096003,2.720952,-1.1248922,1.3276135
-1.3483464,-1.402971,0.058701605,0.7224891,-1.9872456,-1.5053189,3.6547587,3.0063357,-1.6350098,0.49843782
0.35403907,-0.91204333,0.014862344,0.6557411,-2.3845692,-3.4403825,4.0723267,2.4310641,-1.4996303,0.75368524
-0.9149548,-1.6620837,-0.19723754,1.7255902,-0.30579412,-1.453264,1.6286143,2.793078,-1.4257352,-0.12414841
0.015180394,-0.6499514,-0.10378772,1.7134857,-1.9225911,-3.886306,2.492854,2.9075265,-1.0803124,0.56481946
-1.5197992,1.3144398,-0.40920025,1.1555711,-0.87429845,-2.6688359,1.4298626,2.1066885,-1.2607211,0.7780602
-2.4675322,0.5319321,-0.2567405,1.8588693,-0.9728242,-3.0160475,2.4471488,2.9851415,-0.3633104,-0.65004176
-0.9654071,0.022534057,-0.47602123,2.7002337,-0.40144974,-3.062419,1.4615623,2.330333,0.10476534,-1.7390501
-1.3814111,-0.15041395,-0.41266316,1.9438596,-1.1257973,-5.029644,3.6212282,3.4108806,0.012811437,-0.8315022
0.11541633,-2.033632,0.04567127,0.6986551,-1.7096272,-2.0165167,3.4105315,2.6217728,-2.5683713,1.4290317
-2.162028,-1.3579429,-1.1280315,2.338299,-1.0521938,-2.1628923,2.8160791,4.337756,-1.0653859,-0.4564076
0.8234047,-0.377712,0.11653541,0.6746179,-1.9558923,-4.0756817,2.801739,1.9933181,-1.4398571,1.5199376
-1.5013664,-1.7799007,-0.39299208,0.72841483,-1.1369084,-1.1856383,2.8834734,3.456368,-1.7017393,0.73514503
-0.8135405,-0.51587516,-1.0806532,1.4764385,-1.231032,-2.158566,3.0920968,2.9931192,-1.7710285,0.026235372
-1.7162526,0.35757637,-0.43277544,1.464482,0.5417806,-1.6311558,-0.27231944,1.7255567,-0.34110945,0.32095054
-2.452583,-0.59993386,-0.01267679,0.7622879,-0.82611394,-2.4404228,3.280024,3.0454245,0.18343626,-0.8696455
4.652947,-0.88782585,-0.09935224,-1.0603595,-2.0051615,-2.6580534,0.9551335,-0.87283915,-0.9141244,2.9393501
3.819023,0.0928161,0.09709905,-0.35047883,-1.1810498,-1.8133185,-0.38144678,-1.849461,0.31212327,1.3070985
2.2892168,-1.3563926,-0.037307262,0.32716775,-0.8587095,-1.470071,-0.33812994,-0.14788957,0.36119068,1.2460685
4.1109405,0.16705225,-0.76491123,-0.19307281,-1.5397391,-2.8441646,-0.3909942,-0.5725496,-0.9340451,3.0167212
5.211479,-2.2151952,1.2640896,-0.6630059,-3.250497,-2.383729,0.122607276,-1.2560407,0.26013774,2.8211
2.940456,-1.0894156,0.34825885,-0.17759965,-1.8008521,-1.6010712,0.49584496,-0.15206711,-0.35651064,1.4556681
4.6541295,-1.288081,0.69402385,-0.081577405,-2.107153,-2.7305012,0.55944854,-1.2210094,-0.6149633,2.1267295
3.7991016,-1.5102065,0.5855467,-0.008275434,-1.7580342,-0.7285886,-0.06079887,-0.66348183,-0.09859155,0.44150317
3.714245,-0.31275362,0.26872712,-0.8642568,-1.9184577,-2.368337,0.85649747,-1.0895363,-0.5101079,2.2487242
2.6879652,-1.1237103,0.055473663,0.4384436,-0.7712415,-1.7179393,-0.26049674,-0.2899654,-0.27892745,1.2147243
2.3753898,0.2964136,0.7651975,-0.7560678,-0.40509748,-0.9691279,-0.62895626,-1.6531198,-0.14861776,1.067303
3.8193247,-0.8810034,1.0496097,-0.8099275,-1.7769884,-2.8836524,-0.9783618,-1.4751974,0.4971913,3.3574777
4.1515446,0.93933403,-0.33646864,-0.0703627,-1.4498173,-2.164001,-1.5488033,-1.6977993,-0.5952919,2.7350943
2.1674805,1.3717803,-1.3839754,0.2121793,0.11023878,-1.6625607,-0.7523119,-0.8922344,-0.028280571,0.76317453
6.0435896,-0.30157036,0.6991603,-0.4153564,-2.4471848,-1.8914071,-1.192529,-2.314149,-0.018984288,1.8024626
4.55631,0.41279954,-0.49518967,-0.38345152,-1.6392715,-2.8789814,-0.6688729,-1.0553622,-0.8431258,3.0275917
4.2329173,0.482803,-0.7988309,-0.5944243,-1.1086017,-1.4288889,-0.43549204,-1.5976548,-0.9950267,2.259458
-0.3010406,2.555009,0.02370736,0.022360519,0.19154245,-2.7296994,-0.09866847,-0.5463588,0.7030163,0.13004111
4.0540867,-0.28086442,-0.18510224,-1.3189169,-0.90386117,-1.3677375,-0.33552617,-1.3516132,-0.8198947,2.423957
3.7707102,-0.5840524,0.21384582,0.45527148,-1.7935786,-1.6379153,-0.2320915,-1.167575,-1.2375578,2.2467918
0.5555561,-0.19345093,0.2471602,0.5216738,-1.7356215,-1.9299313,-0.4304942,0.37864587,-1.24648,3.9107766
2.5174348,-0.013749324,-0.5295648,-0.395814,-1.1363337,-0.7711108,-2.0437217,-0.6526868,-1.662656,4.6888704
0.31198412,1.5397928,-0.070023775,0.05407104,0.7290913,-1.522138,-1.805376,-0.7563306,-0.06112063,1.5864178
-0.020407245,3.5506546,-0.041400388,-0.49260205,0.8837692,-1.0583289,-2.8575578,-2.0248263,0.35574782,1.7152655
0.104357585,1.4682801,0.12535805,-0.048925772,0.82008886,-0.93160915,-1.9773179,-0.83449125,-0.13784117,1.4333693
2.4568923,-0.85218906,0.08005124,0.22411081,-1.6797024,-1.258006,-0.54032344,-0.31931305,-1.0289509,2.9654262
2.119569,0.45315558,-0.58537334,-0.45039797,-0.6525996,-1.4048814,-1.0946573,-0.9552977,-0.9907503,3.5829792
0.9560761,0.21415748,-1.1885374,-0.037398428,0.5562377,-0.5178423,-1.3788517,0.027489908,-2.0569282,3.4626331
0.6398371,0.68910784,0.2965663,-0.6608297,0.064937405,-1.4469502,-0.74912894,-0.6699806,-0.45223606,2.340781
0.71484786,-0.21693547,-0.24090989,0.1549003,-0.025474615,-1.5064741,-2.3397346,0.12073293,-1.1865261,4.5521975
1.6851578,-0.37417167,0.7109415,-0.6278579,-0.87711114,-0.72273743,-0.90934557,-1.0938181,-1.0602067,3.3315449
0.59041387,-0.5778605,0.7258811,-0.339588,-0.99338686,-1.787856,-0.8050307,-0.046338964,-1.0106839,4.2417917
0.63334674,1.3118808,0.3031394,-0.14616467,-0.5939792,-2.4155517,-0.5980657,-0.4250347,0.09016843,1.8344806
1.5460019,0.12755091,0.34925377,-1.0754888,-1.0856963,-2.0911067,-0.42435378,-0.6901908,-0.17553394,3.4718785
1.3057028,-0.7949384,0.5456158,-0.15226252,-1.04664,-1.5345298,-0.5720722,-0.22080849,-1.2484607,3.7788534
2.2448742,-0.07299805,-0.37010562,-0.108353004,-0.63168013,-1.5639662,-1.278512,-0.4262386,-1.5524068,3.7325644
1.6860666,1.1062587,-0.5613114,-1.0204898,-0.1417014,-0.37357214,-3.146775,-1.6587754,-1.0718577,5.1887
2.0531244,-1.2415293,0.79503137,0.13735592,-2.1923316,-0.75859344,-0.6254573,-0.02654465,-1.063864,2.9267075
1.2009643,-0.13364144,-0.7373962,-0.68933433,-0.51522845,-0.63631517,-0.6426201,-0.34346902,-1.5456247,4.0840573
1.3223429,-0.35110682,-0.3915946,-0.69646066,1.6338441,1.0664313,-2.581368,-1.4162911,-0.73244953,2.1446583
