0.6939654,0.7793329,1.1635249,0.015885055,-1.8127902,-2.0911207,0.15953305,0.26849905,2.3539648,-2.4140973
2.008432,0.58655494,-0.7266934,-1.0163964,0.43146932,0.03205812,-0.20914373,-0.73450637,1.1505651,-1.4208847
1.5577801,1.4413149,0.29159424,-0.9013574,-1.0001298,-0.8441342,0.22624552,-0.68281615,1.6455066,-2.2164016
0.45032054,0.07312618,0.23658183,0.5678164,-0.9314546,-1.94304,1.2229562,1.6206893,1.1224678,-2.8767333
-1.0001633,0.52330023,0.83003974,2.013119,-1.9627998,-1.3127906,-1.0509378,1.4080011,1.2632799,-1.3018737
0.11756557,-0.24108277,0.6019249,2.0140784,-1.0647886,-3.8147902,0.53941214,1.7619452,1.5368527,-2.2169213
-0.35198104,-1.3018916,2.3145416,1.7316076,-2.5905333,-2.9664583,0.645457,2.056503,1.4290586,-1.9654961
-1.5142717,-0.4278882,2.4379346,1.1660566,-2.8103633,-1.429626,0.6364219,1.8605976,1.6410797,-2.752
-1.2973082,-0.39436746,1.933236,1.2173276,-2.8965654,-2.3007889,1.1589009,1.5229725,2.5623996,-2.771584
-1.3034627,0.06059228,2.08906,1.4639026,-2.2357397,-4.582077,2.322684,1.6092001,2.6002934,-3.1956632
0.26896372,0.04848452,0.5632968,-0.055354863,-1.2208014,-0.8640079,1.2055855,0.7619301,2.3076656,-3.4218397
-2.453986,-0.7240104,1.4674712,2.7514203,-0.50194407,-3.334166,1.0521015,2.1222258,1.1752133,-2.5065289
0.022274613,-1.0238223,-0.14706494,2.331115,0.31191602,-2.3666372,-0.8316002,1.8585589,0.73599553,-1.3219914
-0.5929115,-0.92842543,2.7221034,0.021138906,-3.1005545,-0.5570883,0.6529467,0.7038621,3.482319,-3.2382166
-2.1504998,-1.3821459,3.2360985,2.038246,-3.406478,-2.2992134,1.6596326,2.084779,2.6300354,-3.6794925
-0.57067835,0.9412234,0.07765493,1.6419765,-1.0185218,-2.2416492,-0.6938368,0.98778975,1.6458392,-1.7711494
-3.1647942,0.7441181,1.4842616,2.331241,-1.1138213,-1.5449073,-0.9460143,1.507829,2.5348027,-3.15246
-3.054526,0.7439744,3.0438392,1.99564,-2.1322434,-2.266665,0.30007634,0.77205265,3.0005562,-4.007063
-2.9479737,-0.735327,2.3642256,1.7866516,-2.2186818,-2.4556623,0.6254164,1.9227005,2.4112685,-2.3884811
-2.0733354,-0.51820576,0.9667374,2.816764,-1.0359199,-3.722804,1.614965,2.4882987,1.6977654,-3.6979072
-1.4001567,-0.7367245,1.4102873,1.8650897,-1.8144777,-2.4006615,1.2522739,1.7910632,1.5342842,-2.5305195
-0.22391534,-0.32976717,2.1534917,0.11152372,-2.6987627,-0.96753526,0.30276433,0.5190835,2.606044,-2.2687
2.1901407,0.035897776,0.3721933,-0.967847,-2.0056238,-2.645576,2.4065373,1.0054018,2.4033248,-3.3991349
-0.041635334,0.026405826,2.3144367,0.41117516,-3.5617712,-3.2909446,1.7462648,1.3516876,2.969688,-3.1550024
-1.8885636,1.1536713,1.3468536,2.0875788,-2.659165,-4.014424,1.1376216,1.6186632,2.182544,-2.474201
0.51995826,-1.7854338,0.6075771,-0.5865277,-0.1900416,7.0689306,-3.7504349,-1.2170174,0.9544121,-0.9760419
-1.5205324,1.1062958,0.77929914,-0.5531385,0.9459627,4.4934535,-2.7420197,-1.9253474,2.0047674,-2.8929722
0.39099932,-0.50049984,0.40600398,0.21511284,-0.48109144,3.380396,-2.6347263,-0.6830323,0.81936616,-0.7365996
0.16645473,-0.08525406,-0.04057829,-0.73085654,-0.272458,5.834473,-3.0676656,-1.0176669,0.014101021,-1.0461888
-3.216627,0.51747286,1.2347236,-0.11893439,-0.80801153,5.8354764,-3.1673656,-1.9543995,2.3214095,-1.460041
-0.14501041,0.61402965,-0.69179595,-0.3124944,0.24315041,2.665687,-1.2319621,-0.33869484,0.102550276,-1.0157531
-3.0986578,-0.20107894,1.3512782,-0.41474393,0.3453403,6.0357165,-2.9413228,-1.7967726,1.181884,-1.4012098
-1.4667499,1.3787906,1.9685377,-0.08559063,-2.5455306,0.031658113,-1.4720066,-1.0673753,3.128416,-1.083389
-0.64680934,0.35846448,0.31088772,-0.9040388,-1.3356359,5.171944,-2.8863015,-1.7392162,0.92803633,0.7157311
0.7050134,-0.7671759,1.9290947,-1.7507524,-2.5102904,5.6715307,-2.5197887,-1.9839858,2.845802,-2.1618814
-1.6821618,-0.8317436,1.0586903,-0.21504739,-0.7426958,5.9287233,-2.0387335,-0.828642,1.6901854,-2.8420265
-1.0365424,0.28895712,0.2702552,-0.4997326,-1.1780293,5.647691,-3.4676683,-1.0352364,1.103756,-0.74813783
-1.4796562,1.1249852,0.27049032,-1.2037895,-0.7443181,4.1363354,-1.7787564,-1.3149432,1.2769567,-0.90737104
-2.0922983,1.2970244,0.75227356,0.57538235,0.35726243,3.7455564,-3.2587113,-1.0640422,1.1994848,-2.0447588
-1.4674876,-0.566349,2.1332126,-1.1949078,-2.116972,5.9927154,-2.9472437,-1.5469706,1.9285254,-0.46034554
0.94063985,-2.8390665,1.1018066,-0.95360816,-0.8487851,6.749216,-2.6391482,-0.60801685,-0.021524616,-0.7395569
0.8770347,-0.9265551,0.48307696,-0.94915485,-0.24649191,4.1787505,-1.6331068,-0.9507133,0.17569399,-0.67845994
-1.8547165,-1.0982056,0.06922129,-0.6371089,0.73933995,5.288112,-1.7364709,-0.9482461,0.1538125,-0.5315058
0.809301,0.95116496,0.1530368,-1.354734,-0.6229405,4.27673,-3.6409454,-1.95074,0.6278875,1.1538919
-2.199472,0.36632228,1.8859493,-0.23528485,-1.1525667,4.8385844,-3.0956569,-1.585996,2.114228,-1.1927749
0.16384178,0.2967797,0.61085427,-1.8881404,-1.6479506,5.8858123,-2.9552226,-1.4742707,1.3374815,-0.73905754
-2.3736212,0.5187317,1.3159649,0.08508819,-1.1878848,6.625093,-4.540587,-1.6973376,1.7296482,-0.72530985
-0.79574406,0.864514,0.47072718,-0.46420094,-0.5762204,3.3513618,-2.5487328,-1.461366,1.1716416,0.0018601827
-0.3715397,-0.34072065,0.33730152,-0.124825,-0.037315473,5.6607914,-3.9502866,-1.5231183,0.95171535,-0.64789873
-0.43536758,0.8413503,0.011813492,-1.904187,0.6565481,8.174174,-3.549494,-3.2972403,0.976107,-1.3007066
-1.8781965,-0.2247855,3.8215802,1.6675887,-4.3743978,-2.068005,0.8149179,1.264239,3.4152553,-4.181351
-1.682092,-0.782355,2.3697393,2.8423808,-2.3735154,-3.2321162,0.6754348,1.7821983,1.9424398,-2.5062392
-0.9878093,-1.4687061,0.38787535,2.792978,-0.03362164,-2.7334375,1.2701072,2.6397412,1.3652595,-4.1834297
-4.5640926,0.21831562,3.631265,2.9919198,-4.517106,-1.951369,0.043253914,1.4770323,2.772053,-1.8597283
-2.8948295,-1.0334911,2.3775604,3.3223374,-0.85942024,-3.1396513,0.9842682,2.0225813,2.1743858,-3.9514403
-3.5389068,-2.0595355,2.5652564,4.917371,-0.16487125,-2.9114566,-1.4285352,2.4984076,1.3481283,-2.2380397
-0.8899133,0.42031336,4.4264526,0.19766468,-4.466629,-2.618804,0.15664712,-0.109817356,5.5204225,-4.082794
-2.3483474,-0.6767088,4.151938,0.9391339,-4.5586953,-1.2794385,0.7761923,0.8136759,3.6716635,-2.8258784
-2.327307,-2.236397,3.3081133,2.3401601,-2.993708,-1.8237025,0.22440434,1.765023,2.792825,-2.3086689
-2.1374283,0.10515688,2.4450352,1.0119934,-2.2691991,-0.637388,-0.70613563,-0.15680155,2.9404187,-2.1293118
-2.1788027,1.6608287,3.646764,0.0038504004,-4.842088,0.3905769,-1.0008354,-1.252906,4.987297,-2.8973973
-3.7053463,-2.9157681,4.183632,3.7475686,-3.7035737,-2.522831,0.24045226,2.5497053,2.5599277,-2.0944135
-3.4904487,-1.5036554,4.5660033,1.8307211,-4.06867,1.04836,0.049549177,0.23864132,4.064927,-3.849765
-2.8708632,0.9520595,3.507775,1.9577899,-2.9744432,-2.3655415,-0.17490682,0.36281762,3.6971176,-3.613663
-4.9115763,-1.8396585,3.6886475,3.7825124,-3.5110273,-1.4906846,0.44872177,2.792768,2.048813,-3.0007608
-2.4595945,-0.68827987,4.0766997,0.910125,-2.595165,1.3208655,-2.5617106,-0.98035777,5.0341334,-3.0248091
-0.80295646,0.5401139,3.2186842,0.13196832,-3.4128606,-1.3665577,0.41099134,-0.39080968,3.1928804,-2.3051434
-1.2649059,0.658365,3.362169,0.52000606,-4.309463,-0.62629884,0.13063774,0.081673846,4.3660564,-4.2054815
-2.5923653,-1.4039509,4.137949,2.5899432,-4.663259,-1.3739914,0.30545476,1.8451377,4.1566052,-4.4564123
-3.8685987,-0.47679937,4.4227757,2.394907,-3.9059465,-2.1163735,1.3969707,1.3107766,3.745649,-4.2136564
-3.9577358,-1.347606,3.1837666,3.5864124,-1.7618113,-2.9820209,0.41766393,1.9485307,2.3455164,-3.2797697
-4.223426,-2.365144,4.0158606,2.839627,-2.1881878,-1.8467962,1.3848426,2.2301614,2.0292246,-3.7325203
-2.253894,0.6204326,3.330231,2.4279141,-4.3777494,-3.0274768,0.7350701,1.6437618,2.6036716,-2.7124102
-1.9806783,0.7865099,3.7643754,1.3956618,-3.9669309,-0.6733416,-1.3670907,0.027240008,3.711596,-3.1304643
-2.8864691,-0.04949437,3.0287416,1.761317,-2.8857398,0.4543296,-2.0409389,0.2744285,2.7873394,-1.2658827
-0.6939093,2.863943,-1.2819518,0.3544921,-0.6733255,-1.4174771,-0.85046947,0.21315756,-0.06986121,1.1199149
-2.776439,5.4226003,-1.1174072,0.432353,-0.27525032,-1.6598973,-1.2827433,-0.77963614,2.0899756,-0.95087665
-1.4747813,5.542648,-2.7482734,0.24619731,-0.3706048,-1.389094,-1.0384145,-0.062138528,0.3117485,0.30888677
-1.6275513,3.4850621,-0.13319886,0.58659947,-0.3275543,-0.46898603,-1.9147947,-0.50475323,1.2580051,-0.96300393
-1.2662332,3.4165516,-0.8157743,-0.52143025,0.48792094,-0.5335944,-0.7039522,-0.86882436,1.7172669,-2.1060388
-2.273987,3.271226,-0.82571805,0.7116841,1.2284815,-0.97144854,-1.0256667,-0.5110768,1.2429068,-1.3471774
-0.83240783,5.4806027,-0.9135244,-0.4145466,-1.4296627,-2.007193,-0.9766005,-0.95345366,0.8336057,0.47693893
0.3187089,0.8682612,-0.6693373,1.0479465,-0.20391357,-2.863645,-0.03979096,1.0471708,0.7269203,-0.63183093
-0.36334062,-0.17954235,-0.6438105,1.4283427,0.22632575,-0.6155321,-0.33735976,1.443664,-0.8544439,-0.57353663
0.81414545,3.3496256,-1.6916854,-0.22677284,-0.13591874,-0.3426962,-2.0106354,-0.5933652,0.6060039,0.053468373
-1.3873625,5.045308,-2.0025296,0.3628532,0.38116938,-0.6235477,-2.4871395,-1.3737344,0.9364958,0.50673616
-2.2258136,0.022682771,-0.42947987,3.2277951,0.25853682,-2.4844832,-1.4433429,2.3407598,0.05694186,0.15735433
-0.2419442,1.8506517,-1.4700407,0.26443663,1.1478393,0.063430846,-1.9250486,-0.76124823,-0.07075954,1.0364635
1.2898585,2.5418222,-1.3732184,-0.8514854,0.43125242,-0.5646809,-0.6727418,-0.3473145,0.31007543,-0.7852567
-0.43473768,1.4266311,-1.0635685,0.6563511,0.9849331,-0.37702352,-1.4469955,0.29585603,0.23073184,-0.5880269
1.8630856,1.2451919,-0.9326793,-0.92499316,-0.10151152,-0.6909631,-0.17619267,-0.010587439,0.074770086,-0.18776375
0.09029049,3.2233877,-0.97498214,0.007147476,1.048414,-0.19731566,-2.828969,-0.8602139,1.1943548,-0.7440923
-1.7958758,3.6621218,-0.8738903,0.5403886,0.94577426,0.3128013,-2.8268387,-1.4866967,0.92187667,0.08113386
-0.99071956,0.9357989,-0.9120897,1.3940346,0.7857608,-1.2630728,-0.8346329,1.2134876,-0.11154292,-0.45605883
-4.0243692,-0.6073845,-0.92481375,4.2528615,0.23543316,-1.8204652,-0.46963087,3.1889963,-0.63016677,0.0006253235
-0.9709151,4.1836095,-0.9337847,-0.2975275,-1.167844,0.2889514,-1.9165223,-1.245753,0.6082919,1.1875083
-2.6909413,1.1542351,-0.076721996,2.2263439,-0.9152536,-1.7801448,-0.6389642,1.3533108,0.23357552,0.13327935
-1.8326399,4.5461965,-0.78224754,0.6445663,-0.6318062,-2.6219478,-1.7022324,-0.13090149,1.5962193,0.12901236
-0.12300718,3.0535288,-1.2395293,0.11951834,1.0871408,-1.2665279,-0.5054413,-0.41368607,-0.28577363,-0.37699562
-0.50999486,1.6807926,-0.38004753,0.74309814,0.4086523,-0.51542026,-1.2403171,0.16611199,-0.6113484,0.45457152
-2.0010903,0.95512354,0.3036158,2.4023821,-0.745869,-0.5542146,-2.108379,0.9783207,0.8519253,-1.0555367
-0.38650262,1.737105,1.0811402,0.9097791,-0.6055697,-0.5878577,-1.370379,-0.2433044,1.9281785,-2.9444134
-1.5167255,-0.36055714,0.0322437,3.1273756,1.127069,-1.296036,-1.9256153,1.8956143,0.103982456,-1.505367
-1.5721893,-2.1086254,2.0366075,2.7269714,-1.0034702,-2.8175006,0.4872562,2.1446512,1.098109,-2.0417302
-1.033337,-2.3575568,0.3410786,2.704668,0.665821,-2.0543165,-0.540496,2.6071448,0.31746143,-0.63935834
-2.3581948,-2.626779,3.4283612,2.9329123,-4.2233157,-2.6242237,1.8645918,3.4753718,1.4605277,-2.5661385
-3.0876124,-1.3549056,3.1394327,1.950614,-2.071712,-1.0556022,0.08182368,1.6823969,2.5014567,-3.6940153
-3.3589308,-1.9360421,1.7960364,4.398752,0.05573994,-1.8608776,-1.6161339,2.3969693,1.096549,-1.5563073
-3.213319,-1.8304032,5.125236,0.7203256,-4.7181625,0.6482668,0.6157315,0.14385694,5.03263,-3.9777462
-2.0913563,0.14780633,1.2533281,3.4356632,-0.6355471,-3.383811,0.10046333,1.7359326,1.5754637,-2.9655755
-1.8864307,-0.76456696,2.3863556,1.369412,-1.4802506,-1.9272789,0.52828574,1.1035955,2.4219544,-2.6404164
-2.5510411,0.14208896,3.8930476,1.9179733,-3.627885,-1.4790984,-0.08964595,0.55272996,4.36516,-4.7323494
-1.5407994,-0.107338615,1.3938987,2.344632,-1.7031686,-3.3383355,0.54062366,1.8733872,1.0529326,-1.7035897
-1.0221729,0.796772,1.7431575,-0.831128,-2.589572,1.4305862,-0.27901772,-0.41010252,2.5081375,-2.2545345
-2.4258916,0.8307581,2.799534,1.6501229,-2.4284365,-2.433426,-0.07583392,0.21702003,2.5721705,-2.544987
-4.300685,-1.9823718,3.0310194,4.366014,-0.9770397,-1.7860895,-0.95357645,2.3244283,2.5634112,-3.697236
-1.4200759,1.0144184,2.5314972,-0.39559516,-1.2123115,0.95237565,-1.3518288,-1.2987581,3.6957543,-3.1360536
-2.2246091,-0.6645113,3.896355,1.1736168,-3.4299316,1.0040505,-1.5960894,-0.48683938,3.4585817,-2.3613696
-1.366575,-1.6726875,0.10587236,4.4940114,1.3349481,-3.4738703,-0.6285721,2.8996136,-0.15176034,-1.8065538
-1.7429318,-2.62818,0.2591733,2.8941462,0.3664614,-2.0059125,-0.077593654,2.6680677,0.15732059,-0.7446784
-2.6797726,-0.34253365,3.4167354,1.0309868,-3.2651038,-0.30655974,-0.25763348,0.8818109,3.060945,-3.0724847
-2.3676274,-1.5095959,3.55192,1.1140134,-4.4510946,0.2900579,-0.18624121,0.8488896,2.3654351,-1.0520543
-2.343576,-2.608098,0.631032,4.7013664,0.13235177,-2.1508107,-1.3605361,3.1116064,0.42970085,-1.405874
-1.8061733,-1.401422,3.6614125,1.698956,-3.5939345,-1.2568882,0.6444318,1.4376647,2.5042126,-3.3717463
-1.7511117,0.3317681,3.5144818,0.34987947,-3.7989311,-0.18634185,0.006337017,0.08543092,3.118816,-3.1929421
-2.6416454,0.58290017,-1.1280869,3.668471,1.535357,-1.7488393,-2.8861737,1.1374047,-1.6807721,2.760409
-2.9529307,-1.4487481,0.013113946,4.047698,0.93974024,-1.3086495,-1.2449567,2.374335,-0.36936998,0.7125983
-5.3437004,-1.744865,0.26938507,6.4468884,0.6917642,-3.7716265,-1.1568042,4.861359,-0.39358097,-1.7521746
-2.2035427,0.1591248,-1.4514322,4.3175406,0.8612394,-1.6707616,-2.6601684,1.9719356,-1.0332546,1.1525342
-4.2992296,-1.3272535,-0.7597828,4.835589,1.0741143,-2.518776,-0.64067054,2.5370317,-1.4143257,0.9805367
-4.1227236,-1.0588486,-0.18888071,4.783191,1.6592531,-0.75160676,-2.261987,2.2178102,-1.4046624,0.759443
-3.6284673,-1.3788906,1.2900587,3.5710747,0.557631,-1.6442043,-0.027849585,1.0999542,-0.5157014,0.17038356
-3.3704612,0.7751684,-1.3995923,4.1150208,1.5069966,-3.3497725,-0.20199877,3.1349366,-0.29254103,-1.8620384
-5.8110676,-1.2715347,-0.10603824,6.741809,2.947499,-2.60667,-2.4587545,3.5308151,-1.1902202,-0.890527
-2.92292,0.3026095,-1.0541226,4.150227,2.7013307,-4.118211,-0.69025934,1.8420631,0.05417704,-0.9132719
-3.5466835,-2.0053623,0.32082352,5.336859,-0.23459685,-2.566183,-0.85476327,3.6224246,-1.7150364,0.6547792
-3.7004492,-1.3633249,1.9355181,4.495184,-0.39569968,-0.8786631,-2.289122,2.181286,0.43716085,-1.6672199
-2.894868,-0.54498744,0.018620938,3.6565063,0.09098494,-0.7917347,-0.72631514,2.1512141,0.4524771,-1.6530392
-4.939357,-1.826985,1.0286304,5.4456596,-0.5094766,-1.8630823,0.25528148,3.6082926,0.34854704,-2.0171943
-3.3642924,0.5317883,-0.47616115,4.8965797,1.0462027,-2.7238903,-1.7901411,2.1830683,0.37839866,-1.109005
-2.2347345,-0.9318568,-0.7770853,4.698914,1.6262631,-2.4859962,-2.0178704,2.6762109,-2.7271369,1.8009653
-4.7761154,-3.5553174,3.0079155,6.143104,0.42799085,-3.4809928,0.13516334,3.9627445,0.70695984,-3.3112247
-4.960232,-0.7907057,0.20056888,5.1716433,2.0731344,-1.9105479,-2.5037217,2.0606596,-0.42267156,0.09099035
-3.452305,-0.8019577,-0.6354232,5.515636,1.3763912,-2.8117156,-1.1184746,3.080794,-1.1084,-0.68522584
-3.6538146,-0.38560772,0.19672999,4.0382924,1.2156291,-2.0394893,-1.4698126,1.3647137,0.7889101,-0.6726591
-4.7328835,-1.770036,1.4423454,4.844668,-0.18638289,-3.2229128,-0.4061305,3.0424762,0.25782767,-1.1618156
-4.7634497,-2.1240559,0.97065985,5.560435,1.1581674,-2.3697686,-1.8201019,3.400766,0.09612071,-1.4329741
-2.6018422,0.733867,0.19580159,4.6705146,-1.0912035,-3.209391,-1.1575675,2.8533294,-0.08555258,-0.93353355
-5.6735125,-3.116444,2.3703947,6.6768384,-0.24155402,-3.7791486,1.4025836,3.9831405,0.5971686,-3.2711377
-5.371935,-1.2388543,-0.16956022,5.714518,1.7847655,-3.7027717,-0.40725192,3.5964584,-1.0015355,-0.30810508
-1.8391495,-1.0440167,0.56161237,2.2774012,0.33734256,-1.2106922,-0.8897742,1.4606892,0.55923134,-0.94775283
-2.2556527,-0.587102,0.288829,3.9055154,0.271482,-3.897904,-1.0983691,2.7400246,0.7819119,-1.319459
-1.2242948,-1.2607838,0.43982503,3.6354454,0.82342476,-3.265514,-1.0446413,1.8887101,1.6368333,-1.987472
-2.5081487,-1.1965466,1.3415443,4.198213,-1.134697,-1.705239,-1.5689827,2.0131967,2.0866911,-2.9478734
-2.3905065,-1.0501688,1.0928644,3.2276669,-1.0944939,-2.4489112,-0.68581784,2.509593,-0.17778337,-0.07808705
-2.196767,0.18014576,-1.2672795,3.9638746,0.86270326,-2.1251264,-2.348156,2.4379792,-0.49623024,-0.09970866
-1.4597042,-1.6648263,1.3695737,2.6892793,-0.64177847,-0.4747157,-3.002357,0.84444296,1.0714142,0.36427727
-4.0161266,-1.2179092,4.128221,2.4302604,-3.9554253,-1.6019797,1.1036478,1.9918531,3.396844,-3.6635425
-0.42547512,0.18710195,-0.6848681,2.6582024,0.6351673,-2.0917501,-1.0459996,1.9667627,0.2702724,-2.2748673
-1.8354471,-1.0829704,-0.46867344,3.363988,1.8623986,-2.0532568,-1.3735256,2.518798,-0.33949536,-1.0098565
-1.8792522,-1.4199195,-0.55481505,4.7373943,0.4794017,-3.9738135,-0.94438016,3.8106089,-0.69271374,-0.83685195
-1.9626882,-2.1632252,0.4031045,3.1286576,1.1445782,0.15946415,-2.3736556,1.5881181,0.23022151,-0.5859027
-2.5144968,-0.5295697,1.4809422,4.449102,-0.56318796,-2.9609184,-2.3168426,1.9609414,1.3288119,-1.5593317
-2.2180932,-0.6671094,0.43204722,3.9048946,0.9436931,-2.5851626,-1.7628382,1.8202239,0.63306344,-1.2374945
-1.6935387,-2.3354292,0.8340819,2.7332766,0.9477045,-2.0485334,0.2883174,2.2021875,-0.3973114,-1.2240149
-3.3856423,-1.8265994,1.1332437,4.4101324,0.6414136,-3.8568473,-0.9953389,2.8003864,-0.3060001,-0.07104649
-1.7522955,-2.5486894,1.6988657,3.7438502,-0.28436804,-2.0379133,-2.4080844,2.2617588,0.6821432,-0.51543754
-2.5964267,-0.25748295,0.04551944,2.1995032,-0.119002044,-1.4681555,0.9224433,1.8305894,0.59520894,-2.0122888
-1.9838836,-0.5985791,-0.4300659,3.1112602,0.50932187,-2.5132737,-0.10642652,2.5364676,-0.13693225,-1.5417374
-1.9016383,-0.3416996,-1.0646386,4.278032,1.9041634,-2.7814212,-1.9954569,2.4838235,-1.2868671,0.65547585
-0.5920079,-0.669358,1.1197914,2.7478392,-0.46404016,-1.5639206,-1.8031998,1.599526,0.906167,-1.591253
-1.481947,1.0253521,-1.5615119,3.7800503,1.1951873,-3.653216,-1.0153421,2.8903868,0.09389912,-1.7498529
0.11333501,0.2935282,1.1402985,0.80113256,-0.8433735,-0.96980095,-0.9190266,0.25247684,1.7214636,-1.6923256
-2.5736525,-2.146634,1.4315888,4.403956,-0.7956794,-2.4607563,-0.15299073,3.4096966,1.0329869,-3.298339
-1.9261539,-1.7467916,1.0071794,3.6433775,0.078855276,-4.01491,0.22548082,3.0560305,0.28716505,-1.5608317
-3.0323334,1.1990373,-1.4126096,2.149217,3.5569122,-0.36798182,-1.9666957,0.08993158,0.13964248,-0.73913354
-1.8526263,1.8927336,-1.5356667,1.5197973,0.42980212,-1.1237031,-1.1800705,0.6268946,0.7631843,-0.19266504
-3.3267243,1.4807706,-2.6519957,2.3823993,2.1598887,0.4207381,-1.971394,0.9738138,-1.5622416,1.6835787
-1.6263044,-0.3648546,-2.7177613,2.579103,4.34464,-0.70194113,-2.1217248,1.7442523,-1.7013913,0.44468582
-3.107643,0.66335195,-1.6537597,2.338946,3.561418,1.0838776,-2.8190277,-0.053618222,-1.3553672,1.1517205
-2.3477824,0.31116498,-3.4636943,3.0565612,5.654683,0.9585471,-3.259707,0.8724693,-2.0244055,0.76871514
-0.92275286,0.731465,-2.0881336,1.4298687,1.8084865,1.7610506,-2.0016823,0.1744206,-1.7575877,1.0264509
-2.5731304,2.1622047,-1.9366117,1.261942,2.5228565,1.176521,-2.2005937,-0.84982955,0.067308776,-0.035758812
-2.9931056,1.2942495,-4.0582724,3.0298808,6.9508085,-0.44114238,-2.6747851,0.66378725,-2.5679467,1.2740009
-3.27643,1.2188766,-2.719774,1.1032412,4.4186263,2.2974777,-1.8248557,0.021767497,-2.2205145,0.8820075
-1.298769,-0.11037715,-2.6458158,1.3169596,4.983253,2.0851507,-2.9048872,-0.11334416,-2.3909032,1.5011708
-2.1515474,0.2253838,-1.9836712,1.9875953,4.3528733,0.683204,-2.8596733,-0.17328379,-1.1566867,1.1547526
-2.7455497,1.8798482,-1.364137,1.160589,3.400879,0.29196978,-2.6582665,-0.36904505,-0.7642403,1.0992042
-3.2427332,0.95875525,-1.8116571,2.1028929,3.7048562,0.85699236,-2.8185725,-0.36545548,-0.9600781,0.9504166
-4.5383606,1.6885486,-2.3404992,2.4936914,5.135624,0.09179366,-3.099835,-0.32003525,-2.096426,2.3441603
-5.1200914,0.09065361,-2.9190588,2.5471723,6.612387,1.1898128,-2.4530962,0.4140437,-2.4833376,2.2901413
-2.5758758,0.1887507,-2.3582501,1.5439678,4.8421483,1.2257137,-2.6738133,0.02568528,-2.0108826,2.1080081
-4.920023,-1.6760399,-1.5962266,3.0478995,5.923178,0.7936224,-1.6214223,0.8838675,-2.104892,0.96155673
-0.37692368,-0.9716817,-1.4025565,1.0287797,2.863604,1.1929287,-1.9544318,0.6083895,-1.0431099,0.42369938
-2.0260465,0.9617568,-2.055527,2.0629566,4.0487742,1.3829316,-3.0764818,-0.035333723,-1.4452108,0.82187724
-2.2147262,0.87003374,-3.4077158,2.3414972,5.5063844,1.037695,-3.844119,0.10753128,-1.7636043,1.7130725
-1.8492692,1.4261308,-3.126063,0.07592423,5.914379,3.5700746,-3.663055,-2.0542502,-2.4324937,2.3090537
-3.6906798,1.6508644,-2.5794413,2.254072,6.9297028,0.28304005,-3.5411136,-0.9804734,-1.2619364,1.1128615
-2.0478957,-0.8929755,-1.6757714,1.1772952,4.7509227,2.6738586,-1.9346151,-0.11978501,-1.6194605,-0.26829344
-3.8921473,-0.40678963,-2.7016659,2.1033356,5.6692305,2.628828,-3.0320258,0.31588864,-2.2169025,1.7013872
2.6387804,1.291291,-0.7498325,-0.8270614,0.118011445,-0.54807526,-0.9717784,-0.45354566,1.0331388,-1.4086219
2.4619532,-0.24454771,-0.0144473165,-0.7035129,-0.27481052,0.050180078,-0.8609328,-0.009958327,0.29236436,-0.50984246
0.08420879,2.1516597,-0.6073258,-1.4964328,0.4434294,4.7443695,-2.754476,-2.287085,0.9165629,-1.1135191
-0.3810103,0.6534652,-0.83673334,-0.16181773,1.1589179,2.8074207,-2.159239,-0.79766846,-0.47130382,0.18787543
-0.85680926,1.7245996,-0.2227875,-0.68661463,1.0852096,4.8792577,-3.3608983,-2.3174667,0.44341457,-0.3708644
0.23247403,-0.7157147,0.5253731,-0.6276336,0.17664486,2.9907756,-1.2413092,-0.67832947,0.81175596,-1.4441686
2.7666893,1.3458992,-1.5968665,-0.86626434,1.2777462,-0.31275496,-0.98372674,-0.43764535,0.73408926,-1.5000918
2.0136056,1.1192951,-1.1316245,-0.42139095,-0.34037542,-0.15034702,-1.2668736,-0.15183604,1.2346683,-1.0201021
-1.1414574,0.8591955,-0.01786846,-0.16303828,0.095401704,3.6381745,-2.3168902,-1.2538563,1.0581495,-1.3217926
-2.401384,0.78304124,0.91609085,-0.3220418,-0.67654794,3.7818866,-1.4177245,-1.0344566,0.857363,-0.8957006
-0.35186994,-0.01744996,0.6913078,-1.0138891,0.65937465,5.3609037,-3.496409,-2.5197935,1.3331206,-0.97825813
-1.3286769,-0.8886109,2.044162,-1.1049126,-1.4610004,6.7799172,-2.8223295,-2.2594237,2.3767455,-1.7016441
-1.2758224,0.7886591,-0.39468053,-1.0809445,1.0789063,5.9543242,-2.8891997,-2.080559,0.6318095,-0.8907691
-1.2587364,-0.1827942,2.0224352,-0.76152277,-0.614924,4.0383005,-2.4426415,-1.7905327,2.096713,-1.132807
-1.2603991,-0.85124934,0.72604513,0.12039083,0.0862796,4.708559,-3.4415295,-0.852106,0.96903336,-0.4212722
-0.6550683,0.614915,1.7044028,-1.4054532,-0.81372875,4.7574596,-1.8074319,-1.90472,2.4143486,-3.0847137
0.27968216,0.7906885,-0.14345096,-0.94022405,-0.045521542,3.7172832,-2.1250372,-1.0297736,1.856727,-2.6589007
-1.3434696,0.7934878,1.6238933,-1.8161857,-2.0129838,6.3052535,-2.664645,-2.618259,3.0924318,-2.2645338
1.2495685,-0.14077376,1.4519198,-0.5537365,-1.9991939,2.6400232,-1.8026787,-0.64902043,1.1902122,-1.2801175
1.4352189,-0.20898674,-0.0070622563,-0.11422013,-0.5201719,0.05525291,-0.16307059,0.44639885,0.8313205,-1.9475958
-0.4942788,0.5300582,0.33193254,-0.67473924,0.6854343,3.9576988,-2.4959831,-1.5030125,1.6020708,-1.9014493
-0.8106204,-0.04644178,1.184713,0.056046754,-0.0076270103,2.7551336,-1.5974678,-0.35363272,1.6632739,-3.2519815
1.1949177,0.71994865,-0.052447222,0.4893264,-0.4453811,-0.03497997,-1.9054493,-0.083931476,2.4360273,-2.6683826
3.4803855,-0.36336744,-0.82511973,-1.0756972,0.06829856,0.89623773,-1.4218683,-0.10690802,0.79542077,-1.3329571
0.45177278,1.5878642,-1.9115721,-0.2194877,1.8672681,1.7749752,-3.3055577,-1.1379374,-0.9395287,2.532462
-0.9999392,-1.7019911,-0.543524,0.030795649,1.912368,5.928666,-3.6796558,-0.56685174,-0.70125884,0.74783194
0.047932982,-0.9775269,0.16204038,-1.1925217,-0.073120475,7.0889564,-2.9929574,-1.1756102,0.070096396,-0.7164818
1.7239128,0.97036314,-1.2808571,-0.36838347,-0.35175624,0.38797957,-1.2599255,0.2257174,-1.0526725,1.5078893
-1.7716916,-0.29520893,-0.54782724,0.12554651,1.721163,4.7748814,-2.4012284,-0.5779439,-0.12102304,-0.81218493
-0.6405494,-1.0104281,0.9922584,-0.16415992,-0.027126595,2.894855,-2.1941361,-0.38881007,0.29803696,0.16509809
0.39108866,0.94196117,-0.636817,-1.2554684,-0.078059435,4.722496,-3.1790667,-1.5468348,0.5096831,0.18826224
0.50549585,-0.5457399,-0.373004,-0.705361,1.3207588,5.470449,-3.7512398,-1.0849148,0.13844639,-0.43254858
-1.6148875,-2.3003607,0.460556,0.2107422,1.3481004,5.9162765,-2.3011825,-0.71593606,0.7062086,-1.9323065
0.53932667,-0.3559587,0.30398032,-1.6275132,-0.33490083,5.241553,-2.4751601,-1.4564967,-0.14915171,0.4676353
-1.1133032,-0.19177271,1.2422482,0.43726656,-0.53159446,2.9179358,-2.2804537,-0.9246043,0.9347253,-0.42050752
-2.466102,0.8949654,-0.22291991,0.45786747,2.5889027,4.9731045,-3.7835345,-2.1645901,1.1156753,-1.9213783
0.065769196,-2.439539,0.72375023,-0.1097717,0.18980378,3.973392,-1.5833524,-0.00086192787,0.5098341,-0.9358308
-1.8543522,0.25344038,0.18552262,0.19103181,1.2603903,4.345411,-2.838344,-1.2578644,0.21872514,-0.6442662
-1.2846189,-0.72159743,-0.074567616,0.33537307,0.7951217,3.29668,-2.758295,-0.54904974,0.38710278,0.7559655
0.17971921,0.18593593,0.5106802,-1.1725304,-0.86452,4.379541,-2.0327249,-0.70330787,1.0344185,-1.4996647
-0.9239185,-0.9343148,0.75171244,-0.96890247,0.47056943,5.612082,-1.8677523,-0.9037764,0.7298028,-1.6089454
0.48463398,0.011117354,-0.25116122,0.1458691,0.44542235,0.099261045,-0.79608226,0.039652213,0.28750932,-0.6689633
1.6867534,0.21515264,-0.62141514,-1.5076246,-0.26516378,4.1806664,-2.6046462,-0.93321264,-0.111075066,0.11827034
-2.5621593,0.37834418,0.83361423,0.70448244,-0.2610798,3.9518118,-3.5183306,-0.8510901,1.5567555,-0.5990148
-1.6419847,-1.5592308,0.9515612,-0.106247276,1.2544038,5.2295914,-2.5627484,-1.094871,0.2984016,-0.6104231
-0.078079104,-0.72477174,-0.6910243,-0.72265124,1.0849273,4.721477,-1.8302169,-0.4667335,-0.7295359,-0.61103904
-0.3998245,-0.45796037,-0.049089268,0.2645196,-0.58397895,3.0246763,-1.9846201,0.3788699,-0.04563094,-0.24082975
-2.782841,-0.5822008,-1.3463022,0.37439135,3.318941,5.9797893,-2.116698,-0.8820368,-0.6155069,-1.3748739
