-2.4583387,-3.0400054,6.1792917,0.53797555,-3.2392905,-0.427428,0.11263971,-0.0482646,2.9571147,-1.4168278
-1.8875105,-2.169448,4.263541,-0.40328634,-3.0217683,0.45049846,-0.49234688,0.058644302,2.9574199,-0.876438
-2.2949605,-1.8256263,5.340888,-0.46087807,-4.0557036,0.23782526,-0.6632086,-0.31569913,3.5857127,-0.9957199
-2.5718668,-1.3542024,4.8787336,-0.6323684,-3.7083528,-0.6875446,0.021119937,-0.7728913,3.8129385,-0.35209456
-2.9226627,-3.1108086,5.147708,1.4369978,-3.6212473,-1.5901859,1.7048143,1.3780409,2.8538804,-1.9474143
-1.6969144,-2.0115747,5.42982,-1.1402156,-3.469505,-0.11818035,-0.694093,-0.70818764,3.534842,-0.40934676
-2.6591861,-2.687202,6.1771584,-0.86161333,-4.456819,-0.06536205,0.6241161,-0.44831884,3.6910517,-0.64954126
-1.0947157,-1.9141923,4.8641934,-1.2196368,-4.807278,-0.14169349,-0.23237021,-0.050347246,3.6839576,-0.4415264
-3.423686,-1.9643214,6.1033463,-0.28975493,-3.7940679,0.36682785,-0.21216734,-0.9533981,3.8656673,-0.5726522
-2.9632406,-2.4302728,5.7251873,-0.075956926,-3.5824249,-0.17573799,-0.32017928,-0.04066146,3.249448,-0.71740365
-1.6971405,-2.7605588,5.275546,-1.8178806,-4.6785083,1.2871915,-0.015761986,-0.22055987,2.9232516,0.15975729
-1.7771939,-2.298783,6.1493697,-0.9311345,-4.395939,0.675692,-0.5729028,-0.3664738,3.2592096,-0.83293724
-1.6779938,-2.9071481,6.037936,-0.54724383,-4.397404,0.40767962,-0.15663515,-0.19158351,2.9452057,-0.2359803
-1.6518767,-1.932963,4.353555,-0.15899839,-2.2134063,0.0854155,-0.2415496,-0.81846964,3.0901303,-1.4351219
-3.0786605,-2.0009613,5.467714,-0.9195264,-3.1425812,0.96450996,-0.6498708,-0.32424843,3.0981488,-0.47791067
-3.5583024,-1.1543143,5.950083,-0.96986157,-3.3795054,1.0127538,-0.9526651,-1.3398073,3.6290934,-0.4236988
-3.6589673,-2.0363784,5.5719824,1.1129783,-3.1926982,0.42596054,-0.28412008,0.34028387,3.1235878,-2.3986018
-1.9940505,-1.0561832,5.7294397,-1.3015084,-4.444727,-0.015785351,-0.28202873,-1.0254368,4.497823,-1.3483838
-3.1471844,-1.6201156,5.6529703,-1.0008883,-3.276837,0.5615649,-0.24802889,-0.82311976,3.44141,-0.8765774
-1.9279495,-1.670757,5.7810855,-1.0651525,-4.366644,-0.2076868,0.3209957,-0.9284247,3.7569337,-1.1367325
-0.44211236,-1.2029774,0.24680598,1.5676856,-2.9744043,-2.5072694,3.807287,3.5446172,-0.33388424,-2.1738431
-0.56175774,-2.3044126,0.91200536,1.5906413,-3.844163,-2.3090334,4.1070576,3.891736,-0.67754704,-1.2795118
1.181117,-2.201193,0.34963262,1.3728433,-3.4051046,-1.9205289,3.05411,3.5659204,-0.87430495,-1.3247449
0.4172526,-1.3341497,0.57065207,0.45095813,-3.344314,-2.0117426,3.968757,2.6178715,-0.2231332,-1.3762167
0.75038916,-2.3032544,0.7313249,0.92037326,-3.9117048,-2.3927276,3.6492188,3.6018157,-0.37263322,-1.3075564
1.7659285,-1.252531,-0.17608826,0.3333968,-3.9443524,-4.085776,4.4586167,3.0548036,0.071040645,-1.0159316
2.2475872,-2.145763,-0.55562884,0.726342,-2.596777,-2.8064919,3.9622521,3.1978126,-1.583127,-1.0679152
1.637244,-2.0883062,0.18745323,0.78776383,-3.3861167,-3.0173688,3.5157688,3.292651,-0.59776384,-0.93349314
1.4520993,-1.8825102,-0.5215309,2.0580287,-2.4357,-4.348891,3.5209937,3.165997,-0.5507697,-1.1247116
0.21962774,-3.228673,1.3723987,1.52876,-4.2247787,-2.8300295,3.7355306,3.7944827,0.46651977,-1.3955544
-1.0351763,-3.6104374,3.0484283,2.3319917,-4.0148253,-3.0449724,3.2238843,3.1319883,0.7608525,-1.3913625
0.077344485,-1.862609,1.1673378,-0.08623345,-3.3331535,-1.9869046,3.249285,2.2714381,0.524612,-1.0961647
1.4308468,-2.0191352,-0.057125077,0.7728348,-2.6565416,-2.9942303,3.4021628,2.93891,-0.26432064,-1.4524964
1.5552341,-2.4008362,-0.0027755052,0.9668649,-3.787566,-2.6899686,3.9546275,4.036009,-0.71842045,-1.557234
-0.48257142,-2.0137122,0.116413996,2.132884,-2.9943447,-3.0997233,3.9454753,3.9467497,-0.5940376,-1.3329479
1.3947375,-2.3585868,0.30500513,0.43941015,-3.8544195,-2.248941,4.097735,3.8356063,-0.87410474,-1.0456834
0.58118707,-2.825652,1.024774,0.85966825,-3.9285405,-1.8802398,3.50114,4.1592245,0.4347574,-2.5355155
-0.73423034,-3.055249,1.603535,1.7536767,-4.2458177,-3.0347552,4.3609433,4.6252193,0.2411716,-2.1101038
-1.6423378,-2.5096521,4.048301,1.0815063,-4.6633167,-2.5140073,3.479676,2.1380267,1.929925,-1.9154229
0.6856079,-2.04699,0.2980184,0.5811464,-3.4042776,-2.5353312,4.4929256,3.7728586,0.035197794,-2.6613564
4.8248024,-0.59345627,-1.2160759,-1.6309664,-1.6284342,-0.5322575,0.56025165,0.14307731,-1.65956,1.13952
5.171496,-0.4310984,-1.4851559,-1.9441414,-1.4340203,-0.39223564,-0.023714304,-0.05266992,-1.5157735,1.4941093
5.77559,-1.6898817,-1.0918546,-1.2297411,-1.7832937,-1.0632151,0.8657869,1.186155,-1.96383,0.5832505
5.390829,-1.2162116,-0.9882545,-1.3421106,-2.0274417,-0.9871338,-0.5351763,0.76961166,-1.3908782,1.8396827
4.435072,-1.874313,-0.8058345,-1.1309099,-1.7750976,-1.5770248,0.12570646,0.9276627,-1.7275217,2.6731021
4.175351,-1.473488,0.15636247,-1.4460328,-1.6799479,-0.09818639,0.3171538,0.4431525,-1.1038473,0.19252315
4.260748,-1.7512556,-0.5214817,-1.1605675,-2.91001,-1.4816726,1.734873,1.5575161,-1.6056802,1.2309008
3.5619426,-2.003639,-0.3626979,-0.9550411,-2.6762354,-1.7926503,1.7533606,1.9796652,-1.614176,1.3441545
3.9671276,-1.8566104,-0.13225748,-0.5459099,-2.7362206,-1.7243462,1.0674297,1.5478764,-0.9481418,0.5037495
2.312184,-2.3059502,0.21478444,-0.20269854,-2.6772676,-1.1889505,2.281123,1.7974108,-1.3110623,0.4172317
3.445835,-1.5325499,-0.08808468,-1.1985528,-2.5130987,-2.3238118,1.3845206,1.5212518,-0.73294556,0.92631125
3.482112,-2.2312744,0.33267742,-1.2581174,-3.4081147,-1.6771802,1.8194813,1.9455396,-1.2264795,1.1244453
4.221877,-1.5767528,-0.006018266,-0.9125933,-3.9180548,-2.5218043,2.032429,1.9090005,-1.2356808,1.0402346
3.9136117,-0.86329246,-0.6029301,-1.798512,-2.245939,-0.9554558,0.18217969,0.23436013,-1.4268596,2.7319837
4.2652297,-1.8689171,0.10554351,-0.72761184,-2.5307033,-1.7668667,1.3757033,1.4498905,-0.7666102,-0.43623018
5.130989,-1.8383509,-0.9552401,-1.2063099,-2.6580021,-0.41221595,0.51173353,1.3178166,-2.652554,2.2554595
4.451975,-1.8792089,-1.1508955,-0.35740048,-2.0205874,-2.0161207,0.5973262,1.4360284,-1.9167781,2.2749646
3.1167378,-1.9525806,-0.54956585,-0.7688615,-2.1713572,-0.91886127,0.83961785,1.4083589,-1.8124311,2.257729
3.6760998,-1.9821337,-0.4928863,-0.56923586,-3.1926987,-2.4200997,1.2525084,1.8392678,-1.94151,2.9804723
6.0010796,-1.2266372,-1.7184693,-1.2777982,-2.025653,-1.4892676,0.92945915,1.129042,-2.133875,1.2815439
-0.08889686,-3.536291,0.82765704,3.265966,-1.8069499,-2.3525598,0.72651005,3.643478,-1.1883507,0.16884103
0.19317687,-3.0260906,0.6605928,2.0437386,-3.3619497,-2.2123766,2.6629508,4.1580725,-0.8847685,-0.6605029
-0.12497442,-3.397034,0.08010529,3.223068,-3.000452,-3.3619523,3.5535808,4.814419,-1.3235686,-0.9383403
0.06960256,-4.211513,0.3110512,3.365722,-2.285059,-3.1252427,1.838523,4.0368433,-1.348726,1.0660177
-0.23818648,-3.7615879,0.925882,4.003831,-3.0751514,-3.698186,2.0990233,3.5969787,-0.29920998,-0.11326763
-1.7575359,-3.446571,0.63556814,5.72124,-1.1965039,-2.4133258,0.1152198,3.2615538,-0.29491735,-0.7162107
-1.4743369,-3.7029293,1.6804063,4.652327,-2.4330974,-3.2729042,1.0529513,2.7710726,0.37574875,-0.15173134
-1.1319344,-3.5641072,0.16109364,5.2483196,-0.9097039,-4.23164,1.1815902,3.7709808,-1.1592474,0.08566216
-0.62928206,-3.3677175,-0.4154765,4.9542127,-1.0904281,-2.8018756,1.9918016,3.8149364,-1.7916603,-0.5611012
-2.617866,-2.5052578,1.5815097,4.650136,-1.3996603,-2.2459764,0.6204677,2.3282068,-0.4682247,0.008569866
-3.436894,-3.157459,2.4859931,4.1303563,-1.9373918,-2.8345714,1.3923463,3.0243945,1.2484326,-1.1427274
-0.3422029,-2.5561273,-0.9329465,3.9019313,-1.1948035,-2.482824,1.1245316,3.440195,-0.67071724,-0.92271256
-1.1177524,-3.4071672,0.6172746,3.8124387,-1.388325,-3.1836689,1.3388784,3.380341,-0.562486,0.04330787
-2.7992163,-3.0781813,1.5513343,4.3160677,-1.2007933,-1.9538065,0.18937625,2.0603895,0.4318534,0.24893686
0.05652345,-3.2975752,-0.07223053,2.8960683,-2.9925995,-3.808156,2.4597516,4.6813097,-0.9083218,0.052154213
-1.1819321,-2.9555538,-0.48313862,5.9405403,-1.1272857,-4.5516872,0.56896514,3.5076535,-0.7622479,0.3848954
-0.6811548,-3.3851545,0.19825439,5.352364,-1.9856751,-4.529504,1.6358619,4.2117467,-0.9064098,-0.7036766
-1.0699291,-3.9883485,0.77693546,4.9040666,-1.9379201,-2.6512353,1.552587,3.8273432,-0.71381825,-0.8112391
-1.9783955,-3.757239,1.6913444,5.5586786,-1.7329652,-3.9983582,0.5289994,3.10267,-0.36120492,0.28555146
3.2480707,-1.1349516,-0.48648232,-0.73995143,-2.5971808,-1.6235272,1.1320449,1.3812612,-0.9147598,0.82240653
-0.07912557,3.6744807,-1.9761719,-1.8398812,-1.4325104,-1.2766334,2.0525985,-1.0620246,0.73773944,0.45015654
-1.0108452,4.738118,-1.5990671,-1.8061123,-0.80834204,-0.86841047,1.5691085,-2.2403774,1.0401177,0.7987808
-2.1816487,5.184686,-2.4523375,-1.4020944,-1.0815594,-0.8262532,1.228358,-1.6218511,0.94996816,1.6364709
-1.3204436,3.377659,-2.3661926,-0.8008099,0.2091124,-0.60121465,1.4117247,-1.2631739,-0.61411893,1.6789714
-0.032843612,3.9651425,-1.8217677,-1.5140103,-1.5834517,-1.8812472,0.6507356,-1.6534187,0.6249861,2.3090384
0.048036344,4.259222,-2.9774127,-1.4476161,-0.47768354,-1.3806329,0.9145183,-1.6303195,-0.7062499,3.0295348
-0.07706135,2.087969,-1.1019228,-1.3287253,-1.7221384,-1.2327348,0.97171384,-0.9544449,0.31061965,2.3366485
-0.7518562,1.9792031,-1.5864834,-1.3518679,-0.19647402,-1.4448092,1.8123719,-0.82198143,-0.20384407,2.0358164
-1.2748808,4.2048907,-1.9377328,-1.8910122,-0.32597053,-1.457528,1.249279,-1.6093313,0.19426012,2.193608
0.1323725,2.0707636,-1.1793193,-1.3641622,-2.4003463,-2.2103019,1.9697806,-0.04174473,-0.07518183,2.3460739
-1.7664034,4.737755,-1.5190642,-1.5101514,-1.1488698,-1.5437609,1.4602731,-1.8313841,1.2524993,1.3414074
-0.9248798,3.0711057,-1.7227534,-0.8498433,-1.2313654,-0.6662602,0.2507581,-0.78386676,-0.64960814,3.378292
0.26801345,1.8625294,-0.41719323,-1.6215682,-2.7659414,-2.0120995,2.2488487,-0.4470693,0.4453416,1.5998378
-2.1151586,4.566127,-2.5648074,-0.9285199,-0.35925046,-1.1621388,0.996873,-1.4728634,-0.043166727,2.6247985
-1.2209997,4.358343,-1.5069841,-1.6701534,-1.4352782,-1.5217848,2.0351965,-1.5510014,0.36712113,1.4460369
-2.579355,5.6785426,-1.4753507,-2.299527,0.2588765,-0.98388547,0.9025216,-2.9973702,1.7538657,1.0191373
-1.8333597,5.1114388,-1.8553191,-2.6144552,-0.68880445,0.09125762,1.0949719,-2.7883577,0.6258026,2.2008543
-1.9014093,3.6939049,-1.4958667,-1.1131766,-0.33448482,-0.46152443,0.9787472,-1.5364517,0.6991891,1.0474875
-1.6412117,4.678499,-2.4746392,-1.4966748,0.075977385,-1.651527,2.1904585,-1.3997275,0.5188494,0.5641699
-0.92474943,4.259899,-1.5693023,-1.3474272,-0.9148397,-1.3761684,0.19979805,-1.9518852,-0.1674852,3.308079
1.6439486,-0.8584317,-0.7519768,-0.52470464,-1.322686,-0.03844206,-1.8152593,-0.3279944,-2.0047169,5.483087
1.5404701,-0.51306975,-1.3865572,-0.061429188,-1.1285129,-1.1835572,-2.1139936,0.038313873,-1.8924093,5.916262
0.8819131,0.20737341,-0.8867534,-0.20912467,-1.4639447,-0.81667984,-1.4128152,-0.29948884,-2.255732,6.2030625
0.037102856,-0.37439004,0.34441108,-1.0900688,-1.5592284,0.93334043,-1.6750824,-0.87903035,-1.0927484,4.8772874
-0.56097704,-0.54698694,-1.1235532,1.056542,-0.33575886,-1.0285934,-2.6955545,-0.083054595,-2.0422192,6.8691545
-0.38167658,-0.9294045,0.19879605,0.0443428,-1.2388132,-1.240574,-0.7870396,-0.5733487,-1.1737633,5.3458805
0.29559678,-0.9307821,-0.39102918,1.1415408,-1.5328796,-1.75922,-2.2387278,0.23206049,-2.6432366,7.3927674
-0.31685328,-0.7447033,0.13926487,0.5448264,-1.3912811,-0.6271927,-2.412361,-0.2580107,-1.0115607,5.625743
-0.99036616,-0.12063143,-0.94080883,2.2322521,-0.4782139,-1.6346128,-1.5362028,0.55012506,-2.1386213,5.0462747
-0.03199864,-0.8473028,-1.2736549,1.7011794,0.43783635,-0.38509858,-2.571275,-0.12379556,-2.698961,5.1937137
0.6935355,-0.12196511,-0.52553153,0.6031017,-1.0328695,-1.7272862,-1.0998818,-0.043893017,-0.9312685,3.6053655
-0.34626907,-0.50380385,-0.19954269,-0.44511867,-0.33889216,0.042267233,-1.8419238,-0.64926594,-2.5026078,6.612432
-1.9043294,-1.4533296,0.29121804,0.92322475,-0.4415465,-0.4347842,-2.2242537,-0.303387,-1.6918538,6.73586
-0.65139514,0.55318856,-1.63355,2.189175,-0.6395977,-2.446522,-0.58336216,0.6574125,-2.36302,4.528383
-0.37352866,-0.34562185,-0.3254577,0.29555887,0.1491983,-0.58079994,-3.3034022,-0.9687037,-1.983346,6.970675
-1.2460715,-0.67704475,-0.6888493,2.0316675,-0.7222156,-2.1477792,-1.9558297,0.41326487,-1.93713,6.532967
0.108160146,-2.5936904,-0.6643064,2.2319026,-0.306323,-1.9759923,-0.60886264,1.8927376,-2.0098321,3.528422
-0.20540321,-1.2873778,-1.2302591,2.0910606,-0.74246514,-1.1270164,-1.2168958,0.8455988,-2.6249752,5.132914
-0.6555585,0.065096706,-1.669234,1.0993274,0.38292187,-1.032196,-1.1137453,0.22727549,-1.8245595,4.036637
-0.29772365,-0.4958186,-0.90481895,1.2829722,-0.4409331,-1.1463293,0.17995606,0.46469527,-2.7902913,4.220386
0.7525259,-2.3708534,-0.56786114,1.8384901,-3.063626,-3.4766908,4.56683,4.515905,-0.3745251,-2.2645023
0.12473325,-2.3911226,0.09094818,0.72737354,-3.0467076,-2.5811563,4.6111336,3.9796157,0.2202223,-2.4033494
0.13760692,-2.1770303,0.6808851,0.28455806,-3.3720477,-1.0399078,3.347957,3.220373,-0.56631917,-0.69229555
0.18276492,-2.2261286,1.5049816,0.5722157,-4.1474743,-2.0800047,4.0173283,3.3180337,0.017905295,-1.5307428
0.39837787,-3.22498,0.80338603,1.5971577,-3.6343193,-2.784082,4.0046597,3.925654,-0.26877487,-1.4163524
1.9329371,-2.4197376,-0.5008458,0.14481933,-2.948935,-3.187459,4.5636296,3.6489973,-0.58419913,-1.241419
0.6205971,-1.3969442,-0.938405,0.7776513,-3.0767896,-2.8586187,4.352639,3.5604453,-0.4063858,-1.1205608
-0.5088802,-3.9823105,0.0118753165,3.831514,-2.199949,-3.1739354,2.8337214,4.6950502,-1.3828783,-0.58431613
1.0231997,-2.6829388,0.60462654,0.8560573,-3.4776146,-2.2653077,3.7138066,3.2653747,-0.22850692,-1.6934376
0.53904057,-2.1004395,-0.19639976,1.4998187,-3.1881864,-2.5987556,3.64624,4.0270586,-0.79116946,-1.1803334
0.9530543,-2.872391,0.18400723,1.3589121,-2.727971,-1.9818041,3.170244,3.89823,-1.1417012,-1.3209133
1.5323186,-3.2285988,-0.3090561,1.6961079,-2.8460944,-2.3287823,3.0106797,3.992424,-1.6437697,-0.08757135
1.2141767,-2.5005665,1.0162137,0.3121006,-3.6280797,-2.1992064,3.0920675,2.9070554,-0.42544895,-0.20282343
-0.04298728,-3.21401,1.5965071,1.9736112,-2.7586746,-3.3216488,2.4252315,3.0896673,0.58757585,-1.0834589
-0.019780152,-2.5600994,0.48194712,1.486354,-3.1131117,-2.910637,3.7498193,4.0701094,-0.6605032,-1.1980064
0.3644082,-3.5221372,0.9296275,1.7676191,-3.4881184,-2.4836159,3.2090533,4.076964,-0.38837665,-1.3236458
1.0936755,-2.9356687,0.8404219,1.0139484,-3.2341735,-3.286744,2.738948,3.0404606,-0.45716235,0.30589977
0.50837654,-2.1173468,0.51103026,1.771055,-3.2035027,-2.7296019,3.4424798,3.1670053,0.2682957,-2.2426476
1.958513,-1.0814238,-1.6374105,0.59359556,-1.8924248,-2.7237747,3.223028,3.2706451,-1.666745,-0.52536476
0.2652437,-3.6457515,0.57538104,2.0186725,-2.4785264,-2.6407483,2.671939,4.277457,-0.52770084,-1.0796856
-2.8109505,0.06866917,3.377907,-1.4047726,-2.1918125,-0.020316795,-0.14089502,-0.947715,4.181544,-1.2138903
-2.8349304,-0.67699575,4.141571,-0.3132639,-2.88628,-1.1385138,0.2791632,-0.32940027,4.6965456,-2.1271212
-2.7388988,-0.4747341,4.8157387,-1.3788569,-3.9982426,-0.2895633,0.31980827,-0.7742783,5.1205664,-1.8876649
-2.1562047,0.45945522,2.3540933,-1.2772458,-2.7645423,0.8903917,-1.0690688,-0.9694603,3.3837743,-0.2263794
-2.940862,-0.53329575,3.2578127,0.17131074,-2.985998,-1.0026904,0.7278427,-0.28742987,4.7866983,-2.5347471
-1.9439759,-0.55593944,3.3097684,-0.07907759,-2.9763064,-0.48819864,0.16213661,-0.40085077,4.3564024,-2.5398088
-2.2374027,0.10289085,3.5267854,-1.201731,-2.4219673,-0.17343141,-0.0864595,-1.5314146,4.74942,-2.1092484
-2.4642458,-0.18360539,3.385917,-2.0478609,-3.1936452,1.646594,-0.091180876,-0.83011323,3.9738865,-1.3433617
-2.5476172,0.20344156,2.8865073,-0.47377986,-2.7606494,0.3092419,-0.71182054,-1.4139358,4.4670477,-1.468829
-0.71094185,-0.495079,3.422362,-1.9540977,-4.2561193,0.1944546,0.97140837,0.26439208,3.459568,-2.2893085
-2.5703955,-0.23006967,3.8897262,-1.4530191,-2.8568492,1.4765754,-0.8273406,-1.4886397,4.3271303,-1.461576
-2.3801765,0.10735127,3.5820305,-1.5909595,-3.0674746,0.5261533,0.21760239,-1.4914638,5.448138,-2.493828
-3.0079303,1.4346222,2.6938155,-1.442779,-2.4036171,0.11678608,0.1681481,-1.5308648,5.2542276,-2.6943953
-1.7416202,1.1381333,2.0479715,-1.2993264,-2.3730621,-0.96339333,-0.090451255,-1.3232814,4.398858,-1.2093729
-1.758458,-1.035673,4.28561,-1.2331485,-4.713169,-1.2613345,1.5645643,0.51902354,4.3057237,-2.1393301
-2.6970344,0.24333736,3.1916227,-1.4619133,-2.7613175,0.9341053,-0.3318209,-1.3643507,4.481174,-1.613607
-2.2330709,-0.088011056,3.878237,-2.0901487,-3.2980626,0.9670409,0.029816777,-1.2299613,4.9043427,-2.2731285
-2.736803,-0.29788944,3.7402937,-1.2039796,-3.2342446,0.30027407,0.00591214,-0.73225766,4.86732,-1.8547215
-3.347224,0.5217453,4.1245995,-1.5916551,-3.3046665,-0.9965352,0.13150786,-1.6617274,6.1482263,-1.5654992
-1.964067,-0.1932736,3.7504075,-0.7976498,-3.0957634,-0.09121753,0.19245143,-0.9182647,4.6909895,-2.7476985
-0.84922165,-0.6459861,1.6732997,-3.7520714,-1.0408704,6.8908644,-0.8282996,-1.4128392,0.7802134,-1.1379665
-1.2805768,-0.86123013,2.9194949,-1.3464653,-2.7880838,1.6848277,-0.37892616,-0.652116,2.3571944,-0.14949113
-1.3405436,-0.6412324,1.5122418,-3.1791477,-0.61611015,8.152949,-1.8026997,-1.6287621,0.20528585,-0.86023974
-2.0773945,-0.797158,2.203736,-2.408752,-0.56856847,7.6261816,-1.583987,-1.8734716,0.5152811,-1.1035929
-0.9557548,-0.41897213,1.0057081,-3.0318792,-0.33789682,7.15059,-1.692255,-1.3096676,0.76295006,-1.5921373
-2.0660062,-1.2544464,3.1439145,-2.6230702,-1.1838548,6.8024826,-2.4951956,-2.3765345,2.104372,-0.72184277
-0.54880506,-1.1557097,1.3132148,-2.8200014,-0.74828357,7.8477316,-2.3356907,-0.80248666,-0.54212445,-0.35949314
-1.3461492,-1.6029634,1.6535875,-1.9908476,0.41022676,7.2954655,-1.9326361,-0.8924041,0.040481746,-1.5862695
-1.1377947,-0.67339957,1.6213202,-3.3576128,-0.29910952,8.434902,-1.9751257,-1.9829414,0.82952034,-1.6056107
-1.0863239,-1.1718849,2.6986396,-2.0030296,-1.773555,5.040639,-2.185898,-1.5178479,0.61314857,0.9733894
-0.50082624,-2.4227774,2.2790973,-1.3245503,-1.2520506,3.8026774,-1.4896742,-0.4922208,-0.27594012,1.4638201
-0.72484565,-0.21788861,0.86837006,-3.2301066,-0.65612036,7.946477,-1.7334163,-1.6074042,0.50235873,-1.422086
-0.7341879,-0.05422479,0.5206909,-2.5936527,-0.061606705,6.81197,-2.5715542,-1.9192678,0.20824194,0.026873156
-0.44905707,0.3059102,1.3869909,-3.947013,-1.5860484,5.785162,-1.5189602,-1.684873,0.8772546,0.63142765
-0.5788819,-0.8140689,1.5850581,-4.2661533,-0.65508205,8.376466,-1.6693574,-1.9038957,0.45378697,-0.83764136
-1.5793672,-0.03612405,2.0936224,-3.9544907,-1.0421629,7.700365,-1.5648981,-2.480309,1.5616679,-1.0085537
-2.0049288,-0.120563805,2.4984753,-3.388208,-1.3206758,5.5332923,-0.8991716,-1.9028074,1.4028952,-0.5173636
-0.69479376,-0.7138034,2.8262966,-2.1192458,-2.3879907,5.302906,-1.6396798,-1.2689375,1.3146908,-1.147987
0.733496,-0.79200864,0.75332755,-2.9902098,-1.7829628,4.1680417,-1.4288157,-0.64930546,0.5355099,1.1514564
0.11468954,-0.33062223,1.1027926,-2.6268692,-1.3027091,6.421391,-1.3386497,-1.1955053,0.020379126,-0.94604456
-1.7929506,1.4432635,-3.4522946,1.9417458,6.3483467,0.17635672,-2.3906007,-1.981209,-1.5398262,0.79877067
-3.0324934,0.14851749,-2.1490574,2.3482432,6.2827287,-0.660569,-2.5178921,-1.3775237,-0.41097766,0.7766484
-2.6277776,2.3961294,-3.3884919,2.5228975,5.828111,-0.25933984,-2.302625,-1.7247385,-1.2291527,0.85315037
-4.3669004,0.32302973,-2.338763,3.3462749,7.46697,0.10124774,-3.380667,-2.1211245,-0.8810075,1.5839361
-3.0114744,1.1728613,-4.198942,2.7444177,7.5228467,0.96249616,-2.6633132,-1.8178514,-1.9271135,0.9203837
-3.4234636,0.17339164,-2.4597046,3.0971665,6.448955,-0.3388797,-2.9518287,-1.4399529,-1.0583708,1.7321026
-3.6796272,1.0022357,-2.9813662,1.9739501,6.778803,1.0403159,-3.2714784,-2.3390179,-0.86296207,1.8414574
-3.0917706,0.07337847,-2.7248454,2.9760563,6.1466646,0.7488158,-2.4637578,-1.5830477,-0.8731615,0.3527389
-2.3963244,0.9893769,-2.73645,2.2085912,5.5027146,-0.96092415,-1.9137577,-1.1295357,-0.5232384,0.65590274
-3.6818714,1.3929166,-3.5381434,2.6999035,7.739908,0.33530235,-3.7098405,-2.2863927,-0.8262407,1.3821058
-3.6651435,0.1594697,-2.191259,2.7677984,6.777428,1.0235094,-4.1122375,-1.6786278,-1.1514819,1.8142532
-2.1752448,0.39597425,-3.0547836,3.6057172,6.0749717,-1.0222778,-2.3270283,-1.1668013,-0.8114989,-0.032345742
-2.969763,1.0686088,-3.133314,2.5383613,7.6575627,0.31981695,-2.8957798,-1.9640471,-1.0531733,0.3062519
-3.1015859,0.7926345,-3.4233482,2.313508,7.108527,1.0257994,-3.130229,-1.9168141,-0.62255037,0.54813933
-3.0642772,1.0436068,-4.132282,2.8855276,8.075234,0.501404,-2.9007251,-1.9970521,-1.4185727,0.7368301
-2.9851358,1.8083223,-3.8996866,2.6668007,6.298857,0.64055336,-2.079128,-1.719298,-1.1283545,0.09392056
-2.8069267,0.48146757,-3.333435,2.5577235,6.916719,1.232523,-2.8085935,-1.5352094,-1.1188381,0.079895526
-2.3394623,-0.07703149,-2.7084403,1.8657644,6.1602836,1.1100281,-2.588029,-1.6409947,-2.02408,1.906125
-2.7610419,1.3386407,-3.2918873,1.872917,7.164076,0.87532294,-3.4005995,-2.0041404,-1.360038,1.2062792
-2.4701896,1.5961126,-3.533705,2.4558525,5.887188,-0.55321705,-2.4649055,-1.1313826,-0.8100095,0.43451622
