1.0945915,-0.81044465,0.28579053,-0.25548407,1.567332,2.876585,-3.0250552,-2.0160415,0.045724384,0.5906631
1.36529,0.03030979,0.02270247,-0.18777016,0.8691742,-0.31262955,-1.1044328,-0.82906914,0.34932032,0.015653774
2.8654106,0.48013842,-1.0797204,-0.61961806,0.00033327937,0.014984906,-1.0568576,-0.96854824,-0.9289468,1.4339
0.45031822,0.10158957,0.21658958,0.64054334,-0.37259924,-0.81341815,-0.5082916,0.17235923,0.06681087,0.16308706
0.68994176,0.9947152,0.6547151,0.012713328,0.61310875,-0.8692704,-1.2678185,-1.3735087,0.5373211,0.1664965
1.2525961,0.4538141,0.35312247,-0.19541523,0.70667106,-0.38132966,-1.5879607,-1.2259184,0.2623974,0.88655084
1.1919112,0.5047624,0.1440814,0.03480038,0.17172503,-1.3551052,-0.7334469,-0.8214819,0.20063093,0.9150553
0.51062053,0.48683512,0.44015944,0.7171304,0.0710513,-0.921181,-1.3985369,-0.47219342,-0.042647086,0.8712095
1.6279668,-0.11033074,0.111623004,0.3941328,-1.785439,-1.648911,0.334041,0.4224272,-0.59655076,1.6620206
0.70667577,0.14736518,0.055116784,0.61678076,-1.4019768,-1.5025826,0.21812193,0.57434815,-0.53799427,1.106852
2.0394795,-0.14544086,-0.115974024,-0.21308246,0.07320583,-0.7111088,-1.0401012,-0.6888635,0.007031815,1.1527599
0.77541035,-0.18254654,0.25169316,0.36143988,-0.5967103,-0.2548007,-0.9721398,-0.4061803,-0.3498442,1.600471
2.1059852,1.0359274,-0.51574916,0.20798686,-0.9866701,-1.4679959,-0.9824035,-0.39872542,-0.644073,1.9375315
0.9943979,0.10274463,0.2636838,0.62793934,-1.3551362,-2.3193357,0.2459295,0.5609648,-0.4300609,1.4866998
1.171919,0.16080791,0.31762096,0.31183642,-0.15896735,-0.62430006,-1.4139633,-0.6226148,-0.2291485,1.60115
0.82025373,0.09279283,0.77682775,0.06252122,0.75224674,0.47420663,-1.71228,-1.5215104,0.58537275,-0.10677135
1.5060433,0.37834913,0.40607184,0.04444714,-0.17538783,-0.025404781,-1.6595721,-1.0872681,0.15835434,0.8321333
1.3649272,-0.32664296,0.38834727,0.27330962,-0.9494963,-0.8061942,-0.122198254,-0.13607526,-0.028621817,0.5196145
2.2725112,0.5024378,0.14196421,-0.37817416,0.116137564,0.21185595,-1.9341254,-1.763787,0.011925565,1.4635816
2.0914752,0.17791815,-0.15972644,-0.70479214,1.3811247,0.5764525,-2.5232599,-1.7516325,-0.05388213,1.5133762
0.36865234,0.022739785,1.1155331,0.32646856,-0.8627517,-0.7103885,-0.20128597,-0.039745517,0.6660584,-0.68840975
2.077381,1.0897553,-0.020927165,0.4589398,-0.75490344,-1.9979128,-1.1133165,-0.61449546,-0.4612662,1.730664
1.2150186,-0.38509867,0.12818992,0.5679397,-1.5915954,-2.5456681,1.2009591,0.94854647,-0.122651406,0.7936394
2.3044837,-0.3469919,-0.7062648,0.4420057,-0.93869877,-0.34306395,-0.980024,-0.234983,-0.9633258,2.0130653
2.188647,1.4030162,0.3261806,-0.2585556,0.019954309,-1.3781824,-1.7940161,-1.7757914,0.13123997,1.4806814
1.6439047,0.62438715,-0.047706712,0.16487157,-0.6915903,-1.0777171,-0.6075966,-0.6110507,-0.42348102,1.1372721
1.907282,0.33529028,-0.4317691,0.33844882,0.3524179,-1.374726,-1.1859145,-0.68267334,-0.6168125,1.5754759
1.5575324,0.7986157,-0.71704924,0.21501109,-0.8243943,-1.9008173,0.15332536,0.2572822,-0.936503,1.4912794
2.2367244,-0.10881261,-0.13631095,0.20567128,-2.448385,-3.1381025,1.1421278,1.0595586,-1.0355787,2.501074
2.4016302,0.7075901,0.093667164,0.29211223,-1.0824727,-1.5952728,-1.7921691,-0.86646944,-0.85203177,3.3067942
1.0974764,0.47898248,0.3210953,0.7013744,-0.7459967,-2.6515076,0.31334722,0.123977244,-0.14547668,0.6731291
1.686419,0.39984208,0.32927066,0.6498355,-0.8980101,-1.1438961,-1.2673796,-0.83376485,-0.44321886,1.8766122
1.4034086,0.7038485,0.35923356,0.6433666,-0.8878776,-1.723094,-1.7182002,-0.72185713,0.21829058,2.0538952
2.0116487,0.10493144,-0.081198364,0.5696515,-2.0166676,-2.2469525,0.20595579,0.06276508,-0.84133613,2.5652692
1.9892185,0.9255409,-0.25729984,0.57883954,-0.9675481,-2.360275,-0.85190344,-0.7692695,-1.0721629,3.0938704
1.978388,0.73716736,0.04533736,0.8484031,-1.1026826,-1.7018414,-1.616909,-0.6527942,-0.8061897,2.7511015
2.437917,0.033567455,-0.53272814,-0.48900756,0.75037897,-0.8117321,-1.0619742,-1.0192487,-0.5192995,1.8747753
1.7003355,0.6792604,0.22193815,-0.0007724315,-0.6738845,-2.021471,-0.44861215,-0.3594682,-0.21132965,1.2939852
2.061121,-0.19663715,0.013272893,0.00062051415,0.045700893,0.21781158,-1.7703977,-1.3730428,0.12660429,1.3009186
2.5253036,0.34947252,0.3882589,0.45424816,-0.95186335,-0.82974046,-2.1561587,-1.1768149,-0.11948576,2.0350118
1.3527497,-0.29806903,0.38648474,0.6643651,-1.8297799,-3.208061,1.1167812,1.1480376,-0.17853147,1.1272887
1.8199321,1.4572049,0.025253754,0.50301635,-1.7543724,-2.1553948,-0.84694105,-0.57900417,-1.0171511,2.7358718
1.7426685,0.0014570599,0.39140618,0.06954318,-0.5423978,-1.7931163,-0.28092808,-0.78203005,0.14148591,1.4486034
1.5195631,0.40016153,0.03872342,0.20866284,-1.483288,-2.056982,0.1504725,0.048752554,-0.34555915,1.646494
1.7920444,0.8469768,-0.20646928,0.9328556,-1.836642,-3.4264486,0.54863137,0.55557185,-0.5421307,1.5041895
1.6322232,-0.115021236,0.33532292,0.33462346,-0.47726125,-0.42739338,-1.5161438,-0.8599145,0.04326182,1.5710294
1.5933777,1.1736001,-0.09232487,-0.08061567,-0.37598497,-1.8748384,-0.9655118,-0.66936773,0.03555777,1.5773112
1.2353545,0.13702922,-0.41217193,0.7429861,-1.4420724,-3.0674102,0.83280754,1.222839,-0.43193078,1.1879768
0.95156,0.77048314,0.35290995,0.44469744,-1.2440987,-2.2977731,0.054928914,0.34612104,-0.11539189,0.7865836
0.5696242,-0.7310485,0.7154413,1.1626457,-2.4639697,-3.7426922,2.132424,2.1209486,-0.02856469,0.33000702
0.5943774,0.6197102,0.47484362,0.47549888,-0.1874645,-1.0975101,-0.8963185,-0.64375746,-0.17335625,1.0089852
1.1020164,0.54318196,0.48879498,0.48150465,-0.46021807,-1.236354,-0.856393,-0.4140164,0.39142728,0.085384324
1.6822242,-0.1749481,0.07370216,0.8170682,-2.0233948,-3.686772,1.2753031,1.3133566,-0.26615152,1.1525248
2.0082233,0.7830167,0.037967857,0.11099666,-1.1014373,-2.539759,0.1929075,0.008378489,-0.21812822,0.7232171
0.5331806,0.21635012,0.40697426,1.3042676,-2.1598933,-3.7297854,1.3292488,1.4740506,0.008351231,0.7081478
1.2251956,-0.784285,0.22651203,1.5065703,-3.0871267,-3.525685,1.5972426,2.0279882,-0.404157,1.4411364
0.36974543,-0.72259456,0.5388309,1.0131421,-1.6488702,-2.301696,1.015473,1.1894383,0.038909964,0.5042216
0.75444686,-0.30934632,0.25527847,0.46415186,-1.1572223,-2.1187925,1.1078067,0.6700998,0.035879426,0.64760476
1.8166157,1.1958727,0.22885855,0.8272724,-1.6202385,-2.9074295,-0.6323989,-0.24469164,-0.5421369,2.1251228
1.4116932,-0.3447019,0.24635665,0.69200754,-1.9752564,-3.3912451,1.5257459,1.4991841,-0.038724042,0.39268047
-0.05466865,-0.12352773,-0.25679138,-0.45389727,2.266535,2.2615027,-2.0348864,-1.0241047,0.31132334,-0.94787
0.77289855,0.46734902,0.2745173,-0.6307428,2.4744873,2.170716,-2.9864216,-2.3163838,1.0814655,-0.94150853
1.6643924,0.05429488,0.46142256,0.17094013,-0.8165348,-0.71336603,-1.3363972,-0.709349,-0.03533367,1.778588
1.1944226,-0.11519537,0.05231509,-0.4151769,0.8523354,0.22258985,-1.271346,-0.974021,0.27389845,0.26433855
0.57371783,-0.60598147,0.23512404,-0.027250081,0.9784867,1.0358175,-1.7450144,-0.9937946,-0.11973033,1.0138959
0.04255469,-0.15928712,0.13070598,-0.46851024,2.750441,2.76381,-2.854506,-1.8519335,0.9505645,-0.8535742
1.1130008,0.56473035,0.87268895,0.5332852,-1.2566769,-1.8412926,-0.69511825,-0.37656254,0.041539125,1.2936084
0.69630015,0.21403399,0.26645327,-0.38039258,1.2227147,1.1402211,-2.120669,-1.2917379,0.35775307,-0.029946342
-0.20460708,-0.27540496,0.45232078,0.07110053,2.4679008,3.010641,-3.6355855,-1.972903,0.7620879,-0.22397976
1.3410702,-0.35266927,0.44884068,0.2494902,-0.39544505,-0.38751635,-0.9008414,-0.6225765,0.027918333,0.90799415
0.69236356,-0.24979231,0.23525564,0.65856075,-1.2453864,-1.678236,0.6603101,0.8450256,-0.052550174,0.2369274
0.36680487,0.2017892,0.7574502,0.62747335,-1.2386484,-2.1650498,0.54018587,0.38674554,0.27888262,0.2718444
0.66796744,0.71194303,0.023785163,-0.053664535,1.4398427,0.29860765,-2.2300217,-1.3460574,0.034801245,0.65451
0.42780554,0.4893569,0.34884545,0.14417058,0.48526508,0.52184,-1.4228376,-1.0224838,0.117526725,-0.098241016
1.2205178,0.080080606,-0.24844305,-0.41148803,0.88873667,-0.16523096,-0.9065147,-0.7045303,-0.058981456,0.35653877
0.9535998,0.12754431,-0.08529244,-0.3051593,1.2189925,1.5208019,-2.02963,-1.3364761,0.12077241,-0.096569434
1.7652096,0.031174952,0.34051976,0.15033938,-0.27544415,-0.4461829,-1.2523779,-0.89179134,-0.031629182,0.97900224
1.3317574,0.679894,0.9759391,0.037100166,-0.9217374,-1.8426238,-0.81121093,-0.42473552,0.21518472,0.9202523
1.3303376,-0.16920452,0.78261423,0.32294235,-0.1422348,-0.5508759,-1.0722171,-1.0806587,0.22763844,0.72380906
1.8254082,0.8662152,0.382473,-0.04352787,0.043872774,-1.6623371,-1.1757667,-1.1879728,0.5241738,0.52119017
0.8670653,0.056137618,-0.47250605,0.31716424,-0.39550596,-1.3745743,0.10615179,0.54844904,-0.635948,1.2197027
0.010298237,0.9670154,0.2185764,0.7099326,-0.15245974,-0.6601409,-0.9374808,-0.4871526,0.029064143,0.14107276
0.30696398,-0.1282875,0.11564727,0.7933812,-1.758297,-2.9368384,1.3104154,1.6571419,-0.29096672,0.7302825
0.508871,0.47255826,0.36987263,0.7231419,-0.49994206,-1.3523777,-0.85978377,-0.05452928,0.0047265235,0.7217392
0.8581741,1.0708512,-0.22031425,0.30483145,-0.22697301,-2.1640654,-0.3336357,-0.06817141,-0.05037289,0.85785234
1.2058392,0.361874,0.37565666,0.9109206,-1.7005677,-2.6871798,-0.26139355,0.40129748,-0.4222584,2.0881498
0.27313828,0.26323012,0.17709543,0.7617849,-1.4952309,-2.6730568,1.2860682,1.0789201,-0.23316339,0.60202
0.84777457,0.5357832,0.5086984,0.39118147,0.2797339,-0.6138455,-1.6417203,-1.1215508,0.26672366,0.7824176
-0.2489068,0.51538384,0.9456763,0.6663858,0.6641921,-0.10982306,-1.685717,-0.8287625,0.8684469,-0.69641566
0.833158,-0.25964317,0.19929102,0.21148548,-0.47899556,-0.7575013,0.30114186,0.055460542,0.042984568,-0.04054956
1.9173808,0.9324845,-0.04712588,0.29694447,-0.6987124,-2.3268514,-0.78308326,-0.71039695,-0.24145415,1.7714459
1.5717177,0.64407223,0.092972875,0.92756164,-0.8006454,-2.709895,-0.37397307,-0.199671,-0.057381146,1.066771
2.2672997,1.3257585,-0.37897,0.9931066,-1.3490932,-2.7998884,-2.130142,-0.61244017,-0.6696095,3.7570934
1.4205499,0.11487635,0.06833716,0.33744186,-0.22398289,-0.76141214,-1.0955544,-0.44338867,-0.22395618,0.9826634
0.96905863,0.21886227,0.28160116,0.7394291,-1.2787135,-1.4980867,-0.46041155,0.09581262,-0.06917623,1.1787032
0.9852514,0.5492149,0.58630633,0.5738144,-1.608623,-2.4796631,0.039707944,0.28815997,0.09142289,0.9664902
0.8767371,0.78966594,0.69759506,0.5532762,-0.7053601,-1.1513549,-1.1082139,-0.78714114,0.06382435,0.8392981
0.34654197,0.95851797,-0.21226306,0.9011632,-0.3757528,-1.2946622,-1.0127195,-0.078369975,-0.14404878,0.87625515
0.89683205,0.8269371,-0.19092482,0.47274697,-0.8790552,-2.284641,0.11922486,0.16521737,-0.29365847,1.2482464
1.0565349,-1.5132554,0.38525534,1.024972,-2.1745625,-2.8196075,1.9115872,1.9623252,-0.31904534,0.5216953
0.024613842,1.2348903,1.0216817,0.2665972,0.77078736,-0.18796425,-2.1552098,-1.6437473,0.7285788,-0.015594497
1.4019064,0.16332564,-0.10606715,0.15899378,-1.0323749,-1.3729452,-0.55895925,-0.00613326,-0.35038224,1.953952
2.057128,-0.7349478,0.10616203,-0.1736928,-0.62058747,-0.4235865,-0.7934235,-0.48469642,-0.4551498,2.0587125
2.8580985,0.008805433,-0.037339915,-0.34120747,-0.7668015,0.2170071,-1.8750298,-1.4582322,-0.62794983,2.7096891
1.2304869,-0.1057832,0.48501882,0.6302179,-1.2582612,-1.6644326,-0.6175354,-0.110935554,-0.48383084,2.2455497
1.2666912,0.47972858,-0.05160396,0.9466181,-1.0262799,-2.1310904,-0.6193226,-0.044292882,-0.4364327,1.9595352
1.9176223,0.55369955,-0.3720187,-0.16359213,-0.97481686,-0.8498197,-1.3004708,-0.6760324,-1.113198,3.283994
0.7279063,1.205748,-0.013506848,0.2359795,0.2815672,-0.77231693,-1.2153568,-0.9638993,-0.39201722,1.0807803
0.35835785,0.5086986,0.53512233,-0.07498318,0.8454823,0.06360069,-1.3984067,-1.054249,0.4528543,-0.23628081
1.6609272,-0.62763065,0.03331187,0.00207676,-1.047847,-0.77890354,-0.484482,0.00084718876,-0.40110087,1.9309003
2.1598532,0.41982636,0.047763493,0.5487919,-1.5179334,-2.2060099,-0.19093794,0.050955825,-0.64774334,1.5015728
1.4801244,0.38328192,0.16816299,0.7369019,-1.6802175,-2.6965544,0.1884559,0.48272756,-0.40816438,1.6283648
0.39699012,0.44349656,0.09959574,0.27507818,-0.040772825,-0.33402693,-1.2281754,-0.42834097,-0.2892312,1.1211085
-0.311221,-0.26523975,0.47790626,0.7177024,-0.66003275,-0.6537683,0.021272942,0.61501735,0.25769645,-0.13416053
0.53160423,0.37355185,0.17523874,0.88214505,-0.4308772,-1.3465135,-0.93324757,-0.2559231,-0.09497882,1.4135485
1.2024788,0.5104913,0.4057068,1.1687679,-1.553463,-2.5794733,-0.25447994,0.026248602,-0.6938389,2.1880965
1.5488819,0.083886825,0.09267901,1.0214679,-2.0427644,-2.487745,0.016363278,0.42381907,-0.5665064,2.268579
1.2357372,0.0016870742,0.86423475,0.41694903,-0.98413384,-1.6207111,-0.47318137,-0.3605387,-0.057080306,1.3157272
0.95407414,0.3914957,0.1641988,0.5855701,-0.8256994,-1.8834453,0.026121497,0.19310004,-0.18072541,0.6393663
0.5599433,-0.12524727,0.491289,0.047712058,0.25466263,-0.41764975,-0.667273,-0.60114735,0.11292965,0.582097
-0.43935835,0.7483242,0.89185905,-0.07708067,1.3756828,1.0452291,-2.0721498,-1.2359948,0.81953084,-1.0897584
0.33298588,0.6474149,-0.20177291,-0.4821814,2.0836933,1.841706,-3.1039102,-1.5878859,0.42498872,0.19086514
0.35324585,0.34500724,0.6507731,-0.0034625828,1.4826977,1.2691836,-2.7848537,-1.9863591,0.55758774,0.5610248
-0.074729815,0.12064447,0.76814854,0.05766812,1.2975261,1.7508671,-2.3581412,-1.5044913,1.0728347,-0.97872186
-0.29514456,0.7405332,0.40110272,-0.08364493,1.5684445,1.3917031,-2.021046,-1.3458624,0.7272325,-0.84848595
0.73986775,0.18174705,0.85814667,0.7284801,-1.2830145,-2.0674071,-0.28767908,0.2769513,0.2889497,0.7351253
1.1744744,0.2967362,0.30740386,-0.17077917,1.350081,0.27364266,-2.2089512,-1.5529603,0.44056007,0.37418276
-0.9460679,-0.40591213,0.62789875,0.7887783,-0.14414467,0.6837461,-0.64653546,0.045814753,0.38779637,-0.2849489
0.5326547,-0.8534726,0.08310151,-0.6664735,1.8270023,3.1342518,-2.4893374,-1.3452663,0.39715,-0.3290891
0.48152608,0.07111906,0.4427039,-0.23043123,1.4378176,0.48388326,-1.544611,-1.1005778,0.99189967,-0.8156165
0.15991032,0.58745015,0.15090144,-0.2213203,2.1962566,1.0958024,-2.1269915,-1.7411923,0.6343332,-0.46697575
0.23016942,0.6291155,0.93298787,0.2605136,1.2591169,0.16299143,-2.360408,-1.6478381,0.95570916,-0.0673572
0.45280528,0.19735444,0.013155881,0.3606668,0.26219785,0.04731357,-1.2767804,-0.58858746,0.09165817,0.48889363
1.3713183,0.6840648,0.38097695,0.5344317,-0.24220997,-0.9950545,-1.8740175,-1.1238948,-0.21978012,1.9511805
0.9862894,-0.20015113,1.0161235,0.7843435,-0.4949413,-0.9153636,-1.165514,-0.639898,0.48699248,0.570025
0.4036703,-0.7850642,0.65650845,0.005857587,1.3484645,1.6026281,-1.8017435,-1.3003901,0.7148317,-0.52829844
0.30550146,0.3062788,1.1269456,0.5268989,0.2750383,-0.37521803,-1.115073,-1.0068166,1.0437071,-0.9373815
0.7937937,0.22117524,0.79339576,-0.06987086,1.7754858,-0.13716412,-2.2701566,-1.8611329,0.564952,0.4943338
0.69552505,0.46338513,-0.24733008,-0.6870762,1.9002504,1.5711424,-2.2313876,-1.2806383,0.69054425,-0.64981246
0.6788108,-0.08310632,0.75438964,1.0191147,-1.7054486,-2.6458766,0.70647794,0.88789994,0.42733693,-0.11161435
0.6262831,0.2385715,0.90130794,0.06525765,0.71794015,0.2774868,-1.8913898,-1.5647831,0.6129389,0.39539397
0.48404557,0.17111713,0.8527923,1.0422348,-2.1736026,-3.2773302,1.2405782,1.2623514,0.0736747,0.30293882
-0.010583013,0.95045793,0.24020793,0.6602285,-1.4299881,-2.8871505,0.6201631,0.9749506,-0.2981732,1.176432
0.40993935,0.6239735,0.19293599,0.399483,-1.6424949,-3.271188,1.3207293,1.0590225,-0.3702387,1.4044235
0.5486649,0.4372048,0.9892467,0.742388,-0.9755269,-1.9968743,-0.33607107,-0.21418887,0.27139065,0.7229322
0.3208167,-0.4393498,0.8991421,-0.005933553,1.267966,1.3298638,-2.1773348,-1.1788651,0.7621568,-0.4723565
0.90770775,-0.17189074,0.16959067,0.67306936,-2.381495,-2.9278393,1.458627,1.6063234,-0.2974541,0.89765394
0.6272668,0.4045789,0.5802854,0.3688745,-0.8454315,-2.5032904,0.560013,0.25335282,0.12480127,0.47828305
-0.48161042,0.1512165,0.6001968,0.76328075,-0.5891052,-1.3049229,0.36344653,0.64165026,0.31123957,-0.65397465
0.2043523,-0.10457367,1.0292543,1.0830042,-1.085211,-2.0668523,-0.108078316,0.23781212,0.50294715,0.48302716
0.99864143,-0.14350584,0.23986854,0.54921734,-1.150882,-2.5812993,0.7705195,0.6963847,0.07492889,0.76403344
1.0972974,0.46751615,0.07301657,-0.0011188835,-0.4668707,-1.9025137,0.20478635,0.16391735,-0.43273282,1.0924253
1.0054059,0.4393297,0.40966475,0.35098442,-0.39709675,-1.8415964,-0.23158014,-0.29432246,0.13135234,0.6405536
-1.0722407,0.6454945,1.0218145,1.6007915,-1.9797635,-4.2634373,1.684821,1.63392,0.3277029,0.37340724
1.2349931,-1.4168823,0.60088146,0.62812746,-2.959299,-3.7694416,3.2095482,2.5258112,-0.17572214,0.32438004
1.9938036,0.23092616,0.0003443174,0.619025,-1.5918336,-2.4211483,0.36659408,0.3941588,-0.23378518,0.8488531
-0.7920948,-0.036422584,0.61359,0.44943985,0.1766122,-1.2383838,0.24846973,0.55438,0.53229815,-0.5922551
0.8695847,-0.023175692,0.5070992,0.2648117,-0.88845557,-2.3354235,0.62987566,0.47380683,0.004608089,0.46167642
1.3763424,0.09414705,0.52783513,0.70301944,-1.5305433,-1.8049116,-0.066086836,-0.22524345,-0.33194804,1.4377742
-0.77378726,-1.7347007,0.86870885,-0.3051444,1.1753826,5.0407944,-2.828356,-1.4469422,0.8380098,-0.45851463
0.9141408,-0.40193936,-1.0159606,-1.1171366,1.7323482,3.6655443,-2.0574393,-1.3082291,-0.27367535,0.07804893
0.0056640953,-1.2366742,-0.07567258,-0.18649238,1.6802008,4.719614,-3.438151,-1.1234317,0.8684915,-0.8440042
-0.012247935,-1.2804767,-0.51680815,-0.40928736,1.5210936,4.2091827,-1.8918228,-0.93748915,0.40621826,-0.7589543
0.17513658,-0.9419078,0.03915317,-0.49536017,1.9561028,3.7393477,-2.9593313,-1.5821047,0.120222114,0.3603282
-0.2185934,-0.9204086,0.61034375,0.21113925,1.6577318,3.9580677,-3.3835032,-1.8010367,0.5095288,-0.33493388
-0.28222358,-0.5046903,-0.80052716,-0.09284535,1.766294,3.87616,-2.5516608,-1.1636978,-0.22320946,-0.07874884
0.04559952,-1.3548983,0.7537241,0.4190766,0.26033765,2.1209283,-2.0693562,-0.6031588,0.07662951,0.82817346
0.32155955,-0.5471308,-0.090780705,-0.09236574,0.559282,2.4275272,-1.8620718,-0.84428245,-0.2961991,0.73721206
0.402784,-1.085782,0.24521501,-0.26816022,1.8053153,3.8875525,-3.3975136,-2.245763,0.53863126,0.47173482
0.99445784,-1.0856844,0.013211589,-0.400835,2.8470862,4.6416073,-3.7956054,-2.3144994,0.77601403,-1.255598
-0.629348,0.41392338,-0.44928595,0.22749755,2.4790187,3.1720393,-3.064859,-1.6681082,0.12741737,-0.562458
1.1043813,-1.1561908,-1.1357911,-1.2123737,2.434794,5.3633213,-2.4305081,-1.6692563,-0.3253419,-0.7744386
0.8206685,-1.6724794,-0.480905,-0.2873772,1.3358929,4.087182,-2.4021494,-1.0076393,-0.19494916,0.34077895
-0.25617605,-1.0819012,0.50361,0.5794134,1.0840888,3.9444654,-2.8653615,-1.2342788,0.72673947,-0.92990124
0.46274722,-0.46014094,-0.69271296,-0.46825734,1.0937977,3.359849,-1.8741388,-1.1655728,-0.3509873,0.25973135
0.60346484,-0.7940577,-0.792636,-0.56976736,1.5705614,3.0219622,-2.057023,-1.0917442,-0.14939229,0.8446609
0.08767879,-0.531753,0.14973633,-0.06027177,0.25591224,1.1922741,-0.7919249,-0.19575672,0.12660943,-0.10328509
0.7411834,-0.88443035,-0.5876097,-0.1341289,1.3246837,2.9129446,-2.2403502,-1.1533022,-0.47330692,0.7024504
0.5974162,-0.6531959,-0.20800768,-0.93138325,1.8131285,3.3347633,-1.9972684,-1.5325247,0.7010623,-0.71199036
1.8920494,0.30222836,0.5287506,0.39872745,-0.8166267,-1.05671,-1.504289,-0.8691644,-0.3315008,2.1104128
1.4197918,0.44687405,-0.22480421,0.5804808,-0.6373969,-2.3225534,-0.40971744,0.1331394,-0.49623147,1.7778218
1.6554407,0.7994299,0.6202885,0.5331714,-0.7889853,-1.2486308,-1.6739659,-1.0283217,0.2064561,1.0084975
1.5170091,0.10846465,0.8877906,0.7667203,-1.2577703,-2.9963014,0.026213214,-0.10268058,0.36862844,1.0100297
1.1628263,0.47769025,0.6453309,0.72253585,-1.2118528,-2.5459902,-0.26576823,0.06781152,0.020515451,1.2980714
-0.21898045,-0.34539685,-0.12517057,0.4789312,0.4002866,2.1671877,-2.0287817,-0.6099403,-0.06348732,0.40598232
0.62003887,-0.06417888,0.40911847,0.21930048,0.22106797,-0.059924573,-1.4954755,-0.5074586,0.48577693,0.4231134
0.66476154,-0.37791905,0.38513306,0.028429896,0.40625763,-0.08682312,-1.3301973,-0.52179134,0.28196645,0.9230244
0.0027264208,-0.4586162,0.60365266,0.58579123,0.02752164,-0.14148462,-0.53561854,0.054280996,0.67205733,-0.6432104
1.1809506,-0.7451855,0.76290464,-0.09151098,0.13823748,1.0879478,-1.589448,-1.0339152,0.6137787,0.03723894
0.7122581,0.31881613,0.1307216,0.18174314,1.0116639,-0.2134353,-1.7977182,-0.7633708,0.32132277,0.38315123
1.1123338,-0.25353378,0.57847553,-0.7906308,1.7979,2.527179,-2.957302,-2.134611,0.7110704,-0.2615155
0.004694119,0.9738211,1.5805392,-0.0082039535,2.1588883,0.7662077,-3.435385,-2.6549203,1.5258013,-0.58010757
1.5433149,0.3486857,0.5498424,0.92072535,-1.373528,-0.85830915,-1.6129282,-1.024315,-0.2306354,2.173281
0.8033178,-0.76545197,0.23385018,-0.37543884,1.2373054,4.0209618,-3.025853,-1.8836744,0.5683987,-0.62811774
-0.05204697,-0.7356509,0.9225991,0.12913546,0.94254297,0.20860636,-0.59758836,-0.42134443,1.1919521,-1.4308575
1.2057866,-0.1672178,0.510983,0.6380341,-0.8326445,-0.3848983,-1.5665867,-0.58492273,-0.17578453,1.8029368
0.51688313,-1.0556722,1.3310671,0.307963,0.46788228,1.4934098,-1.8829572,-1.1895138,1.1438589,-0.7097006
1.7227277,1.1997801,0.1873988,0.11926852,-0.40456647,0.37119627,-3.031967,-1.7050614,-0.092358135,1.9375391
1.5736579,0.91535854,0.8722347,0.81143296,-1.4244282,-2.6602812,-1.0553328,-0.62173724,0.11507099,1.7267659
