-1.5232234,30.162973,-14.209043,-2.6332731,7.506617,-14.496003,3.1275115,-10.401148,6.2580204,-2.8235948
-4.2160726,36.11815,-12.546274,-2.6658697,6.655141,-6.5157614,-5.473238,-17.593407,9.890807,-3.3885386
5.253493,20.889849,-9.62369,-0.8010113,-2.7896063,-15.904797,5.883841,-6.8973665,9.9264,-5.1434813
-2.6169906,39.492214,-15.003946,-5.6541266,4.157808,-8.350935,-2.2578099,-13.667168,12.121997,-7.91907
-0.81702006,43.96867,-14.426064,-10.441423,3.310323,-5.655592,-6.4827538,-20.179394,14.207326,-3.3125608
3.2871501,20.198814,-10.700042,-5.6170874,-0.08090961,-8.433995,4.4949255,-4.534009,7.8823934,-5.8365154
1.5920937,18.652887,-5.2483435,-1.1716413,-2.4023576,-8.884774,2.6933904,-8.249498,17.802017,-14.5347595
-2.527733,36.672695,-12.398802,-4.5833187,1.1966739,-12.769107,1.9985576,-11.359996,8.507006,-4.673498
-1.259612,42.886406,-13.942333,-6.2244034,2.2733603,-13.913968,2.667716,-13.854797,10.722472,-9.902151
4.7104363,42.881645,-13.25693,-14.535526,-0.65832025,-4.574727,0.19341755,-18.702877,13.627931,-8.760788
3.973818,40.979305,-13.337823,-8.399976,-3.6231396,-12.490036,2.4839349,-13.498665,8.175282,-3.820692
1.5538614,35.496628,-18.816643,-3.6492116,4.5000095,-14.659384,1.0090082,-7.540771,4.9674907,-2.2922013
7.2727547,19.990656,-2.9332702,-8.248661,-7.0161576,-11.350576,12.432656,-6.529257,12.285277,-15.282618
4.5768847,26.564188,-11.936285,-8.005065,3.0010633,-8.808231,4.572953,-14.2472315,15.28339,-10.615934
0.5498567,27.209757,-5.8362164,-5.233127,-1.3743365,-12.035494,5.080364,-10.662819,19.50359,-15.994671
10.398699,35.209785,-15.45581,-12.014864,-1.9257247,-11.8473835,2.4055262,-12.338051,6.7159343,-1.6766272
2.2043898,39.19094,-13.512181,-5.5639124,0.122107446,-14.860796,3.6341772,-15.155755,9.587316,-4.5025454
-2.0333703,38.94788,-12.849385,-6.202442,1.8929532,-9.848992,1.9047031,-13.225152,9.834879,-8.004905
2.7710793,39.83841,-17.148108,-6.1090493,6.843474,-14.0701275,0.9799168,-16.320818,8.617685,-4.936388
16.05791,-1.2544365,-10.965655,-7.767066,-2.7436144,-2.2946115,-5.986747,-0.07579023,-18.836845,34.706467
8.266936,1.1408402,-15.310317,-6.0859075,3.1930828,4.7068505,-15.065628,-3.5224068,-22.066126,44.40673
2.2067654,-3.3604646,-9.633348,-0.57311785,0.42892122,1.6985898,-14.149737,3.6260636,-23.369856,43.228878
2.1110415,4.222199,-11.475165,0.59121764,4.6827383,1.0914614,-15.17449,-3.0602765,-18.37668,36.38034
13.935276,-3.7360475,-12.818951,-6.463644,-1.5980661,1.5193033,-9.365227,3.0776613,-19.713661,36.119408
11.157898,-5.2099733,-11.03764,-2.7545264,0.82880676,-0.0068291426,-13.910981,0.67562413,-26.111761,46.59115
2.6582844,-5.7506804,-8.191891,1.7074229,-2.134299,-2.9646952,-5.6373906,10.701136,-16.535625,26.922117
13.086646,4.42023,-7.8079963,-7.0199604,-5.432785,-2.0804875,-4.33498,-1.6589203,-11.51577,22.9454
7.2795978,1.0492694,-11.62837,-0.33907878,-2.511,-3.044669,-8.45242,6.190774,-16.380775,27.92834
14.94331,-2.6892452,-7.01128,-5.3000884,-7.1940365,-2.343646,-6.235652,2.012407,-17.298716,31.958883
9.514647,-1.1174619,-11.255358,-5.04282,-0.58011305,0.109748125,-8.03716,0.61677337,-17.512102,33.903572
18.843636,2.666991,-10.772993,-7.448395,-6.9309196,-1.7267654,-11.747783,-0.8154432,-16.737335,35.420135
8.348545,-7.89671,-8.665789,2.3823276,-2.568212,-8.570337,-5.9790196,8.420999,-17.822437,31.572853
14.653621,-7.74508,-8.991972,-2.0746439,-4.2243943,-5.9425993,-7.455003,7.330143,-16.293997,31.28082
2.0217185,-6.5512266,-5.322899,3.6035407,-1.448446,-3.138467,-6.987861,7.247648,-21.138071,31.996897
9.2362795,-3.5902402,-11.77878,1.3690566,-3.6196907,-11.302594,-2.8918874,12.119545,-17.53928,27.952139
12.459466,1.3250725,-14.9110155,-8.417925,3.1251154,7.609167,-14.6497,-4.290529,-21.925549,40.84509
10.115036,-3.2937806,-8.292682,-2.335616,-2.242314,-1.4487165,-7.541558,1.6397929,-17.128252,30.366018
7.31697,-3.3468833,-12.79365,-1.7269466,0.05698991,1.2201416,-8.28945,2.8935869,-18.180119,33.324722
3.82409,3.6560745,-13.173082,0.32266003,2.120126,-0.9805684,-14.569208,0.63338673,-17.846764,36.43825
-9.73332,-11.710178,40.830284,1.8359342,-22.08814,0.6415586,2.8805063,-2.0566301,24.346684,-25.312212
-5.338788,-11.303113,34.52922,3.4036329,-17.820255,-3.064494,2.9067273,-2.098529,31.381834,-32.86278
-1.0358725,-2.0290413,17.209946,-2.971826,-14.937529,-10.933539,15.617232,-1.9059023,30.34284,-29.096771
-5.2518935,-11.171331,34.688328,3.370681,-22.042421,-6.108897,8.336608,1.4797363,25.449078,-28.753023
3.308629,-7.720621,25.541391,-6.3289695,-22.648426,2.9879284,11.978047,-1.9582691,18.955763,-23.244366
-16.251007,-17.101961,44.25652,5.4975452,-22.65407,8.901066,0.5485352,-1.3557699,24.51842,-26.145676
-10.258467,-11.339039,39.778904,4.6546726,-23.811573,-3.55041,5.8101935,-0.7349993,24.049236,-24.272293
-6.668807,-6.5694995,37.571136,0.34164965,-23.975643,-2.3666592,5.3622746,-4.1037707,27.89566,-27.250813
-3.355053,-3.6465664,28.774359,-3.4117565,-20.046194,-4.426614,10.869509,-5.4898047,25.94726,-25.313576
-13.074579,-14.505119,46.13031,0.9185895,-25.159023,7.300028,1.8214335,-3.6218655,22.940563,-22.346802
-9.117685,-6.8070607,35.973255,-1.5739003,-21.703575,7.613762,0.7459502,-9.340485,29.630402,-24.92007
-8.208602,-8.3454895,40.545624,-0.3053986,-22.247711,3.980369,2.6697395,-7.881821,28.434252,-28.208908
-5.880355,-6.2883935,30.616629,0.61797094,-17.91229,1.0243024,6.0971894,-4.093004,28.683054,-32.49929
-11.11505,-7.8685026,41.060867,2.5497875,-19.066452,1.519202,-0.0023274422,-6.986635,28.233126,-28.422926
-5.618277,-13.390569,38.663845,2.716882,-25.49975,-2.0072603,7.9921336,1.3966346,25.068085,-29.453894
-2.6047144,-12.004539,36.62502,-4.2907295,-25.34147,-1.8094114,13.146883,-0.20315635,26.627314,-28.970434
-1.9195149,-8.349084,28.889471,-0.7961954,-19.085674,-9.222988,12.449354,-2.829004,31.291513,-30.787308
-6.147938,-10.188123,36.45412,-0.3442294,-22.634705,5.203415,1.3083453,-7.166646,24.339973,-19.741953
-10.450355,-3.737498,31.451847,-0.5229459,-17.457537,0.5743153,5.990358,-6.7802534,28.891972,-26.743776
2.3922498,-5.413746,21.937141,0.94985557,-17.76839,0.12709934,3.1179209,-4.3695397,22.645576,-23.41424
-0.5946837,-1.3649974,20.187344,-3.1865294,-17.601717,-7.3758354,13.823313,0.39216822,30.716873,-34.96097
-1.5892097,-6.1156006,16.598915,-2.380065,-11.757231,-7.6179514,16.85106,1.279109,24.391817,-29.186815
13.467447,-3.5155792,11.666605,-7.7569675,-17.162743,-11.597807,15.454106,-0.96076906,30.085613,-28.944258
14.611527,-1.605256,8.935196,-10.221027,-16.003902,-9.771177,15.324992,-1.5535839,24.964529,-25.207745
4.785219,-0.9651136,13.5763855,0.96281606,-14.648441,-15.453337,17.896084,0.40497681,24.143105,-29.903343
2.2251933,-1.8182533,13.547952,-9.829552,-12.749881,-4.5290756,13.586027,-2.7872066,27.905245,-25.69284
-0.7203703,3.7297525,14.576867,-5.9126306,-17.776491,-8.331966,14.137371,-5.410523,34.93123,-30.122633
20.263622,-2.8730104,2.5776756,-9.767712,-14.514855,-13.419706,21.320156,3.9455528,13.257024,-20.067198
-3.4139922,0.9176106,17.381735,-4.2778172,-11.054283,2.114259,4.33887,-9.036316,35.347137,-31.086445
-4.0626426,-8.391718,26.234037,-4.181588,-17.910048,4.686069,3.4889498,-3.8924458,31.032017,-26.709515
-1.2420694,-5.640637,23.30998,-0.14823018,-15.415372,-4.212607,6.1043854,-4.2508116,33.2704,-32.545364
3.2288651,-4.878043,13.185305,-2.499477,-15.360533,-12.500845,21.269348,3.07017,22.91729,-28.276163
1.2796429,-1.7251666,20.835178,-4.6749263,-17.043158,-1.2457253,0.11918163,-8.216118,34.140434,-24.796432
-9.371278,-4.3099375,31.214064,2.4035897,-18.507748,-4.755678,10.035476,-3.990474,29.733032,-31.928312
-9.335337,-7.285643,35.452637,1.975839,-21.576488,6.4336247,-3.6443388,-3.878663,26.174753,-25.031044
-2.7918396,-4.8319373,29.000568,-2.3168058,-20.556574,4.882914,0.43564987,-7.407626,29.810255,-25.399752
3.406252,-0.32717162,17.00009,-4.660671,-14.214903,-4.407571,2.6576233,-4.363602,35.59296,-29.304018
5.762859,-3.2451806,22.481815,-6.8503203,-17.390251,-6.4728866,13.156079,-3.455026,24.790659,-28.772268
7.213638,-2.2778502,12.445103,-5.610486,-17.170954,-10.217378,18.888693,2.852633,14.589936,-19.947744
1.7361397,-6.7488346,23.454895,-4.2870007,-15.11459,2.0172338,2.8012853,-3.8989575,18.310026,-17.679964
15.30133,-2.3409703,-12.561462,4.9214153,-4.738272,-14.395789,-1.9296248,11.792306,-10.613787,15.589111
8.789195,-4.0910974,-11.915566,0.4090485,0.57628334,-6.24795,-2.271614,11.376381,-12.53983,16.175564
13.539686,-6.902502,-12.603903,4.8237386,-5.718601,-11.575252,2.5498183,14.465165,-12.932011,15.968959
14.877422,-7.835682,-12.753405,3.7133703,-2.6176019,-14.708218,4.5482445,17.705929,-7.9000664,5.5305963
13.280778,-10.324286,-11.98616,7.9296618,-6.3969545,-20.689014,9.247112,24.342907,-12.544228,7.7503805
4.180892,-3.2477508,-8.989183,13.982895,-1.7182881,-16.728678,-1.7912287,14.766804,-5.944433,6.2437005
10.037153,-5.0790544,-10.618389,4.721183,-2.2343845,-10.688826,0.9153948,11.871404,-7.735077,9.939609
16.909613,-3.9674616,-5.778983,-1.200478,-10.012531,-10.252885,1.631134,12.715569,-6.5990677,7.041579
7.7466516,-1.5653797,-9.89835,7.842901,-1.745497,-14.533119,-1.7514175,13.290835,-5.44325,6.887786
9.243556,-2.7904346,-9.365032,5.6589804,-2.68049,-16.39731,3.562111,12.503939,-4.412904,6.3155985
14.174315,-3.6679637,-14.34228,1.7650739,-2.9550002,-11.886,1.8775641,13.031563,-12.005505,15.128459
16.165394,-4.3188705,-18.224983,2.1712222,0.65290654,-14.198669,1.1957159,13.22994,-7.371227,11.404167
16.528063,2.8883662,-10.842112,-2.2139287,-3.4099293,-14.152279,2.4383495,9.302265,-2.5683348,3.0143812
16.12685,-7.6197357,-10.845499,2.1500494,-8.366833,-14.802605,6.80999,16.748938,-8.518503,9.206553
3.0708125,-7.5615253,-9.487007,8.027522,-0.9527725,-14.534798,6.3322525,19.78312,-0.5025287,-3.2046907
-1.3047409,-8.405459,-7.303492,13.324193,-3.4199953,-18.61809,6.8734922,24.328968,-11.541023,7.1940174
8.341436,-4.541291,-13.638196,7.685324,-4.7128706,-14.664247,0.9198407,23.203846,-13.216588,11.873259
6.788637,-1.7054186,-13.79259,5.2282114,-6.35396,-18.921396,6.449564,23.0475,-7.741669,8.434456
10.847298,-6.621971,-10.801716,1.1921989,-1.8507507,-7.8233805,-1.5735935,12.757832,-5.3740773,9.833327
14.733429,-0.7098043,-16.696062,-1.2063146,-0.28229576,-6.7338843,-4.0430727,9.581741,-8.817692,14.454448
39.788452,-1.2512057,-8.115137,-15.6052685,-17.290771,-8.885812,4.9654055,4.417875,-0.0029756129,2.4074762
40.316334,-1.1438607,-3.517052,-12.607114,-20.564888,-8.2600765,3.4672072,1.7599373,1.1990329,0.1151005
40.61415,2.577345,-10.849833,-16.590572,-15.782529,-11.09954,8.050691,1.4764371,1.808042,0.5348542
40.21059,4.2694573,-12.018002,-13.328162,-15.9219,-13.39745,6.267607,3.8422108,-3.0326862,3.43241
37.45929,1.9382311,-10.904486,-12.940034,-11.676604,-8.318862,2.2661705,0.38280338,-4.3400717,6.7668095
38.69833,-1.0587972,-9.262907,-12.019493,-17.493084,-12.457412,7.1559687,6.447391,1.3996112,-0.97983867
38.966137,4.2528315,-10.184273,-12.497058,-17.026447,-11.478523,5.5889626,3.2313948,-6.5641456,6.3106728
38.98558,-0.5695872,-10.804528,-10.7753525,-14.766442,-17.610573,10.122984,8.310201,-2.0664873,-0.9926077
37.506756,0.7510741,-10.322809,-11.602028,-15.158142,-14.160928,6.002966,3.6355407,-0.45170197,4.241445
27.913897,3.6881676,-4.842772,-9.062028,-17.826172,-13.390016,11.758242,2.470943,3.8515015,-3.3707833
39.449978,-0.12662834,-10.201011,-14.4127245,-15.38535,-14.249322,10.262967,4.4154572,-3.8996482,4.139375
35.386444,5.5162196,-10.194636,-12.654408,-14.156652,-13.913758,9.452453,2.0336483,1.5636361,-2.1833155
35.368416,1.3814532,-6.284339,-11.981961,-18.067533,-8.6633415,5.418291,2.5789194,1.3257968,-0.5982627
38.311546,-2.9229927,-9.178207,-12.930811,-19.210732,-14.454037,11.924797,10.117908,-1.7149754,1.0156183
38.949207,3.466435,-11.078612,-9.2955265,-14.805183,-10.418874,-1.2935902,-0.11101264,-2.0809772,6.760657
39.3166,3.7972994,-9.634397,-12.355666,-17.206516,-10.710167,2.9421,0.1726497,0.3988954,3.2675703
34.095486,4.220371,-11.170463,-11.292538,-14.453513,-16.293434,8.543186,5.6523004,-0.4464413,1.1774119
39.937744,-0.036205202,-8.130848,-12.690379,-14.2411,-11.799993,6.135701,2.5367613,1.4823916,-3.3269477
33.219807,7.6712565,-11.933099,-13.49799,-11.978934,-14.26047,9.405445,2.6697636,3.279553,-3.8019733
37.065895,4.147049,-11.611619,-15.349907,-13.494698,-13.953222,7.5498767,1.951494,-0.6049148,4.9784994
-10.563662,-2.5932102,-14.937721,17.074692,29.469637,2.2419696,-11.228488,-0.14600098,-2.1093237,-5.199486
-10.958014,1.0698137,-15.52459,13.811359,30.617767,-0.09407246,-10.271948,-0.9929881,0.0426023,-6.5801144
-10.360191,7.153733,-18.189306,8.374937,32.846592,-3.2728457,-6.562087,-4.6320715,-2.7620242,-1.5723878
-11.125199,9.812597,-23.580576,9.266919,37.93335,-0.04227388,-8.828286,-4.7196703,-5.08513,-2.2858367
-9.940599,4.385314,-16.692867,8.043241,35.91974,3.6047297,-10.595054,-7.030118,-3.9483,-3.0729096
-14.327755,6.877719,-20.039066,8.768363,40.890446,0.04946196,-9.543143,-6.06014,-2.9575505,-2.6767693
-14.422109,5.2748184,-15.915661,10.316187,35.014095,-2.093103,-5.738311,-5.547529,-3.6810336,-2.7475762
-11.706347,4.994561,-20.629013,6.895089,42.526917,1.7421412,-12.247273,-6.249528,-7.129144,2.7016413
-15.488105,1.9396349,-14.357898,15.031875,32.277668,-3.1991735,-7.4055214,-2.6282861,-4.704137,-1.4153359
-6.9922085,-3.0836062,-10.677279,9.338099,23.484673,-1.6616218,-4.485528,-1.7158184,1.9253273,-5.558975
-6.995332,12.446732,-15.841747,7.5506034,22.864,-6.9421782,-3.2665079,-6.6569176,5.8003764,-7.80867
-5.7550893,-0.5997243,-13.931732,8.161251,23.135313,-1.3796644,-7.31005,3.350748,-2.585431,-1.2691934
-3.246151,6.260359,-16.923925,3.4442167,26.544542,1.975332,-7.3427086,-5.5431685,4.7917495,-9.343687
-6.0373764,5.772058,-18.378569,5.0936995,21.305006,-0.46776056,-6.93996,3.5854998,-4.1972694,0.18099964
-13.01734,3.7858398,-16.594608,13.002399,35.086636,-1.7449384,-9.144608,-4.4154005,-1.7186048,-3.8052511
-6.3919315,6.935732,-15.028856,6.4972653,21.384712,-3.9463315,-5.8746867,-3.404688,10.151554,-10.287894
-10.503335,6.476526,-17.252333,8.360166,32.605293,-1.2003269,-8.511715,-3.2136993,0.11109877,-6.416005
-5.8365917,1.3896079,-13.094568,9.253647,21.98901,-3.8425035,-2.0065436,-2.8476245,3.9550548,-8.46774
-10.236488,5.5725093,-13.525657,9.476129,30.782515,-0.39912748,-8.615506,-6.822857,3.0332541,-9.260637
-7.1998644,2.7867537,-12.073276,3.7820933,22.883648,4.3443913,-6.4087086,-5.1938996,1.8709366,-3.8003597
-1.4336213,-0.6015146,2.502053,-5.8959336,-4.8013988,33.712112,-12.892847,-9.976826,8.064666,-8.377298
2.7618415,-3.3978992,8.012592,-13.974564,-9.446196,43.070015,-14.901373,-12.389492,12.69444,-11.431816
0.9537133,-6.2921534,4.641563,-12.463734,-6.977621,41.204914,-11.31204,-8.406232,11.567502,-13.152027
-4.889559,-4.4260507,8.427923,-10.9177475,-2.8563802,45.302692,-18.4688,-14.310167,13.580655,-10.969799
1.1228386,-3.021658,2.8360326,-9.116657,-6.952915,42.49433,-16.494112,-11.215867,5.9529295,-4.599868
-0.36108363,-3.4308727,6.0082884,-8.124076,-3.957944,32.58184,-13.558746,-9.93834,9.360249,-8.350344
-2.6873894,-4.822048,2.664325,-6.264364,-4.751568,39.878937,-16.57724,-6.8864427,4.8171835,-4.9399385
3.0415595,-1.2031816,0.39312452,-13.5437355,-1.7363768,41.49614,-15.606185,-12.962521,7.9500914,-7.780101
1.4702913,-4.2163873,2.5499897,-10.468641,-8.50103,41.856567,-13.185511,-7.816806,9.105325,-10.142954
-2.591706,-5.754359,3.9024272,-10.931964,-2.7396147,43.551918,-14.953367,-8.686482,4.6013083,-6.0310383
-0.49112052,-8.618919,6.6523104,-8.518894,-4.3713374,36.83748,-13.229196,-9.444367,8.921281,-7.2447453
-5.73542,-3.16352,1.5147961,-6.756115,-3.6585975,43.221386,-15.406867,-8.818753,6.428254,-5.86775
2.0015125,-6.6765866,9.343459,-9.166055,-8.783427,40.609264,-14.981809,-10.25849,10.55148,-12.665527
-5.257905,-8.232401,7.363186,-8.527123,-4.683178,45.004578,-14.983115,-9.17448,6.244313,-7.338312
3.4209554,-7.29049,0.707274,-10.655275,-3.219651,36.173164,-10.091426,-8.295906,3.4539065,-4.3561068
-2.0879407,-5.637883,0.010653317,-9.205701,1.0554525,41.469124,-16.278069,-8.905696,6.575129,-6.635089
0.3170309,-2.341218,3.0633547,-10.083698,-1.0378122,38.824596,-16.350021,-12.706268,13.691155,-13.314377
1.8298545,-5.8901076,3.7153773,-12.164829,-3.07007,45.616707,-17.250162,-9.963497,4.6604414,-6.9238257
-3.6266947,-7.145917,6.103038,-9.206872,-3.578548,45.705654,-15.452093,-9.279194,7.2378464,-10.401056
1.9973564,-9.077284,8.354079,-11.323447,-8.524704,39.78299,-14.084691,-9.258779,6.286249,-3.606362
-7.2175293,-11.118958,7.632245,16.793194,-6.6208134,-25.737524,20.866343,17.314934,1.2279012,-12.091397
-0.53311056,-8.196901,-2.2927568,4.1540217,-3.1720815,-23.811813,30.431122,19.027163,2.3196545,-17.05276
5.563674,-5.961629,-2.583433,3.6025949,-4.8467026,-20.165314,18.429716,15.833795,3.7478642,-12.798735
4.0065556,-10.571134,-0.6270852,6.906182,-8.692602,-21.3755,24.236885,18.86588,2.7997162,-14.604416
6.1145644,-8.8697,1.9740862,-3.610629,-12.582528,-22.064913,34.24012,17.377329,5.517099,-18.498388
7.5376463,-7.46182,6.0554676,-1.0730269,-16.116537,-24.519732,34.12273,17.247225,3.8006632,-18.89978
-1.6908519,-10.928097,1.7262484,0.8913355,-8.556338,-19.890703,29.631498,22.137396,-2.920657,-10.428899
4.4221077,-8.42778,5.3561544,-6.910553,-15.000051,-23.349005,39.72052,15.4943285,3.5671728,-15.036433
-3.0316503,-5.9864283,6.2791567,11.341363,-9.175022,-19.51878,14.890082,14.301487,6.1567707,-14.274321
3.55818,-6.77505,6.416929,-3.443192,-14.690681,-22.974808,30.544947,17.114437,5.0180817,-13.935482
2.7097573,-13.000438,4.206048,4.361559,-14.230235,-26.91522,35.379536,24.380087,-1.5902615,-14.965318
3.3029537,-8.369984,1.2249224,5.3374696,-13.302082,-20.21096,16.100147,19.987978,7.1914196,-10.696277
0.76247907,-9.552339,2.1960948,7.3513746,-9.916452,-22.347645,22.425613,21.02708,3.2893045,-13.7861805
3.2579567,-7.9697104,2.5876327,1.6827455,-7.354322,-14.984531,22.14401,10.275026,0.8850755,-9.979096
5.578573,-6.905855,4.44744,-1.1675322,-16.385618,-21.125744,31.722492,17.278625,3.2237868,-15.853251
4.3450294,-15.604676,9.475278,3.8483958,-15.408578,-15.915803,26.91334,16.286272,3.2506716,-16.752142
6.607137,-9.040596,2.3833764,-0.67750263,-13.726733,-23.980747,35.705853,19.47113,4.9699817,-20.978174
15.312201,-8.51623,-2.2902427,-4.445699,-14.417663,-26.052258,31.94754,20.395147,1.0838284,-11.849054
12.053812,-4.922862,3.8352761,-1.6102222,-16.92821,-24.87067,25.44702,12.552946,5.3500147,-10.955137
7.6714263,-7.536198,-1.0442749,-1.6489033,-13.00712,-23.356138,33.651367,19.582502,1.2698485,-15.298667
-5.4847674,-13.373468,4.6980925,23.61923,-9.715171,-19.010784,7.5749846,22.853975,0.6819895,-11.260379
3.91833,-11.504221,3.3846626,7.080462,-17.748207,-19.326849,19.267519,23.08027,8.973299,-16.942497
-5.899261,-6.274301,10.099188,19.94675,-9.034257,-13.214747,1.220185,9.961103,9.832989,-16.59157
8.787439,-18.984173,-0.08760011,4.0260363,-12.976233,-14.296383,12.167026,30.338133,-5.904484,-3.1859758
-0.43416613,-8.574629,4.2431307,9.627245,-5.7579513,-20.469471,16.171583,13.27439,8.201561,-15.258679
1.9231642,-8.111418,5.295606,14.4928665,-9.405144,-13.487196,3.7446384,10.399616,8.146376,-12.009834
-5.276383,-11.415338,5.0779667,10.214864,-12.725061,-12.234139,13.485453,24.805492,6.324215,-17.99072
2.0032978,-11.290822,-1.1277379,7.7016582,-7.572581,-19.252827,14.536565,22.12173,5.908425,-12.5616865
4.9425144,-12.141006,-1.5027758,11.836292,-9.722614,-19.917063,13.294159,21.095877,-0.045933902,-7.028506
29.776386,-3.4787502,-7.997668,-6.333002,-9.810494,-10.956154,0.7714193,1.3207501,-2.26815,9.928658
3.848759,-5.742195,1.2740405,13.858859,-11.364331,-15.8345995,0.80796057,15.45316,1.2454813,-1.6300137
-2.1147356,-15.323039,5.8326674,20.725258,-8.5806465,-11.709415,1.8056976,18.372276,-3.1901233,-4.972803
3.0058327,-11.365442,7.430121,11.4783945,-17.798416,-12.220617,3.7622645,17.8513,5.731059,-7.7582345
-1.3530993,-7.661184,7.5698285,12.725936,-9.466862,-14.513509,6.252789,11.654876,3.260827,-6.9383917
5.5932713,-8.495171,10.308316,3.3092275,-13.229102,-15.276272,15.059709,8.580819,15.469005,-21.546097
10.678284,-7.249952,2.0834417,7.803566,-14.0508585,-15.0706215,5.9910107,11.902113,6.9133472,-8.49433
10.10325,-13.948049,0.97989017,8.284112,-16.527882,-13.362907,4.097506,21.78046,0.6509175,-2.2292843
12.274424,-10.251066,1.4785783,2.958409,-14.189,-10.052503,4.664197,14.795352,1.8362586,-3.0836062
7.3199463,-9.786683,-1.2951019,11.989068,-15.922122,-6.1930075,0.1773586,15.7251,0.9900762,-4.044502
5.2771306,-11.255732,2.3826628,3.283272,-13.286671,-17.124317,14.016692,22.046684,2.1580899,-6.7868195
