-23.597416,-5.473638,-6.6937466,39.597458,28.251097,-8.205668,-14.571739,-1.393497,-11.329956,2.163089
-24.509861,-6.8255486,1.4287548,41.00479,14.68982,-10.304422,-8.978951,2.9935799,-6.533503,-4.109521
-24.04587,-4.1172028,-1.5993553,43.479538,14.422266,-11.089914,-14.220353,4.8029637,-10.524157,1.8560538
-29.333532,-5.3822136,0.15655231,47.162243,9.182714,-15.444191,-7.133994,8.14478,-10.816147,1.7911322
-21.262625,-4.608815,-2.4552078,38.2241,22.469395,-13.988023,-9.043538,0.33240315,-7.408906,-2.5457969
-25.619474,-8.135719,-2.294246,42.917236,16.133804,-12.221195,-6.803289,6.1045213,-11.580532,0.30133194
-26.33411,-10.20247,1.4693956,42.112125,10.341351,-10.353589,-5.6328926,6.0187087,-10.467694,1.2390207
-27.660448,-7.8772483,0.16325402,43.6497,18.10131,-7.1909947,-12.801967,3.658452,-12.0255575,1.2867622
-25.906883,-7.6414967,2.4453058,44.84431,9.896141,-9.779687,-12.007789,6.132586,-8.977938,0.048336387
-26.319668,-10.068907,1.9978625,41.736576,18.923422,-4.2756004,-13.572937,1.9165764,-9.835309,-1.6494265
-23.901983,-4.254761,-1.9741615,39.567875,12.022972,-10.608063,-7.1023855,2.809313,-8.150485,0.58265847
-25.426674,-13.517034,2.6939054,39.70206,11.282717,-5.7262845,-7.7195773,5.4295883,-9.386431,0.6581943
-26.018713,-9.893585,2.450421,43.20314,17.165194,-6.8921814,-14.002563,1.6438545,-9.381818,0.29034537
-30.84172,-7.8014097,4.6341457,48.234104,13.061783,-12.640377,-9.566872,7.4385743,-7.7344117,-6.6640215
-29.551558,-5.170999,7.061289,44.57315,6.780856,-12.502876,-10.085352,8.573441,-5.8063307,-5.3043585
-26.775314,-11.65825,1.3835282,43.47561,9.380657,-7.6212716,-11.225696,6.945868,-10.340497,5.33396
-30.824924,-9.860549,7.8471775,45.829693,12.550967,-6.7800355,-12.02436,4.051293,-4.9269485,-7.2696257
-29.541477,-10.525909,4.962735,42.868713,8.242605,-5.233327,-6.533888,4.382123,-8.085575,-1.7737238
-22.67844,-10.024373,-0.6025412,38.887833,12.857105,-10.107341,-3.9005837,4.410501,-11.139651,1.5207391
-21.251041,-14.886344,1.8998232,42.73363,10.188887,-10.557512,-10.278243,7.3861704,-11.615236,5.3082767
-26.446716,-8.996939,2.5422277,45.82542,6.734829,-8.316543,-9.2483635,5.4786377,-10.275239,0.7921626
-21.703249,-11.123746,2.3671203,36.542927,15.350826,-3.1778219,-12.2526045,0.15535522,-9.404821,2.1716995
-21.91768,-12.620662,2.4478977,41.13002,14.066349,-6.7940865,-9.2688265,4.0174894,-10.274311,-1.6326466
-18.653439,-7.4784455,-1.3050182,36.228374,19.588512,-10.575604,-5.659401,-0.14513755,-10.618807,-2.400051
-23.429155,-9.407088,-0.965575,48.57918,13.411597,-12.490383,-11.673903,9.738409,-13.737028,-1.2693702
-22.647041,-18.316395,14.679066,41.319805,0.6321006,-12.189968,-7.590847,11.588242,0.7018616,-10.277237
-23.887688,-13.056998,11.685159,35.18345,3.4630103,-11.704486,-5.579966,10.082924,-0.16361701,-8.256645
-23.844389,-14.950292,11.481594,36.193573,3.1380823,-11.258448,-1.8670678,10.632342,0.42624533,-11.629328
-18.11342,-8.830848,11.656594,26.759796,0.52562535,-9.85485,-5.0237164,5.869042,5.283414,-10.051054
-20.242657,-10.542305,4.049278,30.85797,6.277149,-11.154561,-4.813763,14.35755,-3.4506333,-6.4573145
-19.561495,-11.259655,7.029708,36.977894,-0.44851744,-15.229605,-4.02724,17.392801,-5.5595603,-6.1638665
-13.735716,-10.639232,9.99012,19.687613,-8.417559,-12.327646,8.80211,18.546038,0.18450204,-13.100065
-10.299963,-16.314268,9.015604,23.536818,-10.517658,-13.003628,7.463885,23.026222,-4.732139,-9.340597
-23.409088,-14.465248,16.632023,32.54603,-1.6166838,-12.171049,-3.5740051,11.269448,5.1572924,-12.690958
-24.736551,-14.887142,12.129932,39.673088,2.4028642,-16.070707,0.9082169,16.38771,-2.419042,-14.620043
-21.906239,-14.885118,15.495089,39.823326,-4.403984,-18.70549,1.897031,17.621824,1.2901785,-17.580912
-9.672354,-14.8148155,15.733938,19.523317,-3.9546525,-9.0102415,-3.1341915,7.565853,4.982009,-10.1587
-7.4613504,-10.78099,4.4998136,25.801704,-3.906292,-17.521255,7.814167,14.404816,-5.5761085,-8.785531
0.41649687,-8.93814,4.397337,15.534295,-6.4329104,-17.754608,12.864422,13.582789,0.36587325,-14.448644
-10.53436,-13.246795,20.739803,18.841492,-12.579893,-14.16217,9.028255,11.19088,7.7743526,-18.576265
-10.105074,-14.164566,9.943766,22.553564,-4.6728835,-16.779026,2.1907163,16.457678,0.7339395,-7.4304805
0.25271297,-9.590291,9.668318,8.900243,-12.469635,-18.920639,21.602629,16.81632,0.052128404,-17.133865
-3.742474,-14.590761,1.5938907,16.756216,-4.9491463,-16.95353,13.570445,25.86002,-8.8815565,-9.699435
-3.0417125,-10.192516,4.98721,16.581526,-4.502592,-17.83807,9.119926,19.896078,-6.3328977,-9.876334
-6.0654545,-11.610191,5.3504033,16.427765,-0.6592362,-14.2605505,8.879777,13.526422,-2.3546057,-10.705275
-9.461365,-14.430428,9.922057,21.748945,-5.433278,-19.847729,12.9768305,16.53158,-1.0479198,-12.691645
-15.990188,-14.4537325,9.415551,25.853207,3.9889536,-11.973719,1.8950852,9.7146435,0.9479015,-11.3358755
-1.0185788,-11.969997,16.749176,10.915377,-17.222088,-18.473017,14.796553,15.922091,4.77531,-17.136995
-10.223167,-10.402025,0.2306934,22.261166,-4.8292503,-25.058002,25.214844,27.376926,-13.34833,-11.94713
-8.777418,-9.916611,8.646836,20.599535,-9.469617,-18.957916,17.650778,16.42293,-0.68334305,-16.680344
9.10905,-5.5185,-19.069416,5.188346,6.300568,-2.7210426,-14.32828,6.5106783,-27.271132,42.395874
9.112991,-3.1232686,-15.970617,-0.60324824,9.909382,0.107565165,-11.127393,-0.0030241907,-22.512281,34.577797
11.930967,-2.1664228,-16.140297,-3.0856466,4.2663445,-3.0171928,-5.056662,3.3581047,-21.790213,32.083935
5.8790236,-5.828246,-13.612133,4.2279754,8.529566,1.6860952,-18.288744,1.516813,-23.667015,39.5439
2.2512412,-4.5008783,-14.431841,5.0497847,10.218143,1.1451235,-13.488966,0.82110447,-21.602896,34.741158
1.9352577,-4.1215587,-11.972815,0.42470872,6.464731,2.9827049,-9.463466,1.0059333,-18.115019,30.928478
8.677704,-3.5338666,-11.627605,3.1064322,3.8011265,-5.6315193,-11.822635,3.1113243,-17.533175,31.732693
8.214741,-3.3617158,-13.717767,2.9197044,4.4800587,-3.9307103,-7.6873097,3.420585,-19.548056,29.289524
11.023491,-9.378643,-14.313522,1.154634,21.782127,5.5320354,-10.24103,-4.6268077,-18.660189,18.20378
1.5798995,10.874872,-14.557167,-0.63243407,-1.0053637,1.4060087,-20.71067,-6.175597,-17.000746,46.27337
0.5299521,-5.777344,-13.880575,10.331819,12.631957,-0.31337714,-14.226481,1.897948,-22.239357,31.345957
8.925051,-7.1431384,-15.967905,4.6209555,8.028144,-0.66163146,-10.51804,3.1745396,-23.046206,32.880733
-1.449115,-6.8289437,-17.727041,12.086335,12.415696,2.2274177,-16.583107,5.579069,-23.050936,33.908722
-1.0158203,-6.668783,-16.561832,11.126684,17.387634,-2.426551,-14.862484,-0.782475,-23.25851,37.81294
-0.79195523,-9.968158,-9.995043,14.089114,7.4864845,-2.2840297,-11.0782795,6.04698,-19.823404,26.145609
5.0800543,7.0394373,-15.586182,-1.392984,1.4240459,1.7430811,-21.358015,-4.3657494,-23.703424,50.73564
1.738394,-1.2606019,-17.715437,7.669531,10.24997,1.1970005,-15.74455,0.42743367,-25.796059,39.45533
7.344046,-2.4972825,-15.278229,1.5628214,8.483903,2.168207,-13.014811,-3.3846173,-16.624485,30.870476
2.6493766,-1.0335621,-14.237582,3.7161758,8.551282,-0.9502138,-10.668034,1.0357747,-18.892555,29.874588
7.191924,0.53131604,-18.287958,0.72297615,7.22939,-1.394928,-10.699246,0.7386603,-19.672886,33.853577
3.6432178,1.8751199,-15.692216,0.5832372,7.912753,-0.43505383,-11.586373,-3.1995053,-16.747839,34.056694
7.0539217,-0.2964877,-18.329903,-0.34461063,8.452023,-0.5475762,-10.535923,1.2828488,-22.53645,35.98618
11.653748,-8.120609,-12.865677,4.702791,22.971277,-1.4277194,-8.91086,-2.1419618,-14.702937,8.541143
5.790704,5.791597,-16.145418,-2.4549656,3.818819,-0.3496325,-16.01454,-5.0257697,-20.529423,45.357983
10.495491,-8.453548,-14.183112,1.0755402,19.463339,4.849843,-12.6405325,-1.0076132,-13.072848,13.536072
14.745952,1.8374777,-13.092971,-6.53805,-6.822206,1.5862367,-13.888282,-4.879024,-23.028843,50.7859
15.06626,3.6844726,-17.848106,-4.0012116,0.83748853,-1.1490372,-15.171286,-2.7922752,-21.963356,43.78095
-16.593554,-5.8930144,-9.994206,37.237972,4.792094,-15.431614,0.4991287,21.905493,-20.362019,4.1306353
-9.433791,-11.542986,-9.823728,30.740152,5.220936,-15.244633,2.3849702,24.526474,-20.822163,3.7766826
-13.407112,-13.217078,-8.434551,30.3102,9.098718,-9.416321,-2.5841284,21.128265,-18.285458,4.0540266
-17.078743,-14.718696,-6.6788025,33.81982,7.1188965,-13.5955,3.1731277,21.881319,-19.360937,5.2062945
-15.657828,-11.44139,-9.897674,34.010803,6.08892,-10.644353,0.39133596,23.173769,-21.996191,5.593071
-17.665388,-7.969817,-9.663241,42.682034,7.6745667,-15.579395,-5.2113543,23.113544,-24.836672,7.7241044
-13.524747,-13.304106,-10.97747,30.696568,14.580405,-9.16105,-1.4913144,19.137524,-22.698637,7.0538855
-11.617173,-13.112795,-14.294247,27.999113,16.556099,-7.17491,-5.629141,16.693995,-25.286514,15.050007
-12.899868,-9.624774,-11.256592,33.441402,16.179441,-6.281759,-12.385405,9.7860775,-23.698544,16.504143
-6.830242,-7.76571,-17.2918,30.175766,14.602696,-8.084564,-10.490866,11.743791,-27.32508,21.580559
-13.979549,-10.180529,-10.699012,34.952255,10.672848,-10.226156,-6.6844296,18.226635,-21.030993,8.264546
-9.230838,-13.387692,-11.638735,32.09342,4.4536705,-9.057537,-1.5676489,21.590712,-22.786364,9.163421
-10.419814,-7.482546,-17.808699,28.290682,18.540049,-4.4425845,-10.56225,12.7895775,-28.273886,19.6975
-14.638515,-15.661114,-8.427239,34.401188,4.005994,-10.698953,0.52486753,24.488932,-22.95741,8.78317
-17.876673,-11.024973,-11.340256,35.0272,18.541914,-9.722648,-3.996542,16.11039,-26.212378,10.149169
-12.441179,-9.170147,-12.939382,30.42208,12.017869,-6.9884872,-9.094266,16.627203,-25.726912,17.124355
-10.165456,-9.668699,-11.002758,35.23922,2.308431,-11.002458,-3.1783671,19.853973,-23.601646,11.013549
-16.488539,-11.462847,-9.188922,38.482765,5.9549155,-8.614962,-7.8699007,17.21375,-21.778143,12.484598
-13.527901,-11.021884,-13.170883,32.888496,12.128074,-5.5790186,-9.005346,17.039093,-24.961004,15.163101
-13.082736,-14.287329,-4.1852407,34.08189,3.6776652,-12.321504,-0.23689175,18.408587,-18.488941,5.5056763
-11.166884,-16.757963,-7.081629,32.35392,6.7669897,-12.866333,-5.5341554,24.536758,-22.35053,12.394327
-10.477336,-14.666953,-8.060314,36.523438,6.1693354,-15.642373,-4.818198,24.165089,-24.627363,11.194584
-15.178796,-15.856356,-7.954854,39.570564,2.1401653,-14.881874,4.4091377,26.73443,-24.80894,5.4463043
-11.892505,-18.501427,-5.756749,30.693846,3.5181952,-9.287622,-2.4381146,24.415764,-24.13111,13.00691
-13.429241,-13.803023,-10.190242,34.844402,6.6957564,-11.12531,-3.6409945,22.240366,-24.273882,12.554699
-26.25906,-15.533675,25.578121,31.156672,-5.9895205,-5.0082664,-7.1941247,4.6275177,10.508682,-14.536968
-26.281586,-17.355373,19.65481,36.4568,2.0594993,-6.147566,-8.63768,5.530829,2.666394,-8.797294
-17.536167,-13.528717,14.270468,27.455582,-0.6353321,-10.295509,-1.009444,8.748016,2.0528657,-10.7512245
-25.28413,-15.70928,19.14075,36.831657,3.707581,-9.511066,-11.6389885,0.002613902,3.4612198,-2.669397
-29.838385,-12.094847,12.339224,42.45371,6.61444,-5.888111,-11.397275,2.268553,-5.3925047,-0.9806032
-26.59101,-18.82726,11.2545595,41.21581,3.761909,-11.451686,-4.8178086,14.312834,-5.532809,-5.6002135
-28.201097,-14.773867,17.628881,39.112717,0.3527873,-14.085343,-2.9932647,10.169486,2.0367265,-11.34386
-23.25409,-14.082874,11.952498,33.134064,2.5979748,-13.102417,0.444205,13.74155,-3.7843094,-9.155286
-22.485588,-15.054965,19.167255,33.053493,-2.2540703,-8.304633,-5.917473,6.0276823,6.0254064,-12.401982
-24.374207,-14.26708,13.029595,33.45068,2.5359707,-7.0238805,-5.324893,5.2988615,1.2639968,-6.208254
-21.907671,-13.698743,18.349474,31.410433,-3.7975848,-11.679318,-2.8035135,5.9210405,5.119757,-8.637861
-28.85711,-16.891775,16.531355,41.012863,0.3088712,-4.7194843,-9.990791,8.278522,2.447277,-9.403345
-27.010004,-16.497154,18.605639,32.76342,4.233719,-9.091507,-5.4809384,7.8496795,2.9826205,-9.956961
-24.826517,-16.0187,18.111715,31.155977,0.5434131,-10.181781,-1.0521301,7.5763493,4.2903295,-12.516873
-28.270971,-14.866578,19.793596,41.37673,0.8110236,-11.900636,-9.108454,6.822013,0.63265467,-7.129353
-28.817892,-15.457821,14.6056185,42.32512,2.600257,-13.188081,-3.7342343,11.002559,0.8022752,-11.709499
-25.415316,-13.961138,18.98346,34.145157,1.6014633,-9.325049,-5.9012384,3.5637937,3.7296166,-8.401227
-22.86035,-13.076091,16.777006,35.13678,-4.2480516,-16.34455,1.319588,13.352159,0.10089064,-11.813639
-23.735989,-14.034832,15.3280325,35.71871,0.23344606,-9.284549,-1.9915371,5.846275,0.7721777,-10.076714
-21.276379,-18.044975,23.085636,31.367344,-2.9791143,-12.524229,-2.2353308,9.852685,6.577632,-15.738697
-20.061392,-15.408243,13.148721,36.97063,-1.4444578,-15.05739,-0.43722266,12.125755,1.0934124,-11.936934
-23.506746,-13.509739,15.564455,38.576,-5.10295,-15.938342,1.8519166,12.338352,0.0053039864,-11.06393
-27.210476,-12.282755,13.880094,35.98961,3.9497752,-13.50346,-2.4922624,8.916375,1.7962849,-9.397686
-21.901114,-20.651518,17.307653,36.214497,-2.4369912,-11.598907,1.2950605,13.039188,-2.5955958,-10.73797
-28.30073,-15.107035,17.517826,40.13582,2.3418238,-12.710426,-2.2676766,8.398406,0.7906643,-12.366866
-17.000412,5.729287,-20.126225,11.463951,54.45128,5.568973,-14.238466,-18.265593,-7.834666,0.26643753
-17.065872,1.1530105,-22.301863,16.617577,61.331154,3.3856707,-18.493694,-15.986515,-11.032484,2.6183372
-18.726696,4.5932064,-18.841965,12.1984625,56.51008,7.23578,-14.382491,-16.598469,-8.651499,-3.5696688
-17.75336,0.8461985,-18.83621,13.962814,53.02749,5.678061,-15.948414,-13.441031,-9.31113,1.8563001
-16.558334,1.6859953,-15.098718,15.434282,49.883415,5.2207103,-18.692266,-17.257765,-10.668042,5.8275023
-11.279543,2.103613,-17.180405,15.138352,51.61249,-1.3800311,-15.024637,-12.6102085,-13.180949,1.6889677
-17.088762,3.882774,-20.824419,14.806834,57.064056,2.0074291,-15.3478155,-17.059578,-10.303582,2.6399944
-19.795687,6.744937,-15.752569,12.976567,54.78365,2.8792777,-15.639944,-17.338665,-3.925083,-4.6013746
-18.240608,5.3473444,-16.978466,17.378384,53.50545,3.8908427,-19.617237,-20.67347,-8.519391,4.1546974
-16.711235,2.9216328,-20.11338,13.751186,58.748096,6.2488346,-20.761147,-17.821436,-8.353602,2.1032422
-16.007488,4.539638,-19.983511,12.793553,57.02148,7.0249643,-15.928994,-18.942297,-10.436877,-0.13747668
-16.580128,7.8108177,-24.153435,14.834175,56.493607,4.280673,-14.306591,-14.9460535,-14.850394,1.8278165
-17.495922,2.3797956,-16.397356,16.875889,51.657623,3.1197774,-15.743027,-17.77969,-10.289946,3.6090672
-16.705149,3.6031678,-19.085001,16.696184,52.672195,2.710755,-17.78977,-12.900099,-8.900542,0.38266253
-14.324991,2.7595873,-17.827538,13.5720215,52.642105,4.345848,-15.157296,-14.131778,-10.104809,-1.5857769
-17.006733,6.194252,-19.894419,13.128576,56.06552,4.2621174,-13.787022,-16.669699,-7.625596,-4.835997
-19.019495,3.489108,-22.530762,16.801142,61.878754,4.656571,-18.438898,-15.606072,-12.253951,0.30048466
-19.97824,2.8646173,-19.429335,13.863344,60.838314,7.3890467,-16.73968,-18.506649,-7.5233293,-2.107933
-18.669058,-3.4595258,-19.046598,19.09756,60.24467,3.4797091,-18.854506,-14.079145,-11.0488825,1.6925766
-16.847654,0.5324157,-19.002796,16.088121,55.668243,5.9391236,-15.844955,-15.777721,-8.069623,-2.7210584
-22.575054,6.223781,-19.791855,17.664036,61.31994,2.2235854,-16.993275,-17.243624,-8.9341545,-1.7329435
-20.744137,4.696955,-21.043434,16.924797,58.796555,9.538802,-21.86736,-19.059677,-8.824862,1.1955853
-23.25516,-1.3731046,-14.110183,14.920983,56.21742,8.487318,-17.196732,-19.049074,-8.155708,3.9951487
-16.238323,0.031350926,-19.50081,15.839205,60.585945,4.3317957,-15.957887,-17.039772,-9.948219,-2.1290033
-17.92117,0.68169284,-16.812859,20.612104,54.179607,-2.0396118,-14.615395,-11.28385,-11.588852,-1.0557244
-9.999244,-16.078745,5.638685,-10.626511,3.7868638,56.562588,-19.285563,-11.349988,4.349526,-3.6394958
-10.075949,-18.507105,8.76549,-8.795029,0.15124369,52.091385,-19.228918,-9.1142435,6.4508176,-3.2022297
-11.114221,-14.373296,5.2203727,-8.740072,1.5702815,51.688805,-15.278291,-9.1793995,4.7107105,-5.028344
-12.48772,-14.164976,4.421419,-11.2467375,4.0348134,60.897972,-19.291319,-11.386262,6.384423,-8.637317
-12.803353,-14.07333,3.8290765,-9.179813,10.014685,54.807762,-20.701614,-15.352783,7.996822,-5.8641605
-9.1743965,-16.53417,4.2402987,-10.577665,3.7015243,59.429604,-23.260906,-12.529947,5.074177,-2.0078635
-11.671725,-16.649748,8.5680485,-12.8361025,0.59102416,58.763866,-23.22356,-13.185701,12.418516,-5.267052
-10.700671,-21.081093,8.343456,-8.140665,3.3837214,57.177956,-20.210663,-10.556637,7.8729343,-7.736779
-9.133011,-12.899401,5.9923434,-11.879027,2.4541664,52.78878,-19.202492,-11.57305,9.136371,-7.5521917
-7.2133045,-15.409918,2.5727725,-9.850021,2.9343753,55.792885,-22.412977,-11.315704,5.16284,-1.4215589
-6.6087155,-14.402294,5.1314054,-12.853468,-2.9088233,54.725124,-20.605614,-8.752136,10.880222,-5.958418
-9.431204,-15.655854,5.666456,-10.854336,1.1313748,61.55738,-21.674486,-14.868882,7.924727,-4.8747845
-8.999761,-16.799639,4.7607164,-10.95003,1.2461207,61.099,-21.415937,-10.024855,5.058668,-5.136058
-15.359158,-17.565254,8.397744,-9.580009,7.1276374,63.284683,-23.929012,-16.452631,6.5556827,-3.4976254
-13.97125,-15.916482,5.7563534,-7.1358967,6.396992,57.830173,-25.051773,-11.962406,5.2165823,-2.2966895
-2.6377945,-18.537857,7.4344664,-11.998444,0.4050647,48.92316,-17.609377,-9.852271,8.271279,-5.127977
-12.905051,-16.054426,3.2797294,-7.4631553,4.762724,57.922516,-20.99216,-11.169432,3.8240244,-2.5352836
-12.022487,-9.514497,0.33428025,-10.704969,4.15478,56.30098,-18.574205,-12.866608,5.358178,-4.3573933
-4.393898,-15.693945,5.19611,-10.321732,-0.6237841,52.932423,-18.116764,-10.170414,3.9034963,-3.7498195
-7.604659,-17.95381,8.363321,-10.699387,-1.5803876,56.280518,-22.36257,-10.489614,8.819917,-4.149283
-8.116069,-11.938837,3.0514295,-13.799517,0.41783094,58.425316,-23.230352,-13.848703,7.4511757,0.2633524
-12.20923,-18.867325,4.426555,-8.604911,2.1861618,58.00706,-22.14684,-10.099047,8.749306,-2.5372183
-13.143535,-18.363258,10.005417,-5.7890816,-3.6589067,59.98618,-23.151,-9.404114,7.4601974,-5.3728747
-12.343465,-19.67423,8.764177,-10.910884,1.6920348,59.801292,-20.624577,-12.0142,8.292192,-4.530789
-6.260561,-18.959433,6.569757,-10.232332,-4.729819,55.995117,-18.112946,-7.6772494,1.2971944,1.8560369
39.086452,-7.1299725,-9.919492,-10.45012,-2.833609,-11.104482,4.558283,5.49973,-11.981496,4.5587015
34.498642,-4.380457,-9.344303,-10.165963,-7.894234,-17.54916,14.970694,9.042814,-8.208263,-1.7884811
34.065117,-12.345183,-5.477331,-5.986077,-8.3172,-11.6101675,8.1885805,11.787532,-12.423793,1.4861736
36.672127,-5.6823344,-9.58856,-10.615708,-6.522478,-10.632186,4.875228,5.9337373,-7.327313,2.9248602
39.161148,-5.771529,-10.502041,-11.553048,-3.8889809,-9.630846,5.0971775,5.824465,-10.5390625,1.68449
38.415016,-1.9724218,-9.671594,-8.96985,-2.637478,-14.677059,6.8282223,3.1329303,-7.915498,-3.3642077
38.94036,-6.207843,-9.605465,-11.2916,-5.3942447,-10.2847185,2.281743,5.153636,-10.752951,7.2222214
38.273792,-10.725767,-4.6834106,-10.645729,-9.146173,-9.311265,7.6251874,9.956643,-8.263835,-3.4718304
40.827892,-5.513365,-7.1411247,-12.790318,-7.826327,-15.204999,8.467264,8.185266,-8.585776,-0.7891952
38.825306,-3.5940423,-9.240249,-13.197316,-5.741583,-11.496576,6.368357,5.4904103,-7.5369854,-0.95175993
42.030655,-8.457922,-9.08011,-13.220802,-8.561922,-10.802546,7.9931226,8.152913,-9.867446,1.4103613
33.288773,-6.33846,-10.094114,-8.885935,-5.9199934,-9.603124,8.068425,9.392517,-8.127396,-2.239787
40.795876,-8.024267,-9.792261,-7.8550425,-6.148073,-11.863246,5.041908,10.483534,-12.100315,-1.105849
39.72742,-8.721337,-9.024905,-12.058562,-4.8665557,-10.580552,5.1210957,9.119738,-9.161993,0.33995146
38.476246,-11.432752,-8.44032,-10.362815,-8.240748,-12.989176,7.933026,11.058424,-10.347248,3.141453
32.1779,-11.351239,-7.3883376,-2.7707705,-1.5972549,-12.421171,2.8813071,10.808459,-11.863059,1.0735009
36.775715,-6.1451683,-8.44236,-8.496261,-7.2257314,-11.2491455,5.558483,7.1122975,-9.714899,1.3420993
36.161797,-3.9453154,-9.676228,-8.392954,-3.7600088,-12.864612,5.370066,7.4498754,-8.868273,-0.8346462
40.89985,-2.5743716,-10.784566,-13.587248,-7.383699,-10.722738,3.9274294,5.997216,-6.08107,0.40796465
35.47493,-5.7925577,-7.6506886,-6.9056497,-10.882033,-18.075348,15.282787,13.687913,-9.1110735,-6.8446
36.366306,-7.4845495,-6.6676164,-9.799604,-11.364375,-13.563056,10.569182,10.709618,-7.98668,-1.0761322
36.047173,-2.7722492,-8.140407,-10.810595,-3.8371072,-16.468132,9.635199,5.879359,-6.697311,-3.0522182
36.89644,-4.546111,-9.3207655,-8.370648,-5.957734,-14.318587,9.977705,8.517906,-11.39256,-1.0477844
37.112526,-3.3818974,-14.271454,-8.078679,-6.7275434,-12.703598,8.367281,8.107061,-12.697412,3.383088
38.456543,-6.1425076,-10.815074,-11.158938,-7.0656657,-14.940769,12.339247,12.263437,-10.387416,-2.6647522
-12.801799,-9.548283,-4.143596,30.1333,8.877472,-15.5573015,5.1197143,17.154629,-16.736721,-2.6165242
-13.75189,-10.832869,-5.6433177,29.419159,10.682736,-18.069668,7.9335833,21.921844,-18.227533,-2.9254098
-2.7983012,-16.119923,-4.0259423,17.467731,-0.7479278,-18.708483,25.051529,26.662685,-12.788792,-14.595198
-6.598438,-14.447069,-5.221195,26.170832,8.9559765,-18.710745,12.383267,19.122047,-16.4518,-5.6076627
-6.226577,-14.378418,-7.676076,27.533892,1.1585096,-15.832479,13.530087,24.861412,-19.699574,-2.4416952
-5.0256357,-12.234669,-4.9806623,19.383013,3.6432655,-19.188536,17.945864,24.199806,-15.691263,-7.5311255
-6.595832,-14.117316,-8.494294,23.253761,11.655707,-15.117508,13.217375,18.63826,-17.924957,-4.7084227
-9.450709,-11.474452,-4.362813,23.805992,6.713894,-17.086792,14.045524,19.7365,-13.477909,-9.15203
-9.046738,-15.923226,-5.6725206,25.74283,6.290584,-20.437483,18.900259,24.175392,-19.682785,-4.588108
-11.817523,-13.86783,-2.2462726,26.335258,3.6424646,-17.240812,11.806421,23.150047,-17.073263,-3.3719392
-6.9398694,-14.104856,-3.8003447,25.257378,-1.3396773,-17.30279,18.357445,21.899113,-17.754425,-4.218145
-8.645443,-13.472624,-4.8428574,23.556467,-0.3290919,-20.817425,24.398577,25.458637,-14.042028,-11.4677925
-11.306234,-17.1669,-4.7106285,28.6649,2.163841,-17.46147,16.053165,24.254393,-18.725187,-1.2940843
-14.857971,-15.840833,-1.5512094,29.535746,-0.6969598,-18.164047,17.573109,26.775375,-19.432955,-3.80074
-12.8680315,-15.955091,-5.2784348,30.042387,4.6968417,-18.444572,16.699238,27.659039,-17.637203,-9.691546
-10.2306385,-13.318621,-3.0795617,22.105928,-0.5145507,-16.692232,20.702774,27.36203,-16.619867,-9.596637
-9.642148,-15.083925,-5.7607656,25.81114,6.2680526,-19.580856,20.23999,21.635094,-18.012232,-5.720523
-11.971981,-18.103,-3.9116538,25.048218,3.4573486,-16.343773,16.869665,25.67007,-19.515966,-1.6000715
-8.300264,-13.454895,-6.482016,26.055304,-1.5439856,-22.190857,24.326433,27.362444,-19.563866,-6.2871733
-12.892788,-7.9327135,-7.303032,25.3242,0.51579183,-21.139528,21.859104,28.373272,-18.889105,-8.115855
-10.110424,-12.046574,-5.294121,22.66366,3.4478538,-18.961327,17.8716,26.366423,-17.520502,-6.494518
-10.945246,-16.591751,-3.6825423,28.764551,1.6327437,-20.106731,21.771635,22.584415,-15.493384,-8.332555
-11.520606,-18.043495,-4.533703,26.521524,5.5576134,-18.14657,17.248938,27.579721,-16.193792,-9.021879
-6.217137,-13.62521,-5.290624,19.044022,0.6716791,-22.78266,28.229454,24.102985,-16.547457,-8.634491
-10.344302,-12.185583,-4.0174646,21.469715,2.4534304,-23.074104,26.30486,26.12421,-14.880002,-11.8202305
-6.7230973,37.302483,-14.862266,-1.8346112,5.5215607,-22.573477,4.476346,-7.9357157,8.965273,-3.024576
-12.269822,49.37838,-21.481157,1.9794624,8.241519,-20.652819,-0.3233006,-10.77254,3.3086672,2.0093045
-2.945985,32.298042,-16.81382,1.6420242,0.54616815,-22.750744,3.3906145,2.3202624,3.3279405,-1.0305154
-3.6223075,39.674564,-19.304005,1.8968008,9.178625,-22.281809,-2.767027,-7.2801905,0.6326617,4.2335305
-4.339484,44.97895,-17.943962,0.919274,7.991644,-22.59333,4.822977,-9.473865,0.97792053,-5.318137
-6.0652637,44.179253,-20.534628,1.7154238,8.345634,-20.645855,-3.242435,-7.2275515,-1.6924288,4.834844
-1.5739937,51.570496,-23.500233,-4.2256365,6.8949847,-24.104053,-0.37595844,-10.7266,0.7700241,5.3834543
-10.715996,38.47927,-12.22004,-1.8471034,5.8470516,-19.948475,5.109524,-11.597037,12.19583,-6.0477495
-6.6971083,45.24833,-19.489157,2.9770544,12.547739,-19.647745,-1.7222285,-15.345923,0.04429555,1.1308923
-9.884792,41.697464,-16.718197,2.1294477,6.707632,-19.204546,1.7964818,-10.223116,6.3667483,-2.665183
-5.095212,46.648434,-18.863482,-2.0987935,8.257008,-23.469097,2.6008606,-12.553973,2.7600126,1.970336
-8.020078,42.88427,-18.814493,2.413572,8.739735,-20.663658,0.32499766,-12.528883,1.8286955,3.0139601
-2.8341312,39.88886,-14.484943,0.46256673,9.93297,-20.078867,-3.9577866,-12.421804,6.1975174,-3.611865
-9.311325,48.104492,-21.242401,1.4262586,9.463551,-20.899391,-0.7653816,-13.541981,4.6313295,1.6495187
-10.116775,49.243416,-21.265802,1.0409954,8.083032,-18.376713,1.3871377,-12.419706,3.0926623,-0.95290923
-5.8716145,44.043175,-17.372253,-0.30637312,9.583123,-17.284206,-3.3021197,-14.945443,3.6335325,1.2086527
-7.308672,41.622406,-17.349575,-0.9138725,10.30294,-19.127163,0.45817453,-13.139833,3.6762576,0.2160101
-8.59148,52.646957,-16.37491,-1.360224,5.572959,-20.052723,0.2193973,-15.418448,9.610104,-6.797965
-4.000639,48.182983,-21.865353,-7.2127314,10.619661,-20.968033,7.9744453,-11.626352,0.24346551,-1.3327749
-9.99926,35.8595,-15.572236,5.1859055,12.916286,-19.627401,-1.7449901,-6.824568,0.33820796,-0.6606014
-3.1284022,49.10406,-20.978222,-0.20773077,6.5942383,-21.661,0.40149736,-13.300608,3.9570224,-1.0199705
-8.804454,41.76673,-17.367964,-6.24735,10.796825,-17.874823,5.7664537,-12.574515,8.3758335,-3.957893
-5.8950787,48.29342,-22.687996,-3.674711,6.237957,-21.998363,2.5065832,-11.431531,0.70070636,7.6065702
-5.547612,45.188488,-16.516947,-3.2435145,4.9283853,-21.109163,5.5587263,-11.9069395,2.9730535,-0.16315293
-4.368538,45.423714,-21.004995,-2.397771,9.937594,-19.485811,1.4606237,-12.347148,3.2510142,-0.010004759
