-4.153436,-0.092330545,5.637663,0.46534723,-2.1494405,0.6893082,-1.072041,-1.281195,3.882823,-2.3360374
-1.9244497,-1.4243288,4.3142905,0.35061827,-2.0716968,0.4968567,0.05536887,-0.29128984,2.6091666,-2.5151477
-3.9006557,-0.39879093,5.1220284,0.92947274,-2.0443819,-0.13840368,-0.82068044,-0.8625016,3.5175333,-1.9051934
-2.5386724,0.77311385,4.3353767,0.15832177,-2.2843957,-0.39607677,-0.39180863,-1.0616728,4.0050793,-2.832171
-2.4912136,1.0511893,3.7928784,0.3540605,-2.1430466,-0.3723186,-0.5600118,-0.62179685,2.8690906,-1.8813353
-2.96354,0.6905843,5.016514,-0.3357212,-2.5807805,0.14616048,0.0219419,-1.3173485,4.046902,-2.941061
-1.5473492,-0.3554252,4.170615,-0.53899443,-2.2111251,-0.6867219,0.34671992,-0.16997775,3.008268,-2.4774642
-2.8445873,1.5338975,3.3170464,0.2714901,-1.3934859,-0.43618992,-0.606055,-1.5818299,2.7934246,-1.1494931
-3.57226,1.2552398,3.9138043,0.040821087,-1.7697895,-0.054585844,0.72211885,-1.1591821,3.2719283,-2.8187525
-2.6458638,0.86307573,4.3147593,0.0049672984,-2.3522139,-0.22617006,-0.027610809,-1.0191274,3.5054035,-2.4989033
-2.2737093,1.18006,3.1432574,0.026247974,-1.4740157,0.13934603,-0.36808884,-1.5553715,3.4492095,-2.493209
-2.0349371,0.5882939,3.2841995,-0.8061594,-1.7221879,0.32128996,-0.42919803,-1.5978359,2.4579058,-0.24026315
-2.3486114,3.2689974,1.7412599,-0.11047462,-1.2584016,-0.29151422,-0.26428998,-2.0192904,3.1793253,-1.8284167
-2.9156969,-0.30516955,4.823076,0.5860565,-2.841098,-0.5038527,-0.052950114,-0.08628622,3.0249724,-1.9157599
-1.915833,1.8052763,2.351597,0.1534051,-0.82817084,-0.5941484,0.0032638013,-1.1722509,3.4014115,-3.2084253
3.0911124,-0.726516,-0.18095985,-1.8428059,-0.06708849,-0.30596277,0.12874043,-0.19889237,0.5463484,-0.54327685
-2.6082976,2.0038576,3.6025755,-0.3284258,-1.7666198,-0.5254301,0.377739,-1.6452247,3.9799018,-3.093748
-1.3321111,1.5835909,2.2196443,-0.5049522,-1.134373,0.35352606,-0.17462844,-1.4010005,2.9298627,-2.6460204
-2.6190486,1.7172722,3.6414244,-0.69685256,-1.8397278,0.18477806,-0.5302826,-2.087196,3.4967108,-1.4404927
-2.363565,3.0677018,2.195761,-0.5674967,-1.6131262,-0.6396586,0.19782254,-1.6503063,3.238696,-1.8571347
-2.561583,0.49455228,4.4074616,-0.50981563,-2.5902827,0.17503203,0.1078316,-1.2181438,3.6781476,-2.4198713
-2.0796928,1.0355378,2.4482439,-0.55554336,-1.3312868,0.14280105,0.5637939,-1.3649164,2.4121733,-1.3621726
-2.8308964,-0.71375465,5.9608345,0.19371808,-2.9215512,0.1678487,-0.47309518,-1.1000503,3.8510935,-2.3587542
-1.7289747,0.86385953,3.0211842,-0.84402376,-1.2424217,0.17383817,-0.19570667,-0.9875288,2.539754,-1.86604
-3.5084186,-0.23955634,5.886818,0.8706209,-2.5357463,-0.78589857,-0.44396424,-0.6676425,3.9043164,-2.8968892
-2.8338623,0.9188056,4.49625,-0.30535308,-1.9519265,0.009743482,-0.5603095,-1.6812278,3.7048721,-2.1868353
-2.830575,1.6850182,-3.936606,1.4284313,5.51998,1.0625702,-2.2712336,-1.4902936,-1.6081543,2.4061072
-1.9950733,0.5896894,-3.6112263,1.761749,6.2035356,-0.173765,-2.2960458,-1.011343,-1.3779783,1.4519099
-2.00897,1.5820802,-3.6109903,1.8503405,4.7960343,0.40730014,-1.7198355,-1.0994569,-1.2971056,0.95720464
-1.8823891,0.9871384,-3.932481,1.3318596,5.6519265,0.684255,-2.0569396,-1.1204474,-1.5256493,1.6206249
-1.9903808,0.43233004,-3.9378345,2.0804756,5.9982057,-0.58207536,-1.7422345,-0.32568032,-2.3766613,2.0332592
-1.3473862,0.5625868,-2.9473553,1.2538493,4.759074,0.8051003,-2.268941,-1.2183727,-1.3973585,1.5351533
-3.1670666,0.9124898,-3.0769708,1.711669,5.85162,0.69330585,-1.5316015,-0.8390162,-1.525953,0.6753778
-2.1230345,2.1324606,-3.4693015,1.5519732,5.55576,0.22382861,-2.1280184,-1.6111373,-0.5641208,0.19917114
-2.6137629,2.0718663,-3.9346223,1.9578515,5.5106587,0.41877457,-2.5306902,-1.3939694,-1.1286962,1.2861358
-1.3765466,1.2361598,-3.900545,1.7513298,5.0670857,-0.52825594,-1.5808948,-0.44920555,-1.9507018,1.5431905
-2.9768624,1.339969,-3.0244431,1.4547169,4.953444,0.91526353,-1.8460513,-1.605528,-1.1509742,1.6954801
-3.1892717,0.79984,-3.826249,2.2928717,5.86501,0.7716898,-2.236127,-1.2016983,-1.9527087,2.3202298
-2.3341486,2.0692263,-4.2655663,2.234616,5.955362,-0.09774318,-2.499906,-1.3572475,-1.2424818,1.3208126
-2.9297278,2.0976148,-3.104818,2.6797256,4.559554,-0.4424849,-2.6042495,-1.2546569,-0.5113541,1.3346579
-2.5652921,1.1425759,-4.028448,2.588823,5.867523,0.4523007,-2.4760876,-0.8923029,-1.2305026,0.9630222
-2.1759539,1.9497019,-3.434684,1.5251069,5.7167687,-0.008424103,-1.9471778,-1.4625019,-0.6524315,0.35380268
-2.4243283,1.2414784,-3.9690225,1.9128735,5.296773,-0.0116921365,-1.647121,-0.48413596,-1.690979,1.6256523
-2.9354007,0.33400908,-3.4359736,1.5382268,5.73071,0.854854,-2.0390449,-1.4432067,-1.3363245,2.4056082
-2.162416,1.5434798,-2.739198,1.1272161,4.2557063,0.30526876,-1.6634494,-1.4018844,-0.4010016,0.93719393
-3.006271,3.361759,-4.6528945,1.4749384,5.5133214,0.8519727,-2.0564656,-1.7518786,-1.4942608,1.5939475
-3.280511,0.8482729,-3.25108,1.9075781,5.2684083,-0.41643706,-1.2864037,-0.6386946,-1.8741324,2.4179025
-2.870812,0.80289316,-2.922843,3.0533156,5.3689923,-1.441102,-2.0221162,-0.36999893,-1.1858404,1.0526114
-2.4686146,1.4817209,-3.71372,2.534486,5.0208173,-0.39222738,-1.8781968,-0.39257488,-1.9394089,1.5215267
-2.7249937,1.3858911,-2.8545396,1.5036453,5.477822,0.26358598,-2.4806085,-1.8088084,-1.2569563,2.113074
-1.9176675,1.8503827,-3.6545148,0.9349925,5.5896363,0.5761343,-2.1423616,-1.8134954,-0.6902225,1.0331312
1.188765,0.9900522,-0.57649034,-1.5643432,-1.1562245,-1.1890754,3.984933,0.5851649,2.1428657,-3.9715114
0.42019218,0.030524343,0.51046056,-1.4012663,-1.2174534,-0.68869925,4.065345,0.52845407,2.2121978,-3.9991324
-0.24229759,0.90342724,1.028093,-1.2688969,-1.6912119,-1.1575645,3.4339027,-0.1039266,2.49295,-2.958653
0.31529206,0.92050636,0.08065709,-0.6661556,-1.4474247,-1.0151769,3.6515088,0.26519355,1.5098039,-3.0601852
0.8058576,-0.5851867,-0.08877591,-1.9935596,-1.9468806,-0.72930086,5.34896,1.2457741,1.169754,-2.846272
1.8224614,-0.13701522,-0.043208398,-2.1332593,-2.108557,-0.7286949,4.5751977,0.9036243,1.7311313,-3.2756526
0.17626107,0.8945278,0.508604,-1.9551207,-1.8977535,-1.4598423,4.6125593,0.72936654,2.6635156,-3.8148484
0.6856142,0.48438516,0.18059346,-1.524404,-1.6285119,-0.49874243,3.9971986,0.48486015,2.316015,-4.034492
-0.5147806,-0.18086132,2.016767,-2.1380124,-2.4704423,0.32674974,3.6973577,0.1287769,2.8002272,-3.5394948
-0.67699945,0.77121735,1.4259084,-2.0283816,-1.7180972,-0.76418126,4.5751066,0.44982702,2.596486,-4.208003
-0.96925443,0.2629545,2.7697794,-1.8353326,-2.5663378,-0.72337973,3.55514,0.09461808,3.4109478,-3.8253329
1.7521365,0.4391388,0.028209902,-2.3993118,-1.7043434,-0.7902008,2.9619713,0.19120698,1.6925421,-1.8448511
-1.8405201,2.5357888,1.3809983,-1.569469,-1.3081971,-0.8126794,3.1322737,-0.89288986,3.865003,-4.1816325
0.43607807,0.32793072,0.17174256,-1.818615,-2.1946898,-0.84436715,5.114222,1.3654333,1.6204948,-3.6017108
0.41056287,0.8916584,0.50298107,-1.4620161,-1.1772715,-1.637019,3.9279613,-0.027381603,2.9186146,-4.199997
1.1066749,0.15876165,0.1910347,-2.0099032,-1.5840104,-1.6159877,4.320013,0.8934567,2.2607198,-3.3868904
-0.044734284,0.179706,1.6136541,-1.310874,-1.9923757,-0.7000644,3.223112,0.5794241,2.586938,-3.7225475
1.0475789,1.191294,-1.3298472,-0.76192415,-0.54016477,-0.96282685,3.047665,0.7956456,1.3925476,-3.4468784
-0.28355557,1.2776736,0.68718535,-0.8522424,-1.5748632,-0.8224336,3.2023335,-0.12599929,2.6996498,-4.0129757
0.66626537,1.7860731,-0.64913994,-1.2445716,-1.3905396,-1.2612711,3.833417,0.92147636,1.7320495,-3.9911702
-0.16155756,0.17949542,0.920752,-1.952601,-2.4635043,-1.0405161,4.769474,1.0687325,2.6169693,-3.4129407
0.90059763,0.40209928,0.08929732,-2.0139482,-1.9441707,-1.519046,5.1901236,1.0904698,2.2812514,-3.8948994
0.89547235,0.3402985,0.017247044,-1.3810005,-0.70464927,-1.6675609,3.895328,0.015674144,2.2056732,-3.3428712
-0.13571332,0.22172388,0.6422654,-1.0162814,-0.29699293,-0.4591727,2.6513257,-0.30687967,2.8779316,-3.9547796
0.18548387,0.74745715,-0.22220835,-1.1627597,-1.492764,-0.7477952,3.859476,0.42456576,1.956351,-2.8445454
-4.2727375,5.521358,1.6046082,-0.7667176,-0.9193407,0.3938853,-0.658936,-2.635155,2.8355682,-1.1632591
-2.6188061,5.7430363,-0.5067592,-0.79565763,0.49288923,0.32360977,-0.52601445,-2.8868372,1.9346316,-0.7843956
-3.134451,6.404081,-0.402469,-1.011114,0.22544289,-0.58513665,-0.30910027,-2.2138717,1.958386,-0.65792453
-2.4768417,5.2346845,0.72426444,-1.1926303,-1.6655624,-0.11474571,0.7286681,-1.711135,2.401976,-1.6247748
-2.2282495,6.400875,-0.46273643,-1.6251069,-0.06608864,0.58860815,-0.68606496,-2.9526403,1.9200895,-0.7608889
-3.1714792,5.862518,0.6856693,-1.0172224,-0.9255145,0.5317178,-0.8148412,-2.5902476,2.4877517,-0.96488875
-1.0981742,5.638162,-0.40383533,-1.5743477,-0.8139139,0.38031948,-0.23612815,-2.3623898,2.1896348,-1.4028283
-2.1344042,5.089462,0.019811563,-0.49681363,0.3385266,0.062278733,-1.0662941,-2.565626,2.3625426,-1.486591
-2.9189813,6.232388,0.17764047,-0.4615489,-1.0723774,-0.3773081,0.1961491,-1.9491597,2.1904187,-1.6852511
-1.967892,5.199429,-0.019284196,-0.46709272,-0.6677248,-0.6717963,-0.3901226,-1.6766586,1.9903727,-1.0880026
-2.001773,5.1785564,-1.3939102,-1.1125429,0.26534268,-0.5841408,0.17589203,-1.5410317,1.292429,0.089854434
-2.7010286,5.584702,-0.6294252,-0.7307661,0.3564962,0.78280246,-0.6974361,-2.6906924,2.5257568,-1.5476652
-2.5281045,6.6491456,-0.39747953,-1.1830283,-0.18133292,0.10410096,-0.3769722,-2.8810167,1.8801777,-0.87263584
-3.2839267,5.788259,-0.11056513,0.024843302,0.014886208,-0.18251458,-0.76912326,-2.0832734,1.918902,-1.3382576
-3.4825737,7.3168416,0.29203904,-1.4153936,-0.64159936,0.2450952,-0.14447013,-3.2975867,2.1991153,-0.8687301
-3.1308374,6.8268533,0.014011167,-1.3078941,-0.5838087,0.13267173,-0.21280116,-2.699033,2.8111765,-1.7625967
-3.732448,6.8467584,-0.24053687,-1.5850036,-0.5015307,1.0343603,-0.54055715,-2.8489416,1.8700287,-0.15911077
-3.255224,5.0640965,-0.7643756,-0.0055530407,-0.065602474,-0.29820862,-0.8685578,-2.011883,0.63817453,1.7416174
-2.6440456,5.3149066,-0.7740889,-1.4645252,0.50602263,0.87222004,-0.31241465,-2.5869677,1.7072859,-0.45430708
-1.9867612,5.5772133,-0.459251,-1.1433964,-0.33685428,-0.056386024,-0.25679547,-2.1136553,1.7879312,-0.99164253
-2.032257,5.3917627,0.09758728,-0.74890095,-0.9510487,-0.3584194,0.03418249,-2.021464,1.3014503,-0.391168
-2.496591,6.190286,0.38492694,-1.6375695,-1.0544012,-0.014713019,0.17472887,-2.1561553,2.8856273,-1.9535605
-2.752459,4.60979,0.45421472,-0.91451925,-0.63673246,0.577857,-0.47448587,-2.087233,1.6967717,-0.34487033
-2.7618413,5.95425,0.6041954,-2.1170275,-0.8809963,0.58790296,0.5818038,-2.8443332,2.5874662,-1.4262221
-2.4603114,5.3821664,-0.66512525,-0.7965805,-0.49948406,0.007939607,0.27878517,-1.3871595,1.131604,-0.6526963
-2.5465786,0.8613709,-0.2910402,1.0191243,-0.06611603,0.89289343,-0.82087106,-0.32255355,-1.401247,2.3940508
-0.84139097,2.860424,-0.6514886,-1.387779,-0.9390616,1.2084955,0.05590619,-1.5438616,-0.75482947,2.0246153
-1.7325366,0.5902536,-0.3446985,-0.1027011,-0.7991057,0.9270133,1.0873336,0.23839837,-1.3843057,1.5131302
0.19064449,-0.36751172,-0.114100955,-0.259929,-2.235563,-0.28676555,-0.038960934,1.1654372,-2.0910964,3.9126625
1.5616007,-1.7943646,-2.216531,0.21314022,-0.8439452,-0.22229299,-2.007257,1.5910372,-4.267788,7.783694
-1.8502846,2.3912985,0.3584659,-1.4489958,-0.41926646,1.0938247,-0.90574956,-1.8632463,0.69378996,1.7785139
-2.0402312,2.3901536,-0.44910613,-1.6661952,-0.15534613,3.4613426,-1.3011624,-2.4201732,-0.6299578,2.6431537
-0.91374624,2.1681342,-1.0160124,-1.8652005,0.023635186,2.8252578,-2.1195736,-2.3019855,-1.2972628,4.231704
-0.020221615,1.7525047,-1.0041219,-1.5573597,-0.5924367,1.0044907,-0.046464548,-1.164342,-0.91893506,2.5933433
-1.4084046,3.3088393,-0.10891066,-1.0301167,-0.9713811,0.4961279,-0.106182694,-1.2982465,0.12708104,0.9999673
-0.07939014,1.3640596,-1.8392763,-0.5135543,-0.016976915,0.6612812,-0.12516546,0.044361677,-1.9556301,2.52661
-0.81026435,-1.2493947,0.2434574,0.24662578,-2.063508,-0.35894284,-0.97275984,1.3346885,-1.9162097,5.4997344
-0.8131757,0.59575903,-0.6963449,0.13381691,-0.86819327,-0.049229532,-1.041536,0.056266572,-1.847234,4.2653575
-0.17450339,4.543779,-1.0467507,-1.5589342,-0.43494606,-0.20545182,-0.8372967,-1.8844498,0.8868977,0.77676123
-0.5570471,2.145195,-0.3932593,-0.813352,-1.2304834,-0.5251825,0.7344159,0.08481875,0.015732285,0.61931986
-1.5935183,3.8932714,-0.71398693,-1.881465,-0.49375916,2.0083675,-0.86083543,-2.372394,0.32365093,1.7486339
-0.84628665,-0.5754553,-0.5303902,0.2398437,-0.44174683,0.33937156,-0.512539,0.38251653,-2.1989622,3.9718742
-2.100469,0.97681904,1.4392129,-0.5291863,-1.2822362,0.8275188,-0.52496755,-1.1629905,0.4540302,1.6771696
-0.7614126,-0.91132975,-0.289651,0.7149859,-0.5419068,-1.5860084,-0.8367627,1.0618488,-2.0527365,5.0917897
-2.3060358,4.7373614,-0.36684695,-0.8373768,-0.60297793,0.046013802,-0.3496744,-2.1655824,0.93405265,1.0446128
-0.8452418,-0.11255361,0.66887814,1.7941766,-1.8579413,-1.3070425,-1.3297387,1.3034406,-1.0079538,2.47497
-1.7099402,1.2469047,-0.6967542,1.8400295,-0.47068894,-1.0801274,-0.7845145,0.48312286,-1.4961007,2.6311674
0.21915108,-0.4634751,-1.4086343,-0.16002443,-0.77452016,-1.2584227,-1.9774855,0.31162444,-2.690465,8.07375
-1.9019936,3.2887897,-0.9092302,-0.49151132,-0.117849596,1.3177509,-0.13238385,-1.6960297,-0.055443723,0.74077886
-0.9749868,-0.6661389,-0.2417194,0.6854262,-1.5985922,-1.1989044,-1.6905195,1.1531729,-3.0022764,7.5149164
-2.6127403,-0.39378026,0.52187145,3.900554,0.7090917,-1.7973763,-0.69781923,1.0862916,-0.3260871,-0.6176067
-2.5727363,0.15232727,0.70849854,3.524576,0.71256965,-0.8572402,-1.5392236,0.079791754,0.5182202,-0.9175419
-3.043705,0.39704862,1.1674724,3.71085,0.15835422,-1.4637653,-1.1178412,0.5649657,1.3741578,-1.9280026
-1.8111553,0.19147828,0.87269527,2.599548,0.060647644,-1.3447763,-0.7041971,0.097153604,0.8358568,-0.9359161
-2.4308162,0.2645382,0.60080683,2.8635705,-0.13523713,-0.67508554,-0.8343166,0.74268675,-0.09584066,-0.37051994
-3.4193864,2.1148703,3.0021248,1.1449279,-1.3378553,-1.0824734,-0.34774113,-1.096459,3.2658734,-2.2621312
-2.7898326,1.9894406,2.8980458,0.18695253,-0.84939474,-0.6138786,-0.38089502,-1.4597876,3.9010339,-3.096997
-3.3780725,1.1699568,0.5402443,3.9166644,0.4291637,-1.2759001,-1.2942344,0.403092,0.43280235,-1.0529294
-3.5095544,1.0604196,-0.15078583,4.748286,1.229183,-1.8437809,-1.6308572,0.5475203,-0.3593451,-0.35873944
-3.100165,5.2844186,1.4698747,-0.92296886,-0.8016104,-0.13392887,-0.5014262,-2.616056,3.003386,-1.555452
-2.6867685,-0.49846807,0.6358097,3.850439,0.5473452,-1.1586218,-1.4698081,0.62777936,0.2136896,-0.1222734
-3.1343207,0.19119588,1.1231562,4.24575,0.57179135,-2.0479357,-1.1118554,0.9830438,0.25138488,-1.3794872
-2.776745,0.5679916,0.24393183,3.72638,0.6352937,-1.1758381,-1.4993334,0.39709464,0.58413637,-0.9038643
-2.4074497,-0.37932548,0.3634053,3.6803873,0.43123022,-1.1571516,-1.0268612,1.0670143,0.004177239,-0.8126185
-2.98382,-0.83280206,0.93834084,4.1301856,0.06588227,-1.3062083,-0.7317457,1.7682307,0.33906937,-1.4738029
-2.7117283,0.31836995,0.23964614,3.5311434,0.64425343,-0.5994133,-1.1553408,0.27923104,0.31355032,-1.0017345
-4.065113,-0.11249438,1.9427732,3.4424317,0.09731949,-0.91110504,-0.9506912,0.48933157,1.1729892,-1.1855788
-1.9037393,-0.21393147,0.4741243,2.8436599,1.0598011,-0.93035305,-1.1307119,0.2783133,0.43272874,-1.1272416
-2.5675886,0.6026654,2.5144026,1.2196167,-0.52177495,-0.58748317,0.30604696,-0.875309,2.2990813,-2.5264373
-2.8749654,-0.7217139,1.1044892,3.892031,0.09629462,-1.4292159,-0.2543071,1.0546517,0.03957179,-0.99155957
-2.3792164,-0.9741912,1.3472818,3.6753185,-0.23590976,-1.5122346,-0.815823,1.108015,0.40098283,-0.7869738
-3.7947693,0.95900905,1.0569555,4.0827374,0.06656865,-1.9841014,-1.16307,0.81190485,0.9361969,-1.0059547
-2.5721426,-0.14083612,-0.0053781345,4.166603,1.4502963,-1.79993,-1.3727893,0.73205894,0.053441253,-0.7704242
-3.2663593,0.021153837,0.53298455,3.8883448,-0.24349126,-1.893886,-0.27138373,1.53422,0.12164277,-0.42587507
-3.573821,-0.3094332,0.95659155,4.5672193,0.613076,-2.0810304,-0.70644575,1.2559589,0.7368176,-1.5018114
-3.225078,-1.1856283,1.3193182,3.7178953,-0.14705381,-1.3060088,0.13305378,1.2739068,-0.04237238,-0.6670775
-4.04134,0.16390851,1.7750832,4.9536686,-1.3420944,-1.4751364,-1.7999218,1.287828,-0.4859304,0.9539425
-3.3680687,-0.19052634,0.92646396,3.9472868,0.054615863,-0.7461066,-1.1743933,1.0576196,0.21433741,-0.8131997
-0.83683825,0.34697792,1.4004828,-1.7394342,-1.1799366,5.7568274,-1.1947769,-2.5842068,0.74927217,-0.9882156
-1.2075421,2.0306642,0.77936614,-1.4952254,-1.3842052,4.334413,-1.136023,-2.0917127,0.5440141,-0.38073218
-0.98368704,2.3361926,0.871115,-2.2378345,-2.066216,4.7625513,-0.19680154,-2.0692568,0.8169204,-1.1336634
-0.5222195,-0.6851567,0.6142791,-2.411134,-0.5219101,5.585456,-0.5568422,-2.1013806,0.062711775,0.52874374
-1.1746677,2.4828782,0.5991054,-1.6659582,-1.0140698,3.3848934,-1.2055966,-2.5087318,1.2363819,-0.08764124
-2.3843462,1.469786,1.6883137,-1.4343575,-1.6318375,4.384785,-0.83922744,-1.9968203,1.1866378,-0.48017275
-2.1129274,2.246683,0.7325221,-1.4630194,-0.85067713,4.521943,-0.79374623,-2.8302891,1.517069,-1.0545949
-1.2517251,0.65151286,0.38784316,-1.6028837,-0.6586578,5.04515,-1.4491035,-2.028067,-0.14436609,0.95933086
-1.6181484,3.019417,0.4317963,-1.9555848,-0.83957344,4.953349,-1.2745063,-3.0541508,1.4844186,-1.0549743
-0.9327491,0.23045734,-0.40559056,-0.91506773,0.26253688,4.4866414,-0.903301,-1.867945,-0.044291664,-0.09011875
-1.1375256,2.4426808,-0.095574684,-1.6953794,-0.8364502,4.9901896,-1.2713735,-2.539819,0.29266605,-0.102570996
-1.1610293,1.940857,0.47861362,-2.0776355,-1.7401185,5.321043,-0.9646071,-2.5267193,0.07654664,0.803384
-0.48087746,1.5708898,0.5470074,-2.026547,-1.5920253,4.7852864,-0.30338076,-2.2178485,0.42176172,-0.52386445
-1.3145639,2.146464,0.6046739,-2.3960018,-1.7091783,5.2581363,-0.86501265,-2.3595388,0.5729945,0.009785846
-1.221517,2.02373,0.45060888,-1.4231136,-1.098961,4.5264378,-0.79873455,-2.2446623,0.67105544,-0.76739365
-2.4883358,3.8735876,0.9471003,-1.1892202,-1.6579742,3.7853947,-0.88714886,-2.6394303,1.3433411,-0.9136363
-2.1477494,3.2140093,1.4586059,-2.479563,-2.183506,5.6894145,-0.9303446,-3.3185618,1.5400116,-0.80061
-1.6310642,1.6746589,0.7703386,-2.9103012,-1.804075,6.428516,-0.34136164,-2.8300097,0.04989479,0.53752816
-2.1217885,2.1379626,-0.025990792,-2.0276158,-0.6463529,5.9460406,-1.143341,-2.8646796,-0.4515433,1.1647172
-1.2387396,0.0051101744,0.08017256,-1.4764569,-1.0754163,5.188201,-1.4738411,-1.456999,-1.0823342,2.0736132
-1.2254254,0.9052273,1.3349303,-2.3094635,-1.8499962,5.6138997,-0.45694137,-2.6326199,0.95415664,-0.29354978
-0.8539296,1.2999284,-0.51522225,-1.6607925,0.30479908,5.6359186,-1.3703008,-2.657305,-0.11217865,-0.14242558
0.49350375,0.94610286,-0.43186668,-0.8432244,-0.098608576,1.7971593,0.07969183,-0.9762894,0.79196876,-1.8431916
-2.8245168,2.3047185,1.2713983,-1.7848217,-1.474136,5.040611,-0.9226786,-2.3101995,0.87397647,-0.0042007715
-0.4247228,1.6322215,-0.74712473,-2.2332723,-0.099125825,5.3000326,-1.0277838,-3.1247041,0.49332228,0.29804647
-1.2194045,-2.003082,0.73632425,2.635159,-0.75821847,-1.9372388,2.3643255,2.232429,0.058981385,-2.1397576
-2.5670047,-1.4300766,0.5656976,4.736966,-0.5082507,-2.650191,0.48599958,2.6186473,-0.43060645,-1.0424869
-0.8998468,-1.1900958,0.8864563,1.7293477,-0.6322645,-1.4068158,1.742448,1.348475,1.1719613,-2.6992702
-2.4147685,0.54274666,-0.58509827,3.1613681,0.054020874,-2.3423629,0.6361478,1.585638,-0.48295474,-0.2633375
-2.7005348,-0.5552721,-0.25450772,4.2431254,0.9244135,-1.422738,-0.9858959,1.5391651,-0.80207825,-0.27899128
-2.0776505,-0.04806599,-0.44324473,3.5447261,0.4781751,-1.7692195,-0.09738034,1.3598617,-0.88104683,-0.0922976
-0.28789622,0.34637973,-0.74275976,2.0399733,-0.24253243,-2.098966,1.0023545,1.6253098,0.06714907,-1.4027479
0.9388523,-0.23450887,-1.2802883,-0.23562399,-1.1174538,-1.0627769,2.5878515,2.248967,-0.52909446,-1.0152631
-0.33669072,-0.054742545,-0.63377255,0.7949596,-1.4613429,-1.6656817,2.6272316,2.6186082,-0.049858693,-1.5053533
-2.8298638,-0.056028694,0.96918446,3.310239,-0.056859948,-1.1717035,-0.07832675,0.627943,1.2426282,-2.0604243
-2.0810103,-0.623504,0.24996251,3.0428178,-0.1528739,-1.5557705,0.47301424,1.732393,0.4109026,-1.5944287
1.7262707,-0.709973,-0.5649753,-0.22101888,-0.20808512,-0.82029533,1.7389853,0.5915968,0.63035333,-1.9761902
-1.5111948,-0.9328059,0.20208329,3.7522323,-0.2557458,-1.8124708,0.09949018,1.7656399,0.22954848,-1.6478986
-2.4796667,-0.8941058,0.78435427,3.6668482,-0.22254798,-1.3871566,0.01730743,1.1177158,0.4730548,-1.1520007
-0.71824944,0.6667712,-0.24348593,0.81814533,0.8929714,-1.4694592,0.9637803,0.21464361,1.1213423,-2.2345815
-0.34118658,-1.2376909,0.033372246,0.4740369,-1.1876209,-2.0200453,3.7795672,2.3604217,0.46242538,-2.0608304
-0.5075914,0.19536713,-0.18698305,0.7002877,-1.3721073,-1.8678566,3.3819628,2.169456,0.8089388,-2.7566662
-0.95282936,-0.4205401,-0.12804225,0.09204921,-0.17083699,-0.7019843,2.2502828,0.8379503,0.8829868,-1.5699979
-2.0699341,-0.7035785,0.15965429,3.3120716,0.63150674,-1.4744028,0.3443278,1.560943,0.33633104,-2.1712723
-0.23907286,-0.3070073,-0.67431015,1.3115022,0.65505105,-1.2574668,0.76095676,0.48628503,0.699268,-1.3305429
-0.45333135,-0.22618781,0.04908397,1.2651473,-0.4292003,-1.8718022,1.7488109,1.1286567,1.2433325,-2.451223
-0.20069602,-0.1968811,-0.2879684,0.68055755,-0.45645285,-1.6371831,2.7078815,1.236107,0.910872,-2.4326468
-1.1634351,-0.46976876,0.13293979,2.7586882,-0.33615306,-1.8562227,0.38764656,1.318421,0.02621397,-0.7751934
-0.20079818,-0.6640446,-0.53715676,1.509593,0.57963884,-1.2671138,0.88025916,0.86365527,0.8224297,-1.9726943
-0.66106266,-1.142042,0.33915368,0.75734955,-0.23149881,-1.4735013,3.1605124,1.3148981,0.91578174,-2.7869341
0.25838438,0.8957683,0.99076223,-0.91353065,-1.0913737,0.34246403,-0.013116181,-0.9832288,1.6783433,-1.1226618
-1.176719,1.3477944,2.4394095,-0.9547267,-1.4933611,-0.15337,0.73404646,-1.0056955,3.5352554,-3.415297
0.057400525,-1.2480419,2.8203928,-1.4767084,-2.3883288,0.1849935,1.9410287,0.16687459,2.244708,-2.332283
-0.75813305,-0.75917065,2.414084,-0.47950277,-0.9082357,0.3218733,0.9837866,-0.7315867,2.835138,-3.1027446
0.51795626,0.4965637,1.0086886,-0.67107636,-1.1538587,-0.46030876,1.102304,-0.25910714,1.724284,-2.1190631
-1.450149,-0.34775865,3.2745574,-0.5049576,-2.0479934,-0.057789087,0.9235178,-0.49935594,2.8133788,-2.347048
-2.8756595,-0.357709,4.4068584,0.35355422,-1.8832586,-0.09893432,0.4795191,-0.59385556,4.0236106,-3.6395478
-1.6166071,0.81260216,2.4249046,0.14392981,-1.2543211,-0.6435312,1.0120753,-0.29965055,3.3777628,-3.9766014
-2.140835,1.199088,3.1938207,-0.7846506,-0.84284705,1.0152885,-0.46505654,-2.1222675,3.749383,-3.0148041
-2.3403761,0.59414065,4.4893265,-0.23374799,-2.3366497,-0.5152626,0.2837714,-1.0386764,4.1044807,-3.3008308
-2.447187,3.7404823,1.9418787,-1.7728405,-1.4291986,0.022361428,0.6096054,-2.4459972,3.726989,-1.6589158
-1.1588274,1.6313461,2.5405185,-2.0026078,-1.6869289,1.1448227,0.097172365,-2.159312,3.351388,-1.6636788
-0.96396434,0.15709618,2.6431673,-0.6665779,-1.5201974,0.0033575296,0.49359924,-0.4613505,3.0638824,-2.959772
-1.1104674,0.6059505,2.8604,-0.7499119,-2.1928747,-0.82408845,1.1559308,-0.18667829,3.8005953,-3.3810172
-1.5124898,0.36286524,1.8864621,-0.11167392,-0.710915,-0.04208681,0.47872734,-0.3127033,2.302745,-2.5600014
-1.4739379,1.6454386,2.0349317,-1.6483228,-1.5578511,1.5265102,0.39014405,-1.6209126,2.303671,-1.5196584
-3.0220127,1.919845,2.5083325,-0.3808519,-0.83708525,0.57991874,-0.18191573,-1.8221549,3.0827882,-1.8860776
-2.1114173,1.6509188,2.830241,-0.603759,-1.6287005,-0.09938559,0.76564586,-1.2275444,3.369728,-3.0294523
-2.7336075,3.7809906,2.2264059,-1.1077669,-1.1252518,0.6100987,-0.0664399,-2.6915507,3.8848085,-2.5879672
-1.7653213,1.719179,2.0795057,-0.9337149,-1.2964637,0.011783108,0.3786105,-1.4331461,3.4623852,-2.1055808
-3.2479465,5.3075385,1.6289171,-0.8798956,-1.1363549,-0.12439567,-0.15087828,-2.3858213,3.6590533,-2.4951222
-2.772234,2.501723,2.7649207,-0.9587222,-1.6622388,-0.6909679,1.2371234,-1.5982748,4.2585063,-2.9752963
-1.787339,5.444361,-0.28491798,-1.4967473,-0.10162518,0.44500163,-0.5695551,-2.6012495,2.1853156,-0.8374423
-2.3360667,0.72077036,3.7600706,-0.094558164,-1.8099927,-0.82487965,0.43875462,-1.2369508,4.512123,-3.3230956
-2.1149974,2.5048394,2.4301193,-1.0045875,-2.1244593,1.0699996,-0.19916433,-1.9277118,2.8527148,-1.5314301
-3.1324558,6.5498533,0.65970355,-1.1470504,-1.3042791,0.11217243,-0.31186128,-2.665558,2.5368946,-1.0798639
-3.1774993,5.5465636,0.43235537,-1.7514236,-1.673798,0.09710622,0.67747104,-2.4730916,1.8950168,0.78789645
-1.9845226,3.4754958,1.5569085,-1.4685545,-1.6593657,0.45653558,0.13168228,-1.7310929,2.3582385,-1.0350968
