-3.5814972,-2.206615,3.6986845,4.091002,-3.834168,-3.6681755,0.9832703,2.8648689,3.043855,-1.9298809
-0.6651093,-3.756466,3.3876157,1.3260355,-3.3668246,-2.4501445,2.61344,3.1755226,2.1712046,-2.5784087
-3.7591906,-3.2839336,2.9323506,3.5892818,-1.6923296,-0.83440536,0.001813801,2.0044882,1.8072894,-1.2245857
-2.5212073,-3.266593,4.0045133,2.6589205,-4.735344,-3.16453,3.1907918,4.36478,2.1027458,-3.013407
-2.2119071,-2.754037,2.9443498,2.1858914,-1.8298706,-1.8218346,1.4129753,2.9946778,0.54818153,-1.8357663
-1.7594551,-0.78779495,1.3950527,3.0080316,-2.4092522,-2.3719442,0.75265634,3.0213473,1.2173846,-2.3262713
-2.0055106,-1.7984957,3.560443,0.98167145,-2.7411125,-2.361976,2.4488542,2.2911537,2.337509,-2.8413565
-2.0342484,-2.462572,5.234573,1.8780649,-3.91192,-1.6856492,0.4626137,1.4945312,3.390189,-2.7064018
-3.5554032,-1.4890214,3.6855168,2.847279,-3.524197,-1.5364423,1.280423,3.048022,2.7313838,-3.7418253
-3.1186252,-1.1790625,1.9332802,3.7294672,-2.9129152,0.5623498,-0.71201384,0.70279694,3.1613295,-2.7522948
-2.1559877,-1.8545138,2.6395802,1.842592,-1.900029,0.66363025,0.30095547,1.5691992,1.8192396,-2.951797
0.68670124,-1.4832821,1.4077294,0.54129636,-3.2402482,-2.9295986,3.548498,2.9500706,-0.33780116,-1.5033365
-1.8686508,-1.6136175,3.6443224,1.3271772,-2.671163,-0.69942755,0.6964185,0.8444636,2.5951545,-2.583026
-3.7693677,-1.8438404,4.807772,2.1005552,-3.255942,-0.59672177,0.5000568,0.9371431,3.7409036,-2.654413
-1.3366779,-3.8154578,4.602043,0.6752703,-4.5891013,-0.8053134,1.7912508,2.2997432,2.7032135,-1.7141737
-1.2565222,-1.7106278,4.527433,1.5085205,-5.2954473,-3.359678,2.3302307,2.8627229,2.7539182,-2.829365
-3.3860343,-2.7728724,4.3744254,2.4150317,-3.3122213,-1.2300353,0.72526443,2.1048164,2.8317106,-2.0167124
-1.70467,-2.8925443,3.825531,1.8105462,-2.8555295,-3.9904835,2.488878,2.6781218,1.8913107,-1.5614069
-3.254013,-3.9221854,5.317299,1.7036653,-4.3933797,-0.6190414,1.5351208,2.6800723,3.6057277,-2.988885
-2.1891034,-3.5221572,4.5269327,2.0192168,-3.0738814,-2.4513428,1.5891325,2.705825,4.0805135,-4.179195
-2.6250598,-1.9996673,4.4592037,1.1088842,-2.5745535,-0.34140652,-0.22185555,0.17309198,3.7618492,-2.064131
-3.8817925,-1.3663394,3.4842644,3.3224237,-3.1979303,-3.1763618,1.5754817,3.3969,3.3601973,-3.998443
-2.95016,-4.110457,5.132202,2.2602608,-3.3639126,-2.006049,1.6183503,3.1673186,2.9657657,-3.1962154
-1.9663364,-2.6175623,4.542376,1.69439,-5.5093603,-0.72890073,1.8183988,2.6168897,3.2486842,-3.3280623
-0.7905538,-1.7809216,3.3632507,1.1134752,-3.7560012,-3.8040335,3.2321308,3.2907546,2.0109227,-3.0233877
-2.6423976,-1.2550906,1.2281082,3.6410415,-2.3398435,-0.24151605,-1.24217,0.6643871,1.4507971,-0.15833999
-2.6999822,-1.8628706,2.7030258,3.1584094,-2.5872238,-2.9581037,0.58869624,3.6589396,0.48216364,-0.9749129
-2.8223095,-1.5883847,1.9583092,5.0785975,-3.648658,-3.0461023,0.17517784,3.1506555,1.9998076,-1.7952207
-4.2409606,-1.3343148,2.1991553,5.1946464,-1.9582012,-2.1421788,-1.1408602,1.9613419,1.2345521,-0.8164464
-2.149918,-0.4448056,1.2363181,5.067302,-2.6426744,-2.083999,-1.0494794,1.8700551,1.8832235,-2.4839532
-2.4182577,-1.7296755,0.95537,3.1253278,-0.8669255,-3.0635474,1.3229476,2.5926707,-0.17357028,-0.32761103
-6.4530926,-1.964674,1.9980803,6.9869504,-1.3825641,-3.3241894,-1.4697603,3.748044,0.9987979,0.12889366
-3.7742934,-2.8634777,2.648292,3.6600566,-2.4331968,-0.11204654,-0.116505265,1.8298522,2.0009186,-1.6222861
-4.1054406,-2.4514594,2.0756347,5.8745313,-0.97678506,-0.3374176,-2.2700522,0.74644053,1.9905031,-1.2862852
-4.8650546,-0.0068257153,1.004127,5.5220294,-0.032885242,-4.4013557,0.13579798,3.2548544,0.37286964,-1.5370963
-6.411015,-0.8119606,2.018827,6.360602,-1.5241798,-1.5475159,-0.9233976,2.9124641,2.4239073,-2.6757486
-4.660535,-1.2202487,-0.47591835,8.285856,-2.3889017,-5.01871,0.19362569,5.036029,-0.44653386,-0.20346166
-3.7648077,-1.1685394,0.07866029,5.442617,0.13070993,-1.7529309,-1.2422613,1.8689839,0.93948245,-1.5665047
-5.40986,-1.2528048,0.6223618,6.166139,-1.5384939,-2.8239877,-0.7273531,3.0198717,1.8875604,-0.4944929
-2.4950504,0.74135077,-0.5629547,3.8997743,-1.3522363,-0.75248283,-0.7721571,-0.051521808,1.7192941,-1.034609
-2.7529645,0.07936823,0.62533253,4.515696,-1.2144613,-3.827635,0.011780279,1.7488631,0.9281008,-0.8228444
-2.143236,-1.0938886,1.956461,3.7746756,-1.1172057,-0.60165,-0.85980797,0.7130811,1.8435762,-2.8977215
-4.207015,-1.1664908,1.5286489,7.1298203,-4.1109705,-2.8816807,0.28883258,3.8283308,2.4426262,-3.4077847
-3.233194,-2.4136963,0.8477479,5.535005,0.26698026,-4.313877,-0.32086158,3.8959162,-0.14556149,-0.86801934
-3.9674034,0.06647813,0.07334435,7.164004,-3.6942801,-3.969106,0.19209981,3.4067528,0.96014607,-0.9555061
-4.759904,-0.40695053,0.597027,6.929215,-1.5519809,-4.8541317,-0.70466787,2.4412622,0.99772763,0.28987134
-3.2995667,0.451302,-2.1362383,4.906088,1.9261174,-3.0612419,-0.5369177,1.7270417,-0.80641186,0.040246382
-2.6915689,-1.5838917,-0.20016688,4.89546,0.6040145,-0.88974196,-1.2561773,2.5311344,0.025581509,-1.8008237
-3.3555312,-0.23864985,-0.11141384,6.6739473,-0.6089401,-5.2746334,0.38488945,3.2113178,1.391925,-3.1793854
-3.6111026,1.6050786,-1.2073681,4.610186,0.5048327,0.5655599,-3.841553,-0.2940925,1.4081273,0.010299012
-3.0542333,-1.0339911,-1.2673185,3.8745563,2.2647114,-4.283315,-0.5957085,2.488482,-2.2008536,3.0549877
-3.988698,-2.1511416,-1.5389063,4.743751,3.882118,-2.4495878,-1.5575008,2.9703403,-3.696197,3.223793
-1.3078622,0.1110791,0.102761984,-0.107825786,0.51750404,4.370829,-3.367408,-1.8754957,1.2233377,0.19951563
-0.515898,0.04211521,1.166147,-1.4724303,-1.1925907,6.4929895,-2.2942958,-1.8833184,1.6667495,-1.5682983
0.41926038,0.5644916,-0.79085237,-0.97993505,0.82921255,5.4803915,-3.099539,-2.2618468,0.7761775,-0.64989305
-0.4656844,0.34989917,-1.0873463,-0.02814874,0.6366098,4.1534314,-2.871207,-1.0893276,-0.21883315,0.645657
-0.43989718,-0.13292119,0.9618047,-0.8704994,-0.78318566,4.8531346,-2.8738065,-2.155062,1.7474666,-0.23627199
-0.005243793,-0.5681206,-0.7173242,0.39754137,0.034275632,3.5552151,-1.9885231,-0.716897,0.1427828,-0.2660113
0.21728541,-0.45682815,1.7925658,-0.9451189,-1.8430431,2.9814126,-1.2834285,-0.981745,1.4905666,-0.89513564
0.08658476,0.71571326,-0.034016013,-0.89900196,-0.09666665,6.2190924,-3.512551,-2.6003025,0.52464056,-0.10707007
-0.730658,-0.75498176,1.392951,0.71267414,-0.640512,1.6510384,-0.8304215,-0.29759058,1.7007709,-2.2368362
-0.68897927,0.29868245,2.1680377,-0.046541423,-2.0102131,3.9287646,-2.2218688,-2.3500535,4.225318,-3.3296044
0.549177,0.17550778,-0.39336395,-0.3838863,-0.97284245,4.4184866,-1.501423,-1.515487,1.8500392,-2.106968
-1.9751326,-1.3552952,2.5446298,1.209908,-2.3105204,1.4440613,-0.44875348,0.4585937,2.792794,-2.4791687
-0.57443136,0.27862382,2.2571797,-0.2586909,-2.8693502,2.2320144,-0.52145016,-0.16480982,2.8042314,-2.8859339
-1.0033534,-0.98624396,1.1413374,0.6382458,-0.5371369,1.8037899,-1.3073373,-0.320177,1.7601147,-1.1886897
-0.54665864,0.17742103,1.7789147,0.049582064,-3.7979772,2.5208526,0.50961626,-0.110497504,3.237016,-3.728984
-2.9756143,-0.50957596,1.5237234,1.3742641,-0.48876163,5.161005,-2.3891935,-1.3035648,2.1792068,-2.7537537
1.0002353,-1.5013483,0.9102358,-1.2358935,-0.91927075,5.8308296,-2.467415,-2.5753558,2.9734786,-2.062121
0.095148906,0.16264677,0.37779123,-0.76351774,-0.12084727,3.956937,-2.2696502,-2.099571,1.3558934,-0.4868899
0.3278799,-0.9249233,0.37672693,-0.94100165,-0.35263494,4.41856,-1.5933874,-1.3511257,1.5614696,-1.3380725
0.32778442,0.32306582,-0.81529933,-0.60797846,0.17265049,4.3687572,-2.546506,-1.6028402,0.31368867,0.019640133
-0.53378224,0.1611619,-0.32291007,-0.19874348,0.27232957,2.8230407,-1.5071992,-1.089879,0.92110825,-0.46684027
-0.74970424,-0.5878989,0.80234057,-0.61820745,-0.1538137,4.395653,-1.9153281,-1.7859666,0.8071079,-0.24735804
0.26645207,0.033049226,0.38201898,-0.71236557,-0.5991512,4.140819,-2.067323,-2.146043,1.9416583,-1.2338076
-1.1782662,-0.31166077,0.5169599,0.5831747,-0.55597305,3.2598896,-1.9058801,-1.248336,1.3201439,-0.46040994
0.62731284,-0.66321826,0.5850732,-1.347621,-1.1416243,4.847801,-1.9312086,-1.8300501,0.6716405,0.18384647
0.14591776,5.098467,-3.663265,-0.25340635,1.1251633,-1.3898051,-0.86853063,-1.0019112,-1.5541627,2.0392435
-2.3003519,4.7818937,-1.2926402,0.97876143,0.6942862,-1.0335536,-1.192023,-0.3888426,0.03792104,-0.36021876
0.10154931,5.682811,-2.0440931,-0.3781714,-0.77370447,2.4036963,-2.3213634,-2.5959432,1.3289196,-1.144068
0.4110325,4.466083,-2.3676958,0.9421072,-0.15942301,-0.02009219,-2.0428877,-2.198029,0.66499484,-0.055656686
-0.3240944,5.084569,-3.7717714,1.3505764,0.13116501,0.27031118,-1.151069,-1.0414215,-0.15188769,-0.30614477
0.7878557,6.483318,-3.3435526,0.008773059,-1.1982242,-1.6722748,0.23822564,-0.48462448,-0.51740515,-0.49223995
-2.2197924,4.9206,-1.701256,0.21701086,-0.35727838,0.25182515,-0.026966332,-0.6579999,0.97955275,-1.3142734
0.27273166,5.1692495,-1.5549836,-0.5183749,-2.5095284,-2.030589,0.5072255,0.34998628,0.247055,0.014701411
0.7832274,5.593695,-2.605283,-0.6371192,-0.0783589,-1.8465431,0.062177896,-0.76571023,-1.7214512,1.372427
-0.49533498,5.1196775,-2.1702523,0.17635676,0.7947205,-3.207678,0.45544088,-0.52455664,-0.6452113,0.38730937
1.4100207,5.5746555,-2.7562673,-0.09787986,-1.7320983,-1.461904,-0.33777487,-0.5913751,-0.7823148,0.93398315
-2.6504593,6.3567524,-3.9153192,2.4058163,2.2943232,-1.3218875,-1.5564739,-1.1924872,-1.8631935,0.96104896
-0.7796258,4.555287,-2.974719,0.28201714,1.1063985,-0.72251874,-0.880656,-0.9076426,-0.13956949,0.11200981
-0.16542424,5.424472,-1.3690276,0.019157559,-1.4387896,-0.8565516,-0.8260429,-0.6026156,0.8642751,-0.89821017
0.013354197,4.144664,-2.1415691,-0.19937441,-0.24328281,-0.5920509,-1.103806,-0.8415723,-0.09032115,1.0548384
-1.9852301,5.1644936,-2.929566,1.7601771,1.469223,-0.19833475,-2.026028,-0.65411985,0.2780927,-1.0948906
0.6764375,6.700333,-5.089028,0.9990536,0.78936034,-1.1106143,-1.9759765,-2.092508,-0.11101124,0.8267139
-0.08399092,6.112018,-2.7684317,1.3093073,0.073550686,-1.3591254,-1.5592159,-2.0293787,-0.4233425,0.6915816
-0.90699995,5.8459835,-3.1440506,-0.3741392,1.4394234,0.12877554,-1.0572118,-2.09063,0.15566453,0.15744682
0.15271825,8.123831,-4.682128,-0.8380127,1.6196673,0.66064864,-1.954543,-3.3302674,-0.46128222,0.67892385
0.29290164,7.395237,-3.7269487,1.1194108,-1.202816,-0.1958018,-1.7969044,-1.7937896,1.151983,-1.0077224
0.055573568,6.5870547,-3.116521,-0.51644814,0.63798404,-1.6619253,0.25782824,-0.91142607,-0.46787116,-1.0736475
-1.8042978,6.581605,-1.9491379,1.5826621,0.12361537,-1.0919895,-0.783286,-0.7672154,0.69455385,-2.4944928
1.3718477,6.3129883,-3.8739684,-1.5842829,0.044258993,0.48684245,-0.78745234,-1.9393322,-0.85072494,1.1858466
0.18347588,6.497298,-3.1623547,0.3223025,0.16290699,-1.5831869,0.0020190496,-0.8979175,-0.8039005,-0.6150305
-0.9168638,3.6148276,-2.1103399,1.569916,-1.216006,-1.2780042,-0.3422897,1.1975563,0.20271757,-0.8968269
0.198209,2.0309744,-1.1964443,1.0750077,-2.389854,-3.202931,2.882954,2.4327743,0.12116948,-2.0254602
-0.114604905,1.2265679,0.397518,0.34406283,-2.28099,-2.2804837,2.5864456,2.164733,0.65724564,-2.9358456
0.62410474,-1.1851442,1.2128425,0.8052254,-4.2197814,-4.0618496,3.8299863,3.758161,-0.75510085,-0.23090489
-0.09642099,-0.57963896,1.660383,1.4639593,-5.003474,-4.6964493,4.845112,4.446143,0.68520474,-2.7616253
1.1084294,-2.827384,2.1717727,-0.3022786,-4.807271,-3.9215143,4.739754,4.9156237,-0.65542436,-0.6213064
0.25034094,-1.1628892,0.44117856,-0.24999815,-1.8317217,-4.072058,4.415291,3.957455,-0.6883734,-1.0603825
0.9439063,3.59474,-1.9806879,-0.3617083,-1.4508505,-1.9641378,1.2641991,1.2028002,-0.5216609,-0.27530307
1.2921463,3.118198,-2.2765024,0.45643285,-1.4750128,-0.29661524,0.1461513,0.6459969,-0.24251875,-1.3343092
-0.7261477,-0.6304109,1.1312518,2.559459,-3.6415975,-3.7829459,3.240743,4.7074904,-0.44129825,-2.784045
2.6834354,-0.9964205,0.881581,-0.6879432,-4.413323,-4.4975615,4.6011343,3.7990966,0.21978286,-1.5466967
0.9727135,1.3324282,-0.34592798,0.36645803,-2.4567316,-2.724043,2.7133543,1.8958534,0.13721815,-1.9515767
-0.4363737,1.0587581,0.18983899,1.0415249,-2.200952,-2.6164632,1.5586782,2.1596897,0.8354697,-1.7835556
1.7637165,-1.0656738,1.3064473,0.30765238,-4.9164615,-4.2345347,5.525799,4.4797134,1.2021134,-4.205455
-0.40106964,-0.7486179,0.20870674,1.5726337,-2.3757436,-3.277276,1.9090798,3.5523422,-1.0150657,0.4475476
1.6768101,-1.3809303,0.5877721,-0.1325114,-2.524625,-3.6373627,4.02312,3.946736,-0.80630887,-1.9226499
-1.7847997,0.6012937,0.3248803,1.6556079,-2.0892828,-3.2937877,2.8724868,4.2339854,0.25576136,-2.8553157
0.9493066,-1.3660979,0.76369864,0.15398103,-3.3257825,-4.285303,4.1543694,4.0490136,-0.33080068,-0.8892186
0.8615268,0.28748322,0.11286572,0.09884825,-3.6319904,-2.2385392,3.2104266,2.5614283,-0.03854558,-1.2775358
-0.16545488,-2.0007172,0.5400537,0.78997874,-2.400856,-4.5897617,5.11048,5.3038144,-1.3853508,-1.2430182
0.32264042,-1.6738354,1.3428664,0.59923947,-3.5465667,-2.5428498,3.9392874,3.3199036,0.42288312,-2.1500657
-0.16251309,-1.7257286,1.1441226,1.8731074,-3.3102467,-3.6207745,3.8119328,3.714208,-0.13165236,-1.6286023
0.0049794167,-0.039214104,1.0018189,0.25079867,-2.7477186,-1.7886655,3.1192484,2.1325808,0.49996844,-2.6327267
1.7081698,-0.72689843,0.30366546,0.28305623,-4.1067934,-5.4233637,4.4783754,4.3911934,-1.5593,0.4659719
2.1188192,-0.40600932,0.3647849,-0.16115749,-4.3860903,-4.500789,5.6912994,4.4470563,-0.091826215,-3.1133802
-0.9393077,-2.3056126,2.123362,1.7636545,-3.9381845,-4.0097823,3.3725872,4.539596,-0.049166515,-0.9037206
-2.0932996,-1.191266,2.361334,0.9817097,-2.8147604,-2.8879983,3.3076854,4.0467224,0.90517735,-2.7238026
-0.1723447,-2.2631721,1.4809823,1.3359252,-2.9792204,-3.442065,2.172372,4.1583824,-1.1589228,0.58353066
0.71141285,-3.2149968,1.9403381,1.3430849,-3.5755327,-5.331399,3.9410622,5.254612,-0.34699017,-0.8202658
-0.15527783,-3.06743,0.9346645,0.7031592,-1.8850682,-4.3701367,4.253128,5.742838,-1.3177407,-0.98966646
0.033178613,-0.8467319,1.1490538,1.4743099,-3.595196,-3.0844233,3.1069682,3.1340258,1.4132684,-3.057267
-2.867589,0.37999558,-1.3735476,6.7021375,-0.9158019,-2.5401566,-1.4068946,2.4423635,0.5855832,-1.8609601
-0.13864268,-0.7737396,0.21114641,1.4996011,-2.7578847,-2.467994,2.1898384,3.7955801,0.23824826,-1.7285416
-1.3533429,-1.3694175,-0.34636518,2.3835175,-0.106027916,-4.8191433,2.2865694,4.551737,-1.6960511,0.19295852
-0.98523104,-2.6612248,1.2775245,2.570895,-4.081401,-6.039295,3.99776,6.4977255,-2.0816321,1.1118755
-2.3107052,-1.7270577,1.1635432,2.1415431,-2.6706553,-4.5031257,3.5050576,5.0305066,-0.404833,-0.37622952
1.5365906,-1.7334745,1.0498611,0.18630359,-3.7426379,-2.4276881,3.404597,3.617897,-0.6225277,-1.2260647
-0.480927,-1.9594839,1.9607339,1.9386232,-4.363919,-5.432927,3.8048244,5.057683,0.5152327,-1.4103401
-1.7452489,-2.269644,1.5975044,1.9115684,-1.8271711,-2.743582,2.289416,3.6619537,0.16227877,-1.3298167
-0.03242062,-3.6647725,1.4142058,1.0250647,-2.0399277,-2.7206364,2.3626153,4.009613,-0.8853904,0.09437938
-0.83461,-1.4602381,1.995115,0.09466234,-2.705934,-3.9803665,2.8494933,4.5508876,-0.34027955,-0.15451004
-1.7440614,-3.2152367,2.801161,1.3913765,-3.4915502,-6.14472,4.897771,6.8053455,-0.36893776,-1.1338358
-0.22925772,-1.0161769,0.3371455,0.74247086,-2.8558853,-4.256745,3.9437377,4.888818,-0.7454096,-0.7816247
-0.057597503,-1.5254481,0.6117428,0.9319216,-2.1483648,-5.1975527,4.4772563,5.4897733,-1.9187318,-0.9326259
-0.90144527,-3.6496725,2.0990562,2.245289,-3.1693833,-2.5449443,1.5654122,4.241185,-0.5551601,0.5019185
0.13173072,-0.63809925,1.1710672,0.89239454,-3.1881018,-4.3922987,3.5746262,3.7423794,0.7175139,-2.0458345
1.3315295,-2.2315898,2.7214594,0.090568185,-6.170944,-4.4592752,4.9989595,4.9905577,-0.32881522,-0.94651616
-0.50663453,-1.8350842,-0.04651189,2.946875,-2.1647916,-3.78666,1.0593427,3.6642246,-1.1824678,1.2279907
-1.4223882,-0.6855664,1.532778,1.0951645,-3.042194,-3.106898,2.5783718,3.3441057,-0.27782118,-0.19981016
-1.7880398,-0.8330686,0.9505837,1.0815165,-1.0191624,-3.2658153,1.604816,3.8139544,-1.0407732,0.34399217
-2.9165454,-0.76725435,-0.8481014,2.1179948,6.689563,0.7793955,-4.003803,-1.8453237,0.5844027,-0.27979165
-2.3888712,0.16654146,-1.4486275,2.8494136,4.0312166,-0.5023605,-3.2467089,-0.5875453,-1.266181,1.7853258
-1.2591046,0.12747335,-1.9363542,1.468472,2.5026774,0.19775568,-2.345113,0.51203,-1.74213,2.1853404
-2.1504292,-1.0572827,-1.9435804,3.3182902,0.6464099,-1.7254732,-1.9226675,2.6043413,-2.5973332,4.5078344
-4.337675,-1.0504491,0.11423704,5.216711,1.0391148,-1.171071,-2.8449624,1.572593,-1.1440452,1.9809451
-4.4516516,-1.5162357,0.47517604,4.6533895,1.0356735,-1.5073531,-1.7884282,2.255728,0.12317428,0.100570545
-2.8560967,1.3573197,-3.174838,3.0575902,4.6393642,1.7996273,-4.838273,-1.4642577,-1.6410072,2.7548702
-2.9746406,-0.06303656,-2.929288,3.7900245,4.669318,-3.0884116,-2.5303385,1.3453672,-2.483633,3.5432231
-1.5530261,-2.4395323,-1.7132852,2.8613384,1.9714135,-2.1853755,-2.2562337,1.9134552,-2.7798572,5.57893
-0.3899579,1.3906623,-3.9430563,2.612422,0.6512312,-1.6028876,-1.5191538,1.3846333,-3.3500664,4.2455025
-1.78767,-0.16986173,-2.086576,3.6110027,2.03593,-1.4889247,-2.8979826,1.3917719,-2.6981947,3.6575963
-0.49916655,-1.657987,-1.6080027,3.4382482,-0.66626644,-4.1358953,-0.7444359,3.2587612,-3.4964101,5.285578
-1.3814808,-2.2608073,-2.846907,3.2968738,2.5182834,0.17882304,-3.2574365,2.027546,-4.6450562,5.806116
-2.9986305,-0.5649931,-0.88007975,2.684659,2.303806,-2.2455437,-1.3499663,1.5799528,-2.3072565,3.4024975
-1.0828202,-0.9340085,-1.5666435,2.4409091,1.3903697,-1.2551401,-0.88171786,1.2687371,-1.096364,1.1350282
-1.4924489,-0.46830565,-1.4006662,2.1682866,1.3550621,-0.8395887,-2.457886,0.9559562,-1.482049,3.2518327
-1.3449605,0.78767157,-3.6273656,2.200889,0.46261558,-2.1945615,-2.3370795,2.0742111,-3.264507,6.7654276
0.7217523,-1.2210468,-1.1738923,0.8386028,-1.5824715,-1.9339249,1.570846,2.9994001,-1.97502,1.5937954
-2.4561234,-2.0354216,-0.95037526,4.1889367,1.4426804,-2.7652218,-0.45513415,2.592717,-2.5777152,2.416138
-3.347911,0.7279279,-0.4173839,3.6100233,2.0926569,-2.618006,-1.3232195,-0.16645202,-0.0025995374,0.8261717
-4.570017,-1.8330387,1.7213619,5.277591,0.41210648,-2.3631396,-1.0354899,1.661751,1.2322264,-1.3194777
-3.7175186,-1.1825998,0.96074307,4.4983945,-0.5887294,-1.5050607,-0.49762684,3.064317,1.4052932,-2.9912183
-3.7655392,-1.0510132,-1.0798485,5.48866,2.0975626,-2.0715516,-2.3657606,2.0788574,-0.9237094,0.8474598
-3.530908,-0.5006939,-0.13219678,5.3348722,-2.1227467,-2.6984885,-1.1612722,2.8253086,-0.35887975,1.608818
-0.92562485,1.5014466,-3.2315238,3.4244254,0.69426954,-0.86274856,-2.7875218,0.35946402,0.035411596,1.1235974
-3.0729873,-3.0317307,0.05776483,4.5893774,-1.1106322,-1.0325842,-1.593192,3.878846,-2.0928862,2.7918856
0.8371769,-0.47704425,-0.59303725,0.805815,-1.6926616,-3.3555193,1.2668099,2.8281734,-1.9860883,2.1150365
0.8105188,-0.8870259,-1.7063646,1.0302448,-0.18950674,-0.2648641,-1.7801831,1.3093777,-1.7738447,3.1346898
1.8246099,-0.5425164,-2.4943392,0.26729634,0.9382013,-1.9430878,-0.0899989,1.6506654,-3.2947514,3.376386
1.1830652,0.10061473,-2.4457312,1.4210145,-0.47481403,-3.3400075,0.12250352,2.6305854,-3.7157683,4.1483746
2.7150066,0.27123547,-1.8673306,0.09421316,-1.8325558,-1.6118889,0.11106098,1.379317,-3.0637038,3.5521452
2.568502,-1.7785867,-1.6661551,1.2159133,-1.7978442,-3.260605,0.36142647,2.4528387,-2.8641908,4.1919794
0.7210892,-0.61973643,-1.7302711,1.1389287,0.20658897,-2.0697205,-0.9031217,1.8212087,-3.2049758,4.4973965
3.5207458,-0.15603167,-1.2994525,-0.50540507,-3.128222,-3.4007025,1.8660035,3.1179755,-2.9882364,2.880728
1.235347,-1.9384909,-1.4646263,0.004188195,1.7488676,-2.19922,-0.32186383,2.311573,-3.3312585,3.8480203
3.0965307,-0.12975502,-1.6823637,-0.026035875,-2.055709,-3.6982343,1.521613,2.7323318,-2.8927555,2.9497833
3.8253837,0.828498,-2.3980498,-0.8984252,-0.588797,-2.073869,0.58513665,0.8702575,-1.911274,1.5825003
2.73554,-0.2926176,-1.7361438,0.3188878,-1.8169498,-1.4933362,0.38252842,1.7032421,-2.5535686,2.7347512
0.7022507,-0.32983175,-1.2370808,0.7832295,-0.9632995,-1.7890537,1.2767271,1.8089333,-1.5643333,1.1223371
2.8180556,0.28725517,-2.293288,-0.13945206,-0.5721103,-2.8184395,1.0197126,1.7849755,-1.667716,1.424082
1.9368588,0.31900334,-1.3932619,0.012423307,-0.8220988,-0.4985457,0.02281879,0.43571815,-1.2055485,1.1544284
1.6330827,-1.0076491,-2.0309215,2.1459157,-1.0746891,-3.212536,-0.76110363,2.4243731,-3.6998832,5.2808003
0.35883564,-1.9663081,-1.4292266,1.5823952,-0.8541472,-2.2943697,-0.91175616,2.9878843,-4.1524467,6.421403
3.5348809,-0.14493594,-1.06984,-0.022081047,-3.5754457,-3.4115431,1.7049632,2.7531788,-1.2962607,1.5024301
4.3643265,1.2291923,-2.0074701,-1.40798,-2.0669124,-1.8747334,1.6762432,0.6442592,-1.5689795,0.959162
1.7352453,0.18248212,-2.7321477,0.30570278,-1.000699,-3.4077547,1.3588873,2.762944,-2.9301922,3.4924703
3.628607,-0.62333405,-2.0890448,-0.56166005,-1.4510651,-2.8503163,1.3617188,1.9617777,-2.8534632,3.1909573
1.8659805,-0.118249804,-1.7759941,1.2020738,-2.605994,-3.7205565,2.8228753,3.5434701,-2.4595785,1.0897903
0.841826,-2.4151363,-0.38244596,2.1063511,-1.8311772,-2.6114423,0.37420022,2.8251421,-2.2376053,2.8771017
0.2565478,-1.5497195,-0.80589706,1.605176,-1.062057,-4.5233192,0.22219312,3.3152163,-1.9540716,3.8211863
1.0937722,-2.0566974,-2.5333228,2.0543978,1.0320544,-3.3767247,-0.22858861,2.540795,-3.586217,4.4387627
-2.7224476,0.5399524,3.0752401,0.77856946,-2.3429823,2.6933825,-0.8181728,-1.3895016,5.7967863,-5.5369635
-3.4472358,-0.04135993,0.89240825,3.725098,-3.1328762,-1.3585756,1.0148996,3.320944,0.11183694,-1.1423217
-1.5714297,0.9109087,1.8262243,-0.43791246,-1.1956154,4.2058673,-2.8457289,-2.1718872,3.2928631,-1.9392064
-0.53364384,1.1563221,1.5589981,-0.23608238,-2.7573586,3.124074,-0.5613712,-2.2225068,4.510245,-4.0750723
-3.4403124,1.4389629,3.10633,1.5667992,-2.9737074,3.3576624,-2.198767,-2.5675457,6.4510994,-5.3059387
-2.0021358,0.56052625,2.5521853,1.2449858,-2.3038588,1.8968146,-3.0340192,-2.3449206,4.920399,-1.8895948
-0.08541216,-0.33468825,2.6973643,0.16942638,-4.1887617,0.13989595,0.9243306,0.137003,4.9527974,-4.1760864
-5.3419166,-0.4680214,1.7211521,4.99818,-0.68824303,-0.9367265,-1.5487399,2.0772104,1.9524114,-2.2800586
-1.1630425,-1.7254266,2.9258702,2.0445836,-2.9288495,2.0680814,-1.689376,-1.1059871,4.006309,-2.6369522
-4.2847176,-1.6742,4.5407495,1.9833083,-1.8636745,1.8196864,-0.853536,-0.6366066,5.501455,-4.672814
-3.2078595,-0.54069424,3.546879,2.107247,-3.2852886,1.7988884,-1.780169,-0.40253344,4.7521667,-3.3888555
-1.3486645,-1.001132,2.4395585,1.38904,-2.3524485,0.26643687,-0.1626426,0.17783871,2.1866791,-1.7285495
-0.2901113,-0.40603396,1.960249,2.0661314,-3.379427,1.1591356,-1.1076143,-0.7499449,4.5542808,-4.1108866
-2.804319,-0.8183402,4.0680304,1.0121691,-2.6168606,0.438573,-0.6492247,-0.028761402,3.3941298,-2.0109715
-1.5068754,-1.8418537,2.3588562,1.3532131,-2.8465834,-0.71747667,0.9519983,1.9891293,1.9834464,-1.9385817
-0.051259413,-1.4991871,4.011058,0.26119766,-5.276719,-0.0244793,0.27142364,0.6343039,4.1378427,-2.4122055
-1.2459344,0.5605749,1.1006761,2.0938003,-2.5264134,0.4190107,-0.33295602,0.37692526,2.2253115,-2.7763464
-0.67016315,-0.5537369,3.7492235,-0.19287303,-3.5792906,0.6590358,0.008820059,-0.9623761,4.343104,-2.9153826
-2.3202937,0.36687362,0.3702363,4.559637,-3.4934762,-4.3242435,1.8873945,3.1257288,0.50357425,-1.5094042
-4.7787747,-0.2264061,0.72075063,6.191197,-0.67539954,-2.0513241,-1.6624238,1.299399,1.7631174,-1.2418352
1.6676351,1.7912179,-1.0404563,-0.8699467,-0.7788369,1.0499668,-0.68390876,-1.8053219,2.15151,-1.6228844
-1.7100068,2.1957889,1.2593195,0.8017392,-2.5964272,1.3075535,-1.5159668,-1.345151,4.331103,-2.7077327
-2.1150353,-1.4715847,1.1597102,4.1489387,-0.9196859,-2.346715,0.08897126,1.209531,1.8105297,-2.3834407
-2.0710082,-1.3116047,3.6454203,0.18784833,-1.7071608,1.4241731,-0.7442045,-0.49765107,4.934296,-4.112011
-1.0768517,1.6584929,2.084618,-0.85918105,-2.593154,1.3002493,0.24260914,-1.397161,3.8991249,-3.1862023
1.552022,0.16030598,-2.5134661,1.4477901,0.5477354,-1.2178569,-1.9851992,0.34091717,-2.8642738,4.020463
-0.3106495,1.7907382,-3.156249,0.98156786,1.4321064,-0.46319264,-1.7379233,0.85985124,-2.8581908,3.4860399
-1.5300182,-2.006373,-1.407356,3.1417406,0.7391753,-1.7197785,-1.8553903,2.1962836,-2.594135,4.3489633
0.37300104,-0.6170131,-1.7354419,1.370302,-1.1908543,0.38431537,-1.7115339,0.82486916,-2.8307464,4.8598557
2.4879284,1.70747,-1.1275582,-0.8618393,-1.230458,-0.28031212,-0.23173943,-0.7656095,0.22304651,-0.08946316
1.2970537,-0.5151395,-2.142495,2.241036,-1.3092124,-4.89837,0.28232706,3.1805756,-3.354409,4.72405
2.431829,0.26153642,-2.1636167,0.5696256,-1.9445902,-0.69843847,-1.2580544,0.96335185,-2.110284,3.7127147
1.1252637,-0.52446616,-2.7815523,1.2601194,0.99888766,-2.7147236,-0.030439464,1.8636321,-3.034664,3.3334296
-1.5463215,-0.23440039,-2.541395,3.0272827,0.64308625,-1.7564542,-1.2146503,2.7470841,-2.6380665,3.0393274
1.486262,-0.88938296,-2.5719042,1.7296538,0.5879737,-1.8499727,-1.2757283,1.7601633,-3.3958967,3.964624
-0.2616192,-0.7947731,-2.456314,2.4516046,0.66425014,-1.8385055,-0.8079607,1.481452,-1.928719,2.8699737
2.7610917,-0.32532012,-1.7389407,-0.033073455,-1.3605976,-1.7923505,-0.080560654,1.2774564,-2.800163,4.0766582
1.991273,-0.5348909,-1.2769151,-0.44308087,-1.1632018,-1.8982577,1.111061,1.5851374,-1.739792,1.9821521
4.8266964,-0.21130794,-0.8376743,-1.8303331,-2.6664226,-0.2535308,0.8150029,0.39071864,-1.0830823,0.91825795
2.1060688,-0.20562673,-0.71485233,-0.5317487,-1.5494052,-0.17824084,-0.12455934,0.31623513,-0.8239695,1.4322249
0.55156946,-0.22932416,-1.5742881,1.5673884,-0.7650924,-1.4223502,-0.3977639,1.3978074,-2.2246711,2.7853396
2.6771584,-0.59783727,-1.202456,-0.5090357,-1.5544177,-0.5288466,0.45809624,0.6384983,-1.8355733,2.4065974
1.2575418,-0.38998032,-2.3119378,0.91406107,0.2331587,-1.9204733,-0.29099676,2.047972,-3.5369341,3.6673698
2.7985797,-0.4368626,-2.0657408,-0.6188264,-0.298978,-0.53325677,0.18508363,1.2098255,-2.8536828,2.6173465
2.595029,-0.95880675,-1.7091153,-0.5292057,-1.4082301,-0.7602261,-1.1763502,1.2129502,-2.3970602,4.8592343
1.5649599,-0.46005252,-2.0446537,1.6616269,-1.6939468,-0.9822733,-0.94518995,1.5714322,-2.4633021,3.3100111
0.3000177,1.4882306,-2.0993195,1.7324128,0.26263437,-0.927978,-0.72060853,0.46688026,-1.2017041,0.51301086
1.2425578,-0.39863837,-2.5009832,1.9550011,-0.98944783,-1.9170656,-2.106198,1.1589991,-2.7385886,5.749837
2.5130224,-0.4816534,-1.4875033,-0.007052645,-1.2885221,-0.061888456,-0.10335596,0.86057925,-1.9327269,1.9133792
2.4535174,-0.569821,-2.7264879,0.35169062,0.028620046,-1.9695718,-0.31754407,1.7546258,-3.687452,4.438609
