0.80374795,2.5402124,-0.86660063,-0.48481596,-1.5226991,-1.7860075,1.3667558,0.28300482,0.12334468,-0.40015775
1.040663,2.4411335,-0.40469313,-0.65861,-1.7667183,-2.465648,-0.21348988,-0.28983375,0.7490506,1.2894228
0.95203507,1.5973793,-0.010899186,0.11960879,-1.6978505,-1.6243922,-0.0032108426,-0.3122403,0.39377886,0.69747865
1.2158706,2.6922536,-0.17430806,-1.265573,-2.0270154,-2.3767962,0.94211197,-0.49815044,0.615355,0.73178816
-1.5831242,1.6473747,-1.1945674,0.38856503,-0.47500616,-1.3141539,1.3581065,1.138449,-0.49749094,0.5233146
2.5534985,1.9094502,-0.9492321,-0.8262657,-0.8091133,-2.0767455,-0.36247805,-0.7559178,-0.9268248,1.9986616
2.2223275,2.733093,-1.0244014,-1.3553752,-1.216511,-2.3677945,0.6610482,-0.8248513,-1.2316685,2.1482174
1.9804176,1.5016774,-0.942009,-1.0256468,-0.73391765,-2.14774,-0.044797502,-0.64404905,-1.1174648,3.1537187
-0.6195482,1.5877297,-2.2072012,-0.3207195,0.19080713,-1.4670858,1.5860559,0.4869355,0.9892893,-0.20691486
0.95393074,1.8470937,-0.31312454,-0.27449435,-1.7913895,-1.5471417,0.5566459,-0.01649928,0.09271369,0.55614275
0.66467273,3.0673327,-0.12570801,-0.12513751,-1.7859936,-2.9449983,0.5795183,-0.9231482,0.40486348,1.1024425
-1.9216381,1.8540393,-0.6718776,0.34300587,-0.6930861,-1.1551895,1.4840721,0.6233118,1.6121567,-1.4633291
1.1562747,2.6137848,-1.7870224,0.55773234,-1.2186675,-2.5901744,-0.11753869,-0.03222291,-1.0867027,2.4674149
0.58784705,2.0237439,-0.26969674,-0.79319686,-2.066381,-1.8508601,1.2462775,-0.1536623,0.46872956,0.4798476
0.19073561,1.978443,-2.0541775,0.1304101,0.60534054,-0.7992813,-0.9770912,-1.3950944,-0.8903258,2.9012556
1.5856129,1.3124157,-0.736694,-0.90073216,0.8524079,-1.0036842,-1.6475562,-1.7906784,-1.4044895,3.4813874
0.89961267,2.3888738,0.39118475,-0.10248688,-2.3406425,-2.9756014,1.4562258,0.46949047,0.12424492,-0.09310688
0.51571554,1.3090099,-0.07842024,0.15884268,-0.6950307,-1.6092952,0.29857057,-0.03623286,0.0326147,-0.010372892
-0.4218515,1.3577253,-0.4643966,-1.0210549,-1.7622411,-1.6297802,2.8144188,1.3003825,0.40187195,-0.63549316
-0.08281237,0.6027447,-0.4810567,0.17562237,0.080146976,-1.4625634,0.34603575,-0.064253286,0.338831,0.603609
-1.2979293,0.14968887,0.8818556,1.3045603,-0.37162703,-1.7630477,1.122147,0.6512252,0.21891531,-0.9661064
-1.7419819,-0.5961127,0.007637024,2.4828827,0.3486805,-1.6933932,1.3582518,1.5484043,-0.1886858,-1.4555466
-0.29696557,0.09359577,1.8867022,1.1443454,-0.64841497,-1.0401962,0.05262489,-0.7271671,-0.03845934,-0.6293218
-1.0279993,-0.31970656,0.76736605,1.6352654,0.5576594,-1.7404789,1.1122515,0.92735094,-0.65604186,-1.3046511
-2.643427,0.018497854,0.7478786,2.253369,-0.6608104,-0.89339834,0.66152364,1.6530457,-0.7609953,-0.33756483
-0.9972018,0.44990495,0.53465325,2.5806513,-0.015993677,-1.2281476,-0.7717616,0.3541388,-0.93150526,0.019560918
-1.6897148,0.08535972,0.11987913,2.7219112,1.1079578,-0.53694624,0.40322733,-0.04935123,-0.87086964,-1.1643524
-1.3198701,0.19529071,0.49702,1.8052071,-0.37119362,-1.6190393,1.3104258,0.9799902,-0.30784413,-1.2547765
-3.3506308,-1.5228597,1.6777349,4.3745728,1.237396,-2.1522174,0.50639355,1.3109434,-0.09892941,-1.5972416
-0.8700694,0.5382929,-0.6458123,1.2228886,0.6573983,-1.1130272,0.20182177,-0.013549879,0.03792449,-0.22808166
-1.6883088,0.9944266,-0.5210745,1.8948458,0.36470538,-0.35542715,-0.14178199,-0.40976316,-0.74847096,0.52990794
-0.27876732,-0.28568554,1.5683484,1.6194718,-0.06812652,-2.1830263,0.8176966,-0.30661157,1.1202554,-1.9017425
-1.8837129,0.11889222,-0.36520246,2.7651393,1.2228813,-1.3326321,0.5940337,0.13444567,-0.47344857,-0.75475186
-0.6611265,0.67743325,0.753884,0.7158543,-0.643631,-0.81389695,0.43029958,0.39617437,0.30928412,-1.1499128
-2.7033038,-0.15829687,-0.10037434,2.3668249,0.7811629,-1.4781787,1.2044752,0.9127661,0.0037881956,-0.6094699
-1.1585661,-1.2538278,0.8266413,2.9837158,-0.018338762,-0.9877669,-0.46470603,1.2557614,-1.6854479,0.60687774
-2.4661765,-0.28379527,-0.46122146,3.1218727,1.5594403,-0.49903506,-0.644099,0.6257122,-0.26208517,-0.7353582
-1.2239163,-0.27672207,-0.009148687,2.6012185,0.63389546,-0.5420657,-1.2157915,0.11264281,-0.6335609,0.681073
-0.28483686,-0.008388311,-0.55140954,1.0952458,0.5248123,-0.20716669,-0.77277744,0.8333577,0.01516249,-0.65008956
-2.365482,-0.35589892,0.064982414,2.5314837,1.2413896,-1.3134097,1.0164695,0.5640069,-0.8489932,-0.4706365
2.7236114,0.18188891,0.37638608,-1.7689134,-0.2352845,-0.5226987,-0.6299819,-0.8421386,0.29255483,-0.039971635
2.1168165,-0.20334446,-0.2201452,-1.7921113,-0.40324825,1.1528682,-0.35820693,-0.93838763,-0.56040996,0.7224184
2.5131295,-0.1668705,-0.53745425,-2.2753744,0.6572626,1.0130858,-1.3790416,-1.458686,0.0147471875,0.92696124
1.2697533,-0.6562607,0.33840427,-1.4352208,-0.82166356,0.56084657,-0.48867196,0.20760375,-0.3040283,1.0911863
0.83012843,-0.5392364,-0.38693327,-1.2411785,0.3775701,0.18660717,-0.018995047,-0.11872,-0.43136308,1.1007391
2.382916,-0.25079653,-0.5612845,-2.504767,1.121277,0.9629152,-1.1399009,-1.636252,-0.9797517,2.009809
2.3115358,0.055221796,-0.5837084,-2.3472204,0.54646224,0.39593595,-0.9610443,-0.8299513,-1.132061,1.920778
2.8548846,-0.32152024,0.56787944,-2.2960136,-0.42855638,1.2573096,-1.3829187,-1.6841782,-0.8358441,1.6626384
-1.1564006,-1.119836,0.65497124,-0.7286035,-0.4690218,3.2769632,-0.6547749,0.24172282,-0.49796525,-0.095744625
1.438042,0.08750841,-0.21865746,-1.7774594,0.5793221,0.9533537,-1.2596946,-1.0694643,0.11988639,0.6785105
2.3950963,0.5981438,0.25725335,-2.0386736,0.09455746,-0.53992146,-0.08419442,-1.5542847,-0.36043823,0.77828205
1.93101,-0.20269075,0.10080752,-1.9200454,0.3108545,0.49494386,-1.23558,-0.82058716,-0.28845048,1.1402503
2.444794,-0.9123205,0.3852176,-1.6568731,0.31034672,0.48583984,-0.9360217,-0.9266807,-0.31454116,0.7310521
0.7765911,-0.22846821,0.16522434,-1.4364372,-0.38286743,0.27298185,-0.03428936,-0.32580006,-0.014466308,0.83374786
3.3276365,0.22362062,0.5793552,-2.3655593,-0.43223467,0.6968213,-1.1454159,-2.1820948,-0.17960185,0.873861
2.2332363,1.1019381,-0.17076229,-1.0813345,-0.536176,-1.5737187,0.16684756,-0.9314855,-0.09860263,0.5426794
2.7451143,-0.030140013,0.044423938,-1.9872628,-0.07452797,0.6651124,-0.5515257,-1.6979413,-1.2780764,1.5437315
3.011723,0.5435213,0.5541761,-1.3690721,-0.9507312,-0.9885605,-1.0499275,-1.2485428,0.18694407,1.0761142
1.8452929,0.38578376,0.4852569,-1.3165051,-1.5239437,-0.2878276,-0.042573787,-0.42027387,0.2827454,0.26112098
1.8059793,0.9074112,0.24667785,-1.3676287,-1.2910569,-1.1902708,0.5251656,-0.3382964,0.37400252,-0.08970435
-0.21196768,-1.4468443,0.27159417,-0.58635557,0.01769019,3.4710069,-1.7263517,0.050654054,0.18990135,-0.1996776
-0.69791186,1.0053302,0.07278645,0.07004869,-0.19331434,-1.6477926,1.0798327,-0.2120404,1.5499297,-1.197387
-1.4213866,-0.7880106,0.9292606,-1.0652298,-0.12273114,4.0009294,-1.0410323,-0.4901093,1.0542693,-1.2428026
-2.011997,-0.7676865,0.90908694,-0.6974809,-0.018532239,4.317102,-1.6831337,-0.4419651,0.5040235,-0.37513173
-0.8415185,-1.9951081,-0.24099064,-0.4125064,0.5458749,3.78926,-1.5645337,0.09371998,-0.67523104,0.94276065
-1.8371881,-0.69480836,-0.10079607,-0.6482265,0.4333471,3.8274012,-0.86032677,-0.26577592,0.33918273,-0.51118386
-3.0262957,-1.0866342,1.0694127,0.9767604,0.16346537,4.011684,-1.4387343,-0.549489,0.73928887,-1.1611683
-0.9507266,-2.2315497,0.71513647,-0.66379946,0.2680772,4.513384,-0.9761807,-0.48402023,0.5754032,-1.1824858
-0.75545454,-1.6195145,0.32123148,-0.12190667,-0.31527594,2.4519453,-0.91188693,0.77062434,1.2407972,-1.0109571
-1.0461928,-0.18752599,0.5265975,-1.7160343,-0.1864622,3.441701,0.11620712,-0.95959294,1.5947641,-1.9190125
-1.3797232,-2.5267675,0.09424481,-1.1652346,0.46989515,5.4897017,-1.6688894,0.5549355,-0.3438169,0.035975263
-1.5729326,-0.64403844,1.1266627,-1.5163894,-1.5312059,5.3327146,-0.6444315,0.06510109,1.3147947,-2.3259032
-1.4107739,-2.0119703,2.0513322,-1.5504981,-0.27871203,5.1428356,-1.5118558,-0.11221635,1.256752,-1.8099587
-0.88307893,-1.8907973,1.2666271,-0.12123078,-0.35640112,3.0282283,-1.1842531,-0.62287045,0.19740722,0.45506078
-1.1869493,-0.57166153,-0.8980645,-1.6233542,0.012563638,5.35396,-1.1344672,-0.22038354,0.562495,-0.75259143
-1.9441227,-1.2624195,0.294171,-1.4241109,-1.034465,5.114486,-1.2056493,0.8983532,0.7641435,-0.45364964
-1.5988464,-1.3612198,0.8097052,-0.8566818,-0.3367735,4.607266,-1.0483925,-0.3045022,0.80754936,-0.9514408
-2.3206756,-1.3450009,-0.16275793,-0.9093512,0.56025255,4.025929,-0.8888377,0.8841628,0.033334486,-0.015814528
-0.77776575,-0.8969933,0.16278532,-0.75075126,0.017099619,3.582261,-1.7628244,-0.20655522,1.2767582,-0.796437
-0.8219931,-1.4184077,0.93103695,-1.5274537,-1.0657597,4.435105,-0.98571444,0.9929446,1.410306,-2.330198
-1.3282405,0.41513547,0.1672753,-0.31600162,-0.8685811,-1.2920281,2.2764854,0.48495138,0.98516583,-0.6796032
-0.29965678,0.82391655,0.54223925,-0.57261896,-0.85020113,-1.0598273,1.6970731,-0.10313567,1.9220676,-2.3518522
-1.6348608,1.4334692,-0.14211164,-0.30200434,-0.42498237,-0.92339534,2.5645175,0.1502404,0.45307356,-1.174025
-1.8897482,0.54828477,0.15574569,-1.4860239,-2.156631,-2.252936,5.3844757,1.8921944,2.1966066,-2.5880668
-0.08746615,0.5276463,-0.12926033,-0.5531788,-0.33866015,-0.87096995,1.7369606,-0.19391213,0.7752961,-0.9765924
-0.6501689,0.8492769,0.11910735,-0.39617774,-2.2126713,-1.716517,3.8048582,0.94406176,0.8483075,-1.7072377
-1.0224863,0.327154,0.281346,0.009610534,-0.61920583,-1.8509276,2.2889233,0.64322925,1.4434004,-1.5240402
-0.076153845,1.5021211,-0.6343303,-1.2907248,-1.0988171,-0.36349875,1.8841717,-0.38720435,1.4567139,-1.1837817
-1.6642798,0.7540312,0.5476217,0.15621257,-1.2076186,-1.2148455,2.1481943,0.1979323,0.96804154,-0.8381051
-1.0132499,0.42878428,0.6681273,-0.15631358,-1.9374527,-1.7157948,3.220046,1.1379988,1.1427454,-2.0220807
1.541201,1.3193147,-0.51476943,-1.473265,-1.7880079,-2.201623,3.2200012,0.72586125,0.31817466,-1.2429885
0.07999417,0.44359323,1.1685853,-1.6749059,-2.918199,-0.7279504,2.7084537,2.1272378,0.5713841,-1.6973853
-0.9688343,-0.014024168,0.52863526,-1.4677485,-1.3693364,-0.86668366,2.7284222,0.93226683,1.7644727,-1.5434242
-0.40874717,0.6033387,-0.12280227,-1.4610302,-1.9849789,-2.0437675,4.423911,1.4315304,1.447577,-2.1492863
-0.45782182,1.138286,-0.4040061,-0.6878698,-1.0157729,-1.2910815,2.8189044,0.59418744,1.1262901,-1.8797534
0.36742017,0.72440183,-0.36809376,-1.2847139,-1.1163927,-1.0943496,1.9111773,-0.026754156,0.74986506,-0.21092825
0.16409248,-0.17511162,0.6145255,-0.4975527,-1.7397494,-0.9588465,1.9374775,0.83811563,0.31848,-0.8038126
-1.4867667,-0.34859815,0.12642193,-0.04177448,-0.8228784,-0.94276637,3.1843219,1.3281293,1.168055,-1.9648919
-0.91153955,1.8659185,-1.6810683,-0.38454244,-0.5376948,-1.5201523,3.3380404,0.2722056,0.1574822,-0.9589957
0.11673224,1.1665668,0.1807349,-0.95521986,-1.2193694,-0.6128387,2.1173024,-0.1555622,0.99188375,-1.8862882
-0.7373495,-0.5921252,1.8653125,-0.03947875,-0.36062562,1.182052,-0.44685036,-0.15656686,1.8413627,-2.6190927
0.46668732,0.48093322,0.65772706,0.38810918,-0.7961095,-1.0513325,0.18692186,-0.63677144,1.4531846,-1.1411828
-1.6605736,0.3635238,1.5223993,0.7441586,-0.37583128,-0.43275863,1.668368,0.16405563,2.3323104,-4.4348855
-0.7792891,1.3716642,2.196986,-0.23763917,-0.8626539,-0.9108724,0.7250135,-1.1327993,3.1720378,-3.685
-0.29214987,0.29618296,1.8969699,-0.21368602,-1.1492097,-1.4773519,1.7521373,-0.17002639,2.1638222,-2.7821856
0.31239638,-0.009147316,1.3815765,-1.2636635,-0.7725276,-0.9713064,1.560595,-0.011756048,1.9947329,-2.4848843
-0.9674748,-0.07516986,0.54441863,-0.3456653,-0.79684246,-0.20988156,1.2319396,0.18065906,1.9496417,-1.5777044
-1.4215037,0.02375871,2.6435616,1.1728609,0.1666165,-1.0443585,0.5059391,-0.9777969,1.2552271,-2.3877773
-0.84638476,0.67970467,0.83352804,-0.33817744,-0.02786947,-0.07338743,1.4806213,-0.43707088,1.4929113,-2.8982475
-0.42540762,-0.2187411,2.3335526,-0.5561356,-2.1609447,-0.65851825,1.892516,1.0808605,1.8224595,-3.1780922
-0.1446521,0.4745817,1.7723043,0.4043928,-1.0105839,-1.7736006,1.0008994,-0.5557034,2.2734203,-2.448715
-1.2661167,0.114674985,2.063805,0.34895417,-0.79433376,-0.15076171,0.8449592,-0.23531961,1.6035156,-2.7415173
-1.3428527,0.18880019,1.5192804,-0.22183038,-0.52358633,-0.8148528,1.6561977,-0.20204419,2.4470425,-2.7511141
-0.29002234,-0.30233377,2.0170515,-0.36943057,0.0021076426,-0.4936186,1.3191675,-1.1635674,1.656768,-2.4578502
-1.6357491,0.9102942,2.511699,0.2647365,0.67623097,-0.28447294,-0.3778795,-2.3369653,2.6339784,-2.501865
-0.43606338,-0.20349962,2.0158343,0.29829338,-1.6120294,-1.6207409,1.8649158,0.9082602,1.6755967,-2.8401175
-1.654781,0.20321831,1.0449077,0.97846484,0.3721678,-0.82969445,1.3670523,-0.4825089,1.9332647,-2.9470592
-0.1805869,0.5303229,1.4622027,-0.7568285,-1.0992264,-0.20946406,1.4345882,-0.41892076,2.6392558,-3.408043
0.37320146,0.19323048,2.2752662,0.41605017,-0.97282654,-1.633536,0.4601025,-0.99667275,2.44479,-2.3691933
-1.316121,-0.4666205,0.22930793,-0.46412823,-0.4720376,0.8620163,1.116533,1.2995523,1.6852925,-2.4825037
-1.2354432,0.08974373,1.0337619,-0.44063064,-0.94450074,0.35868257,1.2498442,0.18827009,1.2365861,-1.6887623
3.1183157,-0.69393814,0.80015063,-1.9379048,0.29540363,0.83683336,-1.5351589,-1.8863655,-0.4314543,1.0659077
1.7139528,0.22240439,0.030815661,-1.0181189,-0.17923993,0.1493043,-0.6704009,-1.4626739,-0.28074557,1.0611304
-0.6726817,1.1967865,0.26064578,-0.40554053,-0.44494885,-0.3994215,0.50494623,-0.62474513,1.9289532,-1.4454889
1.2226273,-1.1039453,-0.20133051,-0.9400253,0.9825873,0.5365416,-0.7100153,-0.8607651,-0.6499109,1.3448584
1.0784672,-0.29002354,-0.4911912,-0.7697681,0.18220422,1.4413295,-0.8949094,-0.5872399,-0.3002742,0.23036462
-1.0433949,0.20215127,0.54172814,-0.66757715,-0.40749115,1.8342874,-0.0641981,-0.46112925,1.1575758,-1.3232738
-0.04097897,-0.37852222,-0.3577696,-0.69895256,0.02507729,0.9259812,-0.58136964,0.13550457,-0.546049,1.1446693
-0.7352307,-0.33275267,-0.04705824,0.010594279,0.13131326,1.1261982,0.085924625,0.037408978,0.38697731,-0.81588507
-1.2830381,-0.114697546,0.31374985,1.1088153,0.70977086,-0.8813574,1.088443,0.159635,-0.4285398,-0.8202745
-1.19641,0.3784437,-0.5960216,-0.70333743,0.302537,1.8122677,-0.61877215,-0.019222114,0.31622714,0.05509101
-0.6438167,0.19775191,0.7488475,0.3652788,0.20226985,-1.8958864,1.6529537,-0.7945707,1.952554,-2.0456305
1.8833594,0.14143881,-0.011757106,-1.1941918,0.4083764,-0.10281539,-0.8852028,-1.280574,-0.032104455,0.8227497
0.28061268,1.1238302,0.96009064,-0.79028875,-1.4334002,-1.0779848,1.5588807,0.27084115,1.5722077,-2.6483467
2.5464776,0.07180536,-1.0151365,-2.0620682,0.0482964,0.020540103,-1.1031468,-0.8935514,-0.73713446,2.62007
-0.46572873,1.5136504,0.25838184,0.12296939,-1.318325,-0.39690346,-0.11402559,0.3548811,1.1745921,-1.4255723
2.3862495,0.12754104,0.15002716,-1.8580788,0.61238104,0.53318274,-1.4143115,-1.7645258,-0.2796966,1.0549431
-0.17479673,-0.46522573,-0.5736101,0.19200704,0.94356817,1.1090121,-0.7945773,-0.17335677,-0.42924187,0.22659679
-0.4635177,0.28050324,-0.098833606,-0.13578506,-0.16569418,-1.2244653,1.5480847,0.41923565,1.2419605,-1.6668727
-0.6133193,0.3704469,0.50007594,-0.25983375,-0.72881055,-0.4125576,0.9482125,0.35213855,1.3342134,-1.4598191
1.3763466,1.0989872,-0.33135223,-0.5311835,-0.59331214,-1.3614113,-1.08597,-0.35730812,-0.92670417,2.6580858
-0.5197059,1.140953,-0.62267625,0.66676843,0.16031057,-1.8748484,-0.1764163,-0.2756426,-0.5709981,2.0641966
0.8313228,0.8527585,-0.4115223,-0.43404102,-2.0183554,-1.6255336,2.0001826,0.841714,-0.51218075,0.2588749
0.10048184,1.2399267,-1.3857609,0.25234333,0.18517691,-1.9701743,-0.10781132,0.13787293,-1.8095647,3.4316683
0.6369113,1.210405,-0.07659741,-0.85605156,-0.101942204,-0.774696,0.10364893,-0.974597,0.084486105,0.6141745
0.38585076,0.83037555,-0.7947238,-0.48194304,-0.5857794,-1.7709873,1.4970683,0.39853954,-0.20867571,0.49162745
0.22545071,0.57956564,-0.012201019,0.119528085,-0.068826415,-0.53314054,-0.7208079,-0.4075137,-0.030788071,0.8359209
1.1441112,1.3367008,-0.5387599,-0.5090977,0.60734844,-0.7669935,-1.236611,-1.7335191,-0.5985862,2.0242474
-0.6197212,-0.07895115,0.70949155,0.8396815,0.6864191,-0.5469448,-0.30027843,-0.4010973,-0.25408277,-0.115898535
1.8570627,2.2191799,-1.222586,-1.3724668,-0.8060259,-2.2158976,0.9847472,-0.5969378,-0.52365065,1.4904797
0.5195081,0.37499574,-0.18856588,-0.12249513,-0.29467452,-0.8411271,0.21937966,0.19687738,-0.46920204,0.5485973
1.4807817,1.8328496,-0.15778208,-0.8935137,-1.0462348,-0.7728145,-1.2424723,-1.4112781,-1.1018225,3.062699
1.6984826,0.74881124,0.08117665,-1.5936418,-0.7101449,-1.1845479,0.75343513,-0.6132964,-0.20508292,0.75589347
1.4996477,1.8937463,-1.2924235,-1.0115865,0.4885106,-1.6540937,-0.055931687,-1.39804,-0.90289056,2.1149127
1.2071136,0.87610614,-0.6959974,0.3462002,0.96933806,-1.8994744,-0.5347442,-0.97068214,-0.9403112,1.4460114
1.0974838,0.9546858,0.6941791,-0.30236083,-0.7141065,-1.5633056,-0.09498028,-0.8475045,-0.34405303,1.1910497
0.23079042,0.12368095,-0.36152595,0.12762675,1.015951,-0.30876726,-1.1386311,-1.5853972,-0.69878435,2.6710327
-1.4773431,0.3415328,0.5455427,2.2706978,0.87729686,-2.225619,-0.28254527,-0.07878429,-0.5291463,0.77177805
-0.61988497,0.71787786,-0.47384304,0.010653019,0.44369245,-0.4832332,-0.8446919,-0.40357083,-0.68825924,2.2850034
0.5210135,-0.19909188,-1.757088,-0.17563516,2.1713045,0.07006286,-2.0297828,-1.1541543,-1.8731382,4.0858774
-0.71227384,0.8742076,1.5241212,-1.0203662,-1.558629,-1.25501,2.8720717,0.24780457,3.0083597,-4.045006
0.34923723,0.7331618,0.5886886,-1.2633173,-1.7347252,-0.51505333,2.5444636,0.17768067,2.2788754,-3.124513
-0.56874025,0.5556861,2.4012978,0.4353139,-0.82012683,-1.3414437,1.3328682,-0.7459423,2.0441895,-3.36946
-1.1452569,0.3343157,0.87179923,0.22980449,-0.5719382,-0.29975426,1.8670135,0.54517704,1.7425388,-3.6308897
0.22879764,0.91878545,1.5192577,-1.5193868,-2.3106532,-0.7205711,1.7139183,-0.27450824,3.000429,-2.8098524
-0.3552707,0.3547798,1.6335871,0.55283284,-0.14109382,-0.8810114,0.6496147,-0.79716754,2.9061122,-3.9584959
-1.4883122,0.3106306,2.1911976,-0.33653557,-1.3146112,-0.82134193,2.35246,0.39112788,2.9047863,-3.9552004
-0.6338266,0.003250897,0.97013605,-0.79257965,-0.8884421,1.1764343,0.3597479,-0.5690021,2.3271415,-1.9522641
0.58031464,0.0065352023,1.4662646,-0.32609499,-0.47016972,-1.9589992,1.5065926,-0.07168639,1.7230959,-2.5495162
-0.52853954,-0.76409686,1.7771513,1.0062423,-1.47742,-0.777199,1.0528191,1.2442114,1.2339643,-2.6992235
-0.19184902,0.06821513,1.3408588,-0.9960542,-1.3448663,-0.57298654,1.8904755,-0.44118026,1.6550131,-1.7629349
-1.0874943,0.9403738,0.32153612,0.3472378,-0.065368734,-0.9045295,1.7524389,0.18838465,2.240243,-3.9661896
-1.2035515,0.35256836,1.5264511,0.020524353,-1.4218829,0.41722292,1.4915445,0.107332826,2.002768,-3.4831738
0.58589876,1.0459946,1.6100527,-0.06073132,-1.3275862,-1.806791,2.2061768,-0.2945272,1.4548633,-3.3588183
-2.3328867,0.9749123,0.74871385,0.15833724,-0.90764534,-0.20377038,1.4016855,-0.11693752,1.7761961,-1.5251112
-2.6514387,0.6855706,1.486146,0.45069495,-1.1019164,0.5725715,1.0688137,0.1135453,3.2612796,-3.9476416
-2.3624554,0.29037103,1.8004538,1.7883652,0.21002033,-1.0861294,1.0465329,-0.2922521,1.7395679,-2.9192832
-1.877926,0.8129895,3.1333039,0.3510464,-1.4546869,-0.621792,1.2820985,-0.46590877,2.7468626,-3.923003
-2.506215,0.89562666,1.3293436,1.4999121,0.017237194,-0.6878812,0.61890507,-0.86628723,2.424174,-2.6048613
-0.91915965,1.4404668,1.1543038,-1.3114185,-1.9839191,0.00874953,1.961804,0.7507997,3.472814,-4.774767
-0.035382956,-0.71811086,0.75360954,-0.8299358,-2.077956,-0.7928788,3.0482564,1.495039,1.5093861,-2.5921688
0.16471785,-0.08904058,-0.10486269,-1.2302865,-0.7037701,0.24178995,1.6992346,0.45250064,1.549795,-2.1704638
-0.6068969,0.0010289848,0.46875098,-0.6588477,-1.7148788,-0.36760157,1.9337496,1.5107251,1.9642074,-2.5739868
-1.3478646,-0.3903427,1.1914346,0.57654595,0.22179854,-0.33898544,1.1954478,0.066373356,1.0695193,-2.1324222
-1.4404355,-0.4423779,-0.4961369,1.2901626,0.53572524,-1.1331252,1.6107049,1.3305132,0.10044334,-1.1624477
-0.14412019,1.455148,0.1685183,-1.7696127,-1.7728727,-1.0374645,2.7376337,0.028855324,2.2152243,-2.1132476
-1.1777297,0.570253,-0.40775448,-0.60393727,-0.051297583,-0.30334646,2.1361537,-0.08335367,0.887277,-1.1029295
-0.9698974,0.24399647,0.552668,-0.8623167,-0.55250216,0.07684085,2.096631,0.2304579,1.4074796,-2.337273
-0.5186007,-0.16432443,0.35164186,-1.0615118,-1.4737319,-0.53233576,3.468019,0.50871724,1.6330585,-2.332033
-1.1748978,0.2063348,0.747237,-0.22885379,-1.4197128,-0.5630093,2.9414911,0.5370828,1.9682426,-3.1591585
0.25390112,0.15753189,0.54564583,-0.77237713,-1.6743497,-0.6569577,2.4800243,0.7934489,0.45857066,-1.7712286
-0.10082397,0.5033556,0.42098457,-0.63398075,-0.76434785,-1.8159808,2.692492,0.81055844,1.291648,-2.7126396
-1.21018,1.7172066,0.11033544,-1.0479026,-1.0502317,-1.6298175,3.543281,-0.024629764,2.3613174,-3.1216528
-0.62454605,-0.1809505,0.40063676,-0.7218468,-0.6382904,-1.195765,2.7386384,0.6326311,1.0060098,-1.570142
-0.1455951,0.2651129,0.41805154,0.010240287,-0.21309769,-0.5321304,1.0610055,0.015452221,0.6353173,-1.6720802
-1.4789189,-0.50961405,0.43123594,0.3391029,-1.126406,0.020837203,3.0601063,1.5200604,0.27433908,-2.4910655
-2.7554917,-0.4395946,1.0689896,-0.6025393,-0.30665463,0.9843653,2.073247,0.094267175,1.8284208,-2.0229514
-0.4160311,0.43380305,1.3515482,-1.0117896,-1.4781203,-1.6723815,3.6162825,0.2154893,2.0428276,-3.4548275
-1.299312,-0.23376244,0.791519,0.21363291,-1.61502,-0.9774254,2.3468752,1.4161707,1.5656725,-2.1033168
-1.3995663,-0.8491186,1.4773942,1.1459199,-0.46833515,-1.0606263,2.106844,0.92447567,0.5240438,-2.3512044
