-1.453559,-0.081276074,3.6763718,-2.018491,-2.5423024,0.63262427,1.4602981,-1.5541474,6.267603,-4.5645013
0.9946594,-0.16501185,1.435229,-0.9026571,-2.5133207,-0.59703875,-0.019545898,-0.0417347,3.122681,-1.3671947
-0.7584492,0.9972561,1.6929146,-1.9735487,-2.7978961,0.56008625,0.24975769,0.19929022,4.2394676,-2.4643302
-0.47293422,-2.5014694,2.6185358,0.1511313,-2.3443792,-1.7189916,2.5179813,1.5384276,1.0982131,-0.8506891
0.17500547,3.211226,-0.9708813,-0.6396046,-0.86935234,-0.18589365,-0.39000142,-0.41624567,2.2063859,-2.1198533
-2.3642073,3.2883458,-1.8786469,0.29116005,-0.22203593,-1.0296602,1.62286,0.37797824,1.0446242,-1.038684
0.34166738,0.57219833,2.5573454,-0.6792324,-3.1915066,-0.8369601,1.05882,-0.9517598,5.2260847,-4.272041
-0.3265094,-3.639613,6.452546,-0.46044445,-4.3517113,0.44464436,0.12278725,0.27666855,3.2715795,-1.8831677
0.019176155,-1.1552825,2.0220165,-1.1776946,-3.631402,-1.6855669,3.5154312,1.8560337,2.0488389,-1.7848576
-1.0153245,-2.5037017,3.9317048,-1.5282848,-2.1673717,0.0043356717,2.9642777,0.46878618,2.6566138,-2.857171
0.2849209,-0.40848827,1.6980294,-1.6875825,-1.3869246,-1.1303719,3.0494769,-0.45607,2.3163753,-2.3122
-0.91001666,-2.3746517,3.052674,-2.0767395,-2.007766,-0.83722806,4.7522798,0.8524596,1.8148893,-2.2059367
-0.52994573,0.78815365,2.771115,-1.460002,-2.6947074,-0.89208007,1.149229,-1.8514203,6.35046,-3.815218
-1.1733702,-2.6528273,3.0556972,-0.022941567,-2.279863,-1.8110176,4.3770337,1.000256,2.1696014,-2.6664135
-1.2419442,0.44845778,3.6674984,-0.16166383,-3.879821,-0.39250907,0.53165585,-1.0895611,6.1205306,-4.2079067
-1.0192105,1.0893726,2.3702586,-1.4129422,-2.0201766,-0.9921988,1.5345124,-2.0211718,6.392771,-4.108955
-0.16227826,-1.8173196,5.0223703,0.2804287,-1.9282799,-0.5651002,0.102616325,-1.7070152,3.1590292,-2.4974766
-1.4069046,-2.53348,5.7056694,0.021988451,-2.1959376,0.669793,0.13411732,-0.8081618,3.8618271,-3.660359
-2.161054,0.7046461,1.9266195,0.71457094,-1.4034805,-0.196248,0.062472895,-0.48831958,2.9697075,-2.250083
-0.86360157,0.20282875,2.4463189,0.0144794285,-2.7625525,-0.3447139,-0.2550987,0.15814799,4.558646,-3.2607174
0.049249917,-2.5735261,3.225376,-0.6540148,-0.33013725,0.58237517,0.28361028,-0.9615508,2.3741155,-2.1161165
0.9615356,4.203452,-2.2288222,-0.14977273,1.1264774,-0.97254026,-1.2547548,-2.32969,0.4833877,0.16239268
-0.06077817,-1.0110906,4.1304793,-1.1566665,-1.5596336,-0.509675,0.20353629,-1.5931901,3.0790322,-1.6662743
0.4539648,-2.2352438,3.713752,-0.6896774,-3.3368623,-1.3682369,1.1310552,0.67371535,1.3151268,0.33868825
0.7202902,-0.7976042,2.7445972,-0.8507829,-1.4959135,-0.43350396,0.1000938,-1.1723905,3.4152763,-2.3497376
0.14827576,-1.6836834,4.7658987,-0.50094473,-3.3103187,0.7185446,0.24672373,-0.981986,2.1549323,-1.6783552
-0.10977569,0.20279293,2.2279131,-1.0000622,-1.9505215,0.21646062,0.2466435,-1.2431594,5.281491,-4.060257
-0.25329763,-0.1654758,2.3783894,-1.6695447,-1.9384258,0.70462453,0.17307182,-0.7802613,4.1318626,-2.709827
0.62669027,-2.368301,4.057279,-0.07864247,-2.2779183,-0.365975,-0.14468475,-0.111588284,3.563227,-2.9979944
0.0042228997,-1.986255,4.8634734,-1.07076,-2.3674996,0.4860293,0.11362721,-0.8094265,3.232381,-2.5810914
-0.45620307,-3.672635,4.8372173,0.5503366,-2.5298405,0.2612591,-0.058440313,0.43265548,0.9148879,-0.34112355
-0.69922507,-2.1793566,5.691749,-1.2678533,-3.35643,1.7523388,-0.90889424,-0.6015635,3.2970471,-1.8584228
1.7272685,-2.0353997,3.4340084,-0.6322845,-2.5699406,-0.5743358,-0.5794354,-0.33821642,1.185694,0.3214267
4.086391,-1.3359327,2.2490923,-2.602738,-1.5177561,0.4905493,-1.3544642,-1.3940333,-0.42241818,1.79637
0.08259252,-2.7883155,4.162076,-0.5080121,-3.008797,-0.18487254,-0.59972924,1.0283428,1.108213,0.66180384
0.37671164,-1.3620204,3.2221406,-1.4661765,-1.4468062,0.3187205,0.12784632,-1.0160388,3.5107996,-2.433587
2.4124563,0.35686052,1.8801776,-1.5955489,-1.8350765,-0.18519822,-0.54746395,-1.1425382,2.9691768,-2.4172747
0.24300465,-1.7547882,2.8813012,-1.5786986,-2.5663173,1.7934376,-0.6596727,1.3932629,1.9789737,-1.7288454
2.5963264,-2.8967996,2.3503702,-1.6727538,-2.0989568,1.1048899,-1.0610374,1.4597039,-0.14504997,0.3833568
1.2360871,-1.066137,2.993202,-2.277584,-2.0760968,1.4178172,-1.0195093,-0.68894446,2.2566874,-0.87287533
1.4560455,-0.23819093,0.7303731,-1.1694837,-1.1176499,-0.62576795,-1.9317714,-0.28632784,-3.8819363,7.1768155
0.72897184,0.22326396,0.88409734,-1.3890691,-1.1653682,-0.22697094,-1.8564384,-0.20599549,-3.381799,6.4997277
0.9242091,-0.36432487,0.45257863,-1.1503985,-0.8145911,-0.6118411,-1.7697006,0.7123259,-3.240601,5.994989
0.18334171,-0.47836608,0.49166238,-1.1776509,-0.7462796,-0.056865722,-1.2090334,0.20038536,-2.961582,5.9236236
0.26243028,0.25156844,-0.022263922,-0.74754125,-2.5426228,-0.7143829,-0.8759851,3.1657577,-2.3337069,3.749669
-0.5079721,-1.1067663,1.8538382,0.19595453,-1.2532275,-1.3456783,-0.27956474,0.38769996,-2.3369367,4.4885545
1.4614468,-0.1690289,0.31749907,-1.5941272,-0.16776995,0.027024299,-2.1646535,-0.05260128,-3.7907894,6.298001
1.0098053,-0.3173474,0.17419985,-2.043996,-1.8779032,-0.033005804,-1.0015652,1.4666189,-2.8349583,5.5939813
-1.0482442,-1.3622262,2.402993,-1.6575541,-2.8714879,1.687479,-1.0218972,1.3973273,-0.6586665,3.1904874
0.34953496,0.39236397,-0.6557001,-0.6308976,-1.039823,-1.1184697,-0.7006568,1.2160153,-3.3863242,5.780014
0.97598195,-0.5541363,-0.11925211,-0.92501944,-0.16176097,-0.40738818,-1.8807193,1.0075016,-5.136628,7.3743625
-1.2557994,-0.56610626,-0.16668686,3.5484757,-1.7872037,-1.8972257,-0.47379625,2.5487378,-1.8401226,2.0586946
1.727258,0.2894925,0.6590684,-1.0548363,-1.495358,-1.8103788,-0.16868164,0.32977557,-2.5980682,4.2616014
0.49499425,-0.735544,0.015113451,-0.6675722,-0.5896212,-0.42060515,-1.8095435,0.73290753,-4.772502,7.969582
0.97357845,-0.28866,1.3248078,-0.8777831,-1.3174442,-0.3448176,-2.1770513,0.28227013,-2.032651,4.575113
1.5515093,-0.034921125,-0.7649073,-1.9787836,-0.5628062,-0.41853592,-0.76497716,0.8034697,-3.9624438,6.333374
0.50392365,0.766295,-0.19031999,-1.7717888,-1.2976907,0.06763044,-1.770395,0.6131302,-3.8009374,7.090183
3.0909665,-1.4854505,0.56105965,-0.99655545,-1.5327045,-1.0959935,-1.5441003,1.7450651,-3.1116536,4.477815
0.33389267,-0.140925,0.13336864,0.03960605,-1.5280335,-1.7221068,-0.88437814,0.90521777,-3.7206452,6.7887588
0.13301119,1.2570753,-0.68314356,-0.22191554,-0.8213484,-1.1970855,-0.47991985,-0.40328914,-3.2182431,5.77758
0.32591486,-1.3498081,-0.23724636,2.034977,-2.5278742,-2.1445,1.0405551,4.359086,-1.7959429,0.49315143
-1.4987503,-1.2971132,0.23538783,0.21418786,-1.2531796,-2.1165311,5.6555305,2.3127778,-0.62741446,-1.5461766
5.706255,-0.31497115,-0.87347716,-2.3405588,-0.14855056,-2.0106297,1.6720976,-0.720476,-1.0145862,0.08403056
-0.20931649,-0.8365627,0.63568795,-1.858187,-2.4801705,-1.5845916,4.545152,1.7755288,1.818662,-1.6985667
2.9368737,-1.2618713,1.7700838,-1.5071378,-1.552856,-1.5104424,0.9636857,-0.32447654,2.1921961,-1.7395604
4.9617968,-0.5257766,-1.0635962,-1.7776146,-0.18190877,-0.41356555,-0.11106621,-0.12388924,-1.2879617,0.57090414
-1.5604343,-1.1872392,-1.154385,1.2134781,-0.9476025,-3.4046745,4.6356797,3.4700458,0.6369947,-1.5849679
0.16068178,-1.554185,0.5042648,0.12160735,-1.3819009,-2.182736,3.4261558,2.3007839,0.13470383,-1.439467
4.498898,-1.3179705,1.1045638,-1.6729035,-0.9408047,-0.87375987,-0.36728376,0.077614725,-1.9687563,1.4908683
5.050366,-0.68895763,-0.0410304,-2.1509528,-1.0737057,-2.055228,1.3894423,-0.074462116,-0.59985775,0.2682532
0.49325493,-1.8946404,2.9039717,-1.2520144,-3.0432212,-1.8433198,3.5595267,1.5435492,1.3719574,-1.7858117
6.194946,-0.16233404,-0.11202373,-1.1872253,-1.4831511,-2.4081304,-1.135735,0.6185904,-2.7939668,2.5950196
-0.4646822,-3.2467568,2.8679495,0.32508928,-1.7433586,-1.2751734,2.4689322,2.2032588,0.066371515,-1.1298021
1.8334955,-1.867543,-0.8805248,-0.31391487,-2.2475286,-1.9553822,2.299388,4.3688912,-1.258683,0.2121745
0.3521258,-0.9208546,-0.5111377,-0.12481162,-0.8928628,-3.0758898,4.9517026,2.1431532,0.5702243,-2.4003832
0.0931457,-2.2626595,1.2381036,-1.232681,-1.7211179,-1.0745627,3.7593238,1.8758264,-0.119563326,-0.5077918
0.9233868,-0.14241357,-1.4258783,-0.42081586,-1.777946,-2.395636,4.302173,2.7412403,0.87254035,-2.5633256
2.317195,-0.8612787,0.024262823,-2.0161886,-1.1529244,-3.1361175,4.924993,0.52803355,1.284674,-1.8402119
-1.4353833,-1.0279484,-1.6991774,1.7363231,-2.4763327,-1.2091485,2.3590474,6.5248413,-1.5919312,-0.8737691
0.0983485,-1.8433632,-0.050001584,1.668417,-2.522373,-1.8876671,1.6167302,4.648895,-1.1156658,-0.44102108
1.1760776,6.0380874,-4.002001,-1.5494778,-0.16505323,-1.0461489,-0.549032,-1.1374998,1.1848664,0.050715916
0.14124027,0.77912587,-1.3346857,-1.8933656,-1.3097403,-0.3600525,1.533532,3.2334487,1.3622731,-2.0583265
-0.3963843,3.9103804,-3.3416743,0.1449514,2.1612659,-1.3731267,-0.36867958,-1.2472972,0.24821098,0.26315835
0.6541742,3.6896114,-2.131018,-1.7653079,-1.5082204,-0.48303333,0.59893477,0.08710745,0.5009335,0.43936145
-1.8158619,-1.0015596,-1.1227142,1.2100668,-2.6241157,-0.88916755,1.3754423,6.0294857,-0.18284045,-0.78181434
0.13210002,3.578029,-1.4389979,-0.38168657,-1.1086237,-0.60876894,-0.90867686,-0.4873912,0.21024664,1.0845412
1.0086406,2.5288403,-1.9048091,-0.14847964,-1.2830708,-0.96612537,0.017003044,0.90746456,-1.8237218,1.8525189
-0.8350011,5.360797,-1.3348455,-0.43599847,-1.2725134,-1.0004109,-0.40037596,-1.2739855,3.0117266,-1.841675
0.56662273,5.724049,-2.4408844,-0.16750282,-0.98075354,-1.9199909,-0.56483734,-1.1255337,0.69040143,0.2793427
-0.41585836,-0.5138714,0.97493917,-2.0613577,-1.3111757,-1.1438696,2.9435174,0.23853934,1.4061623,-0.067775555
-0.71799946,-0.37250942,-0.47592637,-1.3753984,-0.73777354,-1.7410462,3.2070363,2.0428834,1.1070638,-0.8718131
0.5678059,3.0431437,-2.6140099,-0.17202562,-1.113579,-0.7415199,-0.22685646,1.5641884,-0.7465068,0.5599984
-0.45374766,4.3014693,-1.9615024,-0.56976163,-1.1455461,-0.5356432,-0.5157789,0.013574328,0.9342898,-0.01654017
-0.98921525,5.930763,-1.8146428,-1.212687,-0.8312019,-0.15794614,-0.31631804,-1.8078154,1.7956806,-0.5865678
1.6335422,4.7271476,-2.2054005,-1.5443506,-0.83625114,-0.49687693,-0.4551453,-1.766725,0.3023882,0.67786443
-1.5779339,-1.1784419,-0.12282648,4.9249682,-1.3754522,-2.7054648,0.30539346,3.324032,-0.6219166,-0.8592377
0.5196962,-1.8368261,-0.06716182,0.75352764,-2.3456182,-1.3673234,1.1293571,4.6817675,-1.0044976,-0.2807464
1.6129602,5.4516788,-2.4496472,-1.5156922,-0.5335871,-1.0124689,0.11936487,-2.233748,1.2166697,-0.64528185
-1.1436348,4.9499507,-2.8644233,-1.9652314,-0.64054227,0.60164124,0.9569878,-0.541416,1.692718,-0.99238783
0.29484072,5.000281,-2.9416852,-1.4118116,0.4598528,-1.3731688,1.0454069,-1.4741915,0.8850533,-0.4089201
0.27298945,0.88779455,-1.3375574,-0.4996582,3.8737333,-0.978562,-0.2941326,-2.0918567,0.20248224,-0.06434501
1.4754194,2.627254,-2.5428238,-1.3489175,1.125947,0.29752678,-0.485404,-1.5191187,0.37541544,-0.023395427
-0.1553993,1.6219466,-0.6114995,0.14903942,0.80724776,-0.19683808,0.76286846,-1.5606059,0.6208546,-1.4338226
0.578372,2.0917137,-0.9265446,0.26512784,2.3311636,-0.6078762,-1.6078405,-3.0558972,0.48275334,0.33536384
-0.19836566,0.098269686,-2.3408263,-0.40426314,6.531643,-0.3187535,-0.16299252,-2.9604814,-0.2474214,-0.04622359
-0.6951606,0.09841196,-1.8121053,-1.1612957,5.2349086,0.4279814,-0.83475035,-2.2509172,-0.21110998,1.1943141
-0.031585425,0.37728304,-0.64406174,-0.6779787,3.6681526,-0.06378308,-1.1722053,-1.9401788,0.19763024,0.23148522
-0.46531674,0.572938,-2.6523216,-0.33131582,6.408957,-1.0136236,-0.31267637,-2.2097704,-0.9653362,0.95570666
-1.1640004,0.6260882,-1.9220394,0.7496686,6.063217,-0.5001837,-1.1249748,-2.2762887,-0.6973227,0.19473553
-0.695529,0.41894132,-2.1150794,0.17391497,4.187825,-0.4412174,-0.11993252,-1.1005744,0.106362715,-0.4064256
-0.022680223,-0.055955663,-2.75366,0.20847958,5.701634,-0.5714257,0.07253297,-1.83732,-1.0090156,0.28531417
-0.1490083,-0.111339346,-2.0930068,-0.1907799,6.3418183,-0.468195,-0.7720614,-2.416402,-0.81013983,0.6127639
0.57323945,0.54506683,-2.379812,-0.7082078,6.8854275,-1.0054605,0.028352812,-3.0228953,-0.6345637,-0.31152296
2.8269136,-0.49195558,-0.05906173,-2.202434,2.1603816,-1.6180203,0.80270904,-2.5085843,-0.38297075,1.4615319
0.22976455,-0.67176557,-1.4664986,-0.99480945,6.123463,-0.8029485,0.0072729737,-2.9593394,-0.75072944,1.2117891
3.0873573,-0.93542504,-1.5379997,-2.1206727,2.005923,-0.036475554,-0.06255816,-0.7798106,-2.2060907,2.6697876
0.4091203,0.43574125,-2.5018945,0.17080626,6.984954,-1.584704,-0.6603585,-2.737146,-0.84114516,0.28768778
-1.3974155,-0.96074307,0.69972074,0.13094932,1.1423249,-1.0619417,2.9309576,-0.7107589,1.4665741,-2.2437844
1.9104465,0.16305386,-1.5570482,-2.532517,1.3069956,-0.87518764,1.3082614,-0.39525074,-0.39015806,1.0977955
-0.270807,0.3920406,-3.0143044,-1.796803,5.4600224,-0.10110381,0.31225312,-1.4908272,0.45107824,0.05593181
3.6075797,-2.4385974,1.3272995,-1.2500181,-1.9671733,-1.1360221,0.7557507,2.2308915,-2.0192342,0.99195594
2.9624581,-0.7520529,0.019519664,0.66104525,-0.2252339,-2.271789,-0.617574,0.26785737,-1.9284619,1.9440086
0.7365719,-2.612591,4.0252795,-1.2349017,-2.9359784,0.4825157,-1.0468189,0.48950523,1.3748025,0.63047713
-0.31610903,-1.784194,1.1995537,1.5852323,-1.3627226,-1.666064,0.32356334,2.258231,0.5561953,-0.7273118
2.47027,-2.203711,0.24618301,1.4806073,-0.763523,-2.6181943,-0.018060759,2.2546816,-1.9155563,1.180681
4.0911903,-0.49336076,0.7379822,-1.3759046,-1.0210335,-0.9480523,-0.8453414,-0.306901,-0.8821682,1.0388322
4.3514395,-1.5935633,0.5742429,-0.6412298,-1.785994,-2.3391378,0.1027136,1.1880877,-1.3853972,1.5436208
5.199633,-1.2942612,0.7414344,-1.4011841,-1.3816619,-1.0858685,-1.2015421,0.032068875,-1.0532763,1.4570323
3.4904273,-0.80674195,0.44487312,0.3043028,-0.284532,-3.0243645,-0.6224217,-0.574501,-2.7315495,3.902741
3.8195813,-0.2792744,0.11044707,-2.3287382,-1.5789963,0.12125406,0.026064172,0.49323273,-0.821516,0.4949431
3.7221596,-0.7647678,0.40449402,-1.222584,-0.1999927,-1.1058286,-0.69038415,-0.5546142,-0.22977476,0.633096
1.3168759,-0.03519453,-1.5137435,-1.5066288,0.0055198222,0.7423092,-1.5163865,1.4843342,-3.6678793,4.8622875
1.7402104,-2.9196162,1.4952667,0.43293923,-0.9799681,-0.75808406,-0.25345302,1.4771445,-1.8088142,1.6399859
5.8795295,-0.70922744,-0.42361614,-2.5381646,-1.8214949,-1.7249895,0.20480813,1.426741,-1.3508564,1.1736959
4.334311,-1.5130837,0.68738335,-1.072032,-1.9379756,-1.7250546,0.064480275,1.7588615,-0.28852838,-0.25496203
0.8939066,-1.9220741,0.07236973,0.94577044,-2.7630987,-0.9484843,1.1418828,4.2223372,-1.7033709,0.25895876
4.897547,-1.5292333,0.0919858,-2.9438288,-1.3323482,0.4878684,0.3560887,0.3698079,-1.3282449,1.0479041
0.040308654,-2.8580463,0.33931398,1.2125375,-2.4114707,-2.041855,1.5318657,5.797646,-1.4984949,0.08798728
5.168984,-0.3477733,-0.14409995,-1.8056765,-1.9616523,-2.1318629,0.2646798,0.44750172,-0.0915411,0.6618952
8.375589,-0.20437391,-0.79426175,-2.7530808,-1.2573742,-2.5119364,-0.5499907,0.3241767,-1.4423603,0.8924853
-0.04279533,0.2941714,-0.4448193,-1.8301845,-0.65038157,3.7946193,-2.1548493,0.5984854,-1.6762341,2.171131
-0.5308217,0.15499385,-0.5737204,-1.9503379,0.68395543,3.3706553,-1.1810384,-0.64586776,-1.1691163,1.8540475
-0.3404686,-0.3153588,0.3615623,-2.5326986,-1.4155623,4.5680375,-2.285741,0.63723046,-0.4671772,1.8439689
-0.044599056,0.30249733,-1.0568942,-2.7124975,-0.4688216,3.175847,-1.1019833,0.8514164,-1.8219538,2.9679255
-1.2056103,-0.112664655,0.020935304,-2.1443577,-0.4558645,5.3082666,-2.391565,0.31572986,-0.73154294,1.4311298
-0.9282367,0.01756303,0.23812672,-2.3219151,-0.60796857,5.5393705,-2.7915905,0.3620258,0.27331543,0.2218985
-0.51850593,0.22167344,-1.0197443,-2.319212,0.822103,4.697047,-2.8976843,-0.4638554,-1.6292309,3.1445725
0.16946974,-0.9230054,-0.32798433,-2.0810986,0.7902213,3.5633554,-2.140818,-0.63328177,-1.7380227,3.380584
0.0763537,0.62419385,-0.96392685,-2.8441339,-0.40065432,5.0915956,-3.0580864,0.24277478,-0.34842235,1.5998381
-0.148043,-0.9245099,0.09820042,-2.0463808,-0.1363299,2.8623042,-1.6174723,0.53887004,-2.5517223,3.9890318
-0.4292895,0.10425106,-0.64283025,-2.2829275,0.35675943,2.516007,-1.2545172,0.54267335,-0.82742727,1.9659432
-1.0843188,0.51980567,0.009606816,-2.3565476,-0.03274335,5.5048075,-3.5719745,-0.017671857,0.11935441,0.91206056
-1.1760348,-0.9230207,0.36501935,-2.655128,-0.007983074,5.860515,-2.3945434,0.2792784,-0.68224496,1.3543495
0.78385043,-0.23590215,-0.6879101,-1.9978511,1.7696562,1.477028,-0.9736162,-0.6230691,-1.4544642,1.9867182
0.5953667,-1.8824934,0.15822804,-1.96052,1.241774,2.7698429,-1.8194281,-0.22259825,-2.503881,3.6712286
0.42932293,0.22016363,-1.1254758,-1.1735904,0.43670368,0.5936041,-0.7724759,-0.16219836,-2.364892,4.0402803
-0.8222358,0.2601624,-0.32583633,-2.0762663,-1.5020796,5.065801,-2.4065495,0.8618178,-0.034698352,1.0173104
0.29463387,-1.1004994,0.084237285,-1.5830519,0.67634135,3.073335,-1.2171153,-0.7265873,-1.2219808,1.7294759
0.7250432,-0.81648636,-0.47270092,-1.5807731,1.6474571,2.054001,-2.0447583,-1.0727495,-2.1880867,3.764694
0.08313617,-0.46786344,-0.22839329,-2.5054264,-0.19589625,3.084167,-2.261839,0.58669585,-2.0264912,4.007932
-0.21313438,0.21997623,-2.8725297,-0.16257164,6.761198,-1.150858,-0.010864571,-2.2973433,-0.29995665,-0.018983595
0.31708112,-0.6840021,-1.4107258,-0.6549892,4.4158764,-0.78338265,-0.015823051,-1.2518455,-1.975143,2.0364056
0.09679246,-0.084006876,-2.114496,1.4051409,5.5919166,-1.7856336,-0.07447849,-1.9585347,-1.1129863,0.026978247
0.71230793,-0.5279066,-2.1371658,0.18470329,5.1684275,-1.1909835,-0.25840038,-1.5181321,-1.3242401,0.90093064
-0.62640285,-0.6800557,-1.0693531,0.6382387,5.279093,-1.0865655,0.035894513,-2.5352418,-1.5678254,1.6196293
0.0807955,0.64185,-2.320195,0.3669264,6.4581685,-1.674385,0.16814153,-2.4432724,-1.3138949,0.008499406
-0.38723108,0.7018573,-2.9401805,0.12535465,5.82115,-0.6986064,-0.37172723,-1.4576699,-0.6338825,-0.18639418
0.035707444,0.2556392,-2.4254863,-0.9114861,4.9481287,-0.29342163,0.36562395,-1.9502922,-0.39103955,0.35716063
0.7079295,-0.27438545,-1.8516116,-0.67247623,5.31498,-0.741047,0.11401774,-2.165008,0.39731663,-0.88391685
0.85858965,0.8847123,-2.0164697,-1.421787,4.588065,-0.6243731,0.27946883,-2.1643379,0.3459767,-0.78353244
0.55708987,-0.8266165,-1.4415978,-0.3276623,5.565683,-0.69121516,0.053278834,-2.7362387,-0.8484129,0.64726466
0.84212613,-0.044570282,-2.2771504,-1.0310585,3.395116,-0.43503794,0.42068535,-0.66210276,-0.26045305,0.08151948
1.1893162,0.14894788,-2.2076566,0.39928433,5.286249,-0.96031976,-0.6900795,-2.0745733,-0.5492524,-0.5931488
0.8904203,-0.38661802,-1.9265765,-0.554357,5.530385,0.027181715,-0.97638184,-2.0706022,-1.0588342,0.49729306
0.7636858,0.2304766,-3.0176528,0.45587993,6.292824,-1.9138972,0.2593782,-1.9579667,-1.3075387,0.18104151
-0.21824059,0.8062902,-1.6143821,-0.83059126,5.452782,-0.99282575,0.50373584,-2.645597,-0.6077833,0.07600684
0.7945323,0.0036022514,-1.4814821,-0.22215497,4.6988006,-0.05302176,-1.4425904,-2.4233162,-0.19780582,0.27579075
1.186217,0.021676466,-0.99092203,-0.78424186,4.3929763,-0.8435644,-0.06412001,-2.26182,-0.07769413,-0.61496955
1.4012898,-0.24412556,-0.86149985,-0.7616572,3.5400515,-1.2131966,0.20100628,-2.0226545,0.39613187,-0.47455567
0.03326492,0.24917726,-1.4493393,0.73984766,5.611378,-1.2835454,-0.22015502,-2.7263038,0.061595097,-1.0920315
4.4732194,-0.4232384,0.36452365,-1.6210418,-0.9249835,-1.5418805,0.11243464,-0.44759294,-1.2567793,1.3073609
6.040201,0.5311894,0.046027757,-1.4479852,-1.3775574,-2.792022,-0.101933286,-0.70356303,-0.8568968,0.67125696
1.6234204,-0.9498107,2.1241493,-1.3984258,-2.1376727,-0.27020591,0.6185263,-0.27077594,0.8024508,-0.15590054
3.5289652,-1.5613728,0.71807534,-1.1620178,-1.5337065,-2.0509584,0.710218,1.1628383,-1.5137365,1.7671638
2.4107625,-0.665453,2.3463318,-1.1335034,-2.0338295,-1.3182968,-0.2298545,-0.7904652,-0.24244498,1.6018245
2.8020144,-2.0849438,1.1432301,-1.0853037,-1.4135277,-1.3780334,0.7380062,1.5760905,-2.458312,2.2549474
2.372452,-1.3154162,0.8623975,-0.7509794,-2.3197935,-2.5445795,2.6361406,2.2441907,-0.3456279,-0.73435545
4.881066,-1.6246974,1.5364474,-2.6280758,-2.4036524,-0.072534025,-1.00764,0.46305412,-1.6691087,2.630032
4.515191,-0.7502291,-0.6809469,-1.6261578,-2.1524074,-1.8205189,1.1967303,1.9558047,-0.60547215,0.035455696
5.8509464,-0.5067355,-0.16580448,-2.0300426,-2.0570548,-1.7324547,0.22167464,1.0889105,-1.2520777,0.6271366
5.1944394,-0.005531147,0.042993464,-1.8473527,-1.5578966,-1.5378485,-0.49050283,-0.42294922,-1.0648559,1.7852031
1.4403005,-2.3495312,3.3039515,-1.6392555,-1.8400465,1.5265625,-0.6132716,-0.17131674,0.88226676,-0.599341
2.3329618,-1.0287347,2.4203217,-2.3620405,-1.8366292,0.10309681,0.29912943,-1.1955462,-0.42256373,1.7052696
3.7289863,-1.5294316,0.4501405,-0.56442285,-1.3577529,-1.3530879,0.27544886,0.8693703,-1.2672364,0.79712135
3.781843,-0.5688557,1.4252211,-2.287077,-1.9520388,0.708488,-1.014316,-0.58713007,0.54185444,-0.067804284
3.5524738,-0.96379095,0.020895816,-1.9964185,-1.4437143,-1.9651388,1.6351548,1.0964329,-0.43853277,0.6105101
3.5212314,-0.49591392,0.9334216,-2.055057,-0.64520776,0.45419163,-1.4869465,-0.602679,-1.4541804,1.8861947
4.484739,-1.3431407,0.53703254,-2.7668314,-0.72659844,-0.46724388,0.0013204962,0.018228617,-0.6898924,1.0077975
4.547601,-1.4905897,0.87976134,-1.6541345,-2.0675547,-0.7649436,0.5102233,0.89707136,-1.7282791,0.93607527
5.2726297,-1.577496,1.382826,-1.7131505,-1.5290589,-1.3782499,0.31755018,0.2887795,-1.7433629,0.7017217
