-1.1998514,-0.45908928,1.3355372,3.7418323,-1.4543625,-3.0265431,1.2368335,0.7986775,-0.044614658,-0.8748257
-1.330402,-3.2150068,4.70398,2.1604652,-2.4390335,-0.42734298,0.7199697,-0.17908844,2.9221237,-3.0084758
-2.6491003,-0.054979324,1.4579514,6.1774073,-1.154252,-3.0319474,-0.4894114,0.8830407,0.8438118,-1.9971733
-1.5116278,-3.25073,5.1975055,2.5184138,-2.2123652,-0.8389716,0.37901956,-0.21448138,1.5689954,-1.7644782
-0.8589035,-1.7547702,2.1372945,5.4804034,-1.4326601,-3.2018855,0.031546667,1.1119446,0.24794342,-1.7669554
-1.0643027,-0.19920084,-0.030964218,6.24896,-0.71672297,-3.1309779,-0.32834023,1.622934,-0.8647896,-1.4925592
-2.4710035,-1.4921947,3.6035116,3.0604696,-1.3337643,-0.24888334,-0.85980016,0.010808062,0.6505374,-0.90715307
-1.6762447,-1.1882479,1.5401102,5.8106313,-1.9153485,-2.4952233,0.30688876,1.871219,-0.45091212,-1.7423661
-1.3768846,-2.732895,5.3413467,3.4129748,-1.7488935,-1.1922934,-1.5739497,0.10767317,2.153405,-2.4901705
-1.8169355,-2.8966131,4.793864,3.5077672,-1.7394375,-1.1462437,-0.153949,-0.31016546,1.6983076,-2.019017
-0.9697021,-2.5569909,4.193971,3.4899313,-1.9201746,-1.3939496,-0.60611814,0.29910576,1.0579115,-1.632741
-0.23844066,-3.356248,6.3812613,0.38107848,-2.4268203,0.28501037,-0.8213481,-1.4593496,3.288607,-2.2052283
-1.5367979,-0.31415462,1.6803411,5.868672,-1.5805244,-3.028661,-0.11077301,0.37377673,0.11123641,-1.4282084
-0.76539445,-1.8856744,4.193303,2.505624,-2.5104594,-0.45004675,-0.21846168,-0.87608665,1.4600822,-1.5166061
-1.0163401,-0.6964701,0.62110627,5.326425,-1.3840599,-2.4095633,0.6679722,0.98125356,-1.1321288,-0.89465445
-2.2768738,-0.054210424,1.2915541,5.5941157,-1.3213686,-2.631846,-0.9461983,0.9238979,1.4064623,-1.9916654
-0.81267726,-2.204533,4.2031164,4.4851193,-1.2057025,-2.5947723,-0.8764035,-0.47343063,1.3621703,-1.9994988
-0.040481225,-0.73153406,0.62125516,5.736152,-1.2787896,-3.5205238,-0.4165532,1.680878,-0.539242,-1.4443378
-0.28712687,-2.7585864,5.7171354,1.7426112,-2.8515637,-0.66631854,-0.5791152,-0.85089594,3.6440356,-3.2875714
-1.7558213,-3.0533445,0.73459077,0.81779706,-1.5978036,-2.6214054,6.9771485,2.9640272,0.41449106,-2.7741256
-0.66031134,0.5704225,2.1239944,0.44757646,-1.8776319,-1.8246675,1.4232663,-0.7388491,4.627596,-4.1765532
-1.4409788,-0.81187034,0.74751955,5.509584,-0.058756903,-3.8847415,1.3578523,-0.0029022582,-0.5983418,-0.793273
-1.629303,-2.9396942,4.9708724,4.3811283,-2.2072182,-1.6118762,-0.8896813,0.15540785,2.2637658,-2.578413
-1.7583661,-1.7870858,4.997064,1.4157691,-2.6628954,-1.078075,-0.07962255,-0.29885864,3.7330143,-2.612234
-1.1972507,-0.3929795,1.5001236,6.2136216,-1.1246374,-3.1096172,-0.098886475,0.07436907,0.05294229,-1.886466
-2.2688615,-2.8042617,2.0328336,3.5145063,-2.2437365,-2.1473367,2.0230222,3.2082994,0.45197242,-1.6471957
-0.51126564,-0.38298428,0.5975531,5.695907,-1.7647669,-2.6786087,-0.77332836,1.6827722,0.104990974,-1.8571645
-2.1863825,-1.2449896,-0.09256842,4.066511,-1.8065434,-1.5846015,0.26630706,4.601531,0.3950283,-2.22405
-2.7936902,-0.9290888,1.1153241,7.34999,0.027488768,-4.0186467,0.599792,0.6352137,-0.15416925,-1.8139814
-2.3958333,-2.8290486,4.5793834,3.7469673,-2.3968315,-0.3615013,-0.7683918,0.92016506,0.66381466,-1.2062824
-2.018774,-0.21307538,0.084387995,6.667396,0.03270383,-3.117615,0.025467858,1.4170411,0.82147443,-3.6188552
-3.1905756,-1.3265097,2.768152,6.63889,-1.4908862,-2.5090861,-1.2598174,1.4096147,-0.13234551,-0.8588814
-1.1557612,-4.988053,7.601231,2.1015086,-2.8770316,-0.056613177,-0.42457348,-0.25160998,2.655176,-2.7384741
-2.8558109,-0.4191606,0.57817245,8.394325,-0.988379,-4.326058,0.08696224,1.5461133,-0.70633364,-1.2257286
-1.2317418,-0.9903794,0.3684586,6.272694,-1.2926042,-2.9526405,-0.3978094,1.6899931,-1.2832375,-0.10276919
-2.100879,-1.2912941,1.7081194,7.104243,-0.9126779,-4.4252334,0.63303435,1.1271632,-0.10396014,-1.6720377
-1.654802,0.17128734,0.14671382,7.404321,-1.6780286,-3.7930453,0.34372985,1.0981554,-0.7165105,-1.2022247
-1.2207694,1.1742694,-0.37680018,6.6730237,-1.2233838,-3.6737597,-0.43043864,1.3349454,-0.5135851,-1.6643027
-2.0662205,0.9551149,-1.1126093,8.567337,0.18291937,-4.6632957,0.2911927,0.6366719,-0.6363337,-2.108765
-0.8795265,-0.2519266,-0.11193352,6.232388,-0.6218925,-4.30305,0.75298846,1.8529464,-0.6675174,-1.8590758
-1.4160267,0.23200972,0.029807903,8.152982,-1.1994146,-3.073654,-1.0857202,1.5711762,-1.17163,-1.9049232
-2.4386175,-0.83399373,1.0322164,8.364738,-1.5030651,-3.7882783,-0.26639575,1.9011245,-0.93506145,-1.4294093
-1.6206216,-0.35341918,0.6809694,7.662254,-0.8320397,-3.922654,-0.7307821,1.6398411,-0.46619618,-1.9591684
-3.1805518,0.1952741,-0.41234306,7.474046,-0.3813442,-2.904113,-0.6631127,1.8801111,-1.5653863,-0.36980462
-0.9781691,-1.2255752,0.87115437,6.6293373,-1.2348742,-3.9685228,0.1770143,1.5191706,-0.5387672,-1.212936
-2.268276,0.7237602,-0.35934097,7.8815284,-1.5151247,-4.6064644,-0.2107255,2.6858175,-0.89356923,-1.3387351
-2.7172668,-1.7428524,0.933635,7.964377,-0.89396834,-4.2627983,0.56199676,2.7592528,-1.3845227,-1.1365142
-2.6932693,0.57150424,-0.21276295,5.832276,0.022536114,-3.1038935,0.70470583,0.09574211,0.87762845,-2.0595117
-1.2829012,0.7305332,-0.74032086,7.093292,0.15921767,-3.987346,-0.10796474,0.8559995,0.6045852,-3.2488008
-1.8845923,-0.17173068,-0.32355854,7.887052,-0.68747956,-4.3203545,0.2940681,2.024743,-1.3255316,-1.3625879
0.29439768,-0.41531426,-2.799072,0.49339312,7.5169134,-2.2369623,-0.78277206,-2.3306215,-0.78079176,1.0002099
-0.354472,0.70784193,-2.8731875,0.83769125,7.060145,-2.1286929,-0.25772357,-2.1595616,-0.5811463,-0.2414538
-1.241188,-0.6897081,1.3818177,-1.9700263,-0.8028883,6.6246495,-3.352598,-0.3942255,0.8663051,-0.46803838
-0.007788211,-0.09767909,2.1849914,-2.2971418,-3.3900886,5.97344,-3.176401,-0.113170385,1.4347402,-0.56774896
-2.1908832,0.34766394,0.923101,-1.7181156,-0.23880367,5.900969,-3.1599731,-0.8007727,0.4090829,0.46704662
-2.4576695,-0.8671059,2.0050344,-2.041508,-2.0294213,6.9445763,-3.1536305,0.49488163,1.6483215,-0.57380694
-1.3350977,0.16545062,0.93085,-1.7742395,-2.3517177,6.3111815,-2.7003367,0.5854134,0.25672334,-0.07144756
-1.917071,-0.5169435,0.7928165,-1.6858323,-0.75067014,6.0419245,-2.432137,0.26262966,0.025771216,0.20457059
-1.1319641,0.54854953,1.4688085,-1.9975886,-1.6944286,5.7618885,-3.0689623,-0.6676699,1.4533635,-0.7276599
-1.5671593,-0.25042224,0.1021199,-1.9827006,-1.223714,6.9061794,-3.166766,1.0492066,-0.22063147,0.38817114
-1.982876,-0.5542422,1.3967506,-1.8397524,-1.6853956,5.5743375,-1.8990792,0.39508018,1.4151446,-0.8484233
-1.4767756,0.22393404,0.5757515,-1.6351261,-0.94882846,6.4692717,-3.4312506,-0.3277861,0.111677006,0.45295554
-1.6546072,-0.4173259,1.4023726,-2.0770745,-1.3544478,5.674736,-2.4131858,0.15688682,1.1671827,-0.51540357
-0.21187136,-1.5542626,4.6482644,-0.29048496,-3.0816467,1.9093398,-1.5943253,-0.64586884,1.802508,-1.0218328
-1.130659,-0.8040063,1.7959613,-2.1814528,-1.6999936,5.587534,-2.676617,0.011613037,1.246007,-0.20235461
-1.2758564,-0.4388649,0.5987962,-1.5692241,-1.4303753,6.2120886,-3.4620092,0.38461304,1.0091842,-0.016186066
0.4730039,-2.46139,4.784553,-0.40970185,-1.8408954,2.3489928,-1.6952118,-1.2617983,1.77343,-1.8423959
-1.1698513,-0.96901405,1.6944374,-2.7584195,-2.3185132,5.982517,-2.4339912,0.4803347,0.7413888,0.77498716
-2.1404736,-1.0377066,2.028756,-1.2852399,-1.1337757,5.5188637,-1.6421692,-0.4698389,1.2668545,-1.1513672
-0.4347203,-0.5063184,1.3736147,-1.2100258,-1.4283667,4.621153,-2.4192736,-0.335478,0.80654943,-0.54919106
-1.9334146,-0.8214529,0.8126886,-2.2245216,-1.143256,6.4772224,-2.6066463,0.8284591,0.5092579,0.11228221
-1.5916742,0.16573308,0.22804981,-1.7876122,-0.67073214,5.629361,-2.0173316,-0.5565726,-0.58832705,1.2274587
-0.81555223,-0.52159363,0.5324672,-2.5526242,-1.0387455,5.925324,-2.635342,-0.36702213,0.17704,1.2873632
-0.9497348,-0.78773934,1.7206746,-1.6740882,-1.539783,5.947925,-3.1311762,-0.041804526,1.0037268,-0.5966863
-1.9152642,0.33933502,1.382039,-2.459741,-0.91711664,5.776039,-2.8913853,-0.7034196,1.853097,-0.53000516
-1.604818,-0.12545867,0.72467715,-2.2897797,-1.6829929,7.226712,-3.2531962,0.4871751,0.56906825,-0.04564769
-1.4292938,-0.17739607,1.9950743,-1.5795293,-2.4837654,5.1833057,-2.4929633,0.7447818,1.1029549,-0.8832449
-1.4146503,5.9711766,-2.3492591,-0.44602922,-0.3328191,-0.29195234,-0.7804351,-1.6157211,1.1823264,0.12547415
-0.05888799,2.5994658,-0.60036814,-0.42042598,-1.1452569,-0.85851943,-1.5807974,-0.04428408,-0.46558917,2.6407478
-1.5208156,5.959325,-1.7794985,-0.53836036,-1.6650734,-0.040033013,-1.1547338,-1.0047283,1.1061118,0.6659009
-0.80817306,6.7484674,-2.0996025,-0.21936941,-1.1991467,-1.423387,-0.620352,-2.2056077,1.3616427,0.4674223
-0.21803597,3.8310428,-1.8977679,-0.63145477,-0.5114563,-0.65990126,-1.3942841,-0.5713544,-2.262538,4.45176
-0.7237222,5.6084247,-2.4370959,0.6016251,-1.7918247,-1.2930757,-0.76950943,-0.0055565573,-0.30816978,1.2229861
0.18485746,7.317309,-3.656918,-0.7455104,-0.9501991,-1.3043467,-0.7888495,-1.6906723,1.2517823,0.40268198
-1.4804617,6.7790103,-3.4739332,-1.0345037,0.09120707,0.30898842,-1.7510301,-1.6508658,1.1914538,1.1001391
-0.9320067,7.4015746,-3.529289,-0.74044347,-0.46159506,-1.5781912,0.93246454,-1.5846697,0.72026455,-0.13997275
-2.0297794,6.4060855,-3.4517648,0.6596729,-0.67913496,-1.8020941,0.1959032,-0.08090702,0.7005732,0.23931748
-0.3997207,6.983822,-3.632094,-0.113088906,-0.7389541,-1.5866493,0.27395386,-1.3211962,0.5372983,0.10026913
-0.9590342,7.485943,-3.3811471,-0.6096731,-0.7400096,-0.1859093,-0.80514216,-1.8429397,1.4871646,-0.37941295
-0.01122871,7.5385785,-3.2048626,-0.79164964,-1.1525748,-2.003835,-0.9493641,-1.6866138,1.3136042,1.0294615
-1.0000111,5.0312204,-1.954244,-0.7401597,-1.6372383,-1.3953093,-0.30411494,-0.7723678,-0.7512859,3.662252
-0.54283905,7.387626,-4.2634997,-0.12505475,0.30439115,-2.227984,0.088934615,-1.4545699,1.4483248,-0.55224514
-0.12082359,6.2194514,-3.0997694,-0.6692041,-0.8310542,-1.9876477,-0.08101086,-1.3661678,0.30347246,1.7519546
-0.62532735,7.238155,-4.0160832,0.94779176,-0.9482256,-2.6779103,-0.62520415,-0.20049697,-0.28573227,1.3667766
-1.5376142,6.770696,-4.085713,-0.3599072,1.0017254,-0.69200253,-0.2057582,-2.2247453,0.6741636,0.6870578
-0.22160873,8.869489,-4.57284,-0.34627923,-0.7998464,-1.7934097,0.22484584,-2.1226826,1.540195,-0.7132667
1.1096762,6.5075717,-3.3501441,-0.76237303,-1.0912423,-2.4471624,1.3020309,-1.4237599,0.8107494,-0.5970698
1.0479578,5.9782352,-2.7271936,-0.8654437,-0.09613906,-0.7729964,-1.3975549,-2.5392892,0.7552967,0.6404545
-1.1394646,7.561177,-3.6489882,0.6455381,-0.51899606,-0.94092584,-1.4693055,-1.5874395,1.5600005,-0.44721913
0.46937367,6.160172,-4.319612,0.35301042,-0.34568417,-2.497776,-0.5174583,-0.48209995,-1.3569065,2.6948867
-1.6109285,-0.29948682,0.25309458,3.5128112,-0.91821694,-3.3641307,0.6063967,1.4606143,-1.4140064,1.8671789
-1.3022321,5.9499426,-3.295431,0.6521399,-0.26373374,-2.5189183,0.657401,-0.47586986,-0.12887727,0.8760471
-0.30690554,-0.8505733,-0.27494866,1.6019652,-1.8003063,-3.2593334,3.7289627,2.8798583,-0.49296075,-1.0949322
-1.2252177,-1.2420365,-0.023438774,0.65315354,-1.3636273,-3.1632288,5.115808,2.4299095,0.69533324,-1.7817298
0.114867,-0.7538564,0.22554731,1.3878536,-2.0099995,-2.580629,1.8389683,2.6465156,0.4597926,-1.1795828
-1.9307948,1.9591827,-0.8762216,1.4947095,-1.8033054,-3.0825732,3.284909,1.0269363,0.5619998,-0.52370626
-0.9883748,0.195614,-0.87771016,2.3979292,-1.8443797,-3.6673415,2.9658773,3.5042136,-0.5071223,-0.97539204
-0.14742917,4.142737,-2.0340838,-1.2071576,-1.6492144,-2.9422328,4.3568535,0.14594004,2.0190563,-2.6241722
-0.8746294,0.2831331,-1.2342623,1.619957,-1.9221683,-2.3064883,1.0589207,4.11982,-1.2204286,0.6773637
-0.7599739,4.462992,-2.2512894,-1.0897665,-1.8516335,-2.42891,4.2859664,0.36648124,0.8999746,-1.5189694
-1.6389707,-0.45869458,-0.8064411,-0.55835813,-1.051971,-2.7748032,6.7911468,2.022195,1.4938551,-2.9564075
-2.1617174,0.07632105,0.15639761,3.8982518,-1.197876,-3.1617873,1.5058125,2.4719913,-0.22810905,-1.2442054
-0.5580343,1.9217079,-1.014443,-1.8545096,-2.1964254,-1.5195678,4.0445657,1.1233877,1.3971143,-1.2759118
-1.7366067,-1.5341241,-0.15268359,2.463992,-2.3824022,-3.042063,2.451353,5.6767883,-1.0841143,-0.43338192
-2.2315907,4.4510474,-2.5592146,0.5732495,0.59246,-2.0605233,1.3940076,-0.6442781,0.08027597,0.512863
-2.7725034,0.51281995,-0.7656902,1.456146,-2.1444736,-3.0314567,3.1775346,4.175144,-0.0015496314,-0.4052987
-1.2067266,-1.9765601,-0.016536586,0.9405865,-1.6676204,-2.951513,4.734241,4.666261,-0.36110404,-2.0117214
-1.3177855,-1.7097502,1.1131552,4.8158603,-0.59515834,-2.8293114,1.132437,1.86582,-1.3617797,-1.0036178
-0.2908765,-0.40552908,0.552315,-0.49361315,-1.3917534,-2.8904154,4.2640467,0.79509556,2.6458356,-2.826263
-0.3788599,-0.951698,-0.1817666,0.097193226,-0.91641057,-3.7428837,5.6726565,2.238486,-0.16340296,-1.5757227
-2.1947918,4.509685,-2.0889108,-1.3066607,-1.3379323,-2.180073,3.030626,-0.2764273,2.0014129,-0.036734052
-0.71605253,-1.1353532,-0.9162759,1.0535336,-2.225374,-3.813185,3.7342663,5.387833,-0.57038736,-0.6004644
-1.3036083,-1.3578339,0.08684481,5.579607,-0.42173254,-4.125,0.8477587,2.2253997,-1.1731143,-0.27223715
0.4401788,-1.3535044,-0.37110505,-0.0739138,-1.6984572,-4.7196717,7.3056407,2.9062583,0.13076474,-2.4319136
-0.25301453,2.1072721,-1.6151627,-0.3520322,-2.1828763,-3.6301396,5.0294356,1.9381206,0.41138864,-1.2781997
-1.2732497,-1.5885167,-0.5459101,1.6408985,-2.8553438,-1.6655616,1.7171391,6.2023273,-1.194513,-0.16493863
-0.25706145,0.8398337,-0.5059089,0.1243961,-1.5173135,-3.7758188,6.193439,1.0608088,0.93355405,-3.035941
-3.6343906,0.5036623,-2.141303,2.4279118,-0.23198931,-1.9092327,2.5452607,3.679705,-0.3098206,-0.72924435
-3.1186693,1.989749,-2.7994998,0.24979207,-0.67576194,-0.5439912,2.1339347,3.0567355,0.8552979,-1.0085579
-0.25104326,-0.7749239,-1.0801852,1.8425448,-2.2299612,-2.6862607,1.9321951,5.837935,-1.9117928,-0.4068063
-1.076933,-2.0836644,-0.17594409,2.800147,-2.119504,-2.3838117,1.719726,5.3949304,-0.42150962,-1.4625194
-2.534806,-1.0522377,1.3862735,6.1077228,0.046324626,-2.772301,-0.4984097,0.7200127,-0.49852765,-0.9091988
-1.0144899,-0.63942313,1.8554093,6.398375,-1.4519448,-3.0665624,-1.9230764,1.2638854,-0.14211498,-1.2201943
-3.2108448,-0.77566224,-0.18648466,7.0464034,0.04767742,-3.8888185,0.5121724,2.5650327,-0.6875644,-1.300175
-1.8197035,2.8005552,-2.8746545,0.24204427,-1.1765513,-1.4346803,1.1099974,3.3711126,0.22904901,-0.24476787
-1.1674167,-1.166783,-0.076648496,5.0682244,-0.57956994,-2.415234,-0.01695986,1.962165,-1.5120275,-0.016476698
-1.7184716,3.1090975,-1.6079282,-0.15080671,-1.6609317,-1.1011903,0.70495313,0.82223827,-0.9007236,2.6532402
-2.5594292,-0.15876679,-0.19336864,7.0916514,-0.72480345,-3.6310627,0.29133332,1.7951666,-0.69488776,-1.0950286
-1.8599594,-0.82460153,0.31378195,6.152937,-0.92207456,-3.061508,0.10967739,2.1455977,-0.889291,-1.0930353
-1.9150778,-0.45732617,-0.023050807,6.511263,-1.7043964,-3.3205624,-0.088099346,2.1821623,-0.026453063,-1.0524557
-1.5204543,-0.75382656,-1.0976918,1.4540844,-1.7641835,-2.0206401,2.3111289,4.440721,-1.0128689,0.15803586
-1.9504191,-1.1280007,-2.0306826,0.80392927,-0.4675007,-2.4204993,3.8551548,4.945533,-1.2571673,-0.14544752
-1.2642514,0.72312874,-0.7240831,0.8047691,-1.7649025,-2.7116086,3.984154,2.6462538,0.27146512,-1.8583386
-0.4875379,-1.8258165,0.060477264,1.6624568,-1.6681614,-2.2272823,0.99781066,4.9645824,-1.3725994,0.09280027
-1.5661362,-0.7169421,-1.1458656,1.1893668,0.4816087,-1.5780975,0.8963054,3.5171187,-1.4587523,0.525985
-1.1257148,-1.7288713,-1.1839963,1.4031172,-1.8773434,-1.9964226,2.5479026,6.274747,-1.8049058,-0.20040616
-2.5199616,-1.4568019,-0.59396964,2.5431736,-1.293442,-2.4655402,2.009041,5.7015996,-1.3967543,-0.26815546
-3.2306895,-0.76681215,1.1455916,6.415288,-1.030824,-3.4059322,0.4342243,1.58413,-0.4394703,-0.6200588
-2.0473273,-2.1171,0.45917258,1.1709688,-1.1300106,-2.589455,4.5257173,2.6622508,-0.20183654,-0.63932675
-1.9152311,-0.7341854,0.1764569,1.0973711,-1.4080285,-3.3415952,4.993457,2.0868733,1.843925,-2.7179518
0.21709767,-1.7813053,-0.63415515,0.4300428,-1.8940268,-3.0513046,3.6979973,4.762398,-0.64387697,-0.9274181
-1.0103682,-0.01656498,-0.9573105,2.0023496,-2.0048218,-2.5850286,1.1993508,4.3837776,-2.0903604,1.2787843
-1.1110392,-0.03636153,-2.5818272,0.6463251,8.2693615,-1.8774334,0.16921224,-2.9027927,-1.0350766,0.4378157
-1.9056987,0.4981538,-3.0686738,-0.7822484,6.4892645,0.68979657,-0.60750943,-1.6461464,-0.48588765,0.8356263
0.053097337,-0.5095255,-3.0237453,0.47613567,7.4507284,-2.1271434,0.10349132,-2.1579485,-1.2546763,0.9853497
-1.1274372,-0.29134256,-2.989093,-0.21755405,6.897784,-0.6930702,0.37909842,-1.616815,-1.0596359,0.7414946
-1.5923903,0.15047829,-0.5601371,6.588793,0.48023993,-4.875795,0.20372744,1.5075663,-1.4587226,-0.30223656
-0.791096,-0.27409166,-2.53716,0.69450134,5.987849,-1.8459799,0.26424158,-1.4476889,-1.1674927,1.1371676
0.26856473,0.17309158,-2.9668784,0.7875298,6.3889623,-1.6512753,-0.9157824,-1.5368912,-1.9874257,1.4547371
-0.91420805,1.3586557,-4.2568383,1.0002348,6.6461067,-2.0158608,0.48602325,-1.962849,-1.3241559,1.0746357
-1.1969813,-0.008109704,-2.4188058,0.14367117,7.69558,-0.87541175,-0.7719309,-2.6385114,-1.3690451,1.4098692
-0.19478765,-0.385597,-1.7245743,1.0755863,4.752561,-1.9756299,-0.2533921,-1.1273521,-2.8847992,2.7893918
-0.98674226,0.07185213,-1.8425616,0.9914989,6.03862,-0.17225304,-1.2745966,-2.7738507,-2.0001285,1.9540553
-1.0560777,0.30710632,-3.944507,0.19672084,7.2520685,-0.704692,-0.23869397,-1.3269223,-1.9643692,1.5353335
0.038162798,0.7724447,-3.4530215,-0.47304618,7.3812995,-0.91114295,-0.9139255,-2.099534,-1.4049982,1.0779893
-0.39932564,-0.19623919,-2.6851714,0.91811186,7.379668,-1.4056425,-0.6442663,-2.335181,-2.3162453,1.6859949
-0.27417353,-0.019165888,-2.2264588,0.7111242,7.682667,-1.909731,-0.5741029,-3.1396372,-1.0678254,0.7841227
-1.1841741,-0.036920264,-2.9896967,1.9397483,7.383234,-1.3337685,-1.1932384,-2.2452562,-1.3975458,1.0057098
-2.0865889,0.15604322,-3.0107152,-0.3868516,6.624838,-0.36416262,-0.16778333,-1.5706288,-0.1920273,1.0156043
-1.5833149,-0.5513326,-1.1347982,3.7719564,-2.1585233,-2.9160838,0.6514057,5.9082284,-1.9852475,0.29064023
-0.7691643,4.8232656,-3.5507386,-1.1890478,0.8769187,-1.1078268,0.6661489,-1.1552068,-1.4606824,2.9689155
-2.134441,-0.7187362,-0.3368437,4.6635456,1.9006271,-2.2352355,-0.32520443,0.18685736,-0.49929464,-0.45009202
-0.93625426,0.33173203,-2.5373957,1.4711328,7.0478296,-2.896914,0.9043748,-2.7263498,-0.9770119,0.3056806
-0.8747699,0.04179816,-2.5931382,0.63210887,7.0133295,-1.6902044,0.18030925,-2.2271693,-0.9726763,0.4951634
-2.001421,-1.081571,0.3045931,6.614116,0.44594616,-3.695505,0.11111565,1.0791968,-1.4676121,-0.18293127
-2.5136344,-0.8621621,1.1164417,7.421447,-0.54733014,-2.8362856,-0.29121512,0.7114698,-0.74491405,-1.4191871
-0.5800823,1.0609,-3.4805255,1.5430505,7.13227,-2.368734,-0.38986403,-2.311451,-1.6378907,1.030731
-1.1430423,1.1069317,-3.5029376,0.08375014,6.8104515,0.11038968,-1.4196454,-2.313557,-1.238086,1.5349876
1.1396109,-1.5762528,1.5820124,-1.7253609,-1.1451645,-0.08842173,-1.5040109,1.0194322,-1.4096209,3.7822332
1.2316875,-1.1804565,0.039806254,0.6483532,-1.4623817,-1.6086113,0.016473189,3.0667446,-1.8790294,1.2587228
6.650442,-0.7206291,-0.19166955,-1.2984643,-1.8765138,-2.1111565,-1.0854949,0.7847039,-1.3428341,1.2860782
-0.44919637,0.50738287,0.22382316,3.4993353,-1.6780114,-2.8576882,-0.81442505,0.9018374,-1.7447829,2.5269873
-0.71421146,-1.6801963,-0.57941645,1.402709,-1.814148,-3.6947443,5.032672,3.8643715,-0.27055323,-1.3914418
-0.8715427,-1.1429722,-1.0068239,0.7123711,2.0847883,-1.3429787,0.43492055,0.0022217892,-1.8404987,3.0483575
0.37916222,1.1362329,-0.61523277,0.6815273,-1.6352959,-1.051184,-0.5588632,1.110831,-2.1532898,2.8842585
3.092346,-0.67444855,-0.48211357,0.9408681,-1.4694879,-2.2226188,-0.74891096,1.2050279,-2.1567476,2.6569662
1.5020686,-0.7453234,0.20991358,0.9423161,-1.6536729,-3.0930672,1.0797743,1.8550941,-1.8356861,1.8859408
0.5709976,-1.3846738,-0.3819168,1.9171474,-2.1731954,-2.571688,0.28602725,4.5697336,-3.1078532,2.4725342
2.4040713,1.730211,-1.3434746,-0.019019365,-0.833539,-1.8649181,-1.2048491,-0.52513355,-3.499821,5.2869334
0.6848111,-0.15568753,-0.5398478,0.9811172,-1.6571646,-2.7429955,0.6101407,2.5164077,-2.7245479,3.2224517
2.367634,-0.32251656,-0.45439634,-0.6018064,-1.4236435,-1.1527674,-1.1599479,1.145553,-2.1458158,3.8762684
5.617227,-1.040209,0.9305937,-1.9079754,-1.582479,-1.6504663,-0.8822041,-0.21296945,-1.4559913,2.1826816
1.1260881,0.99039024,-0.21443537,-0.5824469,-1.9536481,-1.2985334,-1.4348457,1.0373641,-1.7470642,4.2338247
-0.04962066,-0.13521774,0.6057227,-0.46796003,0.35672528,-1.135086,-0.6831905,-0.79685944,-4.044844,6.432073
2.562511,0.47796,-0.79004073,-0.3197786,-1.166439,-1.9904107,-1.0522524,0.6310933,-3.1723197,4.9638076
4.925808,0.5517719,0.9743918,-1.0011947,-1.903693,-2.9761937,-1.1115191,-0.7356523,-1.1707076,2.4460104
3.451063,-0.37296027,-0.11958345,-0.22441058,-0.25986195,-2.9388044,0.04420246,-0.696357,-2.6379004,3.8211093
-0.199904,0.562821,0.3577708,-0.23479085,0.5666487,-1.7932578,-1.244117,-1.3257384,-2.1551704,5.550168
4.694711,0.36214834,0.0150691345,-0.7972924,-1.3610024,-2.5637977,-0.7847115,-0.06412253,-1.5982015,2.155798
1.902013,-0.043896303,-0.048534594,1.2262993,-1.438985,-2.7367804,-0.29718214,1.096378,-1.4602121,1.8912797
0.78497374,1.6764116,-0.98902303,-0.6733715,-0.12815426,-1.2062067,-1.1860942,-0.55948037,-2.0553591,4.385987
6.462107,0.38842136,0.027760722,-1.5616539,-0.9709301,-2.1889596,-1.3922812,-1.0359912,-1.8555578,2.16509
2.6772797,-2.1958199,1.0525762,-0.074357584,-1.8276904,-1.7409412,-0.06589033,1.7978967,-1.2131675,1.6797633
-1.4871844,-0.6008608,3.4638827,0.8393537,-2.5611694,0.71738684,-1.4032439,-0.712328,3.3463893,-1.7035747
-3.307202,2.0951774,1.6685671,-0.28008685,-2.4283493,1.7505226,-1.7029741,-0.06739771,3.6876385,-1.4412618
-1.0326445,0.39763594,3.0824966,0.20311195,-3.4464023,-0.7548764,0.100219294,-0.62769526,6.26447,-4.352696
-0.78207195,-0.14309664,3.244489,-1.0099379,-2.0073042,-0.5211195,0.2540956,-1.0737824,6.2745814,-4.4318314
-2.7464416,3.8399334,-0.32567137,0.13541274,-1.5921274,-0.84293485,-0.0090826005,-0.32735515,4.4868326,-2.6621866
-1.6440082,3.2584882,0.39218345,-0.046461865,-2.424286,-0.15542099,-1.0462292,-0.0769636,3.7015562,-1.9794316
-2.0708487,-0.6876849,3.5113237,0.8843596,-3.477966,0.6348523,-0.33840752,-0.46897945,4.5639906,-2.6713324
-1.5971764,-1.1591725,4.640316,2.059508,-2.360741,-0.3404326,-0.7709779,-0.82358354,2.8801453,-2.6396132
-1.4273348,1.9488955,0.9474334,0.010648727,-1.995466,-0.600129,0.84268445,-1.3082705,4.644891,-3.1351967
-1.6159664,0.6241544,2.0163183,-0.7252752,-2.1451788,0.2653902,0.8409441,-0.4135341,4.333091,-3.3543508
-2.7013192,1.9126878,1.5756426,-0.6237208,-1.2375554,-0.4964579,0.96435994,-1.8013517,4.2426434,-1.9341972
-2.7080152,0.8210811,3.5366077,2.3807182,-3.520165,-0.6177534,-0.38103968,-0.33868816,2.7139816,-1.9144615
-2.6554282,0.535883,2.9489915,3.523996,-2.650419,-0.9839581,-1.9440262,0.079754084,1.9701167,-0.8495127
-1.2106282,-1.3921832,3.497721,1.5494022,-3.2364485,-0.935902,0.5360788,0.7428781,1.7182755,-1.2911475
-0.3828413,-1.6790214,4.8858385,0.52246153,-3.547613,-0.927174,-0.2405413,-0.89223206,3.80209,-1.6397303
-0.45809367,-2.2985258,6.2404246,1.4166727,-3.8630617,1.1239555,-1.6715931,-1.0069402,3.048947,-2.6875825
-0.36865097,0.4651866,2.5412095,-0.832959,-2.6292205,0.06101638,-0.8228669,-0.374534,2.9508903,-1.0262027
-0.76487887,-0.7143913,1.319531,-1.8055882,-1.4250746,4.819728,-2.4618673,0.5280758,-0.22085951,0.7339633
-1.3351701,-0.4922126,4.0817146,1.3051865,-3.3522935,-0.91826534,0.52976847,-0.65337855,4.223307,-3.4800272
-0.5557916,-1.216968,0.27057287,6.1531987,-0.6038079,-4.0688434,0.53724545,1.600092,-0.98777705,-1.0487553
-2.026408,3.504058,-2.0367472,2.1951787,-0.86573416,-1.5528127,-0.035614803,0.7708542,0.3378803,-0.22163457
-1.8476831,1.7868423,2.4885437,0.67296183,-3.1982234,-0.3987113,-0.31854445,-0.31312257,3.3510125,-2.293062
-0.7480912,-2.2201197,5.0341177,0.7601702,-2.5127068,-0.050352424,-1.7840816,-0.46058446,1.913762,-0.055093236
-2.0573978,-1.0540408,1.7612988,4.746529,-0.13791208,-3.8186836,1.0379254,0.69588417,0.052409604,-1.2033762
-1.7233422,-0.6849511,3.253648,-0.68773574,-3.325473,0.28651908,1.2921156,-0.39077675,6.170232,-4.369081
0.14104436,-1.8166832,0.51089257,2.4418316,-0.7629039,-2.3062541,0.69405884,1.3517617,-1.5530561,1.3597169
0.8894701,-0.4289431,0.36470494,0.44614363,-1.6865239,-1.5889735,-0.30583477,1.4533979,-2.6196005,3.6303587
-1.0477253,-1.1776745,-0.014284097,4.578183,-0.53627706,-2.1763155,-0.32599926,2.1029756,-2.0697985,0.7625384
4.5833235,-0.22907631,1.0497789,-1.4422593,-1.1996138,-2.6595874,0.6308769,-0.51810235,0.602334,-0.80026084
1.7635196,0.82205665,-0.106115125,-0.61152434,-2.265881,-1.7976515,0.122541696,1.7134789,-0.52074677,0.9711049
2.7258203,0.27118522,-0.99953943,-0.19980454,0.15567301,-1.7817538,-1.2367176,0.4008662,-3.2487028,4.028257
1.4845114,0.32233238,-0.4422786,1.1577332,-0.50665003,-1.9928607,-0.74607843,0.8309359,-1.3859622,1.3822834
3.0798573,-1.1778986,-0.11858273,1.4492912,-1.2571363,-1.8086559,-1.5939258,2.1357253,-1.8940257,1.2929597
0.47317204,2.916952,-1.1781722,2.2169724,-0.9183067,-2.0936437,-1.700053,-0.37422875,-2.2303987,2.96419
1.2683554,0.17307906,0.013472356,1.0769496,-0.88089764,-2.0236266,-0.80119675,0.058955874,-2.586532,3.8331776
0.37853047,0.5203503,-0.53472203,0.076760754,0.19923139,-1.1130902,-1.6586821,0.44434386,-4.3180423,6.1398816
1.8715223,0.03954403,0.5839349,0.87269926,-0.9013485,-1.9584526,-0.7126538,-0.1511054,-2.1708658,2.5999994
1.0779331,1.8847818,-1.112137,0.78319085,-1.4683126,-1.0913064,-1.8128564,0.23678687,-2.8457606,4.496694
0.031951576,-0.4752779,0.5883595,1.2249603,-1.2847595,-0.45030227,-1.9358119,1.0266423,-2.9522426,4.4125338
2.3833737,2.7706218,-1.3320755,-0.46450704,-0.43036026,-1.2811588,-1.9523805,-1.0990248,-2.130862,3.6394467
1.2624184,-1.0615098,0.9022239,-0.34756404,-1.5186012,-2.0557458,0.36914754,1.2244716,-2.307324,3.6090794
3.4196272,0.8988243,-0.08454811,0.5743061,-1.5586615,-2.0491016,-1.9136878,0.31708825,-2.677918,3.1852002
-2.0536535,-1.2200255,-0.2621854,2.610857,-1.2044095,-1.7446922,0.021935709,3.3818944,-2.219756,2.8897364
3.0501566,0.6589194,0.40276855,-1.2637527,-2.1706996,-0.73168766,-1.4379889,0.12193781,-1.3720607,2.855514
-0.30703363,0.012225315,-0.37425232,0.044131815,-0.7059016,-0.0947136,-1.4205892,0.7152999,-2.951839,5.194453
3.7782657,0.8009964,-0.6699455,0.9140902,-0.6470769,-2.7604725,-1.3133152,0.026253354,-2.6143725,2.6109815
-0.09740797,-1.1422333,3.0186348,-1.4471245,-2.4255593,0.1487576,-0.23279111,0.019349527,3.4141839,-1.3753427
2.4021223,-0.5584317,0.34726834,1.3690491,-1.4797322,-2.3650415,-0.84506583,1.3205494,-2.5059426,2.3995273
0.8824346,0.5916182,-1.0004536,0.6258176,0.4398439,-1.8909863,-1.9837953,0.037907567,-4.2036877,6.6712756
0.1384112,-0.85236496,1.1996508,2.012305,0.41677588,-2.0762174,-1.3598295,-0.45210785,-2.9830396,4.049019
