-0.6527628,1.8097664,-1.7736572,0.21210787,3.6827178,-1.8187156,0.7393102,-2.4400027,-0.31547362,0.5362341
0.2741554,5.6960807,-3.5920203,-0.6502931,1.4871385,-1.221433,0.09987266,-2.2788177,0.8162682,-0.6327078
0.9095756,5.158929,-3.9115632,-0.545601,1.0372511,-1.6526419,0.0927221,-1.2460715,-0.63684374,0.86877275
-0.42562285,5.3678813,-2.6628313,-0.5920039,-0.3212058,-0.72861946,-0.90220827,-1.0893148,1.4453683,-0.039569624
0.08374491,3.668524,-1.6290241,-0.26609883,0.33650842,-2.0946162,0.58826447,-1.2268759,0.37284154,0.24407262
0.20473841,4.288887,-2.643995,-0.9471415,0.9951325,-1.7652138,0.091682896,-1.2818614,0.042414322,1.024412
0.9325887,5.094033,-2.9589262,-0.3554452,1.3694516,-1.8474754,-0.771127,-2.4402378,0.43331808,0.551718
1.1043044,4.4362683,-3.4652107,0.34871867,0.23397203,-2.9165154,0.65788513,-0.65728474,-0.29582405,0.65431863
0.3757903,3.439671,-2.5047162,0.13568604,-0.7442893,-2.173346,0.018810347,0.889891,-0.97143257,1.6415691
0.766991,2.8424878,-1.256323,-0.4800436,-1.1647606,-1.516878,-0.65206814,-0.06773183,-1.4164423,3.056799
1.7980508,3.6516714,-1.6152725,0.32005963,-0.7051828,-1.2226052,-0.9631338,-1.1038233,-0.43658638,0.30202186
-0.75176394,-0.5016294,0.5754553,4.141916,-1.1150782,-2.6846673,-0.21178122,0.9969266,-1.7957014,1.4181616
1.3492832,2.2870793,-0.8525781,0.2734425,-1.3465661,-1.2734301,-1.1801337,-0.13922605,-2.3399127,3.290337
2.5492134,4.9259677,-2.752797,-0.6691461,-0.20866458,-1.8010956,-0.31849635,-1.4128556,-0.4234475,0.19482315
-0.052812427,0.20003323,-0.8319096,2.6135707,-0.77217793,-3.1164386,0.5101242,1.4652884,-2.7130022,2.8015382
5.5169187,0.5916088,0.42081216,-1.748358,-0.8971685,-2.2543743,-0.4648748,-1.2949675,-0.9798159,1.140732
0.7239169,5.3082347,-3.2929342,-0.5604636,0.3060174,-2.5200145,0.18444593,-1.3442343,0.5944971,0.6577114
1.1670275,4.3089232,-2.7066967,-0.59232146,0.5353448,-1.5698539,-0.24755974,-1.5201603,-0.13064156,0.80553025
-0.8154801,3.5023906,-2.5319903,0.07733905,-0.14434214,-1.5516225,0.28458172,-0.5125209,-0.91462594,2.736374
1.1774634,2.5949006,-2.5863492,-0.010245204,2.4711685,-2.4009414,0.64720714,-1.7756615,-0.18868582,0.027746849
0.5610851,-0.124779165,0.85011405,1.9938581,-2.8850014,-2.3193436,1.11049,1.5489476,0.90376544,-1.5867956
0.49269,-1.3437908,1.7295507,3.325582,-2.673118,-2.0390744,-0.59358305,1.9501798,-0.79188436,0.049538247
-1.0981168,-0.48007596,0.108742155,5.236276,-1.9576926,-2.1577952,-0.2213228,2.7444155,-0.8900428,-1.1527259
-2.0886738,-0.26079446,0.8137161,6.205037,-1.0509666,-3.2757869,-0.22951178,1.0971212,-0.22579388,-0.914121
-0.13479534,0.35578096,2.1125543,2.4012263,-2.4424064,-1.2803946,-1.1715156,-0.18717659,1.3639189,-1.055551
-0.9102634,-0.6868182,1.3580889,5.3827004,-1.8714665,-3.2469575,1.2591481e-05,1.2934414,-0.31609422,-0.91366994
0.19398412,-1.760625,4.0720067,2.6096897,-2.0266137,-0.8524221,-1.9326471,-0.68545485,1.5213622,-1.2129258
0.4940259,0.06247385,1.9372216,1.1083298,-2.3536909,-1.2306803,-0.5303413,-0.100216046,2.198661,-1.6338919
-1.1443195,-0.44437283,0.8970883,5.4822555,-0.9969032,-3.0541599,-0.5536171,1.0245328,-0.85768265,-0.29776162
1.006618,-1.7088382,3.2242815,0.6160175,-3.6831498,-0.35604888,-0.102368124,1.0882224,0.58253646,-0.6350977
-0.7728652,-1.343482,1.1139991,4.164893,-1.4964659,-2.233165,-0.438222,1.7277261,-0.45349056,-0.20899636
-1.1014911,0.21952517,0.23531559,4.726667,0.029797688,-2.6344054,-0.5860999,-0.24175341,-0.34420693,-0.3047776
-0.3259234,-1.987554,2.659291,2.29637,-2.7518263,-1.7261008,0.5136374,1.1708566,2.1292937,-2.0172014
-1.9347936,0.04527475,0.95278853,5.802056,-1.1350163,-3.0082138,-0.8722423,0.5163348,0.12459369,-0.47907472
0.5901289,-1.5078498,2.8934243,0.64925677,-2.9087887,1.3736284,-1.3859563,0.026354674,1.1457905,-0.9250058
-0.1573495,-2.0982103,3.4464393,0.4635471,-3.50547,-0.47742394,0.5790038,1.4940342,2.3944669,-2.1792889
2.239665,0.68892,0.99094707,3.2886767,-0.6800404,-3.2076213,-1.4916587,-0.856588,-1.4700314,0.53227603
-1.6503332,0.89897925,0.30226192,4.657418,-0.68557775,-1.928213,-0.6191454,-0.1442014,-0.34291667,-0.46331155
-1.4601955,-0.19135036,1.4146421,4.819119,-1.6398057,-2.1999886,-0.2821082,0.37803268,-0.109801516,-0.6628396
-0.53611195,-1.5791302,0.04034031,1.3346524,-2.4655166,-1.2397932,0.13703243,4.8237433,-0.4249665,0.061026804
4.815249,0.63010615,-0.5823252,-3.120287,-1.3712941,-0.35264143,0.5641346,-0.26746678,0.92123985,-1.2264107
4.537422,-0.6802316,1.5827814,-1.1945648,-1.9198985,-1.6189772,-0.28231844,0.67201036,-0.20998369,-0.8677754
3.6351326,0.83678263,-0.73936296,-1.5289719,-1.2944944,-3.6772206,3.4374976,-0.679563,1.3121575,-1.3372408
3.029699,0.058634683,1.1955892,-1.6216311,-1.6235261,-0.99433744,0.5415904,-0.37138116,1.148221,-1.4044787
2.990701,0.59900963,-0.06932291,-0.41370893,-1.3900679,-1.2811512,-0.07279888,0.11532365,-0.93699396,0.49578896
3.3248339,2.066971,-0.9086347,-1.3959215,-0.91895676,-1.7754467,1.4320985,-1.0926675,2.0925694,-2.9177942
4.6886086,-0.0043383986,1.1168824,-0.8124129,-1.959439,-1.374415,-0.7904938,-0.5200063,-0.680007,0.33452392
4.231115,1.9791746,-1.5420353,-1.5359542,-2.0344532,-0.93638813,-0.13306825,0.629079,-0.5123101,-0.0725903
2.088702,0.3001628,-0.00025442988,-1.5063071,-3.1918597,-0.5176431,0.2829901,2.959649,0.917734,-1.3027923
5.779836,-0.5098307,1.126927,-1.685168,-2.123782,-1.7259791,-0.8244384,-0.4185502,-0.2635404,0.6514955
3.570337,-0.12562276,-0.25827554,-0.9831298,-2.2974944,-2.1651137,1.4947978,1.9298611,-0.85637444,-0.24039525
2.9968522,0.3909003,-0.7398208,-1.0982549,-0.37442338,-1.4208614,1.3378695,-0.42014998,-0.32049954,-0.37843817
2.7448015,0.5791209,0.08018396,0.23558164,-1.3448389,-1.8110001,0.3613881,-0.046981815,-0.7926903,0.02567523
5.292103,0.35079837,0.0312827,-1.0815282,-0.4953221,-1.9802688,-0.11104436,-1.382642,0.63977456,-1.3244889
4.8439984,0.5956998,-0.36553946,-1.8458822,-1.0805357,-2.2122245,1.2768137,-0.6974202,0.80564344,-1.3291651
5.314409,0.6497548,0.033563055,-2.0891652,-1.2051122,-1.1972644,-1.0517648,-0.7152521,-0.5537925,0.8132275
3.7038128,-0.27857774,1.2041548,-2.0941966,-0.86103404,-1.0934634,0.53160983,-1.3466761,0.55682003,-0.4111405
5.9872327,0.33928865,-0.24495843,-1.9213252,-1.4133859,-2.5898411,0.9554432,-0.1328547,-0.28829902,-0.6581905
5.23855,-0.23324706,0.707581,-1.7082834,-2.6056788,-1.5231341,0.44037598,0.45654106,0.35295856,-1.1326412
4.662675,0.31429994,0.5252584,-0.9057548,-0.6062722,-1.693292,-0.5826778,-1.0091362,-0.8652039,0.20248485
0.5376852,0.36778003,1.212097,-1.9661357,-0.98734844,4.420039,-3.2266219,-1.6343609,1.2723266,-0.07063014
2.125709,-0.9907648,2.88419,-0.47377974,-2.2250822,0.15610978,-1.2363355,-1.6080976,1.5192491,-0.22908688
-0.29039565,-0.04611446,1.1032209,-2.4911041,-1.1229693,5.6117525,-3.002246,-1.1971612,0.5723041,0.81943214
-1.396128,-0.057888523,1.9345211,-2.079283,-1.0923972,5.6702003,-1.9628227,-1.8732759,1.0290334,-0.24329102
-1.5603118,-0.2864421,1.0155883,-2.112777,-1.6555202,6.04084,-1.9449513,0.3428087,1.2698512,-1.132235
-0.11901593,-0.51276505,0.7590366,-2.4146695,-0.95837533,5.8280935,-2.3358722,-0.31553057,0.45221412,-0.42291093
-2.0528762,0.22169869,0.9381347,-2.132188,-0.6952339,6.664425,-3.09064,-0.82236254,1.0081593,-0.11132342
-1.4638679,-1.1311483,2.1125257,-2.0767672,-1.4844564,5.239199,-1.6424265,-0.51222694,1.0025847,-0.1148491
-1.0799063,0.9109921,0.29077455,-0.87574,-1.1103239,4.772615,-2.8644774,-0.2839874,0.9616804,-0.77917707
-1.7122446,-0.7219896,1.0727683,-0.98362905,-0.49929923,6.014282,-3.6208408,-0.67862195,0.9781897,0.049646907
-2.3328993,0.1535608,1.3118421,-1.2476873,-1.4471521,5.4938126,-1.7376918,-0.6069171,1.5730155,-1.2396097
-1.0623538,0.44903922,0.8516081,-1.6646442,-1.2005881,5.856164,-2.829385,-0.44494593,1.1489973,-1.171821
-2.425658,-0.11691089,0.44498745,-1.0332241,-0.8704713,6.035054,-2.7747877,0.15862313,0.66697437,-0.09787459
-1.4423609,-0.3626876,1.7179353,-2.4275362,-1.7831639,6.944865,-3.439604,0.03640529,1.353611,-0.6170432
-1.999755,0.20130019,1.5158023,-2.3100512,-1.3812983,5.971905,-2.4347525,-0.5311716,1.6814955,-0.7813135
-1.0932655,-0.14701934,0.85924333,-2.23126,-1.0944177,6.084981,-2.5754626,-0.76427764,1.2160202,-0.28743947
-1.9028298,-0.107282355,1.3203895,-2.3638072,-1.5623873,7.0327554,-3.6225603,0.2508281,0.9215244,-0.0038449243
-0.88149786,-0.35636395,0.6371764,-2.0298,-0.768527,4.524303,-1.6102048,0.19890094,0.45113343,-0.15190294
-1.4200901,0.49591672,1.0343438,-2.0083022,-1.2637069,6.491706,-3.6926968,-0.37020934,0.5560927,0.13449043
-1.3413128,1.0218604,0.09838275,-2.2713928,-1.4600804,6.5882454,-3.1782548,0.028421756,1.5401058,-1.0629941
1.00382,0.2640509,-0.7753324,-1.0524054,0.08630429,-3.6839774,4.757651,-0.1478343,1.0943956,-1.4807234
1.405768,-0.041763738,-0.41174313,-1.1444471,-2.2724626,-3.455273,5.2130094,2.045789,0.792048,-1.9420669
0.43485495,-0.9052492,1.0312572,-0.873532,-2.940394,-3.1948855,5.273916,1.6018227,1.4245164,-1.7760183
1.5595142,2.7287693,-0.8030012,0.013074219,-1.6432818,-3.02959,2.133146,-0.45837197,2.1626368,-2.6332078
1.262473,-0.104796246,-0.3352199,-0.91177756,-1.4439279,-3.992222,5.986642,0.8830578,0.6833471,-1.962796
1.2931579,-0.51179045,2.6421509,-1.3787987,-2.2750282,-1.8465449,2.7713132,-1.0548176,1.7709891,-1.4326028
-0.073816806,4.333721,-3.213845,-0.35719436,0.2591867,-2.3737187,0.9048021,-0.036295343,-0.018617734,0.6531282
0.757707,2.7820044,-2.7386053,-0.23349796,0.14830227,-2.4785821,1.3097726,0.8937715,-0.49877495,0.15154546
-0.013427079,1.6726921,-0.634906,-0.2579868,-2.1436572,-2.8627975,3.0815241,0.30805525,0.3643561,0.5533363
-0.045538753,3.3219712,-2.180702,0.021640092,-0.90380883,-1.4795576,0.12083794,0.24007052,-0.90800375,1.928858
-0.076802105,3.1071095,-2.332822,0.2138977,0.784117,-1.9062392,0.5191311,-0.017769527,0.29825878,-0.5313825
-0.70202875,-0.6783522,-0.8127647,1.1410141,-2.5167527,-2.7494953,2.5630639,4.818457,-0.7256019,-0.107698984
0.04882446,-0.46005005,0.19220176,0.013623685,-1.3996348,-3.7980006,5.16421,1.4408656,-0.2184826,-0.8518397
-0.69720745,-2.0565639,0.48064563,0.4102683,-2.092848,-3.5096767,5.9865804,3.2669368,0.5897175,-2.2612796
-0.81092477,-0.47213405,-1.2260797,1.9891889,-2.3400533,-2.8557255,2.4969804,5.342,-0.7743199,-1.1463026
0.1668325,-0.08196618,0.84779775,-0.17452231,-2.282336,-1.8919429,3.8970277,1.1020657,1.0605267,-2.5760283
3.6988714,-0.12079851,0.6286728,-1.7882881,-1.5210407,-2.5846293,2.073943,-0.12708351,0.45080787,-0.68902946
1.7807474,-0.6753449,0.30040184,-0.7833683,-1.7010243,-3.739517,5.329186,1.2675606,-0.28963274,-1.3717109
-0.2016969,-0.9966425,-0.68358,1.400809,-2.2280562,-2.7276568,2.408829,4.5534487,-1.4655186,0.15204474
0.84086454,-0.49093205,2.092705,-0.899365,-1.7429018,-2.8222373,2.4692593,-0.46706617,3.530567,-2.5728004
-0.41501167,0.95247656,2.4766757,-0.47577685,-1.517571,1.0365895,-1.0188652,-2.0696294,3.9377568,-3.069802
-1.5045804,1.1022198,1.6726056,-0.59977806,-1.034122,0.64384365,-0.07574572,-2.0450695,5.829301,-4.1884475
-0.81510735,-0.038189486,1.7830609,-1.700201,-0.79637975,4.1043167,-2.1652377,-1.3366994,1.2171158,-0.34753516
-0.67514384,-1.7933729,4.9181848,-0.09774317,-2.5964901,1.029271,-0.6959113,-0.7172714,2.8423717,-2.342301
-1.6895016,0.2729786,2.9944427,-0.0020576864,-1.8307513,1.5986732,-1.3519586,-1.2963461,3.2232697,-2.0475903
-0.48088112,-1.738092,5.291,-0.69353986,-3.1734247,-0.51908565,1.1147538,-0.90730375,3.373992,-2.3719044
-1.4113365,-0.7287373,2.6883705,-0.6280082,-1.0030098,0.44505373,0.6421589,-1.1202266,4.462262,-3.4985318
-0.31274554,-1.134619,3.6829925,-0.61458606,-3.06454,0.04018423,0.91644067,-0.26325476,3.2020342,-2.500844
-0.89437807,-1.2693219,5.126289,-0.3313527,-2.748871,0.72560537,-0.25881118,-1.5095004,3.4432602,-2.3978562
0.3720136,-3.9045587,5.779837,-0.24869362,-1.6503638,0.109800726,-0.6974379,-1.0423632,1.3591377,-0.18420038
-0.8560567,1.521947,1.5470518,-0.2002087,-1.1098543,0.17542484,-0.4498555,-1.9373469,4.159056,-3.01797
-0.77352846,0.101960406,3.230992,-1.4409103,-2.2065215,1.5809063,-0.47756177,-1.8005323,3.7429087,-2.119134
-1.0559666,-0.14567928,2.7422101,0.10377315,-2.731932,0.60252786,0.35847723,-0.19007635,4.1655846,-3.9865804
-0.8036158,-1.9915661,4.9652677,-0.71922266,-1.966383,0.714934,-0.23674704,-1.3597323,3.4858143,-2.2641006
0.27515677,-0.2202188,3.680917,-0.40285152,-2.464664,-0.10386786,-0.1334397,-1.4144168,4.96215,-4.352035
-0.7671317,-1.7532125,4.5121493,-0.37988806,-1.7810377,0.65143776,0.23366363,-1.4439573,3.9978607,-3.4742868
-2.2322347,3.0156527,0.19214371,-0.7265951,-1.3883135,0.19632526,0.1693431,-1.2153188,4.5206237,-2.590305
-0.2503244,-1.0384941,5.128519,-0.7472387,-2.8224065,-0.101264805,0.024079397,-1.612372,4.2055,-2.9631968
-1.0129713,-1.4823123,4.589955,-0.1882549,-1.9482028,0.424933,-0.22062247,-1.0340127,3.5366075,-2.8205454
-1.6689456,-1.940686,3.5912836,2.554654,-0.3412131,-1.7692515,0.8473069,-1.0966426,1.4866511,-1.7772995
0.067157716,1.8007644,-2.0412118,-1.2646124,4.067864,0.70723164,-1.2130256,-3.2800837,-0.7305912,1.827619
-0.1932461,1.3283038,-1.6138625,-1.0448666,4.939366,-0.846581,0.045812234,-3.3429089,0.08123933,0.59224945
0.0714421,0.15929662,-2.5297508,-0.517154,6.3223543,-1.0066632,-0.26586354,-2.5551498,-1.0074695,1.2958263
-1.4487551,0.8529561,-2.0884006,0.7760157,5.4116154,-0.5700598,-0.48136973,-2.466588,-0.1980053,0.1834459
1.3493718,0.15539388,-1.8702393,-0.17773667,6.180399,-1.6092584,-0.105560645,-3.4728901,-0.03019397,-0.50779194
-0.4071562,3.0570068,-2.6598217,0.5290251,4.254575,-0.9878651,-0.39397788,-3.047443,-0.027431473,-0.32940006
-0.2856461,2.2017205,-1.7019581,-0.17951977,2.98972,-0.9460257,-0.5581338,-2.909252,0.13230135,1.1876385
1.2820836,0.32274324,-1.7181796,-0.22882774,3.847718,-1.5290524,0.27382725,-1.6187187,-1.090089,0.449391
-0.5305091,1.4440069,-2.5617714,0.1998947,4.700464,-1.2341806,0.08497481,-2.1062233,-0.34274334,0.3155846
0.9798162,4.555685,-2.1520066,-0.43599805,-0.60643387,-0.6514926,-1.2442213,-1.0832609,0.7789917,-0.08055586
1.6130236,0.2129368,-1.9313649,-0.4389778,4.222557,-2.330761,0.84534323,-1.5242463,-0.5990536,-0.0700851
2.881259,4.1073594,-1.6110941,-1.3540034,0.32357413,-1.9050144,-0.64393425,-2.488578,1.2710427,-0.6558768
-0.28195396,4.604168,-2.9662526,-0.6074782,1.7230189,-0.7893832,-0.26053149,-1.547228,0.2223054,-0.04443077
1.5339817,0.8711372,-0.09193658,-1.9265823,0.80787146,-2.2641015,2.0917752,-1.5181845,1.6402137,-1.1518526
0.736464,3.6977057,-3.0293233,-0.37848538,1.1681576,-0.89526904,-0.39550644,-1.0983462,-0.24929039,0.48473144
0.015941799,0.71983117,0.014946915,-0.955198,-0.3831566,-1.97238,2.5191789,-1.1655787,1.3005157,-0.10002876
1.5501713,2.4788258,-2.5385525,-0.073603034,3.1922972,-1.2631023,-0.3707651,-2.6740558,-0.11920844,-0.22419226
1.8479577,2.291798,-1.4794382,-1.1520774,0.506548,-0.90874946,-0.07634647,-1.5007715,0.23843737,0.22746173
0.84113574,3.4218996,-1.1553813,-0.7543511,-0.07874112,-0.82022166,-0.47861362,-1.0798609,1.5795527,-1.5298285
-0.61230385,1.499742,0.7265421,-0.7849129,-1.8836684,-1.2055118,1.4645234,-0.43619502,5.404777,-4.297974
1.161834,-1.4532704,-0.7506054,-0.6831884,-0.25271547,-3.0727327,3.5585928,1.9254321,-0.5480929,0.22338489
2.2860737,-1.440159,0.32600826,-0.23973097,-2.9046063,-1.5031188,0.59319323,3.8424819,-1.6104677,0.80043244
1.0662327,-0.07448931,0.21595076,-0.22161898,-1.6901596,-2.2582774,-0.28262582,1.2889229,-2.1229956,4.2457314
1.5047945,1.3703036,-1.1712838,-1.2246735,0.2551859,-1.4701204,0.089787975,-0.6795653,-0.9340567,2.310339
0.28831935,-1.3354281,0.048942126,0.37882167,-1.7067134,-1.8067434,1.9684981,3.6579118,-1.098745,-0.2382825
0.26679325,-1.7662572,-0.68483096,0.19367638,-1.3626251,-2.1117954,1.8605808,4.350845,-1.599672,1.0381235
2.405635,-0.33350116,0.37078974,-0.70339066,-1.1449921,-1.6862997,-1.0762827,0.402075,-3.257304,5.159965
0.5387186,-2.5932775,-0.42675135,0.91124886,-1.688097,-1.5508474,0.94549376,4.795843,-2.70702,1.9760875
-0.45562866,-1.0808698,-0.9383721,1.7439728,-1.2564161,-2.582445,1.9142371,4.061644,-1.4064919,0.17221367
-0.25316444,-0.93897223,-0.21394065,0.78094065,-1.355532,-0.14773318,-0.9758656,2.8838806,-0.91801095,1.2757254
1.3277345,0.5169935,-0.31944683,0.33154345,-0.9728215,-1.6305319,-0.95036596,0.94425786,-2.129709,3.0098438
0.5262989,-1.240242,0.26399818,-0.5758108,-1.2517042,-1.4255276,2.1741672,2.2778509,-0.9827761,0.33779934
-0.099460065,-1.2813303,-0.0076940283,3.132173,-0.42459583,-2.3029153,-0.028138414,2.3012822,-2.1943557,1.0678103
0.4032047,2.9518702,-1.0627532,-0.6023746,-0.9215549,-1.7607988,0.7184293,-0.78777045,1.3010917,-0.21294379
0.9916233,0.31128395,-1.189651,-0.35144168,0.296453,-1.9127325,0.40636218,1.4518358,-1.0509708,1.1206491
-0.032592535,0.6603419,-1.2247572,0.8259553,-0.9575614,-0.9766122,-0.79291207,2.3644488,-1.5646669,1.8418615
2.748382,-0.85565835,1.7406535,-1.5334723,-1.4429624,-1.1349503,-0.8834542,0.28667632,1.1702032,-0.12811357
0.28067046,-0.3448475,0.9993513,-0.89342225,-0.7106954,-0.9918448,0.19034274,-0.18696558,-0.030010357,1.7170637
-0.3410038,-2.0192533,0.08692194,1.6356933,-1.6769481,-1.9875749,1.2944967,4.1811304,-1.3244326,0.3301984
0.9339591,-1.7481264,0.36863574,0.8910155,-1.9823272,-2.554012,0.20741273,3.9967558,-2.2704678,2.306313
0.21427915,0.2116083,2.3538983,-1.2022686,-1.3192794,2.4802752,-2.2036505,-1.3758969,1.6502328,-0.954742
-0.8346772,-0.17699279,4.1290154,-0.071662545,-2.5487583,-0.7291615,0.28403556,-1.8701733,4.970663,-3.3514762
-0.76355696,1.0003762,2.9101853,-1.3718464,-2.868417,1.9501827,-0.48272657,-2.0734663,5.5635023,-4.06243
-1.6270193,0.28156227,3.9148726,-0.98735636,-3.03558,-0.27769676,1.0826317,-1.4468567,5.8240757,-3.89389
-0.064588815,0.355067,2.9481385,-0.90097415,-2.163759,0.15026549,-0.039332554,-1.5309471,5.2619553,-4.216338
-0.54029477,-0.70784867,3.9157279,-1.230186,-2.4882581,-0.2990633,0.8677638,-1.3541961,4.519917,-2.8653777
-0.3002222,-0.12917353,2.6982162,-1.0176036,-3.2136939,-1.4260645,1.8672212,-0.46639872,5.919411,-4.091601
-2.0118837,1.4007024,2.2760336,-0.14442751,-1.4407604,1.6201876,-0.959724,-1.9511728,4.2068796,-3.1835015
-0.7190331,1.7778316,2.2292724,-0.9409571,-2.5069954,0.6453706,-0.3167485,-1.7432246,6.3979225,-5.0161514
-0.019084781,1.1849052,2.4586654,-0.48112428,-3.1911678,-0.108644694,0.26988512,-1.5626808,6.173999,-4.915586
-0.62482405,1.8168844,1.4697207,-1.1288571,-1.6062393,-0.36887404,1.0218037,-1.94549,6.1098266,-4.953775
0.3944482,0.5475176,2.564938,-1.0919154,-3.4504707,-1.1474155,0.631637,-0.5791403,6.46975,-4.5013328
-1.3504499,0.47095084,2.8028338,-0.3874877,-2.975379,0.5000319,0.42068392,-0.93795437,5.424631,-4.135098
1.1794221,-2.1946046,5.3001733,-0.16563037,-3.1920521,0.3604962,-0.17210709,-0.8763063,2.5676043,-2.9754114
-1.1685013,-0.6966718,1.8360902,-1.5425649,-1.1860043,4.1155987,-1.5622624,-0.77837473,1.6542438,-0.7835894
0.6042396,0.67246926,2.6043866,-0.92370945,-2.9546077,0.30080703,0.39221168,-1.2516338,4.4220934,-4.0612884
-1.451106,0.83082235,2.1232796,-1.7834501,-2.665208,1.5320787,1.4052566,-1.5140884,5.6307154,-4.2552013
-0.56289935,-0.09180249,2.4653022,-0.56284684,-2.434745,0.3818852,1.132723,-1.0601975,5.452791,-4.864291
-1.4173855,0.36466545,3.5597346,-0.9127787,-3.1958015,-0.8325956,1.6059891,-1.3276951,7.227338,-5.2857566
-0.73572266,1.3347723,2.4641554,-0.85437286,-2.1106079,0.14445856,-0.08189432,-1.6720263,5.725596,-4.3995576
-0.0055627525,-2.710431,2.6557882,-1.1200576,-2.4605815,-1.1224693,2.977496,2.249499,1.5494057,-1.9853542
0.6193062,0.20358984,2.9471955,-1.1965871,-2.7547882,-1.1386086,0.44662452,-0.9847632,4.3910804,-2.676573
-0.19214365,-0.524895,0.031141557,-0.7009926,-2.9887269,-3.3022885,6.487138,2.6486392,1.3358818,-2.646103
0.093706995,-1.2065277,1.8667498,-1.0936861,-2.5649693,-2.7958958,4.9289374,1.8603942,1.6344663,-2.6849926
-1.0872837,-2.0133538,-0.102129586,0.75076467,-2.6464217,-1.6323913,2.708313,5.465736,-0.2869913,-1.0270344
-0.92967165,-1.6109965,2.1057043,0.6021169,-3.276106,-1.5553598,3.0283067,2.8867772,0.6846907,-1.853081
-0.51990414,-2.0344195,3.2504797,-0.9932326,-3.6397746,-2.018367,5.0675664,1.3424171,1.478965,-1.8925109
0.1682364,-1.5998883,0.106624044,0.7291669,-3.0191982,-1.7459999,2.4462228,4.9406447,-1.2611028,-0.59329253
0.25533497,-0.44368476,0.23297885,-0.6224681,-1.0341263,-2.442535,4.4885635,1.2527083,1.1767505,-2.8016026
-1.7141931,-1.7921956,-0.651118,2.3644943,-3.046098,-2.0342705,2.465247,6.8363156,-0.52184075,-1.6530073
-0.42441413,-1.365181,-0.42742643,-0.8046661,-2.3244216,-1.722217,3.1558776,4.6065392,-0.25339404,-0.23804706
-0.20475754,-3.241756,5.2547264,0.50098354,-2.8435957,-0.47683498,0.58819455,-0.20201206,2.2321322,-1.6931361
-0.011923313,-1.0724366,0.018476225,-1.116718,-2.0492678,-3.0094025,7.237052,2.3623111,0.9277334,-3.1387422
-0.049782306,-1.7258923,2.3814647,-1.6607635,-2.7050693,-1.9437774,4.669652,1.4885737,2.5369878,-2.9846535
-0.6144167,-1.0275404,0.32077137,0.42209738,-1.6293669,-1.9746538,3.2617059,3.1812246,0.063507214,-1.9033036
-0.3277268,-1.268223,-0.39650944,0.5686714,-3.1083577,-2.288833,2.696998,5.137276,-0.703228,-0.12124454
-0.56126785,-2.252605,1.150557,-1.2656555,-3.007405,-1.2800928,3.768143,3.717625,0.8601685,-1.0387814
0.69225323,-2.4248776,-0.44478664,1.242856,-2.611396,-2.0636783,1.3085821,6.721226,-1.9016708,-0.27137768
0.085241795,-0.22035576,1.005987,-2.1392233,-2.220868,-1.596919,4.5005336,1.0622693,1.2229334,-1.6362205
-1.196933,1.398245,-2.547571,0.25277802,-1.0381126,-2.1401322,2.2324886,3.927013,0.26686645,-0.97936994
