0.9706217,-0.6811804,-1.356034,0.38095352,0.17127176,-0.9271617,-0.36551124,0.8769445,-1.9280868,2.8028493
0.59782296,-0.4822946,-1.1488316,0.0839364,-0.6799284,-0.38798535,-0.6549985,1.3506151,-2.0003307,3.2464697
-1.0979704,-2.811569,-0.052167445,1.9915458,-1.3868779,-0.8532034,-0.7833051,3.7029371,0.08749248,0.6961216
2.1296792,-0.6084589,-2.9165335,-0.36098495,-0.42620325,-0.29738414,-0.63367474,1.6273454,-3.4821365,5.132077
-0.3684247,-1.1841832,-1.1002047,1.5218145,-1.923817,-1.5107961,-0.15209699,3.0502815,-0.34995705,1.542947
0.32559437,-0.6231968,-0.5128201,0.7067619,-1.6736635,-1.8667716,-0.170302,1.8121539,-1.1701746,2.861564
3.0099936,-0.5355747,-2.6488392,-0.5176847,-2.3175542,0.2538333,-1.0487592,2.1926358,-2.2060406,3.918494
0.07720597,-0.42323074,-1.6510473,1.2988596,-1.3790865,-1.640774,-0.005100645,2.5814214,-1.5504652,2.6985888
-0.46650788,-1.6011935,-0.9581256,1.4649312,-1.8654114,-0.43083984,-0.7942302,2.8186703,-0.38866484,1.9645373
0.29256,-1.0223299,-1.7750539,0.9879077,-1.5470597,-1.2613547,-0.18830952,2.6350095,-1.8644701,3.4046159
1.1868722,-1.3442467,-1.935247,0.32133102,-2.1073697,-1.687214,0.28518796,3.453866,-1.3802258,2.8309515
-0.22572735,0.21320643,-1.7629235,1.0161095,-1.3167201,-1.1145408,0.23470223,1.7663611,-1.065799,2.2306154
-0.03180296,-0.8446537,-1.4553838,1.2640284,-2.0641353,-0.75457954,-0.37544245,3.341061,-1.1206186,1.902906
0.07386289,-0.96910626,-0.75986195,0.4034426,-1.5335598,-0.7748436,0.09161975,2.0708246,-0.5944053,1.7345791
1.2636722,-1.6757227,-1.2306947,0.69019777,-2.2455378,-0.92927253,-0.37486267,2.5832915,-0.8799526,2.6394584
0.6844806,1.1160821,-1.4444818,0.20795771,-0.9948875,-0.97130847,-0.739638,0.67745507,-1.6865666,3.212922
0.67014796,-0.8997635,-2.302134,1.6174499,-1.155572,-1.711722,-0.766338,2.5772417,-2.301298,3.9115307
0.5596221,-1.4196194,-1.5129348,1.1997243,-1.2697153,-1.4027519,0.14223367,2.2409067,-1.620295,2.917296
-0.025320789,-0.9919685,-0.71186256,1.1123619,-2.0358012,-0.63612556,-0.7754589,2.2742414,-0.8334006,2.398217
1.268033,-0.4175544,-1.854321,0.6553797,-0.86386096,-1.2583015,-0.26812384,1.217073,-1.9812984,3.4758892
0.25692993,-0.8314401,-0.74524105,0.40789443,-0.9475008,-0.72853774,-0.011376567,1.4619762,-0.7592485,1.6617138
0.3056862,-1.2587994,-0.778844,0.36622998,-1.256971,-0.41667724,-0.2603974,1.6656483,-1.8880162,3.5357096
0.15109465,-1.9975656,-1.5154691,1.5779957,-1.491959,-0.94968903,0.068050064,3.4084911,-0.6214624,1.0947168
0.76504034,-1.0589105,-1.0185344,1.2271246,-2.154306,-1.1824124,-0.42789292,2.1682172,-0.8658307,2.256931
0.7282212,0.15773536,-1.3550847,0.36682105,-1.2077824,-1.189562,-0.3632833,0.8723839,-2.152082,3.9946198
-0.6825059,0.113922484,0.91356003,0.2817773,-1.271083,2.2246203,-0.78735477,-0.4087336,0.66515756,-1.1188126
-0.6446186,-0.51371163,1.7172376,-0.17546384,-1.0165232,2.04117,-0.64965403,-0.8827713,0.6713339,-0.5349481
-0.09607322,0.055422507,-0.20094833,-0.76388586,-0.16445719,3.8180418,-1.6393889,-0.347059,-0.7506026,0.43736842
0.55308086,-0.17061599,0.034272745,-1.1828033,-0.4064251,5.020053,-1.8120445,-0.9567997,-1.1179926,0.6105303
-1.1690398,-2.288248,0.7557919,0.36384505,-0.47397548,4.0367002,-1.4313818,0.77293617,-0.66681087,0.16034254
-0.3851878,-1.2171308,0.21295705,-0.3577594,-0.7833617,4.3938274,-1.0837208,-0.06890686,-0.549315,0.2607177
0.526463,-0.33636463,-0.22619408,-0.77062374,-0.5433599,4.0976562,-1.4723202,-0.58119524,-0.60860944,0.32259923
-0.42466548,-0.2747975,0.73908603,-0.43326017,-0.70424116,3.6722345,-1.2475756,-1.0670403,0.0261347,-0.17443936
-0.7375539,-0.17075151,0.6700705,0.3295027,-1.2029321,2.4641082,-0.8927195,-0.21809211,0.13043429,-0.36416748
0.043928318,-0.95531034,-0.39042166,-0.7910481,0.19967641,5.0765643,-1.8215455,0.09577523,-0.8896683,-0.13074586
-0.4044277,0.2596332,0.29996783,-0.8712632,0.7195076,3.21433,-0.56970084,-1.0930974,-0.3337413,-0.9443995
-0.8846036,0.07887729,0.41070765,0.090967305,-0.6583564,2.9053211,-0.9608656,-0.23383915,-0.13919583,-0.50854486
-0.6746662,-0.14146315,0.32867596,-0.43646207,-0.70213795,4.0506353,-1.5700535,-0.26174226,-0.119472995,-0.23117101
-0.5702414,-1.3170142,0.5498903,-0.758071,-0.47380826,4.726875,-1.3328,0.18646242,-0.5717019,-0.14909461
0.17919028,-1.4841344,0.22324687,-0.44260386,-0.6448196,5.515755,-2.0146828,-0.29713738,-1.3876736,0.7211212
0.28647605,-0.09147482,0.36213282,-0.80567676,0.26064646,4.0652523,-1.7264707,-0.9625929,-0.18140356,-0.85692465
-1.2869579,-0.86061245,0.94691527,0.12894905,-0.34208292,3.1129222,-0.7360488,-0.48215932,-0.012199879,-0.50789016
-0.20891869,-0.70295644,-0.14145832,-0.096895866,-0.6007712,4.8482394,-1.5201257,-0.4330033,-1.1152396,0.3183007
-0.16500899,-0.84186375,0.2569752,-0.26952714,-0.3674857,2.1996312,-0.48271394,-0.13882063,-0.30494732,0.09211297
-0.70024294,-0.32365045,0.8097559,-0.55754954,-0.30195466,4.0294356,-1.334592,-0.8275692,-0.29325503,-0.043902215
-0.20480883,-0.6615049,-0.073617816,-0.70058477,-0.12408496,3.5305655,-0.8919896,-0.19754697,-0.9357831,0.37993985
-1.0373663,-1.0069667,1.1049259,0.66866195,-1.2890594,3.3644934,-0.868135,0.16544236,0.5933476,-1.7961378
-0.67684007,-0.7693148,0.53811145,-0.23225376,0.17374174,3.7127104,-1.2400063,-0.72384053,-0.11903843,-0.3331941
-1.806882,-0.48803222,0.991343,0.3627147,-1.0698084,2.380323,-0.25282738,-0.26927698,0.67475617,-0.6568917
-1.4843953,-1.1953043,0.81997204,0.3789205,-0.43189856,3.4254217,-0.8990303,0.20101722,0.15162857,-0.9823535
-3.168077,-2.3055468,2.9296012,1.7542013,-1.5472596,-1.6647079,1.6354514,0.85675955,2.7577481,-2.0587425
-3.018508,-1.6284823,2.921732,2.2798958,-2.0164325,-1.3422906,0.5253296,0.96452004,2.5081046,-1.887235
-2.3610668,-1.7794684,2.274062,1.7073584,-2.3975694,-1.1921636,0.8707415,0.9461964,2.4483047,-1.1878204
-2.6215858,-1.8240737,3.621114,1.8043714,-1.7206234,-1.0995325,0.43333858,0.24975918,3.2725856,-2.954482
-2.2982697,-2.2125063,3.0240304,1.9107298,-3.1168036,-1.4644713,1.217783,1.8274385,2.9537094,-2.666092
-2.2455704,-2.385693,4.3280826,1.3385457,-2.318629,-1.667765,1.1170559,0.25446808,3.6002233,-2.7138228
-2.1221838,-0.9342946,1.8421986,2.101665,-2.0548732,-1.7712469,0.6517611,1.7761863,2.7744908,-3.06078
-3.2641048,-1.5155054,2.2782931,2.546483,-1.9112684,-1.875001,1.5261456,1.8296064,3.1494272,-3.629805
-2.7723188,-1.519848,3.237631,1.5876004,-1.2529464,-1.878697,0.5752445,0.70337015,3.466685,-3.0617733
-3.1457162,-1.9660096,2.4839473,2.0359268,-1.5275165,-0.7952565,0.94134986,1.5438324,2.6523845,-3.0287895
-3.3861315,-2.0917296,3.0461006,2.7014441,-1.998126,-2.381308,0.5467375,1.687761,3.0200999,-2.0950606
-2.9913545,-1.6200068,3.4891784,2.0566688,-1.5186235,-1.6541821,0.8595016,0.97189003,3.5595145,-4.130309
-4.312956,-1.9490057,3.7232802,2.8941545,-2.0916142,-0.84815264,0.62429905,0.5898085,3.533464,-3.116465
-3.7240942,-3.180005,4.8123503,1.435382,-1.4336464,-0.27407873,1.2160903,0.094328895,4.239006,-3.9047487
-2.783533,-1.666581,3.132013,2.3200974,-2.0571783,-2.8920288,0.8706927,1.5502223,2.7880197,-2.3253527
-3.5149696,-1.1224484,2.907803,3.044044,-1.9395524,-2.3269928,0.35875785,1.1288998,3.0522573,-2.6563816
-2.3770463,-1.0831218,1.7440102,2.8812091,-1.965887,-2.921969,1.0175015,2.20372,3.5409424,-4.0252805
-2.0730395,-2.0860138,3.4964633,1.7061719,-2.7925885,-3.1010194,1.4562134,1.2649931,3.3705244,-2.2735379
-3.5997894,-2.2521465,3.916253,2.479983,-2.4721339,-1.5923371,0.91339874,1.1970786,4.0147586,-3.657937
-2.6412978,-1.7077547,3.9594567,1.5299033,-2.9484656,-1.5566629,0.9999708,0.27484214,3.568373,-2.1879928
-3.1222534,-2.1838975,4.166168,2.830281,-2.5639184,-2.7377946,1.4000584,0.16658454,4.1136236,-3.1706455
-3.5624561,-1.857542,2.8810072,2.0254383,-0.50405204,0.09138523,0.42045093,0.5354386,2.435986,-3.2702956
-3.3174253,-2.4701347,3.2155142,2.9723089,-2.615321,-1.694411,0.7070159,2.2118192,3.7657173,-3.9289951
-2.6905003,-2.0668163,2.573781,1.8622311,-1.7064941,-1.265594,0.7804985,1.3331798,2.4096282,-2.0145879
-1.9196471,-2.6167839,3.782733,0.77445483,-1.3414849,-0.9325533,1.2587997,0.17536877,3.072737,-3.0233626
-2.5535944,-1.6763935,2.0848904,2.2124536,-2.4643133,-3.402625,2.0260453,1.9902078,3.4942572,-2.5047169
-1.2044724,-1.4467188,-0.4713457,3.1933942,-1.8334324,-3.143421,0.42970395,4.2199183,1.6326333,-2.2060757
-2.520363,-1.9321758,0.2325575,4.03891,-1.428645,-2.0600808,-0.3252251,3.0589705,1.1494781,-0.9447618
-1.9463395,-1.19131,0.16526821,3.1892908,-1.1530902,-2.7384324,0.47990245,3.8295844,2.485482,-3.9521384
-0.2610077,-1.3390429,-1.0270039,1.8428437,-0.96608186,-2.8148332,0.48993576,3.7279267,0.556934,-0.783861
-1.7114824,-2.418498,1.728826,1.9090327,-2.069097,-3.269857,1.7702264,1.9577342,2.6588514,-1.4567595
-3.7809622,-2.55012,1.5490894,3.3472953,-1.7088665,-1.8477569,0.8309179,3.646443,2.7848375,-3.3824449
-0.8078051,-1.300526,-0.5941738,2.949127,-1.7433614,-2.252475,0.53789806,3.3808336,1.3873606,-2.1045685
-0.51984155,-2.5096385,-0.79183424,2.0201073,-1.389545,-1.8641362,0.26010346,3.9939861,0.42761463,-0.3212872
-0.7447763,-1.4562219,-0.5582063,2.7618327,-1.5041686,-3.7395287,0.397825,4.4628034,1.2746959,-1.7746563
-0.6709539,-1.5759003,-0.059552997,2.3665104,-2.4530783,-2.8958154,0.5537872,3.4062777,1.7769796,-1.2860734
-0.384446,-2.388196,-0.81553435,2.0622158,-1.8854146,-1.1739571,0.5994907,3.3419905,0.24006008,0.024702642
-2.155006,-1.86192,-0.005268067,3.3059945,-2.031923,-2.1232615,0.3735802,4.415665,1.8306947,-2.454383
-1.6310812,-2.1364412,-0.21647093,3.3394675,-2.6192691,-3.3173099,0.74117,5.2485776,1.7896146,-2.1061313
-2.4038558,-1.3489475,0.37947485,3.4124174,-1.5317653,-2.4621248,0.062844805,3.3534887,2.065869,-2.3514063
-0.44722065,-1.8220632,-0.714952,2.1929376,-1.6267122,-2.3722508,0.36615303,4.254274,1.2286074,-1.6499424
-1.041577,-0.76692116,-1.1553386,3.3432949,-1.0160542,-3.2956667,0.3537799,3.3577595,1.3322994,-1.7990334
-0.8909877,-1.6844276,-0.09769049,2.822003,-1.4716766,-2.310223,0.13760605,3.1490207,1.311431,-1.6248939
0.07767328,-0.3180092,-1.0531204,2.2670462,-1.8533463,-2.8767662,-0.2482391,2.7888684,0.48458844,0.23019123
-0.93902946,-0.7636303,0.3661597,2.080296,-1.7238352,-2.4453714,0.60110176,2.1788514,2.126529,-2.0307724
-1.0278912,-1.5312978,-0.23396993,2.9836664,-2.2197154,-2.8392875,0.8954741,3.511795,1.4232739,-1.6506608
-2.0541625,-1.8833965,-0.27536967,3.2151752,-0.75871086,-1.653873,-0.31112525,2.7855005,0.63601613,-0.34526047
-2.5315719,-1.6000111,0.34904864,3.140828,-1.5988714,-3.1758184,1.0809137,2.7434728,1.8831215,-1.1960357
-0.81734335,-1.3785923,-0.71331704,2.8878794,-1.85925,-2.8511171,0.12996447,3.7555027,1.4635575,-1.4187443
-2.1357458,-2.8532026,0.48291025,3.9193187,-1.8921529,-2.0332189,0.008267239,3.7634983,1.433754,-1.5580494
-1.6447011,-0.9846877,2.252476,1.4177939,-2.4840622,-2.4024708,1.8511673,1.3150356,3.2207701,-3.3193448
-2.601517,-1.6517098,2.7073638,1.3851941,-1.7829089,-2.417317,1.5317822,1.1633874,2.7206118,-1.8653275
-1.9025325,-2.2810502,1.4138098,1.7275413,-2.4054787,-1.5829258,1.3538696,2.5887368,2.0691102,-1.8436646
-1.1526264,-1.9233445,0.8810487,0.42418864,-2.0721357,-0.9230515,2.242772,2.0369704,1.1582267,-1.1176364
-1.6212596,-1.1094215,2.0800428,0.11762371,-1.9297283,-2.3095257,2.1212537,1.4825877,3.1855068,-2.7869723
-2.3368006,-2.253688,2.4117246,0.89597577,-2.1212387,-1.7153612,2.003214,1.8629907,3.0031235,-2.5957613
-1.6261152,-2.9721923,1.9351759,1.9963578,-1.9780147,-1.9290788,1.07333,2.2498808,3.0315192,-2.577253
-2.575011,-1.806257,2.7850842,0.9257822,-2.17211,-1.0761207,1.566775,1.7570258,3.0411563,-3.0771933
-1.3232874,-2.857957,1.7852112,-0.12086957,-3.7418287,-1.3410388,3.6213593,2.6816485,2.6532152,-1.9003248
-0.27208194,-0.94768965,-0.2887806,1.5567023,-0.8671819,-1.2577162,0.5148061,2.0180974,0.6299516,-1.4056473
-2.194319,-2.9652343,1.3071829,0.3423409,-1.4063567,-1.1894772,3.1243434,2.5429242,1.995656,-2.1753297
-1.7386707,-2.162528,1.0081182,1.1097219,-1.7617028,-2.3456411,2.1852775,2.5638924,2.1089823,-1.8370798
-1.3263918,-1.8695769,0.98988175,0.12694636,-2.112643,-1.2887988,1.7830919,2.1846182,0.8906599,0.04209504
-2.4653554,-2.1018252,3.6587903,0.7564146,-2.734114,-1.3774449,1.8534025,0.8072169,3.1684034,-2.247119
-2.0649974,-1.9238995,2.2148535,1.8206719,-1.859566,-1.1549575,1.3170574,1.6739155,3.0639493,-3.8233209
-1.8961385,-1.899345,2.2850997,1.1553375,-2.030873,-0.61422354,1.1040633,0.9342937,2.980293,-2.801484
-2.1595829,-2.59223,2.4958384,0.85160595,-1.8695443,-1.157642,1.2070189,1.9819428,2.2511542,-1.8126931
-0.22172973,-2.3356724,1.0367688,-0.52395266,-2.6356518,-1.9000607,3.1490679,2.9587379,2.0241878,-2.0122094
-0.55548835,-2.2273748,1.9945626,-0.4570542,-2.7678497,-0.8673723,2.6649952,1.6707877,2.0056443,-1.9407778
-0.6401187,-2.0744014,2.1398911,0.13272154,-3.416099,-2.5965395,2.5796418,2.4053967,2.855687,-2.0891888
-2.5360081,-1.5533034,1.6994798,1.5334333,-1.9202024,-1.4946116,1.8949631,1.6219814,2.3076022,-2.241654
-1.2864064,-3.107533,1.8298517,-0.67347467,-2.0803604,-1.3855485,3.863995,2.4676504,2.3606048,-2.527042
-2.3069305,-1.974026,3.901063,1.1964611,-3.236485,-0.6116891,1.0808958,0.40221614,3.9480903,-3.145501
-0.34692237,-1.2059109,0.6601968,-0.17039606,-2.063021,-0.991573,1.5481073,1.8442215,0.4095176,-0.06651059
-1.6546156,-2.510105,2.5234342,1.3673441,-2.5355716,-0.912748,0.78162074,2.373932,2.4737434,-2.689159
-1.810764,-1.3421239,0.53692484,1.9468371,-0.818504,-2.427443,1.203157,1.7591194,1.3393487,-1.053014
-1.8887733,-0.09136716,0.20887999,2.210816,-0.79865,-1.6298138,-0.14434305,1.4511405,0.9293624,-0.7781572
-1.3847121,-0.34259695,-1.4495518,2.7857378,-0.5620473,-1.5596194,-0.7263131,2.1265793,-0.639887,1.2679546
-2.1379704,-1.5011107,1.3170702,2.3603075,-1.2085525,-2.61755,0.6721084,1.3052446,1.41474,-0.47432137
-1.215541,-1.2068739,-0.28437868,2.173005,-0.93616796,-2.4057004,0.06812935,2.3212023,0.35713124,0.53522766
-0.521997,0.48325026,-1.8399467,2.1337125,-0.14590004,-3.02303,0.07349884,1.5131596,-1.2290293,2.2449052
-0.64589816,2.5616398,-1.3289977,2.0961032,0.38629726,-2.548315,-0.9052168,0.36002785,-0.7674726,0.6165964
-1.5502273,-0.64030814,-0.5134895,2.0289047,-0.350293,-0.8675138,-0.2901879,1.5592495,0.20148419,-0.14324966
-1.3135788,0.8323625,-1.9082363,2.874936,1.3163961,-2.6523685,0.044304855,1.7342211,-0.33626038,-0.8425043
-2.1490476,2.214324,-1.2417392,2.4469824,1.6879807,-2.501065,-0.010774113,0.17498206,0.040094867,-0.90172964
-1.9840564,1.0502177,-0.5664278,1.7529727,0.963336,-2.080954,0.12716591,0.4784934,0.07309052,-0.045092646
-0.8746835,0.1573943,-1.9087658,2.797224,-0.02659733,-1.8043662,-0.70072365,1.6170357,-1.4658659,1.9278277
-1.816908,0.4870249,-0.15116897,2.839002,-0.061780225,-2.7874184,-0.85269314,1.0166417,0.14227302,0.7425717
-1.3493553,0.2840551,-1.1432443,2.8585067,0.29565337,-2.0197358,-0.58277327,1.4746621,0.090575516,-0.18154941
-1.661163,-1.1616923,0.06304738,3.1360726,-0.12105196,-2.900216,-0.38278928,1.7844263,0.7323086,-0.10498437
-0.67463464,1.3445371,-0.92070127,2.1664383,-0.32006997,-2.1463728,-0.56847876,0.23087047,-0.36442685,1.0815592
-1.9345098,0.10768365,-1.0394937,2.5642035,0.2099293,-2.0271673,-0.16506463,1.2241163,-0.42397612,1.2482269
-0.65433127,-0.3023283,-2.100533,3.176932,-0.19117482,-2.2253423,-0.625553,2.4919896,-0.7339394,0.7106549
-0.9211125,1.3505514,-1.8587289,1.8410186,1.1640633,-2.0885158,-0.33567262,0.8868218,-1.1792932,1.0368466
-2.1629262,1.0397239,-0.64288557,2.9418592,1.633085,-2.2957766,-0.38153467,0.51331437,0.34387845,-1.1009916
-0.7605185,1.7051295,-1.3826585,2.0698004,0.27676916,-2.3429968,-0.53310186,0.20117508,-0.5172333,0.971949
-2.985485,-0.70262635,0.8631654,2.3021061,-0.59158593,-2.3361182,0.87146074,1.0236964,0.90137875,0.00090138987
-1.4596254,-1.4859229,-1.0183039,3.0547771,-0.12012109,-2.250035,0.16675857,2.8408947,0.73281,-1.0119666
-1.9574554,0.6976924,-1.0246409,3.459955,0.25052372,-2.7170625,-0.53011477,1.7208637,0.09589575,-0.4246229
-1.2144152,1.1655052,-1.9462881,2.4864082,1.2667071,-2.5081563,-0.11656827,0.7002916,-1.0663546,0.8528069
-2.9488885,-2.0076253,4.5096917,1.2786843,-2.9743369,0.8250425,-0.3959176,0.0043653697,3.4608471,-2.366562
-2.293689,-2.6928835,4.0805106,1.0758885,-2.6624045,-0.8038583,1.1091119,0.7332418,3.4394314,-2.7514632
-3.0541606,-2.1393747,4.34155,1.0354474,-2.2605577,0.5944854,0.826105,-0.100095496,3.435765,-3.4084644
-1.7288061,-2.5217514,2.858832,0.9138859,-1.4623939,1.0376992,0.113775484,0.20580487,1.8049343,-1.7012495
-0.068379976,-1.9672718,0.89058876,0.0215059,0.07489055,2.3347464,-0.636822,0.48770338,0.048233822,-1.241313
-3.3580594,-2.2686584,4.0127587,1.8466983,-1.4846785,-1.1426544,0.42777193,0.84601766,3.0308952,-2.9340453
-2.2152753,-1.7353457,2.984861,1.3050407,-2.3690548,-0.6710259,0.86217934,1.0200382,2.9887598,-2.819078
-0.54055125,-2.2727492,2.345846,-0.41258895,-1.8973479,1.9431896,0.34186524,0.5710931,1.3852265,-1.6174345
-1.3432037,-1.6223778,1.5744313,0.80148774,-1.0137802,2.5775695,-0.28521752,0.15376653,1.2247951,-2.221989
0.5435251,-2.3208098,1.2529564,-1.001829,-1.7949018,3.6394806,-0.29611698,0.36453176,0.2416008,-0.40491802
-0.26323912,-1.6503912,1.7584231,-0.43567932,-1.4255729,3.2564754,-0.4192149,-0.005328536,1.3911651,-2.1727471
-0.70719665,-1.1098341,1.7199359,-0.33728302,-1.5368234,2.7822235,-0.70063376,0.31143898,1.7174054,-2.2045188
-2.8783514,-2.1424317,3.9207048,0.50075656,-2.0010707,1.1492131,0.8500736,-0.12736128,2.984016,-2.619633
-0.98004943,-2.7296114,2.059806,-0.13901019,-0.65102625,1.7826596,0.3584522,0.83711654,1.2323546,-1.9486005
-0.76729876,-1.2535044,1.1014643,0.27744603,-0.96169424,2.1018581,0.12052143,-0.07790708,0.09002969,-0.6394784
0.37393004,-2.3582258,1.0836306,-0.9236162,-1.5512375,3.942175,-0.12100776,0.2847485,-0.09822214,-0.38748124
-1.7026142,-2.1113653,2.1464603,0.684595,-0.7969376,1.5967425,0.10898743,0.1402993,1.4076189,-1.6583781
-2.3660655,-2.7701538,3.55996,1.6238649,-1.5713826,0.25100195,0.28268272,0.080716416,3.0076513,-2.6638722
-2.624534,-1.9625356,3.0735254,0.85813284,-1.1609267,-0.0018738955,1.1060762,0.1254275,1.9677114,-1.8931745
-2.0101576,-1.6889272,1.9118462,1.104848,-0.68961805,-0.18915997,0.7127726,1.3254851,1.7420464,-2.5197582
-2.1680906,-2.6237955,4.1712704,0.8555389,-2.4480574,0.059499457,0.28585947,-0.27963,2.8428776,-1.3369088
-3.5397797,-2.6646874,4.8495364,1.7942237,-2.5080578,-1.7871923,1.1860619,1.3028784,4.5316486,-3.9091072
-2.1182017,-3.0209508,3.486154,-0.023626953,-1.5131608,0.7440624,1.5070863,0.63442636,2.4794648,-2.54105
-2.711486,-1.5931004,3.4640727,1.6890241,-2.0331182,-1.0048786,0.49331087,1.0371752,3.4255524,-3.5501218
-2.0915682,-2.3769274,3.4299893,0.44492728,-1.9948167,0.24230902,0.3052594,0.8608642,2.4673426,-1.8154266
-0.07993107,4.6778607,-1.0204118,-0.5933498,-0.48603874,-1.8385032,0.48294497,-1.5934978,0.25811237,0.3509721
-0.12160582,5.6656356,-0.9375714,-0.19914341,-0.77563626,-1.8160938,-0.24240541,-1.5394751,0.7601901,-0.91850656
0.05764707,3.9769967,-0.5909847,-0.29167262,-1.2144367,-1.2001927,-0.2738155,-0.97645307,0.8299215,-0.23189801
-0.23814797,4.5269785,0.33836594,-0.41080385,-0.9894942,-1.6378331,-0.23510036,-1.977885,1.0908153,-0.5249562
1.1167578,2.857572,-1.1873004,-0.9811234,1.0184255,-0.1700526,-0.29137364,-1.0963461,-0.09911458,-0.89122075
0.21540236,5.6005654,-2.0087934,0.028451495,-0.44300193,-1.850459,-0.17726177,-0.8306746,0.19698052,-0.5026423
0.34962603,3.0474691,-1.0127324,-1.4602581,0.8084971,-0.14617692,0.6549489,-0.8839981,-0.09698601,-1.0271498
0.103648,6.269187,-1.5029815,-1.2782733,0.2582527,-1.2819514,0.3022521,-2.5505002,0.070833534,-0.12677741
-0.111970805,4.8499923,-0.59748495,-0.32039014,-0.90680313,-2.216392,0.5522282,-1.3526806,1.1277266,-1.0825529
-0.70930386,5.5145245,-1.1179943,-0.16380924,-0.49664563,-1.781029,0.37560034,-1.7087245,1.3931804,-1.2289765
0.09638407,5.4195714,-0.8353809,-0.6349828,0.21233998,-1.1233687,-1.0196754,-1.7030303,0.3076179,-0.48850322
-0.13873969,5.70711,-1.1599119,0.10375566,-1.2130352,-2.1923351,0.26723328,-1.0889347,1.8538878,-1.9918623
0.3427287,5.79412,-1.1126485,-0.20144573,-1.2030767,-2.0867825,0.0007848367,-1.2413427,0.81452876,-0.9574456
0.842754,5.374677,-1.3492668,-0.86078644,0.092208065,-1.9375281,-0.41691995,-1.2950592,0.1980854,-0.3167804
-0.9241863,0.21019523,-0.22456118,0.6444314,1.389848,-1.3410622,0.4893546,0.92341524,0.7534056,-2.2215753
-0.4213189,3.7697995,-0.17006788,-0.13423446,-0.7443713,-0.8033681,-0.28944436,-0.5752676,1.2964811,-1.8789262
0.17631997,3.7008367,-0.51816964,-0.45711476,-0.5455327,-1.8647492,0.40697664,-0.9097942,0.84327435,-0.7439809
1.0928521,6.244046,-1.1661917,-0.68920976,-0.8614463,-2.2330265,-0.32122314,-2.1467147,0.4147433,-0.27148277
0.813741,4.6892953,-1.0587469,-0.97529,-0.11516283,-1.6720998,-0.2569148,-1.8098694,0.06922668,0.3688529
-1.3226339,2.4805713,0.42712358,0.675839,-1.0265958,-2.6316173,1.1223239,-0.2240458,1.8396844,-1.5967687
-2.0987728,0.3306885,2.249419,0.55247694,-3.150696,-2.1846676,1.7137188,0.9026815,3.5219665,-2.435194
-0.8137407,2.0854182,-0.03548321,-0.17962587,-1.008444,-1.7050676,1.7035376,0.29170305,1.9377718,-2.5920372
0.06627452,6.259702,-1.8767897,0.58070606,-0.16506846,-2.20054,-0.18014336,-1.1725899,0.9632793,-2.2854807
0.38826123,5.028259,-1.6699076,-0.7365341,0.077595435,-2.5420723,0.9225155,-0.72060454,0.57059026,-1.385467
0.15410757,4.620445,-1.5538474,-0.8080711,0.19837515,-2.1077855,0.73849857,-0.25654954,0.9776363,-1.773824
-0.5462293,1.6280891,-1.948771,1.1136373,3.4224546,-1.0442711,-0.60878575,-0.71084607,-1.3317862,0.21759653
-0.90657955,0.017309539,-1.6310298,0.91478246,4.3920293,-0.56642866,0.23816916,-0.0857963,-0.3814776,-1.9033673
-1.6342226,-1.3539096,-0.55932164,0.3362072,4.492333,0.24368943,0.26884195,-0.6663337,-0.37302953,-0.78112495
-1.87716,-0.9517925,-1.1820143,1.0111171,5.052798,0.029836074,0.46420544,-0.057186365,-0.5882846,-1.9397292
-1.260485,1.1631556,-2.2209318,0.3107543,5.316094,-0.5950625,0.5175048,-0.9212875,-1.1689414,-0.87400883
-1.1050743,-1.2276732,-1.069344,-0.06434142,4.5519853,0.5456345,-0.17879784,-0.03946892,-1.495076,0.17461273
-1.9708397,0.4777791,-1.9725366,1.1764301,5.111178,-0.35166746,0.10327252,-0.33491474,-0.66331756,-1.4096397
-0.9506343,0.16548939,-1.455421,0.6339253,4.831158,-0.96722126,0.40786874,-0.57651067,-0.8581177,-1.2739284
-2.3026867,0.052966304,-0.8589406,1.043902,4.7131524,-1.3038468,0.37535438,-0.6997958,-0.7025857,-0.3641171
-1.9550837,-0.6592909,-1.4157858,0.40825918,5.3957553,0.20957042,0.21640831,-0.5680385,-1.1194131,-0.38438186
-1.6117365,0.651971,-0.9822235,0.8644126,4.4299827,-0.9268789,-0.22800457,-1.3238688,-0.5802344,-0.25840577
-1.5899683,-0.22906153,-1.405719,0.7103292,5.050716,-0.3463704,0.09117391,-0.85739243,-1.078022,-0.2797645
-0.95257443,-0.2369575,-1.7126694,0.4413461,5.308957,-0.9100156,0.16536832,-0.5146251,-1.4758351,-0.11915439
-0.68262887,-0.040165655,-1.3334107,-0.08372753,4.39219,-0.25743282,-0.025889523,-1.2536305,-1.7014029,1.3321154
-2.284782,0.0395026,-1.2145519,0.91256875,3.8975794,0.18554538,0.48354447,-0.3183763,-0.5312802,-1.162153
-0.9434826,0.17935589,-2.0099394,1.3962584,3.392441,-0.6075403,-0.24652636,0.54012847,-0.95604193,-0.807526
-2.1886911,0.42429838,-1.6327031,1.566087,5.0964513,-0.38309723,0.30398005,-0.59143585,-0.5911924,-1.8682933
-0.79650354,0.17208964,-1.6551409,0.101689614,4.082072,-0.67664504,0.40986755,-0.76920086,-1.2168174,0.3862301
-1.6424593,0.15541007,-0.90276265,0.89104307,5.2261605,-1.2163249,0.11600963,-0.6648847,-0.3581276,-1.545685
-1.2638814,-0.088784896,-1.0671003,0.0007561594,4.8187604,0.094393,0.6967514,-1.7006458,-0.96549535,-0.28806216
-1.5238488,0.011938282,-1.4726288,0.04080487,6.4623027,-0.93307567,0.6918934,-1.6322063,-1.0788487,-0.40705454
-2.3012676,0.3660645,-1.4109715,1.0952221,6.038056,-1.2229836,0.5387628,-0.95765185,-0.9928882,-1.1673824
-1.8062412,-0.01517742,-1.6979448,0.9808386,5.1262474,0.43633217,0.0014674589,-0.39072615,-1.1015621,-1.3615639
-1.7990782,-0.41467306,-1.61547,0.59401596,5.7932706,0.51549244,0.34308738,-0.8757703,-1.1924553,-1.146679
-2.747221,-0.3169539,-0.9267918,0.6980138,4.707089,-0.23967974,0.8593078,-1.1113132,-0.7762734,0.11088058
4.393171,0.059474804,-1.4845209,-2.0453236,-1.3777062,-1.0017164,0.06907188,0.36241484,-0.73231095,1.956677
1.3767296,-0.5209744,0.20364253,-0.8544559,-2.2578351,0.28379965,0.19937986,0.07038517,0.18759371,1.3369073
1.7166795,-0.08852839,-0.4428415,-0.2732188,-2.22679,-2.0086172,0.12601507,1.0092715,0.61353576,1.3486005
1.8756107,-0.2202019,-0.3173795,-2.1481705,0.39248788,4.1448383,-1.355059,-1.2132319,-0.6394172,0.12136921
0.18604943,-1.1916107,2.1170163,-1.943945,-2.9499376,1.5987815,1.1882471,0.0452234,1.6623375,-0.78478754
3.5349562,0.479867,-0.8643148,-2.36951,-1.322279,1.1628934,-0.2914191,-0.11676421,-0.29988456,0.38530993
-0.41186294,-1.0351979,1.7186184,0.48587894,-1.8796774,-0.69883776,-0.06584341,0.67063767,1.4098806,-0.6766357
2.9785757,0.57467896,-0.2753751,-2.4993339,-1.6127437,0.49822193,0.48658222,-0.33602178,0.14100422,0.21055254
2.108204,-1.5263032,-0.8510884,-1.1035696,-1.1786298,1.3491496,0.3278672,0.9156888,-0.5488409,0.7727399
4.048633,0.17709154,-0.8755386,-1.9489139,-2.0347538,-0.72435415,0.0039112493,0.4180866,-0.34081197,1.3273457
2.7485328,0.317342,-0.056626827,-2.0142713,-2.0317142,-0.5934409,0.47421515,0.05819033,-0.31513888,1.5208994
3.7549374,0.48989058,-0.44575432,-2.456336,-2.6016352,-0.17599086,0.45336682,-0.2793438,-0.24112578,1.5357678
2.3221302,-1.4522153,-0.11258201,-2.4412732,-1.0177008,4.199822,-0.32353413,-0.34414524,-0.8380039,0.61910063
2.2168367,-1.0870954,-0.57431996,-2.0418386,-0.6790448,3.707105,-0.8193022,0.29948497,-1.1317333,0.7408849
3.087646,-0.81581366,-0.9739206,-1.7419635,-1.7430707,2.3745272,-0.8976951,0.5319858,-1.1605256,1.6738701
0.12466831,-1.3342905,1.1258548,-0.54249156,-2.288743,-0.5656713,1.3375326,1.086712,1.6685653,-0.96428895
1.3242105,-1.2776821,-0.6336739,-2.4487374,0.54271305,4.7587957,-0.54414785,-0.0527201,-1.3776063,0.2269024
0.76638925,2.2001076,-0.1688703,-1.438077,-1.3007128,-1.0542655,1.5613228,-1.0069796,0.6547458,-0.1872809
1.810583,4.3446693,-1.2807751,-1.5973526,-0.28022498,-1.3304136,-0.23852938,-1.277723,-0.19666609,0.2662374
0.52616465,0.5193722,1.5328403,-2.060721,-1.9898443,-1.0083138,2.710013,-0.5752645,1.7866857,-1.3920497
3.7864988,-0.64470726,-1.2136024,-1.4670717,-1.0306226,1.227957,-0.8624368,0.18055116,-1.0274495,1.6051822
3.3759396,0.95423186,-0.8412633,-1.880851,-0.6602814,1.7314365,-0.63178045,-1.2934359,-1.1446211,0.77542675
1.1867495,-0.94083893,-0.40904096,-1.3694863,-0.18989292,4.10259,-0.9811244,-0.39611942,-0.8712357,0.4955722
2.9505794,-1.2331916,-0.2866833,-2.5307727,-0.6287938,2.4391413,0.45088017,-0.4945497,-0.8236555,0.38675332
-0.2728692,-1.8415395,2.1726885,-1.0065114,-2.769499,-0.69248766,2.2990994,1.2608471,2.3286576,-1.7966685
