0.080685675,27.462982,-14.062967,0.23452584,10.5138,-12.59681,-0.48488775,-11.755119,-2.421549,1.8495984
9.919384,32.08184,-20.148241,-3.2627206,-0.337955,-15.842344,2.6092849,-7.4250093,-4.1632614,6.6987824
5.9670086,34.652733,-16.096962,-5.592515,1.1758106,-12.227603,-2.4649062,-12.374757,-5.6174865,12.658608
3.2091277,36.782375,-9.195673,-7.98349,-5.9199085,-9.342901,-4.750769,-13.185633,2.8260252,7.658705
9.7333355,23.698576,-11.131293,-1.8379867,-5.5856757,-12.51757,3.3935235,-5.667911,-3.3244033,3.40418
7.640196,31.05028,-14.418283,-2.2362912,1.6731021,-15.232708,0.47324032,-9.95905,-3.7722526,4.6811237
10.269124,38.000088,-17.879906,-6.1379185,0.053487554,-12.465107,-2.18426,-14.894464,-3.6419039,9.22568
17.764175,16.83132,-14.1629305,-4.434173,-5.8536897,-18.364492,6.9466996,-2.6397958,-8.965564,12.1721115
5.763987,26.96247,-14.683906,-2.3953516,-1.2414515,-12.740544,0.5050477,-6.7494736,-1.6975069,6.019717
6.400707,34.219803,-13.475405,-3.5075297,-4.38305,-14.020342,-1.853564,-11.171654,-3.6228452,10.629339
12.770179,32.23996,-12.633028,-7.163018,-3.1567154,-10.609049,-5.4653068,-15.204925,-2.6425211,11.636293
0.5126767,28.914883,-11.272506,2.7663496,-0.2172075,-10.9798,-3.9062428,-9.337399,-0.21074864,4.1409245
9.077228,25.739681,-12.556467,-1.9972155,-5.345353,-13.912854,-3.3809986,-7.5141873,-11.483163,21.635424
16.039574,22.607897,-13.8669615,-5.586784,-6.152653,-13.424407,2.132238,-6.272256,-5.2290373,9.167437
3.0822902,14.412617,-11.457338,2.3162143,-1.1060901,-15.220054,3.5102274,1.1817322,-10.775543,13.292829
15.785965,16.947199,-13.322834,-3.465901,1.2590461,-13.983871,-1.9873173,-6.3336434,-12.645646,16.55012
8.840808,36.68452,-16.695969,-6.76103,-4.131653,-11.766056,2.0157638,-12.480839,-1.4369316,5.951742
18.358644,18.167103,-9.2424555,-5.425905,-5.6208587,-9.617272,-2.0922272,-6.8288703,-6.7122564,8.570105
13.480553,13.757453,-14.393692,-5.2943964,-6.335007,-15.708173,7.0861025,2.1157851,-9.997098,15.245148
8.883949,18.277515,-16.8281,3.7237384,6.6349535,-17.317932,0.8218097,-4.837667,-9.50739,9.471425
-0.99107504,-12.171382,6.554406,18.858221,-17.842607,-17.889553,11.400759,19.200268,1.2144341,-9.304587
-6.865984,-8.142847,-0.8809317,30.097643,-5.37339,-18.547304,0.9544608,16.42315,-8.380848,-0.056033373
0.22770667,-9.201568,6.7378073,14.682653,-11.883888,-16.12185,8.338306,15.751959,-1.6019228,-8.228377
-11.752835,-8.878961,6.928873,29.28011,-6.5752726,-17.63709,2.0726538,11.742819,0.19037688,-6.87259
-1.0521075,-15.0000725,13.701315,13.154871,-15.35118,-15.597035,9.494805,16.158613,2.318942,-8.2356205
-8.872848,-6.1399136,3.0393596,26.975248,-1.0408509,-19.192822,-2.6705697,10.562217,-4.295703,-0.20253849
1.4359734,-12.968637,7.4688253,15.795848,-9.695393,-15.706087,6.21234,13.610207,-4.543402,-3.0750341
-4.765365,-12.163765,14.147333,16.408854,-14.558418,-15.057205,5.633031,13.962641,6.2211175,-10.386082
-12.649586,-7.8377314,3.9901335,34.79447,-7.017557,-22.13604,3.2737646,14.545784,-4.6083417,-2.465436
2.644042,-9.054191,7.675815,13.459195,-13.882773,-14.394423,3.6660404,12.449463,1.7182025,-4.2859077
-5.1736536,-9.483913,10.200703,14.954111,-8.583328,-11.650368,-0.60982203,9.043828,2.811902,-2.211956
-0.36599207,-9.162051,12.743528,19.199083,-13.316023,-16.000517,0.88657546,7.1968627,6.2865186,-7.7128935
-7.8442645,-14.257526,10.78418,24.773088,-8.391494,-17.198017,2.5624888,13.297254,1.5379608,-6.4204416
-9.273106,-5.0279264,3.4031074,29.16833,-6.695466,-20.73716,0.7378813,13.855243,-0.4011343,-5.9358716
-4.6626334,-13.599523,14.036798,19.107029,-14.401478,-13.102277,2.147215,13.384706,5.128328,-8.697525
-3.2518742,-14.432639,13.423172,17.619577,-17.17963,-11.792109,2.9684043,16.258984,6.909264,-11.153741
-6.400114,-9.058502,4.7174845,29.823656,-3.4820642,-15.295991,-3.4544718,9.59629,-4.4352508,-3.2323875
-8.588153,-10.575967,7.455984,27.341606,-10.429897,-18.955309,3.8896656,13.542395,-2.1077738,-2.0861459
-8.895794,-7.839954,3.707213,29.18837,-6.042614,-17.771097,1.1195352,13.8214445,-1.8619435,-6.8691273
-8.134778,-11.698112,-1.3508618,21.445284,-3.8495417,-16.379316,9.257656,20.583893,-6.0605693,-4.416401
38.991932,-1.3960817,-7.6148,-11.496735,-12.452331,-9.430176,5.040089,1.7497356,-4.7263036,0.9718075
33.311943,-6.6322165,-1.6854318,-10.764003,-10.859698,-2.6115162,2.4593992,1.1193084,-4.9026213,-0.04054439
30.276014,-2.03142,-0.592698,-12.953955,-14.595905,-9.412439,8.524741,-0.4601832,-0.9776505,0.9302938
34.359253,-6.229495,1.4961141,-14.55975,-14.412554,-3.3324914,4.793518,0.54533976,-2.4990506,-1.3124888
30.85154,-4.184128,-1.6832421,-10.028168,-13.92122,-2.608004,1.3969641,-0.083176315,-5.3246226,5.0722957
26.085546,-4.6586933,-7.093355,-7.752092,-9.177434,-8.235708,10.188864,5.3721066,-6.686417,1.140961
35.700996,-4.352074,-3.7316678,-12.505555,-12.886293,-8.470113,6.912488,3.5196886,-8.900584,3.7281306
33.94715,-4.965927,-3.334484,-13.140143,-13.508844,-3.5840454,4.4754257,1.9313877,-7.607419,4.6410484
27.519136,-9.226116,0.4192645,-9.476763,-17.26102,-0.80363035,3.5781238,7.6333785,-5.3023877,2.020325
32.24577,-4.735354,-1.679186,-8.431487,-11.758711,-4.364959,0.5339788,0.10747099,-5.792709,2.3434923
30.384619,-1.653905,-1.7720649,-13.684426,-10.258478,-3.8704324,3.9998822,-1.4649597,-2.2368388,-0.5500349
28.992252,-4.482317,-3.632163,-9.9023285,-9.724711,-4.1994824,2.2226813,2.101149,-6.01177,3.2740464
33.481068,-8.232333,0.6519159,-7.960708,-15.018766,-5.7390285,3.0931273,4.609313,-4.768874,-1.0693305
34.20047,-2.847482,-1.3180273,-9.704956,-11.576196,-11.061939,2.873087,0.44515032,-4.0194573,2.0030704
32.964493,0.26953202,-3.3516757,-12.425794,-13.055366,-10.43103,9.523196,-0.20379865,-3.7991893,-0.7538422
32.975452,2.51181,-4.6808057,-11.980294,-12.306303,-11.148671,6.7005534,-1.2492553,-4.5347877,2.4377353
33.49523,-3.6639552,0.13291204,-10.661627,-15.602762,-9.628862,8.371131,0.65119416,-4.409232,0.21066988
35.34028,0.103952885,-2.2061892,-10.84707,-15.114804,-12.125878,7.1470313,0.5429664,-4.710495,0.83088523
37.028893,-1.4250753,-3.7020457,-13.195247,-16.837038,-4.8292923,5.2030535,1.4415128,-5.451735,0.5998676
23.87901,3.0605183,2.1452758,-8.622385,-13.628587,-12.55913,8.970919,-0.08280593,2.316609,-6.877348
3.044886,-2.6809058,2.894008,-13.3056,-4.866401,32.86134,-15.532786,-7.7643995,7.103039,-2.7436364
6.100505,6.5686097,0.8023611,-10.241441,-2.6033192,16.321669,-10.713308,-11.23571,9.038298,-4.561786
-2.1062434,-4.6838202,6.190655,-15.308727,-1.9947457,43.15418,-20.106981,-12.595822,7.92409,-0.9548771
-0.6882012,-6.521968,7.5295877,-14.860512,-7.971653,45.715134,-17.33709,-11.385108,7.260384,-2.2141724
-5.2625456,-4.1776905,7.041647,-14.778999,-6.4552875,42.613316,-13.872761,-7.478834,9.976,-8.277392
3.611504,-6.000396,4.910198,-17.704027,-6.0427294,42.257576,-13.49525,-8.897782,4.49019,-3.3258681
-4.7531643,-5.8434215,9.261412,-11.626423,-5.9408703,37.559513,-13.352312,-7.4743094,9.461287,-7.955266
0.3679424,-7.4968653,5.2966795,-14.6686535,-6.8107677,41.584877,-13.500542,-9.420146,6.105116,-2.361528
-6.321213,-2.8346152,7.619345,-14.28701,-3.6990294,38.98882,-15.380836,-8.211163,12.128652,-8.456584
-3.5365496,-1.6975509,8.941098,-11.330377,-9.190002,36.648773,-15.54672,-11.84293,13.417515,-6.8424597
-7.0281177,-7.1776423,8.245199,-14.962959,-5.4817376,48.23865,-16.005886,-7.0064144,6.64186,-6.1230626
-6.1371784,-4.76785,11.905674,-17.812433,-10.163734,52.588608,-15.965937,-12.335978,15.320887,-13.646549
-5.115038,-5.788287,10.921127,-16.391872,-6.2873836,49.32139,-17.171967,-10.5688305,10.856731,-9.902206
-5.426014,-4.7581463,9.650827,-14.313638,-6.286736,48.59607,-17.905056,-10.945377,8.941941,-7.440848
-6.6209626,-2.7738066,10.382045,-14.054563,-8.368146,41.825768,-13.744155,-10.208586,14.445772,-11.446789
-8.790349,-7.966153,12.773329,-14.006369,-10.778439,49.800297,-18.293179,-7.795323,12.052391,-7.4212832
-2.5207424,-5.6837497,9.1193,-17.277317,-11.863506,46.753754,-13.743521,-6.814699,9.851578,-8.181205
-8.212833,-5.569797,10.018017,-12.1635275,-5.6388946,39.206165,-14.513579,-6.9326115,9.156216,-5.060087
-2.5628574,-7.8395896,9.097147,-15.832503,-7.238574,45.3487,-14.9508,-9.598799,10.11501,-7.5724816
-5.9842787,-3.2661123,7.480834,-13.073749,-4.1261053,40.69139,-13.316156,-5.8095946,11.280955,-14.454785
2.4659672,-0.20555538,2.6236172,-3.0406828,-11.050909,-18.49946,28.044426,9.842205,5.507147,-15.642603
4.830848,-5.079524,2.4861124,-3.1690538,-15.974584,-21.019028,31.428719,14.416124,5.267906,-14.122995
6.780969,-7.896391,4.993374,-4.208209,-18.65754,-26.154007,36.76317,18.126556,3.6267705,-13.525182
8.917839,-1.9363749,0.47260427,-4.1932087,-16.660006,-21.81669,31.493004,14.5738735,1.8810029,-13.464591
7.792925,-7.827799,1.0170624,-2.329882,-14.462193,-22.087292,33.50651,16.841034,0.17726356,-13.288463
9.015566,-6.2742586,4.629761,-2.8955462,-18.633945,-22.64164,32.79641,14.629414,1.7957606,-12.75481
7.291077,2.1511471,-3.5317764,-5.6402044,-10.725074,-19.641254,25.752308,10.507241,0.1760095,-6.6971073
7.8714943,4.665266,-4.573737,-5.364031,-9.23426,-17.29397,22.590954,9.731315,-0.486105,-8.595964
8.102911,-2.2902021,1.821137,-2.77851,-17.520142,-18.239016,25.193687,10.829243,0.09591359,-5.3170986
5.2558722,0.021243095,1.9044592,-4.6275573,-17.731281,-16.682518,23.65686,10.581271,0.77233183,-3.18355
8.330692,-0.83165765,1.9350965,-4.7086077,-14.932269,-16.323261,22.364704,9.524239,4.6538744,-10.179364
3.4460044,-6.983255,1.4464123,-1.5254503,-18.338032,-21.56662,32.67303,22.399887,-0.5615741,-11.121252
3.8321543,-7.5673814,1.3697987,-0.8285386,-14.348497,-20.070799,30.14225,15.02731,-1.2712996,-7.4077997
3.3107479,-1.3691094,3.9154441,-2.4170384,-15.766663,-18.955957,28.776846,11.767459,4.697061,-14.583205
1.5545858,-5.4102783,0.51207227,0.29769683,-15.107983,-17.031368,25.212112,17.780636,3.4762626,-11.446708
8.715919,-5.95941,9.926072,-6.944275,-18.37218,-13.917772,19.530916,10.038464,8.678772,-11.78764
13.416517,-6.3831816,8.180711,-7.686039,-20.532185,-14.191187,22.857607,9.254433,4.3734646,-9.604316
10.103636,-11.739543,4.4279466,-5.6038456,-13.33959,-16.397326,28.02169,13.645897,0.6549944,-10.135154
7.949937,-1.666208,0.15448713,-2.9988868,-15.345362,-19.33719,25.52498,14.698022,0.17768344,-9.808936
10.787546,-2.3709557,2.2920659,-7.2653613,-16.0616,-17.514763,27.734455,10.568485,4.798818,-14.015573
-2.15626,-6.0294857,26.659275,-8.355928,-14.136538,7.20716,-2.1347976,-6.7591124,25.799236,-20.279661
-1.7616365,-1.7969995,22.121384,-4.7665496,-15.812294,2.8734055,-2.287952,-5.6211166,25.834183,-19.218529
-3.2673345,-3.5840814,25.532724,-4.2921796,-16.535984,6.7405243,-2.0503972,-6.9760666,23.89127,-19.67939
-5.993776,-7.3161707,34.80989,-2.683198,-20.220491,0.27493536,-0.5218196,-3.1215286,26.281193,-21.780441
-8.900174,-3.4792435,30.517767,-2.7059956,-18.04777,2.8312612,1.1533215,-3.8451247,25.73606,-23.17725
-2.3398087,-9.352823,32.74606,-3.0860288,-21.829636,-1.0585015,2.1060896,-4.149945,25.622364,-19.291485
-7.051983,-6.0895987,28.02354,-3.9120445,-16.58716,-0.66565835,1.1599863,-3.4057403,28.684517,-20.442358
-5.6113987,-6.224119,28.40774,-3.0424435,-15.406575,0.69250315,3.3687413,-4.01779,26.439064,-24.611933
-8.553502,-6.1152043,29.594976,-5.177065,-15.483473,9.665112,-4.108095,-8.229848,29.218708,-21.580492
-0.1714443,-12.647593,30.86334,-7.549839,-20.022678,1.4078658,5.033333,1.1327652,28.399174,-26.643238
-5.47535,3.447133,25.42613,-3.5231757,-17.921873,-3.8491962,1.4399048,-8.737503,32.048668,-23.137125
-4.6636972,-5.548259,30.929403,-5.700606,-21.463314,6.0543284,-1.4652226,-6.4689445,29.465775,-21.405409
-5.648072,-7.736683,30.91533,-4.65052,-22.894209,1.003377,4.9993467,-2.9733858,29.755913,-22.554
-5.661234,-10.642528,37.36304,-4.417767,-22.94264,1.887213,3.6167195,-2.0368097,27.299133,-24.43057
-3.8994355,-2.6951208,27.752926,-4.7488947,-17.069384,1.0925581,-1.7082026,-7.2942314,29.503897,-21.400023
-5.7562466,-2.248194,27.655003,-3.7407112,-15.651276,2.5424361,-0.62844276,-7.2634687,31.285034,-26.481045
-11.667185,-3.768126,28.44936,-3.3472743,-17.665848,1.3432622,3.1922212,-1.3273032,32.03147,-27.231264
-7.2267685,-5.5240216,35.138676,-3.5522227,-20.485035,-1.6737769,0.51976466,-6.332436,31.23953,-22.550932
-8.606039,-4.68353,31.82121,-4.7763057,-15.614983,8.695651,-4.6087747,-9.681514,28.730633,-21.378962
-4.428964,-7.835889,27.444159,1.0042601,-17.070593,-7.4011173,5.1520967,1.5523627,20.322912,-18.999224
-11.653852,8.389504,-18.6036,0.5194489,38.273766,3.1787837,-9.865554,-8.142129,-10.530998,6.463733
-8.158935,4.8975163,-15.258732,2.2731721,35.28038,-1.8108356,-6.5975437,-6.6309023,-10.809637,4.930181
-4.0542965,10.636141,-17.716309,1.5723549,29.841135,-5.5071354,-6.859514,-7.9330444,-8.541738,6.0925565
-12.883071,12.022474,-11.5511265,2.9277875,30.061666,1.9111481,-9.31312,-9.964238,-2.772891,-1.9416606
-11.316276,5.477597,-13.78591,6.3560996,34.818867,-2.8841403,-7.197233,-7.9795933,-6.9117613,0.7843832
-9.7203,10.807858,-17.395393,2.8445392,32.498817,-6.2675104,-2.758207,-6.5519257,-5.6815314,0.0015425682
-11.802012,14.968509,-16.79478,3.7460074,30.987902,-1.3358549,-7.666623,-10.273499,-10.039724,6.256673
-0.8949301,2.3506758,-16.697104,1.5454797,30.744892,-5.713748,-3.990411,-4.2238936,-12.4277315,7.333845
-8.339357,4.34444,-13.6754,2.6167536,27.357431,-1.597574,-3.4288058,-4.709218,-3.6749425,-0.95163494
-0.23443198,5.577672,-8.482582,2.851726,10.256583,-6.5235996,-0.4916997,0.29499435,0.94706166,-5.386696
1.0175803,2.4333656,-9.987897,1.779882,17.392,-4.010314,-3.43754,-2.0167117,-7.4066954,2.4030833
1.4711561,12.339814,-14.20154,3.0754383,22.983482,-13.959863,-0.825779,-5.833431,-3.4527216,-3.733381
-4.9975734,11.69181,-16.72656,0.376889,31.315384,-2.9283338,-7.090558,-6.847746,-6.8506007,0.70586526
4.2489834,9.650174,-8.026162,-0.2624986,12.445187,-9.663267,0.20161235,-4.8949103,-4.054956,-1.230177
-1.8800814,6.7634344,-16.99087,-0.20384705,30.890877,-5.2972574,-6.3873267,-5.258753,-9.199726,5.337298
-2.7636032,0.18162829,-7.504065,3.7923076,14.872598,-7.340162,2.4292073,1.396682,-4.5684476,-2.804503
2.2532334,5.0416384,-13.123212,3.6657386,20.867472,-6.3706183,-4.8737607,-3.623694,-8.137015,1.6301665
-1.0957637,3.757432,-7.1810904,0.59812236,15.507784,-6.7006617,-1.1362225,-1.0208582,-1.7022866,-2.5958257
-4.155512,5.857413,-15.414163,3.088734,24.602432,-8.605465,0.56624025,0.09836155,-6.0917425,-1.8303005
-3.0061617,5.34355,-7.198651,2.6889267,13.414081,-4.353634,0.3321912,-2.9043088,2.5605295,-8.314404
9.036756,-4.19116,-0.6275371,0.54351556,-10.614865,-14.888545,7.136197,8.706912,-7.8167644,11.967798
10.658363,-1.8447515,-2.0157185,-0.65201294,-12.253113,-16.451536,7.55593,9.507724,-12.498147,17.084936
7.4194903,-4.319023,0.6613093,-0.46011785,-11.912587,-16.920904,12.075109,11.584057,-5.5985603,6.435587
3.7800908,-1.6789138,-5.027064,1.3699065,-4.624254,-12.946308,3.66721,8.505038,-11.409728,17.663483
7.574276,-0.59536064,-4.5585785,-2.3236346,-6.2956314,-12.21908,6.9031186,7.427924,-9.285427,12.524094
6.2780914,-4.748456,-4.41581,-0.36997217,-8.60833,-12.6966715,5.5863085,14.066143,-9.3581,13.498579
3.9448094,-2.8637066,-4.0938606,1.1240507,-5.8798046,-12.784762,3.9269667,10.628676,-11.395755,16.460947
8.767304,-8.520558,-2.9109592,2.0092762,-10.129136,-13.541494,4.0632925,12.694798,-14.093333,20.529669
5.3079367,-6.6345854,-3.3733158,3.5085757,-6.4042053,-14.732642,7.3083344,11.810538,-10.562713,13.22915
8.285473,0.3292488,-7.8476915,-1.2556591,-6.6402264,-12.898451,6.4088664,9.599133,-8.969519,12.433669
4.282915,-2.2542865,-4.4212794,1.9683347,-7.364572,-13.42985,4.8970585,12.442459,-7.5725055,10.374554
7.0074253,-3.495076,-2.4873435,-1.9411613,-7.231464,-10.332159,4.765995,7.6073527,-9.737634,14.809633
9.14641,-9.181539,-6.19289,2.0542922,-7.1723037,-13.086407,9.222612,14.470526,-12.605081,11.766294
10.137165,2.0608249,-8.056425,-2.003738,-4.1507273,-15.046659,4.6318007,3.3803086,-9.67174,17.644167
10.126449,-4.4218936,-7.396274,-0.09258598,-2.3397715,-12.564276,4.4285145,8.806865,-11.355399,13.747194
-0.81536245,1.2654449,-4.494193,1.0401652,-3.3547196,-7.3024187,-0.91898334,6.601406,-7.70148,15.088297
1.9151659,3.0191972,-5.379045,-1.4314351,-2.1189027,-9.678938,-2.5612755,3.1103892,-8.959593,21.445953
2.2039855,1.5598552,-4.664577,0.4700064,-3.2288966,-13.22605,2.769594,3.9203374,-10.292669,19.8846
-0.048641622,-3.4649715,-3.2084618,5.455887,-6.107164,-12.209505,-0.11138916,13.267062,-10.505979,16.532291
1.8953242,-9.850411,-5.322517,4.4545302,-0.92992115,-13.984887,4.3787365,13.748056,-11.644587,16.242939
-1.8682786,2.794621,23.060293,-8.0365095,-17.039444,3.0648794,1.2038293,-7.3132205,30.129234,-25.730515
-3.6993847,2.0601676,22.634209,-9.201031,-15.068888,6.348273,-0.9135377,-10.004551,34.648182,-27.421034
-7.7419124,2.7388072,23.339981,-5.3739057,-16.240938,12.244775,-4.704833,-12.657866,32.66472,-25.142632
-6.896938,6.217829,25.57035,-6.235435,-16.54714,1.2317116,1.3992453,-10.902135,38.779297,-33.098293
-1.9223269,3.3782184,23.660072,-6.459152,-21.751724,0.58779883,1.6642659,-8.549779,37.875748,-28.25011
-4.876109,0.29281402,22.477846,-6.5554113,-14.645929,1.414889,4.104535,-5.6418104,30.54795,-26.896137
-2.7063286,0.4909141,21.410498,-9.715188,-17.019438,-0.6668402,3.9752016,-4.5247455,36.623295,-27.72132
-5.30342,-1.3972583,25.053911,-6.732262,-18.459492,4.1728334,-0.50862,-5.915737,33.55998,-24.748878
-4.908517,3.091399,28.203697,-5.1746197,-20.128656,1.3307943,0.7481394,-5.9929833,36.28582,-33.518562
-3.145679,1.0359517,24.932468,-1.8202621,-19.11742,-1.0585582,-1.9204017,-5.720837,31.0028,-24.574022
-2.4725406,1.7431237,18.629477,-9.122515,-15.919062,2.4336407,1.5429639,-7.188366,36.08878,-26.62189
-4.944474,2.6834278,26.56565,-6.6692524,-26.02941,0.6801417,2.879294,-5.930479,43.4819,-32.975628
-3.7373948,0.6588034,20.743847,-3.5023232,-19.841057,-0.42017674,3.0045042,-3.1584303,30.645662,-24.743093
-1.0990796,-2.56203,26.241589,-1.5770906,-18.106955,-9.2820835,5.54962,-1.3189207,25.768375,-23.682781
-5.705146,-4.00352,23.113972,-7.7183113,-17.231073,12.3731,-3.698688,-6.80398,26.538382,-17.20824
-5.770329,-2.8443832,28.848635,-4.2324624,-25.32506,3.0190976,2.6044278,-3.8664868,34.919018,-27.062645
-3.591032,-3.2172086,26.254292,-7.17871,-19.82103,3.48339,1.1073668,-6.7913666,33.828117,-24.706583
-5.7019057,4.3325377,22.378187,-7.729354,-14.557454,8.302203,-2.0136352,-10.484398,32.83004,-27.207304
-6.8438234,1.3836529,25.479265,-6.384474,-18.78646,-2.5452077,4.401203,-6.591933,40.39135,-30.680927
-0.48375332,2.4426098,25.334764,-6.689335,-24.730581,-1.4983449,2.8699439,-4.035556,38.686993,-31.934076
5.202529,-11.222131,11.458256,-6.912365,-19.246834,-13.381082,25.363754,13.470572,10.073183,-15.281308
3.2104092,-12.680922,11.453454,-2.701191,-18.785587,-14.877821,23.871592,17.276588,9.362666,-17.053652
3.704125,-15.00878,7.134955,-2.7026165,-20.879976,-13.513229,29.270023,22.610947,6.7654157,-17.695965
0.925786,-11.01088,13.558219,-2.737053,-17.199516,-12.960169,22.091413,13.195581,10.519604,-15.721501
-3.966926,-15.55423,6.336054,6.6727366,-17.088663,-14.310826,21.043379,26.809336,2.5851755,-12.443087
1.170274,-11.642163,11.054966,-1.5681477,-19.916111,-12.885608,23.852856,18.034184,7.0822463,-15.695578
-2.8289027,-13.734674,10.449551,0.72664195,-15.676379,-17.83463,28.595144,20.054596,8.507735,-18.619795
1.1009631,-14.231911,9.534372,-1.3391356,-16.670116,-7.919697,17.235197,18.974333,5.099014,-11.996151
2.097523,-8.755015,9.827452,-1.9964612,-16.765858,-13.382306,20.847925,14.610556,7.2217803,-13.55385
-0.2035327,-17.183582,8.121721,3.4381886,-22.713814,-15.734198,24.925695,26.710354,5.5008264,-13.3678255
1.573102,-10.610325,6.946656,-0.6339854,-20.846586,-18.331772,28.321428,22.512922,5.2421265,-14.597788
3.5563068,-13.89017,16.610966,1.9091573,-19.267681,-15.614731,19.676111,15.195394,6.277596,-15.084816
4.265817,-7.9482994,6.6333528,-6.7609005,-15.567223,-16.278154,30.142107,14.91395,8.442339,-18.700094
4.4533873,-15.502254,10.227059,-4.629989,-17.704937,-14.249711,27.661886,19.288292,8.2193165,-18.316895
3.5574825,-14.989899,8.9250765,0.045049205,-17.682936,-13.207942,21.689621,20.962273,3.663281,-13.318641
-0.236475,-13.127397,8.568045,0.6537373,-21.334885,-12.692314,24.691368,23.379154,5.059513,-15.434227
-0.08945428,-14.206329,9.35858,2.3052487,-18.937513,-14.279089,26.768806,19.826315,6.299853,-17.185905
3.1291964,-14.924873,10.076014,-2.1307096,-20.776077,-18.149277,25.922514,24.239029,3.3158967,-11.410766
2.838334,-8.004604,9.673274,-4.3128967,-16.787859,-12.897242,20.659737,14.0834675,9.080485,-14.612722
-0.19245422,-12.458597,5.41819,7.55175,-15.601305,-16.787184,16.786936,21.569048,3.9408193,-10.555119
