-1.7603874,2.0792818,-2.335383,2.372102,2.1023629,-0.69610214,-2.1519938,-0.579103,0.26630515,0.3797689
1.9341341,3.5452833,-3.4974537,-0.82592714,-0.34535435,-0.5396363,0.17594755,0.79871726,-1.0609851,0.312695
1.6583905,6.46089,-3.4896865,-1.3428588,-0.36773083,-2.1945498,0.2231735,-0.94872177,-1.3345366,1.2683778
0.16131555,3.291819,-1.3971486,0.13652602,-0.34860936,-0.53514445,-1.3647794,-0.6184033,0.12809351,0.68791753
1.7479484,3.7957716,-2.905697,0.40736338,-0.08669783,0.11484915,-1.44158,-0.91147816,-0.48453614,-0.1567448
0.65123594,4.698988,-2.8764606,-1.5593137,1.5351533,0.23888487,-0.093459964,-1.066323,-0.19857806,-0.9252222
2.2727852,5.809469,-3.996851,-0.8042507,-0.39915708,0.67237204,-0.9524654,-1.887461,-1.1891118,0.81645465
2.7563396,1.5131458,-1.9702821,-0.0029991865,-2.0037632,-1.768528,0.77064985,0.26391274,-1.0483074,1.2577533
2.483945,4.6262197,-3.905812,0.18802246,-1.7066249,-1.3944623,-0.20438945,-0.3764808,-0.42747873,0.5698651
2.035956,6.181219,-5.0637684,-0.61714125,0.8957729,-1.0896654,-0.7452147,-1.4827995,-1.0424178,0.64035547
1.4572003,5.9499416,-4.111053,-0.21198079,-0.9670162,-0.64806515,-1.3018984,-1.0617485,-0.87809277,1.7663671
-0.20909421,4.0082703,-2.576281,-0.2524671,0.75249386,-0.43127072,-0.4245602,-0.34088594,-0.9161104,0.6119507
1.4630314,1.8619119,-3.4740176,0.22808123,1.0531417,-2.7173526,-0.0027781706,0.5865654,-2.6474297,3.2658403
2.7321105,2.5503983,-2.941805,-0.14699957,-1.3666977,-3.2102356,0.95170164,0.80490136,-2.2235708,2.7084315
0.70392185,1.0215317,-1.531837,1.1767628,-2.0581038,-1.7364283,0.23472661,1.4444968,-1.8349144,2.450397
2.3998563,3.0738354,-3.1031277,0.027999341,-0.6685258,-2.0273404,-0.4170857,-0.053746313,-1.6631011,2.260422
0.3010239,4.250036,-3.8683305,1.7704415,0.55009055,-0.4863389,-1.0535083,-0.9190092,-1.1130813,0.34868002
3.0282755,2.833714,-2.4481373,-2.2529383,-0.37643287,-0.24931473,0.11834484,-0.49623033,-1.2125288,1.1115744
2.7353005,1.0135363,-2.1213856,-0.2969818,-1.923742,-3.5292237,1.9514118,2.336002,-2.5003366,2.1451852
1.1983209,4.9412804,-4.407874,0.29652426,1.9078366,-3.7092793,0.81675005,0.5491649,-1.4602506,-0.14659245
-2.0165708,-1.3645898,2.9441152,3.121299,-4.479255,-2.9370143,1.5964385,2.934335,2.4659913,-2.591667
-0.4376489,0.57298195,-1.0164766,2.3888144,-0.98271286,-1.2171297,-0.5766409,1.3253605,-0.9963211,0.44159937
2.6623192,-0.20332754,-0.4561864,-0.9142902,-3.1319056,-2.8655603,3.7397883,2.9116914,-0.11155234,-1.770604
-4.1674805,-0.7899706,0.05197829,6.6052275,-0.1891958,-1.5021319,-2.076563,1.3531866,1.3754383,-1.4500185
1.3092225,-3.4191947,1.8567078,-0.4813313,-3.0930524,-2.1227038,4.337351,3.8815641,-0.26810876,-1.994215
-2.1102128,-0.01595962,0.06232086,3.691365,-1.1610243,-3.5191326,0.20078623,2.4318335,-0.21709827,-0.04786189
2.292327,-0.75883377,-1.1005807,0.65649796,-2.2888634,-2.4370368,1.6410705,2.3544896,-1.233555,0.45059204
-0.15996496,-1.5906843,1.1542029,2.0833564,-3.579798,-3.4612184,2.4734383,3.9181013,0.30198994,-1.5611284
-2.3803468,-0.3995831,0.8785266,3.9707096,-2.980575,-3.329582,1.166386,2.84104,0.36634383,-0.7138144
2.471456,1.0732077,-2.2967346,0.21036193,-1.7916512,-4.0474434,2.108331,2.8358624,-1.6637024,0.79803115
-3.3215919,-3.9932694,3.2625477,2.7928853,-1.2805554,-0.71167535,0.31138715,2.418637,1.5310161,-1.3494676
-1.9357947,-1.7559118,1.7917905,3.382529,-2.2348921,-2.591157,-0.5804698,1.8558909,1.9268458,-0.31963772
-1.3752416,-1.8070574,0.8271914,1.7153192,-0.28878656,-0.29815012,-0.25696662,1.4399098,1.017099,-1.4296649
-1.6890602,0.42584217,0.72949857,3.0375748,-1.1190156,-2.4016364,-0.40716848,1.0874248,1.572869,-1.5149657
-1.6525286,-0.4818016,1.6489048,2.7317955,-2.374364,-2.8132656,0.19347489,1.6864924,2.0573328,-1.6540377
-1.9699761,-2.8064394,3.016901,2.2278092,-2.9420035,-1.3817215,0.68040735,2.3588064,2.5917442,-2.270736
-2.7986412,-0.86398745,-0.18211725,4.010709,-0.18389304,-2.842577,-0.46703824,2.0696414,0.56122744,-0.22980385
0.39625126,-2.6313658,2.218579,1.0718274,-5.213469,-3.7626421,3.0337865,4.2012467,0.5196446,0.002731666
-4.6815987,-1.251162,1.3481905,5.3655505,-1.7279546,-2.4482086,-0.7502718,3.256093,0.09534031,0.16577561
-1.2868701,-0.73818636,-0.6064145,3.3772752,0.08178337,-1.456523,-0.5833194,2.6867344,-2.3101513,0.5374799
5.9741464,-0.13080382,-1.7838025,-3.1866038,-1.3938198,0.29798108,1.6339942,0.25082523,-1.1194006,-0.29959852
3.7915971,-0.9873346,-0.8685668,-2.3617375,-0.054131363,0.8740075,-0.21505979,0.07320489,-1.251459,1.0580736
5.3752613,-1.1486192,-0.6652499,-2.5859423,-2.356302,-0.3068245,1.6312289,0.42573225,-0.5921639,0.2949723
4.655029,0.0030831695,-0.7901734,-3.0508223,-1.0267729,-0.031413615,0.72829014,-0.25084564,-0.7713344,0.54779464
4.7048674,-0.41716197,-0.25055382,-2.7458127,-2.8371217,-0.039350867,1.0051467,0.44827387,-0.72938204,1.0589077
3.6398408,0.3364209,-0.8511659,-2.1693888,-1.0359694,1.0530236,0.18848068,-0.049778715,-1.5687988,0.7347053
4.9791284,0.20821548,-1.0309501,-3.55205,-0.93698233,0.6684894,0.0022273082,-0.22391173,-0.93747115,1.107331
4.5901165,-0.5744928,-0.9877463,-2.9489963,-1.3258555,-0.53684294,1.6751127,0.5920478,-1.5361792,1.1010139
4.653586,-0.16497841,-1.9800229,-1.7308683,-1.2014923,0.1171757,0.7004734,0.23142299,-1.3646276,0.7031405
4.1842046,-0.887926,-0.12813956,-1.2481952,-2.9698584,0.77165806,0.5755801,0.34357274,0.05681756,-0.74724984
3.461754,-0.6307821,-1.5133314,-2.0331347,-0.118863255,0.63950783,0.75331414,0.23612991,-1.021968,0.21068875
3.4612505,0.49910486,-1.6001596,-1.9253672,-0.40847597,1.09248,-0.40210974,-0.22066471,-1.8297862,1.3891532
4.936605,-1.3093183,-0.70473486,-2.4434965,-1.1316373,1.515429,0.23390606,-0.48697326,-0.8469815,0.41704506
3.7216208,-0.3613659,-0.7077653,-1.7328228,-1.3300552,-0.41582662,0.6292293,0.46739796,-0.5879916,0.39399922
3.577504,0.5046029,-0.7820303,-2.3254888,-2.0130014,0.7178061,1.3215762,0.1254182,-0.7002895,-0.4057212
4.855768,0.6903405,-1.1112792,-3.0977576,-2.244743,-0.32917,1.5569037,0.027778178,-0.3952536,0.1592202
4.4810114,1.0928831,-1.1144605,-1.3893348,-3.6773708,-1.9312394,1.7407283,0.9864968,0.023848236,-0.28608406
3.7227316,1.38375,-1.5588531,-1.2958728,-1.4892408,-0.5420527,0.49195743,0.10978842,-1.1503152,0.3427682
4.254015,0.9445255,-1.752414,-2.2913043,-0.85258955,-0.26097733,1.08158,0.29443178,-1.1962882,-0.069490775
3.8906932,0.32562065,-0.34464288,-2.3516457,-2.433128,-2.5650692,2.7721622,1.8936121,-0.58914024,-0.64619184
0.7402614,-1.0896633,0.5698175,-0.1486661,-1.4682394,4.0717235,-1.3565881,-0.88445807,1.3905156,-1.8616524
-0.54190004,0.4420001,-0.3725212,-0.17554948,0.30810705,3.7095442,-2.4709415,-2.0026248,1.8947597,-0.8475956
-1.0280415,-0.28010783,0.6652121,-0.8286147,0.85485435,6.9272513,-3.650825,-2.8971493,2.4991014,-1.84139
0.18566383,-1.7341472,0.8829015,-0.12479395,-0.50983787,6.7929587,-3.893407,-2.0473027,1.2984519,-0.88158196
-1.0396434,0.60146093,1.4908605,-0.97796094,-1.4813492,5.4648867,-1.9545498,-1.5071238,2.6249468,-2.761916
0.118342295,-0.50039417,0.979675,-1.167682,-0.40640676,5.716731,-2.1435926,-2.246614,2.2716029,-2.513492
-1.5666994,0.73885477,0.28466684,1.0273293,0.40134332,2.9285119,-2.311415,-1.0291581,1.1673999,-1.6635399
0.4540475,-0.36980212,0.39650849,-1.3755442,-0.4477915,5.112338,-1.2610335,-1.5136453,1.3133793,-2.2741795
0.1336254,0.9270648,-0.30737087,-0.302219,-0.3857192,4.569911,-2.8267174,-2.1747172,1.2576873,-0.7947454
-0.39509702,-0.89695704,1.5632906,-0.031528234,-0.98535585,3.872387,-2.4649932,-1.7760772,2.1662302,-1.1184196
-1.6825792,-0.01955992,1.6090446,-0.70001644,0.12696458,4.7434807,-2.2882953,-2.436084,2.3314927,-1.6082896
0.34379238,-0.14895928,0.7168115,-1.0506411,-0.9293392,7.0124235,-3.2672288,-2.936906,2.685162,-2.347058
-0.107547715,-0.8487953,0.7719717,-0.8759942,-0.8743718,5.539006,-1.8864399,-1.6561651,1.5716211,-1.4543974
0.158287,0.048843384,0.6960971,-0.6439593,-1.3423755,5.236684,-1.6398109,-2.1701415,1.8323061,-1.8956218
-0.2062184,1.0533847,0.36704338,-0.8473239,-0.8795322,4.2916603,-1.8390099,-2.328755,2.435337,-1.7592508
-2.1904926,-1.3852983,1.9607179,0.22830078,-0.37101406,4.819248,-2.3556557,-1.0976906,1.0268513,-0.64129215
0.96513116,-1.566897,3.223267,-1.6257193,-3.508019,5.8641596,-0.9016101,-1.5761129,3.4630435,-4.0789504
-0.9268433,-0.41863263,2.4654546,-0.66319084,-0.7916577,5.339574,-2.536301,-1.8304757,2.9739833,-3.26394
-0.10722946,-0.86466867,0.6399071,-0.6147837,-0.22322913,4.0535917,-1.2227131,-1.3643074,1.0506065,-1.4892441
-0.9869629,-0.31644315,1.7141488,-0.70029676,-0.83843595,4.6893444,-2.1448047,-0.88098836,1.5759767,-1.9229376
-2.4641752,-0.1703552,1.6993172,0.9600593,-1.8013766,-2.4656534,2.9673371,2.804435,1.08941,-2.6882117
0.6807798,-1.1376923,1.3443608,0.8868494,-4.2080116,-3.7155573,3.4814029,2.9106224,0.4754615,-1.0074849
2.0935705,-1.8942329,0.7712807,-0.34652522,-4.182143,-6.241229,6.441577,5.2431564,-0.21096984,-1.5870175
2.818996,0.603719,-0.5046162,-1.1517711,-3.365227,-5.406663,5.761359,4.0362997,-0.3198856,-2.4135675
2.1076999,-1.7520562,0.1246956,0.19135728,-3.196925,-3.6423733,4.1069474,4.0669565,-0.7690084,-1.3634245
3.136394,-1.1804078,0.013572097,-0.5778778,-2.8664575,-4.681283,5.0797195,3.8148031,-0.913195,-1.7474865
2.0630767,-0.1803799,-0.7412708,-1.4322127,-1.6453863,-2.4419675,3.3675213,3.1258938,-0.34505624,-1.7325606
0.94273335,-0.21227273,0.16891956,0.6131499,-2.042348,-4.474736,3.4726737,3.5154521,0.07934192,-2.188121
1.6480969,-1.1311803,1.0161862,-1.0133704,-3.0900476,-3.5513172,4.19783,3.6385787,0.42065635,-2.0662405
2.035664,-2.2520006,2.097855,-0.9367528,-4.687604,-3.109756,3.9734266,3.0960014,-0.25348788,0.0009851903
2.4279788,-0.748798,0.7593947,-0.9088398,-3.9227538,-2.5554066,3.761011,2.4147532,-0.3377934,-0.89202
-0.14459024,-1.9566061,1.6046009,0.9448972,-3.0556128,-2.8328826,3.5663626,2.7572641,0.5698335,-1.6767347
0.14517567,-1.9706036,1.4242668,1.2628138,-2.920546,-2.8707721,3.511426,2.8545554,0.61444485,-2.3334641
0.70064795,-0.90618265,0.7335496,0.26692554,-2.4662044,-2.57364,3.318497,2.504486,0.08002183,-1.7450871
0.864059,-1.1385987,0.9071731,0.1720869,-2.385814,-2.8069413,3.1707804,2.2948253,1.2959244,-2.4922445
2.3639517,-1.9950304,2.3091784,-1.6974049,-4.1857586,-2.4978282,3.464455,2.932035,1.118385,-1.6013625
0.77676475,-1.1838938,2.4180212,-1.0305645,-2.957102,-0.4746892,1.2872957,0.89615214,2.2919545,-2.1081712
1.5610572,-1.2891049,1.4717908,-1.4781127,-1.8633751,-1.2388334,2.2961032,1.3751979,0.6405693,-1.515779
2.095954,-1.4592574,1.2760224,-1.8035194,-3.3081748,-1.8436577,3.8030956,2.8861678,0.009987548,-1.5491052
1.9967699,-0.5645261,0.1566625,-0.6294718,-3.711579,-4.101033,4.6060166,3.4621403,-0.4256063,-0.8540102
-1.0716127,-1.6999886,3.6610284,-0.97826576,-2.0139272,1.3161459,1.3696256,0.017438143,3.6340044,-3.9632547
-2.2332418,-1.4272354,3.7321432,0.4873422,-2.4243073,1.2491844,0.0049884934,0.45471057,3.6707723,-3.7699392
0.3581499,-1.8252999,2.8447237,-0.63512945,-1.8990133,0.9938584,-0.0848051,-1.0966139,3.384536,-2.2252843
-2.5027308,-1.4332073,3.858522,0.14481407,-2.0453343,2.2430012,-0.6271552,0.17176747,3.6557653,-3.4756641
-2.0028362,-0.6383682,4.001821,1.1385655,-3.0655673,-0.2558257,0.48462713,1.2259419,3.617811,-4.2899876
-2.0825727,-2.7898388,5.5967903,0.2525632,-3.5563097,-0.5758895,1.1596359,1.128593,3.589068,-2.8805628
-1.2434394,-1.1383846,3.7490382,0.3494868,-3.2617753,-0.24542737,0.08993217,0.30581707,3.096823,-1.709274
-0.6178991,-1.1877556,3.6231017,-0.022766694,-4.304595,1.6146221,0.2793484,0.23171958,3.6557305,-3.3117492
-2.0702786,-1.8856905,4.0328045,1.4897275,-2.8056383,0.58516586,-0.36615413,-0.07719514,5.009294,-4.2232304
-1.0384544,-1.0551292,4.2067547,-0.5873395,-4.639104,1.4979565,1.1632172,0.23209555,5.224956,-4.8158207
-3.1485424,-0.29623693,3.8955212,1.0363828,-2.2255154,0.6570863,-0.5821525,-0.43418035,4.215397,-3.4816635
-1.6747425,-2.654626,4.3393865,0.88540745,-2.4165425,2.1957684,-1.2340838,-0.78297734,5.681171,-4.4251394
-1.0679777,-3.0804558,6.328471,-0.47026786,-3.8831031,0.23163736,1.5242144,0.31201273,5.1309505,-4.803981
-1.273241,-2.7556448,4.731118,0.112626135,-3.7582033,0.9191105,1.3737334,0.83974934,3.955262,-4.1289883
-1.317386,-0.17146361,2.5108283,-0.09513125,-1.6796569,2.3357747,-1.4846911,-1.0930017,3.505327,-2.3659458
-1.8261181,-0.16693825,3.7667468,0.72959495,-5.0404754,1.6515894,-0.5178391,-0.11432725,5.1322927,-3.519434
-2.1802645,-0.3088047,4.874199,-0.242802,-5.3758354,0.7508287,0.595713,0.56266236,4.5925107,-3.2307189
-3.2915812,-2.0365317,4.3288207,1.8765543,-3.3391106,0.19414786,-0.9924494,0.037476927,4.530077,-1.7030889
-3.926989,-1.823034,5.395502,1.2537909,-1.5113695,2.9936545,-1.1513463,-0.83387876,4.5229445,-4.8746533
-1.4110731,-0.16864431,3.8237262,0.9593662,-3.8081503,-2.312082,1.0586537,0.9217801,3.2566733,-2.4061508
-0.26422083,-0.6301632,-3.2622464,0.6397562,5.6903067,1.7989264,-3.31523,-0.975139,-1.5600591,1.5650675
-1.1456972,0.7552177,-2.6363242,1.0413945,4.1341305,0.6069463,-2.396891,-0.33397064,-1.0291284,0.63937294
-0.87972367,1.3520788,-4.24917,1.7656105,5.96161,-0.37161565,-3.6460059,-0.48675433,-2.2290928,2.2889044
-2.7611103,0.4794613,-1.9071324,2.8679159,5.2131653,0.8041951,-3.330067,-0.8964262,-1.1038603,0.24308251
-1.319081,0.52650124,-2.5773258,1.3739593,3.895527,1.1724632,-2.2223892,-0.7370229,-1.4189212,0.7333232
-1.5251375,0.22097439,-1.5941885,1.3703797,3.4957736,-0.5325308,-2.026576,0.39929035,-0.7215153,0.69893974
-2.1255376,0.6997011,-3.2617419,1.5647494,5.8038073,2.3986156,-4.5402603,-1.0961595,-1.9843524,2.3128712
0.4755389,0.5813246,-3.4805586,0.13069949,4.627186,-0.12609035,-0.91987103,0.22499803,-2.5045571,0.66412014
-1.3722397,-0.042536497,-0.98070556,1.4369104,1.961321,0.2966597,-2.0416763,-0.23928022,-0.324843,0.833673
1.1053319,1.9981679,-1.4107251,0.49176976,-1.0346043,-0.40262294,0.24609363,0.55481124,-0.016546398,-1.5298343
0.64409834,1.4427221,-3.011841,1.7224011,1.4654052,0.13237144,-2.2109272,-0.6602081,-0.7781131,0.8478091
-0.1429349,2.6150355,-4.1808014,1.7806792,3.977063,-1.1948195,-1.3943676,0.10105023,-2.3610206,0.47860694
-1.737213,-0.43585002,-2.6384249,0.8671032,5.571867,1.744935,-3.1732368,-0.8675183,-0.44550088,0.7475077
0.14662574,1.0862393,-2.0834277,0.17332992,3.4765193,0.020108998,-1.7742547,-0.31329083,-1.559658,0.74414414
-0.8995738,-0.46660984,-2.2440305,0.9446206,4.53384,-0.0047617853,-1.2831944,0.5728743,-1.5622761,0.15509115
0.3510499,-0.14691025,0.334955,-0.3639653,-1.4633675,0.27020326,0.6807784,0.36168385,1.0937091,-1.1511405
0.9189935,1.4047159,-3.9048567,0.576277,2.9854448,-1.0554712,-0.74853015,0.9131708,-2.149153,0.723867
1.039357,2.072585,-3.1198869,-0.05678332,2.4693553,0.12510791,-1.3135821,-0.75934196,-0.30217353,-0.37444597
-0.08300449,0.517035,-2.4676933,0.042628378,4.1523705,-0.60892767,-0.6890606,-0.0873892,-1.0588638,-0.05843635
-1.9954401,-0.31118664,-0.7591327,1.6723831,3.169451,1.076165,-1.4981536,-0.51511395,-0.064029336,-0.9723873
1.2848686,-0.8763034,-1.2013867,-0.07882571,0.32129505,-0.8428597,-0.17852831,0.83507264,-1.7218578,2.1901228
1.9452249,-0.30160087,-2.1385138,0.042655915,0.022721749,-1.8533213,-0.21429467,1.3750054,-2.9481404,3.6685948
1.5050591,-0.11351964,-1.5411484,0.20290571,-0.91079456,-1.8969853,-0.13579974,1.0461771,-2.1515071,3.6376503
1.4188107,0.36365294,-2.033669,0.13491228,1.3466334,-0.82055825,-1.0919688,0.260527,-2.9417021,3.124663
1.3620791,-0.7586981,-1.0020709,-0.29876563,0.9214623,-1.6707165,0.31215477,1.1236316,-1.9760101,1.958657
-0.07673918,-0.78821176,-1.3831699,0.7125039,1.045754,-0.6380967,-1.0575428,0.99656796,-1.9820952,2.9827483
1.9003099,-0.371474,-1.1462507,-0.24974185,-0.9794154,-1.5575197,0.50103766,1.2363958,-1.5541389,1.9537673
-0.443187,-0.17135388,-2.5605557,1.7883856,0.972958,-2.6798842,-0.23617345,2.034995,-3.095493,3.8363268
1.1137593,-0.52704614,-2.126416,0.6374756,0.77133507,-2.1064165,-0.05846685,1.5700462,-2.4748085,2.99504
3.1030698,0.5560775,-2.0415082,-0.61713684,-0.7684318,-1.0785973,-0.25101438,0.5460871,-2.3063474,2.7757425
1.6765102,-0.03053531,-2.0935555,-0.47472587,0.4904419,-1.3574963,-0.079826,1.0011865,-2.8592284,3.6744735
1.0604812,-1.5186713,-0.45556837,0.06486544,-0.79712605,-1.4678171,0.7834232,1.7948096,-2.2498727,2.5125158
1.4661518,-0.7505363,-1.6964324,0.68850386,0.0658167,-2.0893803,-0.6244009,1.1165745,-2.2326348,3.5895956
2.2399116,0.582543,-2.4722154,-0.4224003,0.6373956,-1.1272798,-0.61864597,0.66094744,-2.3755035,2.9549534
2.3360217,-1.1180775,-1.3016729,-0.18851525,-0.52641785,-0.916845,0.052453578,0.7718681,-1.879467,2.6401231
1.2695091,-0.05617553,-1.684494,-0.21087521,0.05678196,-0.69317627,-0.32032362,0.7552515,-1.344103,1.9797939
1.4893377,2.4005413,-2.9644232,-0.17029056,0.36510316,-1.724935,-0.20909783,0.23309752,-2.0242872,2.3434756
0.9970734,-0.5609033,-2.4613595,0.5918963,0.74309623,-4.0911713,0.93704176,2.6870024,-3.4496622,4.14343
0.4558224,-0.5778371,-1.378474,1.8370702,-1.3977437,-3.0549886,0.94091016,3.1082108,-1.9186099,1.6242788
-0.2504996,-1.7337877,0.5122809,0.9703709,-0.5069256,-1.8223526,1.1892053,2.2472498,-1.126516,0.19194095
-1.1135038,1.1959333,2.8449054,0.33715042,-3.9469483,1.8435218,-0.73441625,-1.362847,5.584644,-4.5074368
-1.6115998,0.8037666,2.0423748,0.6925882,-0.96366626,2.8957634,-2.9104056,-2.5966604,4.336456,-2.90318
-2.4372911,0.63451636,3.9450545,1.5699472,-4.867194,1.1027458,-0.7829567,-1.7029952,5.4801087,-3.1127024
-1.8849119,1.7100738,1.4282544,0.2161462,-1.1486624,2.988548,-1.9131862,-2.3574083,4.342224,-3.4165893
-1.3043998,0.19680822,3.483405,0.039889336,-3.8685586,2.3333862,-0.7516182,-1.7275059,5.3394704,-3.750083
-1.4141693,0.33826226,3.23533,-0.5920627,-2.2744648,1.6089873,0.23600328,-0.5093001,4.3320746,-4.7929473
-0.24748822,-0.2740748,2.930879,-0.47999266,-5.024086,1.5672603,0.6426629,0.19500545,4.9713078,-3.9625013
-1.0280254,-1.5725105,3.583811,1.3016946,-3.3310392,-0.49721664,0.7037865,0.75260496,4.7298694,-4.66953
-1.1422818,1.1247331,3.0615258,-0.02861707,-3.6297944,1.9849796,0.38590342,-1.3926984,6.0585523,-6.3651276
-2.1118214,1.9211086,2.0182998,0.40721753,-1.9382482,3.4304905,-2.529545,-2.5385497,4.8046956,-3.4341447
-3.0745697,-0.42125148,3.7939444,0.8694408,-3.427072,1.6476412,-0.46208978,-0.13211921,5.2087746,-4.10992
-1.9092835,0.050029755,4.4294896,-0.14096409,-5.3207,1.7189753,-0.009256331,-0.3550078,5.8800764,-4.1232934
-1.9425844,0.11674285,3.7688093,0.27483746,-3.513623,1.9172523,-0.288491,-1.1545556,4.268481,-3.7367103
-1.2708461,-1.6681949,4.4896884,0.5115317,-2.884023,0.12373325,0.3352551,0.31750762,4.3196177,-4.3650665
-0.81766677,-1.0588012,3.8053858,-0.9935148,-3.0662823,2.0325384,-0.71994215,-1.0017402,4.012511,-2.2270567
-3.1084661,-0.5789125,4.7587667,0.8881682,-3.1770146,1.7301977,0.43703002,-0.56832886,5.485788,-5.8376017
1.5320853,-2.728075,4.334073,0.1701962,-4.6259766,0.65303713,0.0053944904,-0.52985275,5.029756,-4.079775
0.0242282,2.4804225,1.426126,-1.2540805,-3.1851716,3.3747647,-0.6925618,-1.9870746,4.9582925,-5.0724664
-1.0135489,-1.7171749,5.9339685,0.4853495,-5.903973,1.1423528,0.99930894,-0.013326913,6.838484,-6.6886177
-1.852337,-0.6928156,3.8523889,1.0686436,-4.898773,0.70059586,1.4232115,1.3984535,4.7542205,-5.5653276
2.3464277,-1.6367196,1.5070179,-1.7794199,-3.3891215,-3.3488019,4.6677575,3.3732126,-0.13365486,-1.5852039
0.06276487,-1.2956315,0.7023496,0.0528495,-2.7341883,-4.2279243,4.696466,4.840003,-1.5955745,-0.47573543
1.2780054,-1.700056,0.095175445,-0.7230294,-1.5383693,-2.7655218,3.6487908,3.520207,-1.2622726,-0.5963117
2.8120599,-1.0189126,1.4774044,-1.7703478,-4.3753443,-2.8195548,4.1028147,3.330509,0.12451038,-1.6920654
0.11973958,-1.7187674,1.4545536,0.9231931,-3.5406,-2.2852142,2.96118,3.252764,-0.117614076,-1.0058768
2.7052288,-1.8014926,1.2672665,-1.6665418,-3.792727,-3.4917202,5.5745153,3.4945405,0.34375998,-2.4928086
1.7846206,-2.2546124,0.6318115,-0.09481394,-3.6117523,-4.3637614,5.4269266,5.227349,0.09901929,-2.8342154
2.0595129,-0.3837528,0.102871716,-1.2617167,-1.6004112,-2.4014046,2.7226677,2.8326137,-0.14289692,-1.820782
2.250503,-1.1833291,1.5527513,-1.6364473,-3.388191,-1.8108315,3.0790083,2.5915642,0.15780243,-1.3584886
1.3005836,-2.7449832,2.7158499,0.39231023,-6.5004683,-4.2733154,5.285555,4.891703,0.79813457,-1.9511268
1.7209166,-1.2157631,0.47733793,-0.25671798,-3.8378787,-4.4010725,5.2444987,4.2925663,-0.48667726,-1.4907067
0.71384954,-0.68453443,0.6978379,0.20544663,-2.4318066,-2.5660725,2.5816734,2.1315126,0.21793702,-0.98949623
2.1228383,-0.8997709,1.065315,-0.9269086,-3.6143098,-2.5525446,4.062194,3.4548151,-0.61272347,-2.008261
2.9170074,-1.1118956,0.19161457,-1.1831155,-3.4237354,-2.6296833,3.927383,2.695104,0.63546765,-2.0443585
1.9792588,-0.93286556,1.1841159,-1.5572307,-3.3224702,-2.0224109,3.373403,2.224156,0.893011,-1.7680645
1.1246055,-1.7934211,2.5475707,-0.91598475,-4.2699776,-2.4880574,4.5480986,3.6277645,0.42921987,-2.9395263
1.5925044,-1.2241526,0.98175377,0.54507744,-3.9801204,-2.93859,3.5481606,3.390464,0.4667128,-2.450741
0.93477386,-1.4039943,1.6484396,-0.71094906,-3.3934581,-3.575588,4.117526,3.4053333,0.13374937,-1.3057851
0.8432393,-2.2907124,2.0148222,-0.7273092,-2.8079598,-1.4592779,3.3572671,2.439134,0.15174901,-1.5245323
0.92241937,-2.2813277,2.1633186,-0.21505679,-3.5252593,-1.9885826,3.1093392,2.454632,1.304462,-2.0591917
