5.2062335,0.94352907,-0.7095806,-2.2619767,-3.3768864,-1.5808753,2.108123,-1.0441056,-0.4515795,1.0942663
5.48183,0.9776651,-0.60855335,-3.2729266,-2.4817543,0.97964835,-0.35714573,-2.5246344,1.8589721,-0.049473263
0.38761914,0.96252155,0.8121007,-1.4994124,-2.457511,-1.114304,3.711436,0.67880577,0.7464225,-2.2547007
2.4272046,4.9648285,-1.8904536,-1.3971128,-1.321599,-1.5850472,1.3406069,-1.0438606,-0.1402676,-1.3378183
3.6827283,1.7139187,-1.0901883,-1.612155,-1.7598141,-1.146469,0.7593106,-1.0189875,0.28751814,0.16065952
1.088948,2.0364385,0.56382674,-1.2433118,-1.310784,1.2525219,-0.4004164,-2.2575781,3.1678321,-2.8197696
5.2650247,1.3262787,-2.5380626,-3.3649318,-1.2731569,-0.65991664,2.3721042,-1.5991095,1.1513685,-0.7468593
5.208652,1.0600655,-2.0033414,-2.9398077,-1.4806212,-1.187441,1.5930411,-1.4752947,1.776373,-0.6168558
4.4117045,1.0638598,-1.9728401,-2.926965,-2.0477474,-0.7733788,1.3122312,-0.36599398,0.2587058,0.97110766
3.2283885,0.42546436,0.046963304,-1.8973123,-2.7924209,0.2453939,1.5949682,-0.87204677,0.72073495,-0.69252706
3.9292264,1.6561093,-1.7383635,-1.5532123,-2.3395169,-0.91548294,0.282265,-0.5216848,1.6754658,-0.4976448
4.905516,0.9062669,-1.6476612,-2.2509246,-2.189636,-1.3761083,0.5590502,-0.61500126,-0.047489867,1.6963947
4.3285537,0.26775834,-0.62784994,-2.6745958,-3.1931767,0.6220782,3.234154,-1.7705725,1.3011013,-1.4981474
2.9750528,3.951368,-0.98012143,-2.170036,-1.7527026,0.8807688,-0.5291392,-2.6091347,1.1428416,-0.8465688
0.6094712,-0.49206182,2.890076,-0.4728939,-3.2296276,1.1529517,0.24989524,-1.6830178,2.4122677,-1.3893448
-0.35144702,2.8092399,-0.6510691,-0.34941447,-0.12112562,-1.2434684,2.4172142,-1.4969732,0.44009125,-1.4524747
-0.36173642,2.1516433,1.1713631,-0.17634195,-1.2132529,-0.44315094,0.44988194,-1.8878268,1.6222086,-1.2247745
-0.043918245,1.0798296,0.7888031,-0.6897855,-1.1265932,0.41334295,0.028589182,-1.3946298,3.7663562,-2.7157238
1.3252851,0.091500156,1.8133447,-1.2849929,-3.9101691,-0.43718785,2.244745,0.3124924,0.83655834,-0.9888916
2.477593,0.8416658,0.44892865,-2.4503574,-1.548144,0.37367362,1.0618746,-2.0282726,2.6399016,-1.8089253
-2.4832816,-1.8868369,5.602323,0.93501127,-3.0703735,-0.53716964,0.54801095,1.4762298,1.5833861,-2.0619578
-3.6978185,-2.7091422,5.211101,2.215562,-1.4479231,-0.5211759,0.58447796,0.9964052,-0.5081997,0.009378456
-3.8827422,-1.6618692,3.2789884,3.765015,0.100790486,-1.0596987,-0.43295625,0.03543032,0.79696447,-0.83573747
-0.0967068,-0.87856615,-0.8216194,0.22058181,-1.1806084,-2.6900487,3.5562532,3.1006732,-1.0481398,-0.19731066
-2.7223687,-1.9748255,3.315453,2.1964672,-1.7764956,-0.5851143,0.25277284,1.9435972,0.47756594,-1.0623235
-2.3099763,-1.7409635,3.9749193,0.8297347,-0.41517985,-0.84352845,0.58349264,0.50698364,0.2887178,-0.7830512
-1.8845823,-1.4732448,3.1821642,-0.527068,-2.057956,-1.1128696,5.1284795,0.3790673,-0.22002809,-1.3832434
-2.9973383,-2.2261176,2.092581,0.95267713,0.45840794,-0.53522897,0.46309307,1.5588909,-1.0452883,1.3228459
-3.1634867,-0.95682234,0.55320543,5.19596,-0.05093874,-1.6866903,-1.2147667,1.0428207,-0.068937644,0.43064538
-4.9738145,-1.1554227,2.7216992,4.465906,-0.2518869,-0.5455516,0.015425794,1.197279,-0.65391374,-0.7268443
-1.573241,-1.2990421,0.5354988,0.81223625,-1.1425318,-2.0755367,1.4955271,3.9998055,-0.55396503,-0.18500724
-1.7908232,2.2389905,-1.0883442,2.0499883,0.7403504,-2.9895263,1.8332925,0.37936345,1.3360188,-2.6489637
-3.2061496,-1.9273202,4.746707,0.96355724,-1.8030943,-1.0191536,1.6628118,1.3315555,0.3351128,-0.994959
-0.39087224,-0.974427,0.35667488,-0.79908216,-0.6284421,-2.1698797,4.985241,1.0387713,-0.20498519,-1.2165725
-3.346662,-1.2331176,3.9405823,0.7513255,-0.8524648,-1.1559955,2.3596334,0.4026739,-0.30609882,-0.48482707
-1.5944656,-0.40684643,0.9263701,1.8443253,-0.97915757,-3.1446307,1.9223195,3.0139942,0.7047392,-2.2382393
-2.5123978,-2.1732633,2.3444645,2.0630372,-1.4180225,-2.801952,0.34339806,4.6772623,0.051284567,-0.52699333
-1.36111,-2.23752,-0.6979627,1.0425967,-0.12228866,-2.9256458,0.29416242,6.299117,-1.5377318,1.2043458
-2.5332665,-3.3958952,2.6157398,1.7692904,-1.1619122,-1.278329,0.4192922,3.4408226,0.7728424,-0.5823003
-1.0892949,-1.7080429,3.0040145,-1.1400073,-1.8918768,-0.88955325,5.162681,0.48242676,-0.48403728,-1.412465
-1.7106342,-2.0462918,-0.82260567,1.5705681,-0.7479882,-1.8989209,0.67710495,6.2268224,-0.8802521,-0.37484118
-1.9643903,-1.2119627,-0.24967492,1.376924,-1.1126611,-1.8945905,0.20239243,5.994078,-1.1250706,-0.054742254
-0.18072283,-1.3997318,-0.9962404,1.1724118,-1.0653095,-2.3317754,-0.7510794,5.494415,-0.7259446,0.79810894
-2.2125912,-1.5293828,-0.29359883,2.273287,-1.1928916,-2.1111987,-0.55441487,6.4599504,-1.3757492,0.5068302
-0.51720905,-2.0007064,-0.3657939,0.5757506,-0.16379069,-2.7161791,0.36189863,5.089509,-0.40986496,0.12017485
-1.7480309,-2.138907,0.6844529,1.0100467,-1.2097268,-0.83115476,0.23804095,4.3103786,-1.6882433,1.3537819
-0.8663031,-2.7205384,-0.5152187,0.8682662,-1.949212,-2.6287863,1.1964244,7.706519,-1.3888414,0.2585993
-1.9772401,-2.53261,-1.283993,2.0167544,-0.28608888,-2.1118186,1.2151679,6.1929007,-1.0507355,-0.26045117
-0.79985493,-2.9287157,-0.9961731,1.2962129,-0.6744477,-2.452891,0.565828,6.9329824,-1.7105609,0.6978493
-0.7417592,-2.2699666,-0.03366363,0.51363,-1.8041333,-2.7944791,2.5401564,5.8578615,-0.9347104,-0.40244994
-1.764324,-2.7237165,0.59534436,0.9701669,-1.3067499,-2.6170988,0.8139267,6.832127,-1.8901939,1.0722009
-2.4069114,-1.5338156,-0.1387273,2.055523,-1.092562,-2.047948,0.1407778,5.9417744,-1.3281453,0.40145257
-0.7711177,-2.0432007,-0.9168241,1.1863801,-0.87744594,-2.0086577,0.15204659,5.7677073,-0.48414648,-0.0220441
-0.7728312,-0.54257625,-1.0789363,1.4729536,-0.37584358,-1.4508197,0.10214659,2.9479442,2.0337038,-2.3160043
0.64314157,-2.4539142,-1.5568781,1.1649181,-1.692947,-2.890658,1.0231315,5.7489877,-0.2291408,0.19139442
-1.7503287,-1.9944813,-0.5531848,1.5772729,-0.45381296,-3.0950112,0.62304103,6.4976015,-1.6916163,0.86046803
-1.2748983,-1.749161,-0.60760003,0.92405903,-1.5717471,-1.4608463,1.1915913,5.643011,-0.07819401,-1.0820919
-0.7975696,-2.5604305,-0.7653982,0.98195696,-1.4066422,-2.8799734,0.9382012,7.2208133,-1.0952657,0.30171105
-2.407814,-1.3931155,-0.47685295,2.560706,-0.89815855,-2.780264,0.3294492,6.293028,-1.5577431,0.29631916
-2.472285,-1.880096,-1.1701441,2.2594182,-0.56530523,-2.4293787,0.9883776,6.9923177,-1.7279577,-0.032261588
1.7350998,-0.33628485,-0.08737212,-1.5409707,-1.7260519,-1.0772349,-0.4781969,1.8800658,-0.31064785,1.9005156
-0.3366214,-1.2109892,-0.24911988,0.453964,-0.6129532,-1.8576427,-0.4725676,3.0846891,-2.3523176,3.5228117
0.53299594,-1.2982565,-1.0313196,-1.0319031,-0.55275315,-2.5227554,0.038174056,4.831085,-2.8907435,3.8587081
0.086004056,1.6434729,-1.4837251,-2.1075258,0.9020786,-1.629289,2.5612206,0.21125418,-1.4308344,1.2298158
0.66343594,-0.12880762,-0.23742825,0.18082635,-1.1633431,-1.170747,-0.25685155,0.8620667,-3.3696191,4.607293
-0.37679031,-0.11300076,0.6970106,-1.0028386,-0.29170442,-2.5012107,2.9174523,1.0110083,-1.9080253,1.567592
1.464793,-0.36536306,-0.7411657,-0.13671382,-0.32563972,-1.5643271,-1.3004,0.20267534,-2.7021246,5.4217906
0.093175,-1.1511405,-0.17572616,-0.04330571,-0.21910419,-1.6490848,1.4060163,0.88521665,-2.5843759,3.4250941
0.43053842,1.1794617,-0.8029327,1.2548412,-0.7307471,-1.8873471,-0.65632486,0.32691467,-1.716541,2.6131155
0.5272801,0.06832638,-1.3173137,-0.2720453,0.35809332,-0.7066789,-1.0993501,0.52490824,-3.5964139,5.5002484
-0.7405323,-0.45462587,-1.170867,1.1728921,1.20682,-1.3189659,-0.34525132,0.67436796,-1.2938871,2.2631865
-0.75826895,-0.30560008,-0.6500311,0.82392573,-0.27044594,-1.7973582,-1.1299952,2.496059,-2.4574277,4.0443964
0.41710418,-1.1933024,-0.37779456,0.20128007,0.4006049,-0.19342291,-0.9922365,-0.04041218,-2.5649061,4.3518767
0.38493937,-1.5412345,-0.26773456,-0.539714,-1.5890783,-2.2177935,0.46443513,4.821995,-1.5532945,1.992714
0.79927796,-1.9625202,-1.0789833,-0.17811786,-0.92289627,-1.0828679,0.7806077,2.3717465,-3.468844,4.667622
1.011315,-0.71309763,-0.36089605,-0.46522152,-0.80851734,0.35700488,-0.8616157,-0.084943675,-2.9837904,4.892469
0.046450563,-1.1275637,0.11613311,0.92258084,-1.198561,-0.9549666,-0.17067978,1.2157476,-3.2370114,4.370205
-1.9695575,-1.8666576,0.8032018,1.2029046,-0.18399502,-0.24205798,-0.43748564,2.144322,-2.8255854,3.3716624
0.18711448,1.2261151,-0.26026264,-0.20775592,-0.54888344,-1.6351604,0.9019966,-0.7708184,-1.1148807,2.2637763
-0.50404674,-0.009099732,0.7701751,-0.32170552,-0.8239135,-1.3217834,0.61254245,0.4200304,-1.8656225,3.0354595
5.395532,0.9847919,-2.0908606,-2.8328102,-1.9120413,-0.6134389,-0.25971422,0.053953536,-0.65820706,1.861082
5.894234,0.04408397,-2.9362955,-1.8274417,-2.9346871,-0.6177156,-0.27958974,0.8801753,-0.7860365,2.4774184
5.5865464,0.35936934,-2.601306,-2.4349005,-1.9771796,-1.9023589,0.032098047,0.7664073,-0.34064394,2.4285758
1.7163477,-0.2739267,-0.89197046,-0.53547025,-0.571131,-0.22724605,-1.1250253,-0.3185017,-2.2387037,4.486669
4.5459623,0.44916952,-1.9296837,-2.2636383,-1.4341158,-1.1659714,-0.52422154,-0.14308831,-0.99905777,3.391556
1.4539986,-0.2987685,-0.79986614,-0.11460115,-0.78798515,-0.06915968,-1.0408406,-0.3645255,-4.2343273,6.229504
5.1460423,2.793692,-1.6650796,-1.6178623,-2.5803308,-0.9295171,-0.88461983,-2.0781322,0.14230402,1.662732
3.8775706,1.6277153,-2.673647,-2.4743443,-0.57721424,-1.2582759,0.09331473,0.7039831,0.03092654,0.6078763
2.7331715,1.1068634,-0.07384405,-1.0407897,-2.3537593,-1.5864956,-0.012912132,0.050476886,2.2899704,-1.1256146
0.50337625,3.7253153,-1.2058582,0.20701538,-0.6989716,-0.70407325,-0.3800651,-2.0248575,-2.5002542,3.1025372
4.162004,0.9381725,-2.2861795,-0.6738207,-1.5295974,-0.33761644,-2.0971,-1.2978858,-1.0091257,4.0948873
4.281406,-0.27310088,-0.95664656,-2.451905,-2.0595703,-1.5721593,1.0873098,0.8428288,0.30701536,0.725035
5.8432703,0.6237762,-2.382211,-2.9800074,-2.5654235,-1.0244493,0.051702045,0.93531066,-0.56191987,1.978839
3.7877579,3.9482288,-2.1315963,-2.8429196,-1.2585948,-1.5846306,0.75013864,-0.63476014,0.29617757,-0.29330555
5.563745,1.1216257,-2.3302536,-2.098451,-2.2926433,-1.9841641,-0.26655695,0.45395827,-0.6122626,2.3586287
6.3306613,1.1454637,-2.7387354,-2.6059008,-2.4928634,-2.4320307,0.051250868,1.1216443,-0.4252501,1.9482745
3.7709231,-1.0871507,-2.552167,-1.508351,-1.50949,-0.27991518,-0.49573526,1.6478057,-2.53452,4.439904
5.71318,1.4993129,-3.1824586,-2.9723885,-2.5219474,0.5108335,-0.20693764,0.8290068,-0.8458751,1.1201607
5.7131667,0.33501485,-2.6230268,-2.496529,-2.0237799,-0.5899132,0.10726207,0.4908201,-0.70992076,1.7073286
5.8127427,-0.19504432,-1.9167762,-3.3271117,-2.2286978,-0.6361087,1.0336585,-0.1995067,-0.5791031,2.129159
-1.3360786,-2.5872111,0.49755675,0.07761018,-1.5665343,-1.9946665,1.4239246,6.6397448,-1.3697624,0.17057458
-0.74213,-2.201838,-0.5185537,0.040145382,-1.1337352,-1.108895,1.4595447,5.0775027,0.78876716,-1.6684382
0.5078439,-1.1948843,0.5124809,-2.002746,-1.327536,-0.8371378,5.3479886,0.2235815,-0.8182776,-0.47172925
-0.5247135,-0.24941258,1.5264018,-2.2990298,-1.1199441,-1.5814635,6.5954223,0.4123177,-0.61353356,-2.129356
-0.38983965,-1.083351,1.2016542,-2.4082606,-0.96823967,-1.7708308,5.942185,1.6714056,-0.24257232,-1.9978524
-1.1794345,-1.4346457,2.1362886,-1.4930053,-1.5464743,-1.7603111,6.074574,1.6085106,0.16151382,-2.572494
-0.98767006,-1.8365382,0.25679827,-1.2588394,-0.27799308,-2.2779276,4.9065623,3.3190227,-0.73332804,-1.1531447
-1.4046503,-0.95229024,-0.5687921,1.1112336,-0.78665507,-3.1834364,1.6748081,5.452605,-0.47699165,-0.8579013
-2.5955396,-1.1687859,-0.7294803,2.2606752,-0.018855885,-2.4797058,0.6597867,5.475133,-2.107778,0.67750394
0.40488547,-1.713388,-0.9263425,-1.822405,0.13713028,-1.8703555,3.6842487,3.1900802,0.42393827,-1.5424005
-0.0846765,-0.81337565,-0.17320454,-1.2707407,-0.33150834,-1.5089926,3.7763193,1.2961737,-0.9377132,0.019475661
-0.8868669,-1.4443886,0.38166648,-1.7091997,0.31654924,-1.8719766,5.730151,1.374958,0.28081936,-2.1874561
-0.41123307,-0.46340874,0.6055942,-1.6004078,-0.56839985,-1.9943374,5.226581,0.8834243,-1.4616313,-0.21371385
-1.2570252,-0.4653019,1.018575,-0.8982109,-0.36088568,-0.828472,5.217353,-0.070725285,-0.88145316,-1.4935333
-2.7346199,-0.63477546,-1.0505483,1.7385361,1.2024149,-2.2969036,1.7156838,3.4751592,-0.3113426,-1.0772182
-0.10876372,-1.1058288,-1.8372719,-0.20213847,-0.021070376,-2.0612981,1.829729,4.293073,-1.9382726,1.1019335
1.2890127,1.9454855,-3.3493123,-1.8216655,0.9677215,-3.2234504,3.3231246,1.9307379,-0.9870561,-0.13275403
0.44871455,-0.34614044,0.626852,-2.0076268,-1.5282315,-1.5747739,6.1830316,0.33330786,-0.7265519,-1.4156548
-0.23615363,-0.9763159,-0.67582935,0.7473968,-0.6298379,-2.5881398,0.21507367,4.42096,-0.35440713,0.04519976
-0.71152663,-0.6233134,-0.86923987,-0.32457423,0.6074371,-2.569493,0.8743053,3.7495072,-1.7435967,1.5632114
-0.77921677,-2.0373816,1.8064344,-0.67420304,-0.9812927,5.204158,-0.7745315,-1.5986851,-0.748006,0.57447404
-0.7116861,-1.8602369,0.5152223,-0.56802446,0.0068448037,5.738514,-1.1283879,-1.6585929,-0.91796947,0.5847549
-1.1068518,-2.339603,1.4896376,0.3157125,-1.0155495,5.120404,-1.2413936,-0.7761828,-0.9875107,0.55730313
-0.95651567,-2.1911764,0.4290415,0.045401156,-0.22665878,6.2304854,-1.261982,-1.1491781,-0.012757942,-0.93165123
-0.71936774,-1.8961459,0.25808376,-0.6118915,0.011521503,6.1791344,-1.6005484,-1.3945292,-1.4923944,1.2353815
-0.8022184,-1.4617021,0.8987805,-0.4983498,-0.2624793,5.9288063,-1.1417933,-1.8003432,-1.0521045,0.20092294
-1.0147169,-0.86859685,0.8896704,-1.1369822,0.016394988,5.9939833,-0.862724,-1.977445,-1.2789205,0.23595828
-0.39817595,-0.9200407,0.9293204,-0.28962946,-0.89311516,5.7008314,-0.92840934,-2.3373342,-0.8079015,-0.04135523
-0.20143613,-2.054744,1.5247991,-0.76163363,-0.7435587,5.5122943,-0.8466444,-1.8272613,-0.13428561,-0.481859
0.35482848,-1.6705158,0.30149773,-0.6380459,-0.80226624,5.4563293,-2.0111885,-1.1269821,-0.41807967,0.5499842
0.887153,-1.0789541,0.5863688,-1.3897451,-0.44897705,5.2673416,-0.7040355,-2.3920076,-0.22455159,-0.5001391
-1.2503166,-1.8671572,1.8752708,-0.11241271,-1.3528789,5.339086,-0.4503035,-1.5817441,-0.75383127,0.2057732
-0.18275303,-1.0343943,0.9477492,-0.74380314,-0.19135098,5.0350156,-1.9715688,-1.8847542,0.86562026,-0.8470441
-0.37696895,-2.4564757,1.1465247,-0.2320955,-0.44205052,4.9503846,-2.013683,-0.80403936,-1.219239,1.424179
-0.9567803,-1.672698,1.4410987,-0.62675315,-0.4204923,6.179402,-0.27992702,-2.4211464,-0.57058054,-0.64938533
-0.7703131,-1.8753445,1.895067,-0.5219073,-1.1010233,5.4963512,-1.1697254,-1.6870486,-0.19981651,-0.019768484
-0.48683667,-1.923142,0.9297034,-0.854319,-0.3858772,6.328434,-1.5701718,-2.1709366,-0.5070322,0.62600577
0.023209102,-0.71073437,0.38590717,-0.5891619,-0.2593224,5.412472,-1.5687692,-1.8392102,-0.43716043,-0.40562484
-0.43435872,-1.1064835,0.36927032,-0.75773704,-1.0435896,6.7790995,-0.9586961,-1.8455447,-1.1121435,0.110255025
-1.0735663,-1.3228397,0.95925456,-0.031466946,-1.1100019,6.096793,-1.1080003,-1.5009538,-0.13130109,-0.7459233
-2.7670164,-1.0297213,-0.47758943,4.6452513,-0.33407933,-2.153452,-0.14265451,2.525058,1.3026874,-1.5440208
-3.3277943,-1.6087706,1.1268909,5.1946273,-0.4942435,-0.7667562,-1.5874135,1.2069459,0.0405965,0.28463295
1.2562661,-0.8299887,-0.12781084,0.28541064,-1.632872,-0.88230014,-0.8664195,0.6624945,-4.010661,6.170013
-3.65419,-1.4145783,-0.29286617,5.367855,0.5474038,-0.06344772,-2.2662597,2.019152,-1.5211627,1.3231822
-3.8971891,-1.1199368,1.2010329,5.919417,-1.4253973,-0.6648819,-1.6430762,0.90167326,0.1628231,0.64148104
-1.9786849,-1.197669,0.88052386,3.8605025,-0.73955834,-1.4676644,-0.3618311,0.61719126,0.4505875,-0.03125993
-4.774102,-0.6615481,0.9263211,5.5291824,-0.5143851,-1.6385175,-0.49609163,2.2496004,-0.6254046,0.0975522
-2.9681506,-0.72713596,0.58495885,3.7962298,-0.016700998,-1.1043022,-0.8011741,1.3057011,-0.68783975,0.63787234
-0.59885114,-2.237302,-0.25779825,1.3798677,-1.2534856,-1.0506479,-1.0790694,3.6401753,-2.8766136,4.2779694
-2.1416066,-2.6197925,-0.15427995,3.2722442,-1.5740979,-1.7205111,-0.9261303,5.9753075,-2.0711083,1.9341367
-3.2394874,-0.69503874,-0.72968894,5.4478273,0.5637042,-1.282511,-1.2841691,0.78136,-0.26755416,0.7366779
-0.6439197,-1.057686,-1.0024874,0.9087079,-0.21270345,-0.8637095,0.54314643,1.5538249,-3.1649232,3.9516773
-2.5513837,-1.8620934,1.1843357,2.4506345,-1.2623079,-1.9027716,-0.855747,5.215653,-0.5610373,0.19024321
-3.2792969,-1.1198477,-0.6581624,5.830435,0.4173938,-0.98372954,-1.228182,1.3550847,0.66919327,-0.941677
-2.0350769,-1.0656836,-0.040296793,4.4168444,-0.42102242,-1.3706995,-1.4197614,1.7088803,-0.24033163,0.4962506
-3.379882,-2.763617,3.9361315,2.2008646,-1.7114702,0.24329063,0.12530962,0.8424992,-0.09393601,0.6559495
-3.5890198,-1.7197709,1.0770886,4.8038273,0.11342727,-1.2757585,-1.2711253,2.1775107,1.0600972,-1.2855932
-4.3767056,-1.6789994,0.5223831,5.8909826,0.14100718,-0.8345532,-0.8838954,1.7570542,-0.31538618,-0.13004622
-1.7777607,-1.8284924,-0.41935813,3.6548772,-1.3884279,-2.5087955,-0.036579408,4.7462797,0.09973295,-0.55183774
-4.783399,-1.3944998,0.92058355,6.260951,0.666983,-1.8658141,-1.1457461,0.84880084,0.87067044,-0.27065548
-2.4490833,-1.3919353,-0.070316434,1.9485412,0.123680085,-2.7488134,-0.095052995,5.6153984,-1.9734967,1.0239828
-2.4040804,-2.0632255,1.1863034,1.809925,-0.3099712,-0.97998136,0.37415653,3.1514592,0.095919386,-0.8564633
-3.6901715,-2.44853,4.0454736,1.9834683,-1.0839176,-1.4226469,0.14399374,2.5653868,-0.28816295,0.31997278
-3.2113996,-1.1875923,1.5138121,4.596977,-0.41671896,-0.11019526,-0.89396125,0.45280784,-0.16697453,-0.49868366
-1.295974,-1.0297247,0.18850255,0.17555094,-0.6291141,-2.3453994,0.7283373,5.2707353,-0.34005183,-0.7157148
-2.9723506,-2.1183686,0.17576462,3.2214587,-0.34060538,-2.4156532,-0.30735078,5.604968,-1.1051815,0.225835
-2.006072,-0.65321517,-0.30770397,2.5270677,0.9524204,-1.5629,-1.4293559,1.7312388,-0.3250985,1.1239022
-1.6575696,-1.4475831,3.5664248,0.38659227,-2.9343312,-1.0733961,2.3216865,1.7970489,0.6218862,-1.5430684
-0.18256125,-1.8978597,1.3591311,-1.4301858,-1.6393902,-1.4604088,4.879928,1.8831599,-1.2020512,-0.33171052
-1.7008126,-2.0356288,0.12644577,2.4304802,-0.21783362,-2.1972964,1.1078775,3.3777828,1.3316026,-2.2114596
-0.7268642,-0.047290314,0.5779176,1.0414257,-0.84482265,-2.087373,0.5855345,2.1541295,1.3168211,-1.9289161
-0.9807333,0.039827365,-0.28305486,-0.32615572,1.0499022,-2.0239666,3.1709955,-0.033757888,-0.764967,0.16101041
-2.4111135,-1.0937624,1.1572413,1.3583672,-0.7706983,-2.363129,0.36884534,4.1339154,0.09467305,-0.47172782
-2.7892303,-0.8959104,2.0678828,2.1426506,-1.7996117,-1.6658729,1.2998241,2.1832576,-1.2114607,0.74349135
-1.6567681,-3.087855,0.5350113,0.7664559,-1.3035579,-1.1217421,1.8141444,5.1282506,-1.1570044,0.051967047
-2.2424552,-1.9795052,0.66800505,1.0205798,-1.1144165,-1.849557,-0.39362666,6.6692715,-2.347321,1.5392963
-0.8813094,-2.4042962,1.275965,-0.26729882,-2.0046084,-1.6653546,2.1039839,5.1106396,-1.2925011,0.016223453
-3.1225915,-0.05784456,1.2853866,1.4547569,-0.2780053,-2.0358865,1.8240311,2.5955281,-1.0963768,-0.5210032
-1.3218977,-2.5240178,1.0251927,1.5609634,-1.473117,-2.8294652,0.9428137,5.560286,-1.2043132,0.28950843
-3.980915,-1.2638677,4.0103817,1.5328243,-1.0386754,-1.2565178,1.5180144,1.1597193,-0.40228832,-0.15357432
-2.6322293,-0.18349968,-2.4821377,0.7516156,5.5271764,0.408136,-0.78509927,-0.53705376,-0.48240453,0.41778263
-2.9689493,0.36691168,-1.7769408,1.0172843,5.716428,-0.5027655,-0.19198948,-1.3340229,-0.8903415,0.5767561
-4.2290125,0.13126497,-0.6516058,3.994768,4.0139165,-1.3713998,-1.9739571,0.09627146,0.3209595,-0.24276993
-2.9077983,0.51472896,-2.1416278,0.7535088,5.553268,-0.67282563,-0.5161646,0.32299304,-0.48540503,-0.42323992
-3.0263531,-0.04758955,-2.1089692,1.1979665,5.0815268,-0.7805537,-0.19129354,0.34335074,-0.59669363,0.11935266
-2.9214616,0.5598357,-1.6317363,0.77648604,5.3977294,-0.900634,0.0074760243,-0.61082685,0.08956428,-0.7619599
-2.0058522,0.423499,-2.9332361,0.7389518,5.233844,-0.9658626,-0.8559859,-0.17012024,0.13483384,0.40024313
-2.5371566,0.73838097,-2.8111377,-0.600096,6.376769,-1.0374599,0.22923374,-0.13034427,-0.49135816,0.25805137
-2.9029531,-0.36625353,-2.6063154,0.7851497,6.3029757,-0.266826,0.23248401,-0.52927417,-0.6630115,0.030648611
-3.285059,-0.075173505,-2.598472,1.488482,5.977946,-0.55687594,-0.703426,-0.20296341,-0.21969463,0.1767743
-2.9071283,1.0248343,-2.3221402,0.38412303,6.1534386,-0.42491096,-0.054915257,-1.1344563,-1.2767175,0.56285584
-1.9320636,0.42573842,-2.0930798,1.0962503,5.036878,-0.9088264,-0.64832866,-1.1137313,-0.49386,0.6707963
-2.8531163,0.38912207,-2.0875523,-0.40174866,6.984418,-0.43869627,-0.3965425,-0.90656346,-0.17216323,-0.11166964
-2.6824493,0.5982575,-1.9233797,1.6583383,4.4981737,-0.9049135,-0.33424708,-0.19212711,-0.49096316,-0.20739308
-2.710446,-0.21775834,-1.9726841,1.4594104,5.411928,-0.85206735,-1.4064441,-0.7081166,-0.39104372,1.3833584
-2.6367395,1.2265619,-2.2070403,0.9163947,5.868268,-0.61041385,-0.9979267,-1.4076753,-1.125922,1.0081762
-3.6780663,0.9757906,-2.5901005,1.1435208,6.129979,-0.5930533,-0.68273836,-0.5229557,-1.2249438,1.049651
-2.5781214,0.11832654,-2.1317255,0.5787716,6.346633,-0.6049815,-0.49593225,-1.0133175,-0.20039453,-0.0066489056
-2.972878,0.16333891,-2.348279,0.35186678,6.5554905,-0.69080657,-0.444806,-0.121091716,-0.7512907,0.24270096
-3.8565872,0.20219772,-2.018954,2.253513,6.2150354,-0.25351632,-1.2127577,-0.5912195,-0.2956435,-0.43104184
