-0.74644,-1.5257043,0.49549744,-1.1223023,-1.1124002,5.372831,-2.0427675,0.6260029,-0.3820067,0.34829628
-1.4282056,-1.538157,0.77934206,-1.1394496,-1.0447593,5.349531,-1.805468,0.6339078,0.37507182,-0.1951222
-1.784526,-1.1424662,0.823837,-0.55739474,-0.64786285,5.2288256,-1.7996315,0.07136785,0.8814842,-1.1486763
0.32908234,-1.2357744,0.67477024,-1.2912068,-1.1120743,5.064224,-1.71233,-0.13126704,-0.80952126,0.16473989
-1.3162919,-1.2522651,0.47912118,-1.7466449,-0.23109218,6.87345,-2.8057284,0.29267192,-0.10831173,-0.26490182
-1.5611418,-1.1740437,1.7746174,-1.5123053,-0.86233747,6.827101,-2.4036422,-0.36067396,0.61126035,-1.4208437
0.87125826,-0.7948624,0.34586367,-1.5880728,-1.9447066,5.1640077,-1.7156255,0.23951644,-0.06564845,-0.50430226
-1.1148638,-0.32710537,0.34870973,-1.2249503,-0.25479814,5.4796667,-2.5234518,-0.17058471,0.7945363,-1.0800517
-0.60893655,-0.9565171,0.51809305,-0.9717443,-1.9826318,5.3913193,-2.0330963,0.4013921,0.6495946,-0.42422992
-1.5735382,-1.308895,0.44135013,-0.92261195,-0.577902,5.673247,-2.2064795,0.11909825,0.20370202,0.09380399
-0.4309764,-0.8553496,1.0243871,-0.76654106,-1.3958972,5.1791472,-2.3010788,-0.54344654,-0.17993926,0.23819153
-0.29078928,-0.35038358,-1.0200546,-1.2999973,-0.6128178,5.4927316,-1.5553045,-0.07878972,-0.08069381,-0.28455514
-0.75914866,0.09048297,1.2108927,-1.7666912,-1.1436633,5.651074,-2.5961165,-0.4128878,0.82232183,-1.1213644
-0.48637694,-0.2822798,0.50393826,-1.1132728,-1.785669,5.599733,-2.864849,0.4214884,0.68923587,-0.7212439
-0.1445565,-1.1625899,0.19715106,-1.7216179,-0.94911426,6.40847,-2.1051083,0.12986684,-0.74960816,0.06230937
0.19229147,-0.99433255,0.66179097,-1.2294142,-1.3004105,5.1673694,-2.0489979,0.032245316,0.11679281,-0.63280004
-0.3135606,-1.3033003,0.48038903,-1.3251979,-1.1749669,5.031863,-1.9607763,0.5628433,0.19368537,-0.25151986
-0.86768705,-0.6620099,0.53250617,-1.3687129,-0.8818166,5.553184,-1.9122554,-0.13376966,0.65868276,-0.9718527
-1.0358675,-0.7943153,0.62050754,-1.3710501,-0.35014373,5.1646237,-1.9376295,0.046149902,-0.31664696,-0.111851886
-1.0758239,-0.7474787,0.97695255,-1.4889909,-0.63943154,5.875825,-2.2059922,-0.34880358,-0.2861051,-0.13881524
-0.32871982,-0.5523727,0.7172826,-1.7223423,-1.2699754,4.9493957,-1.2903394,-0.33282,0.21521424,-0.41292417
-0.81733197,-0.043348648,0.21819797,-1.1397886,-1.2952139,5.5914493,-2.6076608,-0.47628152,1.1474893,-0.6042605
-0.8927134,-1.0675043,0.40368083,-1.1965711,-0.9550368,6.6322083,-2.737152,0.24732274,0.76597863,-1.2525688
-0.472583,-0.8271686,0.5952114,-0.15435496,-2.1676266,4.7851663,-2.4624405,0.6584464,0.13554274,-0.08155657
-1.1565527,-1.7416736,0.95377564,-1.2488117,-0.8885749,6.784384,-2.4996734,0.66599435,-0.20154108,-0.75862545
-0.009241156,4.780264,-1.3928003,-0.4116563,-0.68637866,-1.4780008,0.097148985,-2.2646317,0.40391338,1.1635104
4.0978804,3.4340568,-0.9875915,-0.8139898,-0.93022996,-1.1259233,0.35048908,-2.6226761,-1.3648795,0.046756417
2.69219,4.6208334,-1.3573501,-0.6369718,-0.7124097,-1.100974,0.74907494,-3.5319545,-1.1363996,0.5770703
-0.17795712,4.937404,-2.0930057,-0.33456895,-0.45691672,-1.4562916,0.074403256,-2.5078468,0.67481625,1.5219705
-0.015343361,6.609316,-2.7112427,0.30533358,0.7246348,-1.5437368,-0.51530415,-3.6027336,-0.109142944,1.0505377
-0.96183884,6.540489,-3.2535074,0.4270731,0.38377115,-1.5389404,-0.16148949,-2.4713018,1.0448222,0.17994401
0.0064624473,7.8071785,-2.4730499,0.69844645,-0.69375306,-2.2355762,-0.30011272,-3.7702303,0.975563,0.22168776
0.563628,7.7636957,-2.250813,0.0730196,0.18683907,-1.9586626,-0.80527073,-4.226922,1.6083105,-0.74272525
-0.59125423,5.186238,-2.5470054,0.5863081,0.43156508,-1.3641766,-0.22447859,-2.4880748,0.63153917,0.50106186
0.03734734,7.4971685,-2.032724,0.4851818,-0.102075495,-1.7436138,-1.1067108,-3.8957992,0.67669696,0.43243444
0.1204614,7.1052146,-2.2746394,-0.10552267,0.20444521,-2.584658,0.2348268,-3.8728952,0.97014195,0.414689
0.8126284,6.320245,-1.3309524,-0.052776895,-0.584499,-2.3466115,0.34190577,-3.9640822,0.35770082,0.6283491
0.40862197,7.323282,-2.082191,-1.0090985,-0.82990366,-2.1369824,0.43612438,-3.7134519,1.3438773,0.5316317
0.0015980974,6.545209,-2.4849918,-0.06908449,0.5592463,-1.5257376,-0.6284641,-3.387734,0.5039632,0.6691024
-0.6420617,6.8828745,-2.6921465,0.5134618,0.41841573,-2.192413,0.24151915,-2.8395581,1.4269726,-0.9171923
-0.73265594,6.6407647,-2.6630058,1.4794469,1.5142217,-2.115214,-1.1852049,-3.6341548,1.0610266,-0.26332408
0.3201486,6.7498636,-2.1529675,1.4690075,-0.23836103,-2.214554,-0.6527101,-3.8615742,1.2023201,-0.4289658
0.6289402,5.32468,-1.4961009,-0.67990243,-0.7745559,-0.9917568,-0.62105894,-2.6292074,0.667683,0.7694271
-0.005545683,5.889454,-0.9369709,-1.0325282,-0.6651146,-0.36194655,0.12476522,-3.131349,1.3551424,-1.0121629
1.1689258,5.7813063,-1.9503624,0.76998496,-0.47415796,-1.5524788,-0.7785986,-3.2570312,-0.22818522,0.67780465
0.479978,6.7821627,-2.6897376,0.022691421,-0.37731808,-2.0460243,-0.18963876,-3.5495067,1.2968704,0.44412732
1.0411093,6.1796837,-1.6121825,0.24791965,-0.053721495,-2.1792045,-0.327637,-4.4051924,0.47157717,0.824175
1.0830597,6.3466988,-2.364952,0.24225491,0.74282706,-1.9099087,-0.17660996,-3.7774785,0.7141122,-0.76121277
0.52180666,6.319001,-3.106684,-0.6635879,-0.3427965,-1.2037128,0.37452024,-3.359305,0.79744905,0.86090887
-0.79638255,7.907323,-1.3739529,-0.6836603,1.1800576,-1.3654205,-0.85114896,-4.792555,2.8466055,-1.846964
-1.8663008,-0.6708113,2.1956925,4.6613255,-0.98350686,-2.8105252,-0.30338228,0.31208017,0.72130066,-1.1902055
-2.3552926,0.2779035,1.3091608,5.5349307,-0.9134949,-2.2713673,-0.5816083,0.38944292,-0.030771852,-1.3426512
-1.983435,-0.12233058,1.272867,6.4730787,-1.204465,-2.872124,-0.5969292,0.6760552,-0.42223936,-1.2450815
-2.4301424,-1.2590711,3.4024034,3.109922,-1.6298624,-1.0167488,-1.2796065,0.5834471,2.2713215,-1.7389134
-1.284472,-2.3009715,6.968587,-0.77439725,-2.8667,-0.9435966,-0.088146865,0.6804137,2.6103055,-1.8519663
-2.6406047,0.047573112,2.708277,7.8740735,-2.2121482,-2.4942122,-2.4228773,0.6437425,0.8940615,-2.367168
-2.381213,-2.431752,5.8177953,2.6664827,-1.1442696,-0.9398278,-1.1755142,0.07192432,1.8933282,-2.3388648
-2.136253,-2.3959935,6.2706547,1.2238039,-1.945036,-1.7711915,-0.26750773,1.0432289,2.1440423,-2.042991
-2.5185165,-0.34508055,1.8215061,5.13157,-1.3683916,-2.388708,0.10819039,1.7630402,0.600251,-2.7787218
-1.2488662,0.2113218,1.2694697,6.1243234,-2.0742755,-2.3915231,-1.656223,1.6705174,0.3453946,-2.217442
-2.4775927,-0.3983001,0.44465038,6.8657355,-1.7334561,-3.076545,-0.81759185,2.1712148,-0.03616561,-0.9046498
-1.9493016,-2.0898137,3.6973956,3.849704,-1.412271,-1.6732427,-0.48160478,1.1584858,0.53749615,-1.6109283
-2.5759847,-1.6681051,6.9974666,0.5063787,-2.201298,-1.1064746,-0.4698698,-0.18566218,3.199922,-2.365157
-0.5073421,-0.025504418,0.48789668,5.639107,-1.0238395,-2.4137561,-1.91533,1.5401944,-0.2293527,-1.5457532
-2.5475013,-1.1605309,1.837751,5.7508683,-1.4728746,-2.1624434,-1.0302039,1.3014795,0.7751951,-1.27148
-2.159421,-0.600344,0.19327751,6.082544,-1.7553362,-2.1696622,-0.7966554,3.1832907,-0.65110487,-1.3178369
-3.2433748,-1.4630104,1.6319649,6.017717,-1.1882471,-1.2036558,-1.155233,1.9983822,0.8062982,-2.2200313
-3.475539,-2.1486497,5.280839,0.22550094,-1.0311208,-2.2174735,1.4775991,0.9640666,3.3103395,-2.29716
-3.275019,-0.36404032,1.2341678,7.6518927,-1.7644287,-2.0985434,-1.9147345,0.768379,0.6917766,-0.8881636
-1.6338617,-0.5646429,1.1941134,6.709498,-1.3584526,-3.3394363,-0.43056995,0.96421456,-0.6263196,-0.8619389
-2.5897064,-1.8368196,3.023692,3.9535186,-1.6155709,-1.568094,-1.1512676,1.3691996,1.777724,-1.3242668
-1.8860612,-1.5290473,2.9078207,6.5675497,-1.6043134,-1.7851213,-1.6560594,0.65348536,-0.257523,-1.4169819
-2.4539812,-0.75289375,1.9408619,4.0917344,-1.6869692,-1.341444,-0.4020005,0.07365375,2.2433634,-1.635611
-1.0073088,-0.48925835,-0.05536226,5.862518,-1.4464451,-2.7350118,-0.96326876,1.572055,-0.9261543,0.21480347
-2.3430386,-0.90829813,0.40834612,4.884115,-0.78390837,-2.6060555,0.34355932,2.19748,-0.03610848,-1.1891733
-0.96752083,-0.96236753,-2.3188045,2.7177062,0.8263356,-1.3956186,-2.1596818,1.6182028,-1.3437121,3.9741187
-1.6644695,-3.3569226,-1.927156,1.2974916,-0.81840557,-1.2108923,0.64775085,7.2252684,-0.18848883,-0.022190645
-0.3275571,-3.6767855,-0.7188134,1.369838,-0.44340083,-1.0670476,0.44672978,5.236108,-1.41299,0.54918766
-1.6078807,-1.92738,-2.6277878,1.0817235,-0.123690225,-1.8299998,3.0396733,4.9691067,-0.32800096,-0.67733556
-1.3531185,-3.25483,-1.990174,1.566817,-0.08408918,-0.88355553,0.7532508,5.825163,-0.35503912,-0.27748865
-2.0367005,-0.64665633,-0.6039921,3.4558713,0.088270515,-0.6579764,-2.1620321,1.6216934,-1.2830055,2.1929414
-2.0839214,-3.8080425,-1.2052556,1.6787949,-0.04049868,-1.4382497,0.8069939,5.6814547,-0.44898665,0.802596
-2.0840054,-1.818162,-0.5422486,1.5209959,-0.9886909,-0.6494063,0.5847585,4.5441914,0.27810222,-0.82924366
-1.6826936,-1.8842962,-1.7096221,1.4617707,-1.4553777,-1.1801728,0.51459056,5.6506433,-0.5684218,0.9035333
-2.157947,-2.9264498,-1.3113282,1.6341327,-0.6959891,-2.0155966,1.5607733,6.0586624,0.4873528,-0.61962926
-2.5226524,-2.259436,-0.85602736,2.11437,0.059522234,-2.3097246,0.1239956,5.5834966,-0.0010747463,0.090957925
-1.1818286,-3.0199552,-1.0663462,2.6294978,-0.59270585,-1.7809271,0.3934825,5.3818054,-1.3732504,0.5929828
-2.3097386,-1.1509933,-1.0281086,2.415736,-1.216482,-1.1215092,0.0996232,4.579689,0.5406474,-0.7330789
-0.5369076,-2.8475647,-2.151124,1.8255806,-0.5845753,-0.90654576,0.40733266,5.826868,-1.3871615,0.31548178
-1.1213833,-2.8283482,-1.7602167,2.2384915,-0.5488102,-1.8911887,0.5647563,5.5511303,-0.79615206,0.5683062
-1.3815584,-3.0029144,-1.9880636,2.6273074,-0.2351729,-0.96480596,-0.5935661,4.7493434,-1.4458947,2.197183
-1.1502595,-3.4337797,-1.7330567,0.93359303,-1.3654554,-0.23390359,1.6998572,5.405777,-0.8209272,0.68118906
-1.1696283,-1.0973701,-2.86773,3.5675342,0.15508085,-0.68822217,-1.7407284,2.155016,-2.3199139,3.9891107
-1.6820562,-1.9265467,-2.499403,1.1756498,-0.21417037,-0.58009064,0.48045218,5.3083553,-0.43392932,0.33799118
-1.6875868,-2.3645573,-1.5529342,2.5537622,-0.74118704,-1.8478823,-0.19210827,4.861647,-0.73369676,1.6790763
-1.5937868,-3.0865052,-0.86780906,0.83159244,-1.0114866,-0.8238857,0.9236785,4.831871,-0.26748878,1.0795711
-2.4258466,-1.5097458,-1.096605,1.9387567,0.020179413,-0.99820197,0.40170443,3.8898277,0.43738562,-0.6532785
-1.1992539,-2.5728664,-1.1126282,1.3663416,-1.7481042,-0.7476796,1.4009435,5.194322,-0.8357768,0.2641915
-1.4616756,-2.1055555,-1.8721349,2.1991115,-0.6674196,-1.7111982,0.6628116,5.575064,-1.260773,0.5984367
-0.41056085,-2.25483,-2.164102,0.6107813,-0.7176275,-1.3513726,1.4559264,5.1004925,-0.5987087,0.32166553
4.5310984,-0.6923697,-1.5344063,-0.23519176,-2.079352,-0.3194097,-0.25085008,0.92346954,-2.5784945,2.2613113
5.518785,-0.43254492,-0.83664,-2.609042,-1.2691222,0.11411278,0.6396546,-0.7913822,-1.7673187,1.46974
3.8627422,-1.0931149,-1.8906219,-1.2640307,-1.0723985,-0.7979319,0.11768225,0.18307346,-2.7952378,4.7761993
5.4843307,0.26627374,-0.94808125,-1.129266,-1.9652377,-1.080084,0.6733854,-0.90151614,-1.8522699,1.5379132
6.0782313,0.40840054,-1.927922,-1.4867909,-2.0144053,-1.3793823,0.09347099,0.12023436,-1.6496055,1.8350881
5.3531356,0.28498498,-0.33970618,-1.3050017,-1.7624285,0.10231885,-0.48667106,-1.0680046,-2.1778243,1.4654999
6.3868256,1.3653853,-1.4141817,-2.0221627,-2.3551602,-1.6953448,0.8694662,-0.3762543,-1.4409595,0.7443756
5.254964,0.81926864,-2.1722515,-2.3983674,-0.6810898,-0.1536322,0.20805249,-0.62636805,-2.2976825,2.0861018
0.06389291,-1.0170883,-0.5570098,-1.4970186,-1.5559393,-1.1669192,2.9844942,1.573985,0.2633738,1.0022123
3.4775836,0.025655769,-1.4998546,-0.05845683,-0.8972147,0.04575765,-1.4338254,-0.45632342,-2.1844144,2.9865289
2.8109467,3.1959772,-1.7607268,-0.14070082,-0.5881103,-2.2766535,0.27987108,-1.7127149,-0.7548961,1.0857369
5.5136094,0.6691954,-1.4686012,-2.1679535,-2.5695734,-0.23422423,0.18123806,-0.42910695,-1.6230841,2.210639
5.9479213,0.5584998,-1.2207917,-0.47227025,-2.5338192,-1.5395259,-0.7142532,-0.51170856,-2.4216416,2.9891849
3.2652934,2.3823338,-1.2364879,-1.5095901,-0.8589075,-0.60340905,0.48263085,-1.8949625,0.50775725,-0.43721944
6.597245,0.19899917,-0.01024214,-1.6492462,-2.5979621,-1.2205893,0.23830703,-1.2171959,-1.540866,1.2828683
6.1203365,1.4762335,-1.6848792,-1.2797141,-2.0161655,-1.6753868,0.76583767,-0.888835,-0.58873457,-0.1394525
3.9813554,0.77545524,-1.9334673,-1.7044433,-2.4458246,-1.5771421,1.3378851,0.378132,-1.1606454,2.4614298
5.1008167,1.829342,-1.617254,-1.3757364,-1.1609455,-1.3241109,0.94253004,-1.8639003,-1.0277587,0.5934821
6.042373,1.5487709,-1.3136754,-0.57414895,-2.4083626,-1.8977865,0.13768706,-0.76477945,-1.984736,1.2955155
6.322063,0.08177655,-0.885406,-1.7390952,-2.364131,-0.36916617,-0.3705018,-0.424901,-1.9482179,1.7441219
5.1335816,-0.6980909,-1.3753376,-0.34260285,-2.54347,-1.6692778,0.5794731,1.1250033,-2.1309946,1.9870573
4.590158,1.2825737,-2.2943199,-0.48693,-2.5571952,-0.55495036,-0.9564614,0.6116594,-1.1420534,1.62207
5.053969,1.0833429,-1.0004852,-1.111628,-1.4995385,-1.0988452,-0.21339083,-0.8515379,-1.9445206,1.6618928
6.4049964,0.40726048,-1.9011952,-1.8834541,-1.5780078,-0.17177263,0.071790665,-0.59789956,-2.6074789,1.8705969
2.8596232,0.26621753,-1.1095891,-0.3865984,-2.6384737,-1.1553284,0.7701646,0.68052375,-1.2924039,2.1138885
-0.015966482,-0.40013018,-2.6534312,1.3720403,-0.16155034,-1.6754323,-0.9189068,-0.06024935,-2.054779,6.617144
-0.030197926,0.5000061,-1.6793268,2.9511793,-0.79231256,-1.8457106,-1.2433034,-0.18500021,-2.4001324,4.8022666
1.0503142,-0.5238224,-1.0071938,0.039903052,-0.9067151,-0.80427,-1.047344,0.6079917,-2.9606998,5.648422
-0.91992533,-0.58443147,-2.2435992,1.2194428,-0.99915415,-0.43066487,-0.89453536,1.0920383,-2.8008764,6.6171412
0.3710497,-0.8770786,-2.446998,1.2926322,0.021121614,-0.29489693,-1.5109768,0.8166287,-2.235545,4.890813
-0.5805862,-1.1732152,-2.0157712,0.28627396,-0.047914304,-0.990286,-0.6440258,0.65731764,-1.7940377,6.375379
-0.4413845,-0.6806649,-1.7150207,0.38065138,0.15036976,-0.5431664,-1.4528705,0.11206778,-1.2624652,5.4893413
-0.5448469,-0.67021716,-1.7045827,0.30742612,-0.7408178,-0.3387927,0.023019612,0.30797622,-1.4825907,4.8983645
-0.6052419,-1.2512624,-1.6831318,2.461047,0.12448398,-1.1454265,-0.177767,1.0738816,-1.9056928,3.1102996
-0.39025247,-0.14805096,-1.8979223,2.617823,-0.21963042,-1.5389293,-1.1857649,0.2053881,-2.0534692,4.6430864
-0.08414122,-0.06493013,-2.3636034,0.34217116,-0.10840032,-0.8229475,-0.7454898,1.034706,-2.598818,5.4539056
-0.030574612,-1.1224382,-2.0386817,0.008035846,-0.5610958,-0.6833044,-0.2599876,1.2122464,-2.2462351,5.725489
0.9850712,0.2868363,-1.5463521,0.6000001,-0.76794106,-1.0438766,-1.2452369,-0.255026,-2.043021,5.0710087
0.05093936,-0.52785957,-1.545748,0.13327226,-0.3110079,-0.031145304,-1.754311,0.25777674,-1.8595397,5.5897927
-0.48164594,-1.1842082,-0.937128,0.4933956,-0.68450475,-0.9046749,-1.4841481,0.92828476,-1.9667462,6.297626
0.6410319,-0.48362035,-1.5229738,0.37686127,-0.45800748,-0.90153265,-1.1664718,0.09632363,-2.5645134,6.0056777
-0.049598463,0.47967422,-2.4493594,1.7420648,0.81213254,-1.9394346,-1.4239508,-0.5903949,-2.657052,6.116731
0.2602712,-1.0612751,-1.7800105,-0.4529438,-0.76518214,-0.7534572,0.07218653,1.3449651,-2.8046095,6.0404553
-0.49053037,-1.6389849,-1.9587362,2.0329087,-0.26107523,-1.0465859,-1.1722022,1.5716695,-2.1899147,5.133555
-2.2987328,0.19754374,-2.177455,0.83155584,4.7716656,-2.2240539,0.09249045,-0.82629526,-1.1238254,2.704574
0.778195,0.45364678,-1.8022876,1.4373634,-0.98607963,-1.5684606,-0.46146727,-0.031316034,-1.0251263,3.2538838
-0.2512775,-0.3807654,-1.9685605,0.29162923,0.65696186,-0.99586546,-0.79817045,-0.6069343,-2.7308896,6.836408
-1.5540488,-1.3354816,-1.291183,2.2605207,0.18382043,-1.6610526,0.13062334,1.0628957,-2.8306077,5.055104
-0.9742235,-0.95409244,-1.2805159,-0.06333449,0.4152627,-1.1226343,-0.059583664,-0.29780143,-2.1829462,6.539456
-1.0504494,-1.2067554,-0.9220735,0.56609905,-0.7657278,-1.0739604,-0.81451476,0.5444057,-2.192532,6.994183
-1.9518744,-2.8887925,-0.88437474,0.59530056,-0.18834808,-0.8521397,1.1052498,6.4097824,-0.4213618,-0.88483864
-1.7472869,-2.9648736,-1.1544771,0.21795654,-0.22727805,-0.2851707,0.71873856,4.5785494,0.007657811,0.83424103
-1.824998,-0.019856699,-1.8192259,-0.798796,5.685597,-0.6514952,-0.045053244,-1.202468,-0.10519889,0.66025376
-2.0629227,-1.073644,-2.023949,-0.1383906,5.1475363,-0.51187146,0.3634405,0.0029284284,0.3006593,-0.12624802
-1.9335538,-0.91751295,-1.217962,0.42200172,5.248394,-0.28683493,-0.31810442,-0.7141996,0.25586766,-0.71022755
-2.1640782,-0.55995893,-1.2588826,-0.40499938,4.883168,0.16979119,-0.43974563,-1.3786236,0.5121404,0.565145
-2.3582106,-0.19153845,-1.5049467,0.18562418,4.1569123,-1.3795422,0.34067655,-0.22846195,0.2014945,0.7257049
-2.3734844,0.35056242,-1.884764,-0.44837704,5.358856,-0.71120346,0.7141711,-1.4577011,0.1461194,0.24065353
-1.7102997,0.25823072,-0.41024855,2.9420748,1.6603527,-1.7569244,-1.4291531,0.2209489,0.41607356,-0.18817718
-2.2317364,-1.6488162,-0.18978456,0.09424271,3.9958265,0.40031537,-1.7825841,-0.25328666,0.062227592,1.436631
-1.1776907,3.0811727,-1.0403849,2.0309641,1.2097522,-1.3700243,-1.1013347,-2.407773,0.72286505,0.11293502
-3.4303734,-0.09956358,-1.0012293,-0.21431577,6.131739,-1.2272106,0.6097777,-1.279741,0.6499143,-0.2298174
-1.830623,-2.9968011,-1.172791,1.1692369,0.113198005,-1.1655375,1.1946039,5.0553346,-0.099266276,-0.28462708
-3.4081385,-0.38364625,-1.1061163,1.3645041,4.7778,-0.5451392,-1.1546777,-0.025601424,0.75147754,-0.3606482
-2.7361276,-0.326933,-2.1545446,0.49802673,5.801083,-0.65010273,-0.4797747,-0.53002304,-0.17706119,0.6598918
-1.9975587,-0.5348352,-1.6557516,-0.30254367,5.7184744,-0.42642543,0.46033043,-0.65450096,-1.0268506,0.29643387
-1.6881114,-2.9266503,-0.04278616,0.37099582,2.1890757,0.65173507,-1.6683809,0.8006203,-0.276369,2.4934149
-1.565503,1.0243771,-0.65240663,0.28368497,1.5817444,0.23063426,-1.015753,0.024796195,2.4362323,-2.3480716
-2.2908902,-3.420707,0.56356084,0.39090812,-0.35398343,-0.62783515,2.2827497,6.1907806,-0.40276045,-2.3860137
-1.9251534,-0.60545003,-1.5429418,0.14804614,6.1763372,-1.1567267,-0.5127709,-0.8311088,-0.2056358,0.31852698
-2.4671092,0.3524741,-1.5737464,0.26342684,5.0279665,-1.1961956,-0.2540344,-1.085927,0.4942004,0.37908942
-3.3942826,0.1653575,-2.045195,-0.059505336,6.875471,-0.78102267,-0.23372908,-1.4279891,0.3855375,0.41169894
-1.8792683,-0.7645619,-0.682424,5.5957947,-0.6311591,-1.8230323,-1.0243444,2.044466,-1.413651,0.516285
-2.3341415,-0.49026564,-1.251936,6.707268,-0.60542256,-2.0369053,-1.2009355,1.8272469,-0.5389935,-0.11021133
-2.537285,-3.852569,-1.3230869,2.8480384,-1.1174507,-1.4529617,1.3448707,7.464986,-0.75984305,-0.63158005
-1.9145862,-1.0105957,-0.3299499,5.0748763,-0.6059268,-1.2648549,-1.4565711,2.2575607,-0.92437536,0.1391339
-0.37977093,0.002419345,-1.6611676,4.093057,-1.4652764,-1.3543833,-0.39616024,2.2706323,-1.081628,-0.012632772
-1.6249055,-0.07752349,-1.404465,5.5016437,-0.30293074,-2.4718401,-1.040472,1.7014797,-0.6832849,0.36696947
0.46137,-1.3476868,-1.5180724,2.8858986,-0.8612482,-1.8160388,0.29929206,2.3264241,-0.7030383,0.26371938
-2.5389833,-0.28671628,0.35608226,5.8776855,-0.055445172,-1.4628679,-2.4688125,0.5305835,-0.6882052,0.7368935
1.0502098,1.4643811,-1.2305198,0.21414775,-1.4916406,-2.375079,0.2710674,-0.56946874,0.34103245,2.5056806
-2.023451,-0.52589285,-0.75063777,5.810356,-1.1723908,-2.2763915,-1.1054188,1.9048678,-0.6088296,0.7599487
-2.0287662,1.1808255,-2.0130744,7.30769,-0.6461894,-2.7442024,-0.5169592,1.31904,-0.84044796,-1.0104529
-2.1105747,-1.1777229,-0.9496726,5.983998,-1.1811761,-2.8921702,-0.23432091,3.4059396,0.13095514,-0.9775757
-2.442489,-0.038136132,-0.05845446,4.572182,-0.47713652,-2.8704848,0.37528205,1.719357,-0.52286845,-0.17935182
-1.3860675,-3.757769,-1.6422837,1.5069301,-0.7438889,-1.351721,1.7141339,6.5143456,-0.47275198,-0.42296642
-2.4711332,-0.6596041,-0.40656272,5.7297406,-0.49191108,-2.1561291,-0.18749395,1.8812945,-0.79565865,-0.44062853
-1.0064126,-1.319808,-1.6194994,2.4778254,0.3011489,-1.902656,-1.1320387,2.1943772,-1.5390224,3.5563102
-0.5950237,-3.207283,-1.0201764,3.2440758,-1.6821995,-1.9936343,0.5344605,6.021399,-1.7403388,0.44850183
-1.588369,-1.8540344,-1.4726031,1.3653452,-0.67585033,-0.44049022,0.91540813,4.227102,-1.1280103,0.62043023
-2.126736,-2.9148734,-2.0506213,2.0175772,-0.3126528,-1.2344836,0.7935555,6.3458652,-0.8742042,0.36506265
-0.90464854,-2.5547295,-1.540545,1.9920472,-1.0372106,-0.36603215,-0.79766524,5.3164754,-1.5155214,1.3626503
-1.4610454,-2.3978667,-1.0251563,2.6381724,-1.0938851,-1.2897018,-0.3542648,5.5863276,-1.2110925,0.5874846
-1.84577,-3.2103016,-0.6830708,2.234031,-0.28795183,-2.2887423,1.024451,5.049114,-0.46278673,0.4378398
-0.29005033,-1.2896233,-2.582171,0.83644706,0.11823445,-2.223367,1.520778,3.0363798,-0.62974685,1.494775
-2.8328023,-3.126031,0.19308636,1.1878399,0.51322085,-0.9950206,1.942334,4.4783106,-0.63696766,-0.76474184
-1.4945937,-4.4461613,-1.3770077,2.0339885,-1.6553346,-1.4006513,2.0229974,7.9137945,-1.5717297,-0.05195184
-1.3342922,0.24077281,-2.0936522,-0.4539634,6.016062,-0.97297466,0.2539432,-1.6781988,-0.6329054,0.53429174
-2.2201607,-0.12335969,-2.1565287,0.28573784,5.622593,-0.63476074,-0.25282294,-0.900473,-1.0273464,1.3082961
-2.6501777,-0.2890613,-2.0463784,-0.5754442,6.336339,-1.1360879,0.7607057,-0.98627985,0.14041881,0.3402776
-2.735472,0.66472423,-2.6926816,1.44701,6.021632,-1.7147293,-0.23967713,-1.2070607,-0.1498046,0.5461812
-2.5111797,-0.43730262,-1.8501357,0.048824795,6.2492867,-1.0279928,-0.13012937,-0.98129076,-0.73303455,1.2671798
-1.3208233,-0.37051934,-2.3702567,-0.3341023,3.9267774,-0.6249316,0.9963244,0.15124726,-1.0305182,0.8788244
-2.840953,0.26407927,-2.5233843,-0.10700219,6.5937624,-0.82990944,0.2628533,-1.043147,-0.15112998,0.26521856
-1.4505671,0.116981514,-1.7288108,-0.32371625,4.464718,-1.7745543,0.50062585,-0.5811542,-0.2908436,1.0400386
-1.8304694,-0.8960955,-1.612081,-0.14873958,5.685008,-0.95486236,0.083322614,-0.46567178,-0.4791327,0.48980004
-2.282934,-0.919595,-1.7501314,0.06060482,5.257075,-0.89408267,0.31753433,0.32358223,-0.18648753,-0.047338977
-1.6189188,-0.99939126,-1.5599189,-0.22040349,5.5815935,-1.4511967,0.23233011,-0.27569494,-0.74892265,0.9421554
-1.6846069,0.4681275,-1.3033569,-0.19390705,4.007753,-1.255988,0.8129637,-1.5028076,-0.43027914,1.0428094
-1.5310442,-0.09162492,-2.1600914,-0.44982478,5.956931,-1.203216,0.9094986,-0.8600111,-0.73902315,0.023762077
-1.6580471,0.24163693,-2.2502005,0.5115569,5.063512,-1.2680036,0.07968587,-0.94549865,-0.30510646,0.46436805
-1.8824834,-0.05456371,-1.0052288,-0.5448489,5.9197607,-1.1211065,0.32868877,-1.278979,-1.1301078,0.65532845
-1.9692513,0.14803064,-1.9038348,-0.45589894,5.8265915,-1.2377363,0.030310288,-1.2981571,0.18244238,0.61270654
-3.3219602,0.076051675,-1.7131991,0.0926199,5.447277,-0.8335395,-0.21285477,-0.7146608,1.1698961,-0.055955544
-2.5643365,-0.087525554,-0.5671861,-0.38851643,5.4219856,-0.5175073,-0.27491498,-1.5596919,0.23018365,0.22774677
-1.7351731,0.80668306,-2.277508,0.2575791,4.504005,-1.0759009,0.0075963736,-1.4338666,-0.41426927,1.3259608
-2.5808065,0.27707607,-2.0429242,0.45989746,5.5791273,-1.6918918,0.08232422,-0.50181663,-0.5468978,0.9066688
-2.6884983,0.33934107,-2.5348666,-0.3556742,6.6156907,-1.0411737,0.7485661,-1.3565506,0.069362745,0.12521534
-0.9688176,-0.3402186,-1.4348793,-1.0462564,4.4420714,-0.8985088,0.39857054,-0.97301733,-0.3966365,1.1577789
-0.73087955,0.013307981,-1.7225082,-0.11090081,5.1652393,-1.370869,0.2619195,-1.7641876,-1.5556967,1.7504362
-2.8471,-0.06809188,-2.5222623,0.042128332,6.707776,-0.89271724,0.52481014,-0.6386551,-0.63875824,0.21956508
-1.9147769,-0.092119224,-1.8241528,0.3267355,5.0377126,-1.1503626,0.2233313,-0.59285426,-0.47130573,0.37801898
-2.108276,-1.2223086,-0.39062774,4.2681975,-1.505364,-2.5154164,0.39862877,2.8023472,0.22882779,0.07160035
-1.2048985,-0.4816906,-1.2448363,4.04579,-2.3950462,-2.8768392,0.9103949,3.2472277,-0.17681734,0.21651915
1.451403,-1.3220397,-1.3219885,-0.51469123,-1.7366531,-2.6849692,1.975736,4.062187,-1.0378419,1.2348884
-1.1674751,-2.2887368,-1.950619,2.0165782,-0.8921918,-1.6188163,1.8172816,6.043439,-1.0558125,-0.93524367
-0.8447616,-2.0607657,-1.6383092,0.82942784,-1.7601291,-2.7005606,3.60326,4.4781313,-0.38556755,0.50587404
-0.7697288,-3.3170307,-0.13141707,0.9593705,-2.3128567,-2.1607199,1.9561156,6.0596466,0.022919461,-0.27503252
-1.2525537,-2.9816728,-0.67671996,0.6040879,-1.424637,-1.8940219,3.2297869,5.868981,0.12658648,-1.5506738
-1.4386634,-2.327678,-1.2037096,2.460991,-1.3766998,-2.167371,1.2392603,5.356032,-0.78646094,0.30438286
-1.142799,-0.024399735,-0.3845105,4.4730096,-2.4138067,-2.5086415,0.46552336,1.5561949,-0.3218161,0.3632822
0.4876399,-1.5870405,-0.006965613,-1.5489165,-1.2343495,-1.875203,4.907138,2.0665202,0.05124043,-1.1866158
-0.24968976,-0.70807755,-0.5942555,3.7123969,-1.6803907,-2.7193072,1.2653161,2.0247428,-0.7784812,-0.28605318
-0.16316143,-1.3003719,-1.6479256,0.57158554,-1.3595911,-1.3749558,1.0200952,4.134116,-0.50456065,0.6538419
0.09102871,-2.7136905,-1.2380574,0.5891656,-2.4187438,-1.4618849,2.2035255,6.2705317,-0.62667036,-0.684343
0.40263283,-0.6848104,-0.84857506,2.0033374,-2.4538271,-3.4097745,2.9469595,2.923016,-0.29193622,-0.5276968
0.049541153,-3.3664155,2.6871722,1.0294764,-1.42304,-1.5557182,1.00357,2.901916,0.036509812,-1.3448908
-1.5534852,-2.8378825,0.32982472,1.7617723,-2.2004418,-2.3438513,2.1603312,4.9364414,-0.41612107,0.22418399
-1.9219149,-1.3186145,0.2983932,6.195879,-1.5845655,-2.040398,-0.609907,1.5121683,0.15617554,-0.68467486
-2.2823997,0.38416657,-0.7541649,3.8991783,-0.92886835,-3.3328521,2.1706572,1.1541735,0.4902768,-0.71248907
-0.78126675,-1.8957447,3.8316696,0.03241632,-1.9484044,-0.6971104,0.08891857,0.32969838,1.1774592,-0.047551587
-3.4038835,-1.0554721,2.337352,1.3459154,-0.70281035,-1.2209753,-0.15856609,1.0746413,4.650708,-2.7664688
0.7334207,-0.72066134,-0.19669701,0.30406296,-2.6431115,-1.4738082,1.4631368,2.1623163,-0.79956436,1.2500824
1.4668154,-0.6051146,0.3727505,-0.42904335,-2.6153245,-1.749528,3.302939,0.91308796,-0.66982853,0.09795833
-0.44507807,0.92745733,-0.44685712,4.0178266,-1.5177251,-2.0816448,0.6424707,-0.79153657,-0.43145412,0.16766322
-0.3045448,0.39639175,0.20979856,3.1300938,-1.6584826,-2.6230876,0.8035013,0.17008558,0.59220284,-0.6617243
-0.8002441,-1.002456,1.998996,5.6427155,-2.0799248,-2.8261156,-0.4017991,0.8406156,-0.76783705,-0.5592559
