3.9284537,-3.3868654,0.6349659,0.332098,-2.568442,-3.1309907,1.9684464,2.530179,-0.069593675,-0.18379559
3.4280927,-1.398638,-0.15630695,0.38163245,-1.4998528,-1.3166143,-0.2611665,0.21291676,-1.3549516,1.9652518
4.0149446,-1.8737583,-0.62040555,0.8776088,-1.3042027,-1.7415332,0.21111353,0.79820734,-1.2031491,0.84258384
1.5874914,-0.84529746,-0.81629646,0.5988969,-0.7851734,-1.5042236,0.72477037,1.6340365,-1.5056857,0.92256624
3.7135851,-0.97820026,-0.10328372,0.33081198,-1.5234417,-2.8381126,0.1523298,0.2182138,-0.959718,1.9912658
0.49635372,-2.6752653,1.439174,2.0241883,-0.75344753,-1.2433046,0.081547335,1.2290081,-0.36511692,-0.16254155
0.23393151,-1.5407879,0.5314566,2.111728,-1.43379,-2.6505435,2.0706081,2.624955,-0.5085997,-1.395575
3.4901521,-2.2988703,-0.51742804,-0.047292188,-0.39644775,-1.6357298,1.0588002,0.8430515,-0.5865721,0.13201444
2.3903563,-1.0754244,-0.7842815,0.7725308,-0.70433384,-2.6637251,2.35247,1.8870761,-0.3809991,-1.7347382
5.4497356,-2.1896784,-0.8459462,0.591277,-1.0619862,-3.2362125,0.8340489,0.9794111,-0.90365756,0.42350572
2.8299181,-1.5688784,-0.16413796,0.085124716,-0.432288,-1.9093755,-0.06048334,0.3785377,-0.9435773,1.8025776
1.7621037,-1.514792,0.4896615,0.576698,-0.5216907,-2.3028228,0.105289444,0.08196516,0.27264714,1.0813462
-0.9993233,-1.560895,2.1009042,1.0083169,0.4641369,0.30280995,-1.0451696,-0.4963725,1.8461744,-1.5703394
-1.3011093,-0.57309496,1.0619806,1.8984352,-1.5549179,-1.5737281,2.8998523,2.3433049,0.08183757,-3.2389956
2.7289073,1.1345563,-1.0742569,0.9477434,-0.32896256,-3.9083269,0.5066085,0.68351614,-0.45253336,-0.2348256
-0.117629535,0.18854588,0.73540854,0.8739351,-0.43097156,-1.9957731,0.54932004,0.66311044,1.4873828,-1.8607701
0.0598521,2.7941718,-0.7942158,1.4959241,-0.52714115,-4.2338495,1.1074681,0.3598583,0.38654932,-0.6457709
1.3941988,-1.4616761,0.41461048,0.84569174,-1.9051329,-2.049779,1.6401945,1.255939,-0.26413113,0.12397264
-0.8316807,0.3867873,2.2775202,0.37970185,0.44677788,-0.924799,-1.9495013,-1.6185868,2.0852764,-0.24870749
0.6358202,0.9420249,0.041242555,0.98066384,0.50223625,-2.681526,0.30240142,0.32047573,1.1922543,-2.1951032
1.3729972,-0.41718954,0.42582986,0.680729,0.34638014,-1.2368693,-0.15648775,0.67601043,1.3922338,-2.980952
-0.5244661,-0.05722466,1.083344,1.5435464,0.8987451,-1.8613474,-0.42453805,0.059198745,1.9259129,-2.6110775
0.21314478,0.2239818,1.1262318,0.61582863,-0.31489682,-1.9120226,-0.47503108,-0.5674366,1.8846033,-0.76304394
-1.2684519,-0.91239953,1.2748488,0.9139942,0.92865235,-1.0591274,-0.6036524,0.23166338,2.163122,-1.6480275
-1.877525,-1.3786833,2.6662538,0.52033263,0.82610387,-0.32229942,-1.7930222,-0.938685,3.7559502,-1.4361027
-0.3973098,-1.0240028,2.693564,1.6025938,0.033944108,-2.2566502,-1.6222615,-0.756908,3.0092077,-1.2240313
0.73597383,-1.7995276,1.443802,-0.4239514,-0.9049919,-1.0946635,1.1256982,-0.10612189,2.0580826,-0.94749004
-0.9086931,-1.2936757,1.2836404,0.50024474,-0.32338104,-0.99079955,0.415857,1.047937,2.212919,-1.9238623
-0.6216834,-0.7742567,0.45383307,1.2487135,-0.053056456,-2.1489494,0.39195853,1.0285407,0.97374094,-0.4895491
0.11467246,-2.2199855,2.4415336,1.2280444,0.36259556,-3.1972034,-0.10350901,0.5187769,2.8772411,-2.044447
-0.5690484,-1.0622447,2.3071945,1.1327986,0.619252,-2.344022,-0.284927,-0.12254148,2.8214447,-2.4230196
2.2237668,-2.2175646,1.7977558,0.38844997,-0.36131912,-1.4771341,-1.1667632,-0.07925186,1.4287738,-0.4633357
0.6803795,-2.3015482,2.6881173,-0.26989245,-0.296433,-0.87448967,-2.0070434,-0.29647627,2.569865,0.1269639
0.013631918,-1.342253,3.4106739,0.24289684,-1.3035463,-1.6246493,-1.4692991,-1.2931868,2.6199694,0.7628433
0.87928796,-1.7603011,1.9337939,0.7771697,-1.0080178,-2.4435844,0.32240516,0.42800122,2.6472433,-1.7635927
-0.6653416,-2.7175548,4.219787,1.3096081,-1.706152,-3.181681,0.7060656,1.3717431,3.442869,-2.6835208
-1.4703714,-1.5076857,1.0288943,2.4390776,0.29060984,-1.9621141,0.28675675,2.556454,0.9584004,-2.5492501
0.07201258,1.6560619,0.8547561,1.6839312,1.6842676,-3.261894,-1.0472059,-0.88935167,1.96655,-2.7306528
-1.0979393,-1.7835622,2.259733,0.42403442,0.7737343,-1.0776488,-0.9107575,-0.685395,2.1579869,-0.042653874
-0.40783033,-1.6298609,3.097163,1.5490564,-2.1472797,-3.5992823,1.2386287,1.1234659,2.4929695,-1.6784695
-2.9252586,-0.5262009,1.7657363,1.2367612,1.0890391,0.16094704,-1.1991246,-0.06066557,1.3368413,-0.872569
-2.720565,-0.58265084,2.6474879,0.6648124,-1.2178898,-0.6539241,-1.4945141,0.55754673,1.9913453,0.84548354
-2.274396,0.37045556,1.1205293,0.93062675,-1.3739988,-2.2276645,0.89086586,1.8690274,0.9822378,-0.30526477
-1.3813295,-0.7021737,2.1221786,1.0469632,-0.96971637,-0.4576422,-0.9803137,0.40474868,1.2688942,-0.3196755
0.058876596,-1.7897718,1.2540814,-0.23592933,1.3122255,1.532702,-1.40409,-0.8261061,1.2522286,-1.1013116
-0.7775009,-1.7665489,2.1954854,-0.17651986,-2.0163887,0.59019506,-0.83495605,0.4914568,1.4398148,0.92301303
-0.3364544,-2.4149039,1.1557888,1.1329415,-1.419822,-0.822564,1.1221238,2.0683656,0.049823396,-0.49322933
-0.6214245,-1.5842109,0.36131564,0.9432852,-1.4247788,-2.1240067,1.8950356,2.854193,0.36150098,-0.6277546
-1.1236273,-3.141385,0.52742815,1.3863333,-1.5250252,-0.39605176,1.9667853,3.9746127,-0.15677351,-1.40623
-0.42096987,-2.134526,1.1984072,2.3438892,-2.054531,-3.1744843,1.6214489,3.8889468,0.18644953,-1.424931
-1.8765396,-2.4606738,3.7520015,1.6272142,-1.0553386,-1.3026748,-0.95904124,1.5268828,2.8404727,-2.0012217
-1.4217297,-2.6902637,3.2367072,0.96334076,-0.6420037,0.81586206,-1.8547932,0.28322726,2.4375637,-1.0061063
-1.1166593,-1.9492567,1.1209035,0.8894441,-1.0985864,-0.26508176,0.97878176,1.8839214,0.8367689,-1.1949126
-3.359187,-3.5625565,2.8840213,1.1586404,-1.1754831,1.9404514,-0.20423158,2.370958,1.0520105,-1.0003625
-2.1129706,0.11499852,2.5508778,0.34574047,-1.6925735,-0.33412066,-0.7654788,-0.45093784,1.9882231,0.39012867
-1.0727499,-1.6758692,2.7051923,0.10919587,-1.6074768,-0.40363568,-1.1072174,-0.020182602,1.7537956,1.3655477
-0.23866054,-1.6219554,0.6683723,1.4068213,-1.2663168,-1.3333803,1.2882105,2.319492,0.04627236,-1.2349596
-1.704683,-1.8490503,0.7496202,1.165757,-0.8513089,-0.62988424,1.4701461,2.761335,0.3335543,-1.375358
-0.09443205,-0.69535756,0.5457518,1.128349,-1.0207552,-1.4754577,-0.096995145,1.3170351,-0.1743896,0.5810329
-1.1290679,3.3846765,-0.4840316,1.7478294,0.48494148,-2.9609487,-0.9585001,-0.59456646,-0.41312551,0.84678626
-0.53958005,1.4849274,-0.29814723,1.6092428,0.09880287,-1.9681164,-0.03698086,0.86655754,-0.35036096,-0.83554703
-1.8355391,1.5947521,-0.44960758,2.0095012,1.4233195,-1.6395681,-0.09600569,0.8507493,-0.35678792,-1.4624679
-0.057290457,-0.8052969,-0.21540853,1.8420172,-0.06046141,-0.2841906,0.5120742,1.3828288,-0.92971563,-1.3623728
-0.28251103,4.5078917,-1.4030629,1.2034888,-0.06165617,-3.0161793,-1.3379235,-1.0923514,-1.3347094,2.7980554
-1.1620268,1.0332506,0.42776868,1.8326793,0.81269574,-1.0289955,-0.9297888,-0.040705822,0.563904,-1.4890792
0.37163475,-0.33927172,0.4386,1.4662364,1.1873472,-1.9480116,-0.87033796,-0.4510698,-0.03185419,0.16930918
0.25316474,3.8174438,-0.5849825,1.6910336,-1.5027736,-4.930192,-0.8200349,0.12640843,-0.89551246,2.8265889
-2.5065768,3.5177994,1.1314956,1.2690151,0.80969214,-1.7099656,-1.8818914,-1.2014793,1.5613363,-0.99910384
0.070018865,0.21085835,-0.45179012,1.4212166,-0.111400776,-2.3342211,1.2705367,0.77003103,-1.1040978,0.24543504
-1.9382178,2.4205675,1.0217972,1.8971127,-0.043188207,-3.1923804,-0.44133124,-0.3536135,1.0770123,-0.4860943
1.9813265,1.4046957,-0.42823556,1.1649046,0.46022457,-4.6993594,0.56918526,-0.6431754,-0.0019265488,0.21863893
-1.1044949,4.012372,-0.21776333,2.446545,0.9040529,-4.3614187,-1.321021,-0.3354549,0.63109976,-0.6981724
-1.3092458,-0.20580512,0.24234469,2.0807242,0.9764207,-1.8067803,-0.038473573,1.0153365,-0.21436635,-0.68729955
-0.8625468,1.37343,0.39586526,1.0763513,-0.7158834,-3.687949,0.9464132,0.8900206,0.9093785,-0.30959576
-2.0493467,3.1024666,1.2389461,1.6510253,-0.54324496,-2.5671332,-1.7628723,-0.77893406,0.7559396,0.90965647
-0.21997678,2.7649024,-0.5791067,0.7357001,1.2045438,-2.0354846,-2.1107962,-0.9333561,0.43232045,0.74860185
0.48392698,4.7069783,-2.5614774,1.4561553,2.001668,-2.6763017,-0.65049285,-1.2704997,-0.7545794,-0.804944
0.42235157,4.4361916,-0.44613126,-0.1583548,0.3322168,-2.8845448,-2.6037874,-2.428975,-0.65084475,4.0103345
0.9610232,1.9765248,-0.8482342,1.5818914,-1.0759726,-3.3880358,-0.34099102,0.15361652,-1.3576565,2.348159
-1.3268471,-1.8315444,1.153531,0.32221603,3.053265,2.492799,-2.7666457,-1.2202687,2.0739076,-1.8595809
-1.2588903,-1.9807861,0.39790568,-1.3129983,2.2124965,7.9268312,-2.5621924,-2.6512005,1.0958216,-1.7944809
-1.3633212,-0.5739333,-0.31202468,0.019019976,3.4683774,3.7983873,-1.8968798,-1.7173644,1.4754941,-2.8259573
-1.376978,-2.2091882,-0.24478826,-0.77362335,0.8600648,4.4264956,-0.46467695,0.2167835,-0.34725684,0.009249672
-0.68858635,-2.683463,0.28683507,-2.0226429,1.2027997,5.955656,-1.6778655,-1.4062257,0.98119056,0.095734045
-0.7586361,-3.8574777,0.6890155,-1.3099892,1.8104624,5.9942617,-1.6633013,-0.59693915,1.6346035,-1.8339154
0.018305577,-3.6648612,-0.25893527,-1.2138175,1.3060576,6.2089353,-2.0878625,-0.12027647,0.45753944,-0.479954
-2.4977517,-1.7474966,0.5115567,-0.23782922,2.8916013,5.4118323,-1.9917402,-2.159871,1.3213377,-1.3885393
-0.62742466,-1.9586339,0.057120785,-0.92180336,1.3877102,7.056182,-1.6621786,-2.0150654,-0.08176602,-1.1194068
0.28237236,-0.9105105,2.2796135,-0.59942377,0.4318853,0.84525824,-1.7282345,-2.1714585,2.7197006,-1.0381365
0.49735793,-1.7104857,-1.1315168,-0.87467337,1.1669246,4.2711573,-1.2765714,-0.562094,-0.8887086,0.5534197
-1.2083943,-1.7178366,0.19596967,-0.658053,1.7726948,6.0803223,-1.9430026,-1.1603409,0.73834246,-1.9320959
-0.4118546,-3.3986936,0.17847434,-0.46996397,0.33201048,3.8772619,0.19195159,1.4587654,1.5088451,-3.131407
1.7445856,-3.8401408,-0.1798828,-1.3161263,0.7830259,4.878333,-1.3280293,0.25405917,0.21188906,-1.0985876
0.16906646,-3.3846397,0.6617155,-0.23572238,1.0166821,3.5468996,-1.7116985,0.90394825,1.0888205,-1.9746231
-0.90299845,-2.4734116,0.91545403,-1.2711468,2.7096484,4.160806,-1.4941819,-1.6526711,1.9811616,-1.881545
-1.5457233,-0.77867925,-0.18427369,-0.4050002,1.628193,4.740181,-1.8764609,-1.0358751,0.35401765,-0.83389693
-0.38229915,-1.8730943,0.45350006,0.21327144,1.5044026,3.2574537,-1.7215464,-0.93299145,1.4511073,-1.9236945
-0.887517,-1.8138549,0.39514142,-0.39292127,1.0003042,4.3205123,-2.2647378,-0.2830375,1.2492772,-1.2688652
0.27632532,-1.6304429,-0.8478867,-1.1854615,1.9255341,4.5574765,-1.3375293,-1.5720217,0.14103818,-0.2918321
0.16906074,1.3794427,-1.4661354,0.45111004,3.7849312,-0.09346877,-1.6256601,-1.8295932,0.30050912,-1.0380043
-2.972831,0.30465347,-1.110118,1.1387819,5.1389675,2.0822906,-1.6415154,-1.1148856,0.7276155,-2.515677
-1.7443861,0.31516874,-0.9346844,0.44017228,4.0220423,1.8888376,-1.554615,-1.3962729,0.4194222,-1.3879061
-1.8944687,0.6427044,-0.7470298,1.0876894,4.2006283,-0.17395078,-0.39036664,0.0124686435,0.6119359,-3.30736
-1.5038098,1.1557951,-0.7707654,0.3732947,5.8837595,1.0102088,-1.6083508,-2.6485965,0.45385695,-2.333804
-2.4920917,2.1178799,0.7229966,1.5786028,1.7500185,-1.4929528,-0.78308517,-1.123495,1.4052441,-1.6298727
-0.83555233,0.5397648,-0.045888692,0.72492576,4.9753933,0.23458232,-1.4449731,-2.1468594,1.3078774,-3.253881
-0.82536674,-0.4352349,-1.0122111,0.53743416,3.250972,0.13550274,-0.41403556,-0.25831756,0.4188758,-1.3516167
-0.6310938,0.9683847,-1.1665448,1.2810034,4.4925923,-1.1250216,-1.89826,-0.93489844,0.1781689,-1.1690786
-1.704797,1.4774845,-0.9896971,1.702169,4.0132008,-0.83852226,-1.1742269,-0.2080616,0.9503276,-3.2409976
-1.0881754,1.3143997,-0.06128654,1.0446858,3.048908,-1.0282934,-1.2189338,-1.376281,1.146212,-1.7804114
-1.688802,1.3266153,-0.26011035,1.4888086,3.8267844,-1.05853,-1.5833477,-1.5078244,0.3352275,-0.85273033
-0.75565386,0.3060501,2.3548062,0.77818835,-1.5118799,-1.9812577,-0.37357572,-0.35825506,1.5109336,0.07921173
-0.50041676,1.7548363,-0.09004119,1.0576391,3.4855158,-1.7405959,-1.8513862,-1.2656205,1.7942615,-2.574551
0.24354455,0.3998146,1.2197238,0.64601296,0.23500496,-2.7293084,-0.4267462,-0.91784286,1.700206,-0.39839852
-2.063265,0.8117115,1.4140567,1.8202331,1.4694699,-1.2397238,-1.335519,-1.0036058,1.2121483,-1.0547299
-1.7225903,0.6760152,0.18773627,1.0946457,4.0635643,1.7779968,-3.3673458,-1.9046967,1.6285906,-2.4165726
-3.099726,0.17665106,-1.0396059,-0.13854672,3.728011,5.648724,-2.8042622,-1.299367,0.10081012,-1.2403303
-1.9113089,2.7751884,-0.511721,1.895119,4.3812394,-2.0163095,-2.1070473,-1.7785277,1.469184,-2.1627138
-1.3646485,1.0278254,-0.17137119,0.051991418,6.004781,2.0069926,-2.624849,-3.6069002,1.1186602,-2.3883774
1.1919353,-2.1340208,0.04139179,1.2585919,-0.13319331,-2.8530602,2.5366173,2.4791539,0.054691546,-2.4238193
-0.46288243,-1.6543663,0.18837287,1.8658137,-1.0425023,-2.7423131,2.7068005,3.002042,-0.12752226,-1.6762749
1.1437787,-3.011723,-0.65436125,0.022346914,-0.84550136,0.44904995,1.8037249,2.34071,-0.78933096,-0.34485382
1.7123016,-2.5679975,0.010671586,1.4405199,-1.9966809,-3.3452785,2.7373405,3.4605575,-0.24574274,-1.1793938
-0.8974836,-2.9632773,1.4224026,1.6258297,-1.5616311,-0.5539335,0.88886,3.6743972,-0.26784825,-1.2751304
-0.09842638,-1.754245,1.1416242,1.7599635,-2.2531826,-2.0705898,2.4364939,2.5055368,0.41697186,-2.0322816
1.090041,-2.5479608,-0.097102046,0.7420763,-1.364653,-1.5197343,2.1485999,1.8219218,-0.57416075,0.35989308
0.37739012,-0.4029596,-0.43738177,1.5835721,-0.6980514,-3.0900471,3.1889613,2.0529788,-0.3753,-2.129283
0.0010058954,-1.2685018,-1.2774717,1.1980401,0.03778941,-1.6545296,3.103988,2.741419,-0.72450113,-2.100609
0.4964542,-2.2677112,-0.43127742,0.4531064,-0.7203664,-1.0889063,0.9617428,2.9225018,-0.9800433,0.7068498
-0.5971768,-2.608135,0.47386762,1.6183774,-2.763581,-0.5477146,3.3182,3.8329964,-1.1408695,-1.4933836
-1.2227621,-1.6812146,-0.06862967,2.0488222,0.3782757,-2.0223641,3.0911357,3.215125,-0.45049602,-3.2714882
1.4400954,-2.9098637,-0.32121643,1.1555406,-0.78642327,-1.585698,1.7253674,2.2540007,-1.4100952,0.4092156
-0.08281482,-2.3282404,0.44688144,1.67086,-3.0670907,-3.2092288,3.26753,4.4140916,-0.710636,-0.3595193
-0.4618174,-2.1728106,-0.4708145,1.7088253,-0.8313401,-1.4543872,2.8662753,3.5497108,-0.4326632,-2.2250152
-0.3668607,-1.5023909,-0.101570934,1.5747793,-1.4311012,-0.9584516,2.9021397,3.2660835,-0.665243,-2.6466386
-0.36140504,-2.760787,0.26129875,2.0562613,-1.6844254,-1.5887582,2.609655,3.372763,-1.3269806,-0.49750227
1.1815263,-3.5027657,0.43711832,1.3051462,-1.8465718,-1.3468306,2.1426768,3.3932273,-0.5389006,-1.1669277
-0.33478215,-2.2403636,1.0494099,0.91183245,-1.3699028,-0.805586,1.3777032,1.8106781,0.03668099,-0.40565217
1.114368,-1.8396244,0.3353341,1.5988374,-2.4239473,-3.057247,2.7754495,3.2020128,-0.63095516,-1.0543061
0.38124612,-1.5771742,0.69961953,1.4646302,-1.7852508,-1.868148,1.7331474,2.5120122,-0.12426,-1.3644687
-1.2005714,-1.8501053,1.5825075,1.2023697,-2.4328892,-1.3630221,0.05004118,2.3076203,0.26258606,1.4583791
1.2947686,-1.6037254,1.6477121,-0.34624952,0.3609675,-0.9252629,-1.2507194,-1.0660456,1.7139354,0.19383547
0.588132,-2.737394,-0.09362063,1.519997,-0.31837904,-3.0208943,2.2612925,3.0153694,0.27623525,-1.4288594
4.0497584,-3.9931676,-0.14748892,-0.15080021,-0.8817147,-0.7042931,1.1316141,2.0665517,-0.38097817,-0.8778176
1.7728461,-2.1677492,0.6173605,1.2572218,-1.8000327,-3.5543907,2.781197,1.8509355,-0.33780637,-0.39700466
2.676611,-2.2466764,-0.94772327,1.0808271,0.38075432,-2.2221594,2.5403302,2.1456783,-1.1797713,-2.1554565
2.7190995,-2.326756,0.6465683,0.07117595,-1.9866163,-1.3436111,0.21987568,0.26520243,-0.37340277,2.1495857
2.5091188,-3.4886694,1.7192417,0.48141375,-1.2532876,-2.0227354,0.8949517,1.0667969,1.1262074,-1.0078008
0.9078765,-2.0109954,0.5038884,0.9857214,-2.6327846,-2.7704499,2.0044508,2.2583416,-0.79822,1.6013501
1.3853847,-3.391684,-0.54401183,1.506081,-0.2497176,-1.2505207,2.0073652,3.2100601,-0.7714633,-1.8610605
0.45837358,-0.5461114,-1.5007923,1.1470733,-0.6104625,-2.396037,1.8360864,2.4521549,-1.2515779,0.44419914
0.63094854,-2.1306765,1.5641404,1.3521826,-1.2466499,-2.2298698,1.1561531,1.2333181,1.25478,-1.572422
-1.3950583,-1.2364628,1.2104748,2.544508,-0.8336878,-3.6148617,1.4235562,2.544459,0.57877266,-1.1707423
-0.7125239,-1.718993,0.7466607,1.4555401,-0.89321893,-2.152612,2.1473756,2.516643,0.26348114,-1.6259829
-0.36811104,-2.0389864,0.96286726,0.821589,-0.9590993,-0.9093144,1.6134547,2.0004423,0.9326058,-2.055969
0.28214958,-2.5976303,0.100628585,1.0013853,-1.1810161,-1.3462046,2.4790974,3.0124667,-0.5338676,-1.1631552
0.33072403,-2.2959404,1.6373198,0.56576055,-1.5036218,-1.7933803,0.49354655,1.7486922,1.8693472,-0.96560985
-2.0102592,-0.25588375,0.75679135,0.7656617,-0.6038326,-1.3905714,1.2857784,1.1543953,1.2533828,-0.9405137
0.23922929,-2.657346,0.45099643,1.1696551,-2.1550412,-2.4356196,3.6598449,3.1756873,-0.41259813,-0.96821815
-0.736564,1.7735362,-0.30896825,0.5293216,-0.062070705,-2.3538961,-1.5386355,-0.4140407,-0.004030533,3.0967386
-0.075162314,0.71081424,0.09796901,0.46836454,0.11574241,-2.0848424,-1.0416987,-0.46674332,0.3840894,1.9026701
1.9317609,1.0318828,-0.7112287,-0.02909337,1.2212387,-0.7993318,-1.2890334,-1.4628503,0.12041222,0.013697833
0.89534605,0.1779123,0.04148591,0.56759024,-0.1869049,-2.4014359,-0.55969435,-0.05888491,0.156852,1.3377368
1.7268082,0.05960697,0.52988017,-0.3281635,-1.6308182,-1.7689061,-1.5378324,-0.5557595,-0.09362503,3.5716822
0.10701064,0.1975007,0.33737054,0.4782495,-0.49173224,-1.3225558,-0.75747484,0.04640404,0.271872,1.1415113
0.16421655,-0.29812056,0.7413132,0.6101364,-0.323516,-1.4694993,-0.4542544,-0.43195257,0.62156624,0.84458226
-0.776363,-0.94804054,2.1703143,0.40341425,-1.2335817,-0.8486251,-1.0163928,-0.5824814,1.9194456,0.89149314
0.29904845,2.1697416,0.10707006,0.015386105,0.047651,-2.690265,-1.2966684,-1.6866364,0.7079953,2.255331
0.73637664,1.8334517,-0.15317512,0.30405915,-0.9125154,-2.773771,-1.9107419,-1.011069,-0.04803551,3.9064107
0.6274347,-1.05018,1.233177,0.13356318,-0.7426341,-0.9553404,-1.6837584,-0.1684083,0.587227,2.0195193
1.2427257,-1.5480525,0.25508255,-0.41570383,-0.7929105,-0.17457657,-0.85636514,0.034767486,-0.4138927,2.6929758
2.1837583,-1.7660675,-0.20434591,-0.4384101,-0.59737617,-1.1572666,-0.26332924,-0.051229082,-0.8183758,3.0639184
0.41420135,-0.70189553,0.42619374,0.16253887,-1.466907,-0.7180323,-2.2034688,0.17263958,-0.17741284,4.103836
1.2497355,2.534636,-0.41269922,-0.15641887,-0.36014348,-1.8150262,-1.8387393,-1.4766685,-0.28236032,2.567158
1.679753,-0.5389276,0.005536087,-0.08257525,-0.11250814,-0.8790244,-1.9384309,-0.21437028,0.060505792,2.0067556
-0.31205857,1.7951744,0.14281324,0.5592411,-0.41338274,-1.7802408,-1.3302313,-1.1261408,0.04621377,2.4093502
2.3277087,-1.4889882,1.031394,-0.7190842,0.06695259,-0.5587598,-1.4760773,-0.9415546,0.9871791,0.8152138
0.3494639,0.3925287,0.35116804,0.4435284,1.6123688,-1.1969308,-1.7668405,-1.6025183,1.1221716,0.28984943
0.7641547,2.7736487,-0.739838,0.79595995,-0.49764115,-3.1085954,-1.4722558,-0.6550439,-0.47713012,2.6242073
-1.4814439,0.4393105,1.7168785,1.0287803,0.65236086,-0.57255507,-0.59957165,-0.56477004,2.1226618,-2.6851552
-0.87182057,-1.1272418,3.3559568,0.111184165,0.21108305,-0.825932,-1.6214017,-0.92648107,3.4988606,-1.7391512
0.032569177,-4.218269,2.8763433,-0.3039031,-1.7965769,1.7100962,-0.42902052,1.2395881,1.914379,-0.9007177
-1.413576,-1.5924394,3.6903172,0.5579035,-2.4278831,-1.2467362,-1.1145777,0.36790124,2.2021155,0.9871978
0.80618095,-0.89143604,1.1727849,-0.21751688,-0.40075657,-1.2300225,-1.1820692,-0.35629365,1.1546631,1.1616584
-1.308771,-2.450095,3.0219848,-0.13787733,-0.6313834,1.5252635,-1.4465488,-0.014502011,1.9205102,-0.42290092
-0.2728593,0.026775002,1.1380067,0.15827623,2.2424972,-0.022239104,-2.2342994,-1.4530904,1.7994314,-1.3781421
-0.68077207,-2.4258406,2.5000415,0.419199,0.4797148,0.242788,-1.7256602,0.055943586,2.2110126,-1.0231589
-2.215574,-0.6765729,4.4857078,0.84652245,-1.5910598,-0.64869565,-1.5898093,-0.9696602,3.316404,-0.89124733
-1.3342245,-1.2054853,2.8045304,-0.3296951,0.12853378,1.2745533,-1.7280446,-0.6657286,2.5078988,-1.3853165
-1.378286,-1.7277479,2.2992933,-0.29331058,0.7838754,2.0977993,-1.7940348,-1.1940224,2.2140496,-0.9163262
-0.41634938,-0.20570183,2.6650534,0.9183573,0.6623555,-1.1403393,-1.8846041,-1.526076,2.015572,-1.0801069
-0.99864155,-2.0882957,2.2414474,1.0782796,1.8199238,-0.06707646,-1.6705931,-0.5040892,2.3188627,-2.160445
-2.128256,-0.85890836,0.3358692,1.3213584,2.9186647,0.22071786,-0.5118725,0.84352726,0.8581594,-2.9703226
-0.6660991,-0.9557798,2.104668,0.4376402,0.5304384,0.22213443,-1.8847141,-1.27517,1.8335065,-0.25725263
-2.1542823,0.49402982,1.4194573,1.5070933,2.460108,-0.0913838,-1.2730114,-0.83749354,1.6476448,-3.0823398
-1.007114,-3.6854336,1.9096141,0.15116443,-1.077464,3.8263037,-0.5114092,0.77632225,0.83076024,-1.0897026
-1.8309193,-1.1219125,-0.7163842,-0.039893016,1.6623122,4.65501,-0.5653038,0.20021346,-0.009473719,-2.117276
-1.1922083,-1.5520687,2.8161423,0.08062832,0.42490762,1.2191455,-1.7319473,-0.9955844,2.378996,-1.4166816
-2.1490934,-1.4603336,2.9046528,0.9329772,1.7624725,0.4310248,-2.2851274,-1.4403154,3.1019561,-1.7245598
