-13.3373165,0.08312684,-12.25854,13.46814,36.81894,-4.9704003,-8.442569,-7.3902316,-6.4126973,1.6168655
-14.837323,-4.6630516,-11.230745,24.325727,30.034851,-10.842364,-9.693406,-1.1352707,-3.0887127,0.45616883
-11.926597,0.26220983,-15.522082,16.422234,37.431396,-2.875294,-8.164597,-6.052402,-6.3246384,-3.6100264
-14.958809,2.3160908,-20.432953,19.767443,42.916637,-5.4268885,-8.795616,-5.986901,-7.1521525,-3.057213
-17.65817,-4.2625685,-10.036807,22.005945,32.456192,-6.6209307,-6.7955127,-2.3436847,-9.062113,1.5100993
-20.34127,0.8019984,-6.6074286,20.537823,26.865137,-10.240184,-4.8837385,-3.6961515,-3.331771,0.34144044
-14.976041,1.0566424,-13.454007,18.583536,32.820595,-5.7175617,-8.160679,-5.903677,-10.509862,5.6245313
-20.058165,3.561506,-14.454374,22.628332,38.420624,-7.7511234,-7.9133945,-2.9649205,-7.7441487,-3.4950032
-14.289044,-5.706863,-8.130953,20.586447,26.365438,-4.260143,-4.9418297,1.4658489,-8.752527,-3.1059818
-11.472168,5.457874,-13.530771,12.875947,35.581573,-4.595937,-8.544458,-8.300877,-2.3208861,-5.3159323
-15.033071,1.5520296,-10.200094,20.817066,27.446377,-13.623977,-1.1911811,0.59748256,-3.5547652,-8.075459
-15.484669,2.2331257,-16.354296,16.1568,34.203423,-6.76742,-8.8991995,-3.2497106,-6.7005463,4.6136155
-14.934636,-2.3259234,-11.779486,17.056847,34.070496,-4.5775485,-4.5623784,-3.322277,-5.805272,-4.065803
-13.397102,3.5816045,-14.082702,15.564871,37.448177,-4.6624255,-4.9156084,-7.027031,-5.2565165,-8.269025
-16.904991,0.646773,-13.168158,22.096481,32.979603,-10.821536,-1.1927395,-0.32513553,-6.941264,-7.3729873
-9.600546,-0.76710325,-12.880253,15.979909,32.50708,-8.747923,-8.728163,-4.695359,-6.2794456,2.1097913
-15.781242,-0.45864642,-9.198341,25.400867,23.553974,-12.760244,-3.6194406,1.9049641,-1.9198172,-7.058763
-15.898579,0.7082698,-12.057844,18.129002,35.85212,-2.7313175,-9.758393,-4.170139,-5.580139,-4.8543353
-18.663015,0.40041292,-6.5042906,21.812485,24.117891,-5.1869307,-8.623594,-1.8264424,-4.519706,-0.7768848
-24.3694,-4.833061,-1.4876394,24.968027,33.40063,-8.189084,-5.643631,-3.8777602,-0.6221341,-9.880482
-15.395393,11.085246,11.365784,9.608228,-10.009773,-18.733,10.922371,1.4356233,14.647604,-13.723258
-8.416435,7.008755,15.046024,1.136036,-15.575977,-11.676512,8.179148,-0.66309655,20.432055,-15.665869
-5.688345,15.030821,13.066762,-3.9401386,-13.065203,-15.728815,6.421574,-4.8492937,14.603735,-5.348553
-15.035151,29.07843,10.877909,-0.33429348,-6.045638,-18.14451,4.0632076,-13.719771,19.498795,-8.708563
-7.4857864,23.851393,1.442843,1.5624037,-3.334416,-20.297073,8.641138,-6.1646576,10.061237,-6.9016905
-12.916758,15.370575,11.140847,3.7625656,-9.45684,-16.213991,6.341242,-2.2421513,15.994381,-12.534575
-6.3555975,15.861685,3.306474,0.63654256,-7.911312,-20.302105,14.306032,-2.5740724,11.455293,-7.945078
-9.628065,13.268887,15.730624,0.1790871,-11.036302,-14.961908,6.657177,-6.9671636,20.754566,-13.372739
-4.3655286,18.276913,5.0549355,0.53774345,-14.013806,-18.223318,7.9735017,-0.4458174,8.315033,-1.9705775
-2.8832865,11.095039,7.670423,1.6076784,-11.516883,-13.495967,6.736684,-1.6797274,11.711691,-8.442072
-24.213963,25.473995,13.192526,-0.5423634,-3.2361226,-9.280838,1.9155779,-14.280254,24.446518,-11.918192
-13.51224,18.671896,7.758621,7.264225,-7.314019,-17.662344,7.493353,-3.933806,13.133155,-10.251654
-9.680407,23.405094,3.6826417,-1.5344082,-6.339813,-9.988048,6.7352896,-6.229819,10.14239,-9.120681
-14.263535,15.119898,12.445806,6.680112,-10.452058,-17.042288,9.05234,-2.8658707,17.101358,-15.017507
-12.122056,21.225584,7.2170258,0.5342381,-3.2043216,-16.430624,9.63975,-9.740769,13.81994,-9.688006
-4.5017557,24.5208,3.009748,1.8570217,-9.584564,-21.076834,7.84893,-6.104684,9.240586,-4.4446077
-9.845792,10.33358,18.862759,0.45708022,-14.6923685,-18.657804,9.703214,-6.114276,20.858994,-10.3423395
-13.756117,24.064333,9.954016,-1.0490737,-2.502791,-14.752788,5.4423285,-12.67551,15.296946,-8.982559
-20.51399,12.327263,15.531648,13.8284,-10.619927,-17.023853,4.034519,-2.8165526,13.890169,-7.629927
-14.385099,23.140419,7.244107,3.2892451,-2.3778076,-14.798105,9.083523,-6.721493,14.450867,-17.654308
-14.515917,-7.1904993,-2.1625924,27.142725,2.3178926,-21.829857,1.7635156,10.424018,-6.6203403,10.486847
-13.330601,-8.263967,-2.3231714,28.579638,2.1019006,-15.310635,-1.7521396,9.866309,-6.3351736,7.67529
-16.506426,-9.609986,0.30052814,29.153818,3.08956,-15.365499,-4.5312243,9.605727,-3.2585337,6.3783092
-20.681396,-12.746852,-2.2137847,33.235,6.2152042,-16.40015,-2.080926,12.211673,-12.543426,15.097769
-19.370607,-9.14021,-2.4753475,26.912962,11.951428,-15.451716,0.6206079,6.5358367,-4.252556,4.809838
-27.884636,-10.028545,-2.953753,32.499397,16.109697,-13.5439205,-3.013917,9.231131,-7.7625666,7.357977
-18.82187,-7.619427,2.5745437,34.409733,-0.90116835,-17.589783,-5.7395864,11.250624,-6.7273407,9.919193
-17.967518,-6.3123503,1.6000068,31.143162,3.395902,-19.113972,-3.4196763,10.010235,-1.6639805,3.0774345
-25.589636,-4.532131,1.0142177,30.552727,12.324419,-15.089148,-2.7321994,4.608188,-6.5115323,6.3384037
-17.608604,-11.885291,1.033874,33.888275,2.359871,-19.274107,-2.126016,11.941773,-6.5523148,8.347224
-24.07406,-9.174144,-1.0309736,34.019466,15.633409,-10.686417,-5.315268,8.848137,-4.623189,-1.1158338
-17.3791,4.09822,-0.40567493,22.460457,2.4237905,-19.155174,-3.995603,3.6056366,-5.650129,14.943615
-17.985249,-13.81941,0.5516479,37.41577,-2.3717027,-18.398178,1.2837766,16.29103,-7.618591,5.2208433
-14.197107,-6.690429,1.902722,27.13347,5.1187778,-16.4212,-3.0924208,6.8170757,-1.5037452,0.46596053
-11.9320755,-8.548955,-1.5199004,28.869667,6.90051,-19.279537,2.07686,10.867372,-7.6322637,1.0909562
-16.405762,-10.166644,0.16123176,26.626266,8.351639,-13.317827,-1.1431513,6.9492016,-5.628752,5.8822837
-18.672781,-13.372492,7.240245,26.15549,1.0465693,-12.453384,2.1509953,8.753046,4.687565,-3.543389
-17.064445,-7.2414274,4.0532074,33.752083,-4.0306506,-18.660648,-2.7083597,10.724701,-4.311295,7.825102
-32.23795,-3.1133435,4.7955537,38.697475,5.501505,-19.429592,-2.622126,9.652851,0.31526706,-1.2865798
-15.092965,-1.053549,11.064569,22.977255,-5.5688243,-21.469854,4.3002863,4.928329,4.292314,-3.0217025
0.8440945,-17.048946,4.787227,15.215914,-13.728979,-14.33998,8.690058,22.383,3.7818818,-9.933194
-1.8792413,-17.820066,4.457564,18.909975,-16.371183,-20.926857,16.999203,25.502405,0.9716762,-8.093766
-2.0304437,-13.13921,-1.0373914,19.15436,-5.1865253,-16.911638,7.8508224,18.378946,-0.8735732,-5.0672474
-3.8909497,-18.237705,2.0117037,22.864578,-11.641346,-15.325756,6.2606893,27.577353,0.033643544,-8.508933
-8.645863,-19.307566,2.6397986,28.516867,-9.850807,-15.211453,6.3551702,25.736214,-4.2141714,-5.046977
4.2080545,-13.894268,-0.82026947,17.823195,-10.3728485,-23.133266,12.101107,21.676752,-0.62185204,-6.827589
-10.773867,-11.6817875,-0.10806459,26.393991,-1.0362754,-15.750863,-0.21629786,16.383352,-5.3254366,3.038479
-1.2387608,-14.718547,1.892203,22.456179,-14.202245,-16.625288,1.9583061,26.117691,-6.822346,1.5137438
1.0412809,-12.355135,2.6323266,15.057693,-14.030541,-20.11332,14.799528,22.142733,2.8914275,-10.491597
5.682964,-14.991369,4.98885,10.8927145,-19.371468,-18.109518,17.286148,22.42595,2.694048,-10.290156
-6.2826004,-11.476098,9.434039,12.197948,-13.567531,-15.711773,12.184469,14.193195,11.965402,-12.233363
-11.857119,-17.05159,14.022881,19.919136,-15.667004,-16.699095,13.286993,18.177925,8.176369,-11.184449
-11.616339,-16.584578,8.864567,28.72865,-5.3320217,-17.282742,2.6336417,15.505886,1.0136375,-4.2846894
-7.9592757,-10.807701,2.2574956,19.969797,-5.099896,-21.264448,17.974503,19.348343,6.2879663,-21.247929
-11.046288,-18.301197,14.30111,16.76642,-15.565585,-18.021305,18.863308,18.383625,6.514247,-11.868492
1.020251,-15.507004,-4.206308,17.367685,-11.020149,-19.222755,14.7103,30.473577,-0.97946054,-12.412613
-11.932871,-13.740623,16.095726,19.487352,-17.9983,-15.666173,13.1703415,16.73624,10.0187,-14.345937
-5.3124623,-13.550813,7.622625,19.660952,-13.664356,-22.107712,19.19574,23.360132,9.354319,-23.658089
-9.483621,-4.4947443,11.853936,9.832481,-14.122516,-23.511562,24.712736,15.273201,14.797516,-24.604448
-22.010504,-14.397092,39.95096,15.363742,-15.38838,-8.193501,-1.3865705,-2.792719,23.408466,-14.663761
-27.929386,-7.406752,37.85604,16.932352,-14.2169895,-10.2188225,0.0591259,-2.8535788,21.25744,-13.080077
-18.182219,-11.273069,40.4405,7.2672763,-20.880478,-5.5980463,1.6149216,-2.3307998,24.245008,-15.122593
-21.680779,-15.195278,37.311626,14.565821,-18.647955,-9.458089,7.2909646,0.42349207,21.556805,-14.994272
-22.128235,-12.458717,33.155647,17.055687,-12.136204,-7.8108172,1.6336372,0.6601906,17.783741,-14.751835
-22.576218,-14.714471,36.542095,15.805665,-21.813618,-11.388493,4.1413774,3.4656963,18.181293,-8.273363
-14.001217,-16.197014,28.047466,16.43398,-19.65271,-10.597432,5.402598,8.636585,16.41015,-13.49223
-18.695013,-15.399132,37.02909,11.850112,-25.26044,-8.587149,9.659037,4.4868355,24.080276,-18.42504
-14.797968,-9.350004,37.20132,4.4186583,-20.292112,-7.541547,3.1699543,-1.7766589,22.348003,-13.136137
-24.058975,-12.818259,43.64521,9.718574,-17.003077,-5.7661967,0.60874534,-5.0287395,24.013424,-12.92875
-6.8026047,-12.238961,24.412588,12.127575,-19.177702,-23.212807,16.82268,10.663525,11.360611,-13.342279
-11.787011,-10.481062,34.9191,4.229342,-20.32122,-9.3164215,6.6485906,-1.901176,23.245708,-15.094713
-21.07314,-17.809605,35.60675,12.996038,-13.589027,-10.161018,8.218415,3.135671,19.277264,-18.073841
-17.050228,-11.151678,29.899035,13.5671625,-19.174965,-9.7107315,3.3258405,5.90736,16.702652,-9.936635
-16.702097,-13.528662,23.181076,19.723055,-18.477467,-18.254438,12.700526,12.016026,11.448872,-11.317711
-17.167324,-7.8524423,31.256401,9.133459,-15.202116,-10.112859,5.1641526,-2.160329,21.584965,-13.950972
-18.985813,-18.548658,22.211918,30.0705,-15.308026,-19.06335,8.804506,12.795746,7.925409,-10.04686
-17.736462,-15.569418,35.372013,13.080599,-20.861242,-7.917661,5.618026,4.6579785,14.777733,-9.782621
-26.41079,-14.423693,40.50936,18.647713,-13.649068,-9.579985,2.5475583,-1.565719,20.305252,-15.248467
-23.001535,-13.099421,43.261555,7.441558,-20.475761,-2.4980917,4.928314,-1.7009827,26.824186,-22.154064
-22.807909,16.822212,29.071068,-6.0666995,-11.815145,1.1764221,-4.3725843,-17.986313,40.19247,-23.793493
-13.161176,9.876539,20.032873,-7.055848,-10.753255,15.737944,-12.333072,-14.53101,25.053627,-13.326575
-10.005405,9.073826,15.889572,-5.455433,-8.158876,4.805379,-4.19242,-11.479979,27.093496,-17.711222
-11.3216,9.642706,26.201515,-10.945762,-14.374221,5.0109396,-7.12749,-15.500505,33.576458,-16.108818
-18.138374,16.218147,24.73595,-4.207918,-12.896471,0.52868426,-5.39941,-15.835386,33.888763,-18.422314
-4.4084063,12.691845,16.186735,-8.278897,-15.29639,-1.2208426,-3.9997597,-8.206741,25.799015,-13.206428
-12.4905205,8.122172,16.408573,-9.48298,-15.387384,26.349358,-14.699242,-8.296321,20.485407,-9.904749
-14.068631,1.3886716,23.61016,-7.1422315,-13.201772,11.492136,-5.8068323,-10.235883,29.334412,-15.429615
-10.164839,13.15636,18.886637,-6.9830017,-12.558839,5.367216,-3.8476088,-11.039109,32.3362,-25.006578
-18.077244,6.6803017,32.759735,-6.1984563,-17.143618,-0.6052718,-3.860455,-14.326983,38.70035,-18.767317
-13.175202,12.815242,22.109833,-7.145731,-9.368461,1.9979627,-5.8716493,-15.801419,28.80344,-13.684181
-15.8483925,8.101173,24.865965,-8.676764,-12.648615,14.762102,-11.186016,-16.704395,32.309753,-12.957432
-14.703684,10.119793,25.358274,-7.0816445,-17.939075,6.060627,-4.950968,-12.466856,32.496815,-15.546579
-9.749664,6.298002,15.19169,-3.8759105,-11.507368,13.227079,-6.8341637,-7.582848,21.196243,-15.701877
-15.01622,3.5477753,27.280178,-1.892374,-16.472916,-2.9998813,-2.62032,-8.252399,32.40307,-16.833569
-12.50666,4.174196,27.78579,-6.2031517,-17.002176,4.3807087,-6.7220697,-11.218494,31.07259,-15.262024
-10.891934,8.838331,23.31129,-6.444427,-9.347415,1.7742548,-5.816621,-14.602781,32.977867,-20.371605
-12.287981,13.145014,23.245754,-8.762168,-15.645234,1.3275299,-0.74801993,-12.590333,33.412262,-20.284117
-13.733742,11.943379,23.284327,-7.478493,-11.272473,1.9407351,-2.680395,-14.7296505,33.89963,-21.484648
-10.107928,5.7615166,20.496063,-3.6374052,-11.94476,1.9672112,-2.9637246,-8.876031,30.900612,-21.181717
-2.8026204,-14.962005,-2.3408852,22.024912,-3.5365381,-17.609394,7.3941655,16.758423,-10.155521,4.829796
6.694129,-12.682689,4.7427554,6.5303864,-13.113868,-17.559986,18.517002,14.192543,1.7293859,-7.8124747
4.1979856,-18.054123,2.319742,14.866787,-10.580851,-17.349953,8.264408,18.569979,-5.5473356,3.8490233
4.670612,-10.976734,-2.6264741,10.243731,-4.4186735,-18.786732,14.829832,12.504642,-4.0231543,0.17057168
13.907504,-11.287111,-2.2278025,4.8392353,-9.599902,-18.918974,17.469425,15.430177,-2.57409,-5.780731
15.519569,-9.354266,-2.1742542,0.9599209,-9.384708,-15.85115,14.494539,12.557734,-1.5416305,-4.657904
8.460505,-13.345051,2.6193397,8.394633,-13.695816,-20.952814,20.355318,19.994202,0.45133358,-11.295958
15.414494,-10.85424,0.6281995,-0.71097827,-12.873696,-13.771682,17.856499,11.619144,-3.044577,-3.8471127
3.2354786,-11.076664,2.2364976,6.7955217,-11.30897,-17.988228,21.117151,16.234327,0.009187877,-8.199169
32.00367,-8.770301,-10.21337,-6.1329083,-11.895008,-20.60716,16.835072,14.196266,-8.5309105,3.534307
7.7118883,-12.445913,10.0651455,1.6026446,-15.18248,-15.850549,14.532531,11.398524,4.6573772,-6.422984
18.26381,-8.963405,-6.2733216,1.1378694,-8.738433,-14.39345,9.783951,10.518719,-9.571312,8.597721
26.262869,-9.587333,-9.468906,2.1539361,-11.911477,-19.646698,9.900745,15.917182,-6.5742188,2.8994837
18.36254,-7.3664675,-8.240595,2.9886312,-7.2642493,-15.962465,7.910114,10.696355,-6.6479783,6.3912725
16.131588,-12.594896,-5.4645276,7.349458,-6.1205287,-13.886246,3.140861,11.790481,-7.3784094,7.833601
13.953448,-5.0301948,-1.816905,4.41932,-13.45136,-21.427074,13.177525,12.289024,-0.30494046,-0.8570453
17.15274,-9.036484,-1.3685428,1.4860997,-12.601564,-16.701645,12.250859,13.121302,-2.6862211,-1.2713645
15.786138,-11.578149,-1.4014026,7.5610175,-13.461911,-21.405037,10.944316,17.78107,-2.2002437,-0.74641085
15.169956,-13.156986,1.0048306,7.9429283,-13.884914,-22.84185,11.055728,14.446605,-4.2913833,4.920698
5.3618016,-15.713456,3.9139814,15.235617,-13.800736,-21.748566,13.124368,17.21502,-2.908422,-0.10399294
-1.5379454,-14.025861,8.843805,10.166876,-17.816563,-23.775984,28.107618,23.122341,0.7450929,-14.439149
-5.872076,-5.4884043,13.432392,9.518792,-12.196688,-18.318079,12.71445,9.425037,12.585061,-16.603247
-7.6779165,-13.240695,11.463245,11.838111,-18.28739,-16.55686,21.683891,18.737686,4.6854587,-12.92655
-5.1333,-10.019888,8.4551525,10.386193,-15.001373,-20.562162,14.372631,20.329931,5.7771373,-9.444673
-9.584285,-11.474098,21.58486,7.9989157,-20.196613,-20.986015,24.664024,11.06885,19.446878,-22.451475
-4.3356757,-8.526155,7.381667,7.807359,-13.525064,-23.483347,25.668653,18.226078,7.330652,-16.873974
-11.861361,-7.090089,28.35378,5.413748,-17.177277,-15.776528,13.937018,2.8875916,20.941172,-19.983149
-10.210441,-13.5102215,24.769411,7.017559,-16.529274,-12.056267,15.262549,7.183417,17.023525,-18.72969
-12.794386,-6.5377865,16.452665,9.5563545,-14.680265,-22.579403,19.332996,9.788177,14.08686,-12.276818
-6.3136544,-6.016261,10.426323,8.535529,-17.384155,-15.690859,13.643536,15.087336,10.753373,-13.386684
2.6798239,-13.090745,4.237917,5.8847003,-17.599266,-25.195826,31.881983,23.458847,9.960912,-22.92724
-3.4559705,-14.240573,9.1546545,11.068861,-20.175724,-22.18531,28.697678,21.927965,5.787581,-16.782644
3.6432812,-7.202481,10.929304,-0.32394207,-17.855526,-20.336023,25.472052,12.828153,11.843223,-18.875605
-2.0036998,-8.462034,11.597238,7.7439804,-17.445726,-23.213923,22.359875,11.809969,9.489976,-12.92543
0.75848264,-8.653439,12.774243,0.8145561,-22.459581,-23.716543,28.882425,19.130823,12.171882,-20.03721
5.336969,-12.506757,2.25615,9.582712,-17.068604,-19.41024,25.520824,25.946249,-1.6677039,-17.190266
-2.560407,-2.0428185,4.6987453,2.06664,-10.493363,-18.904959,19.855135,11.084251,13.462348,-17.278828
-2.2038364,-2.1375217,15.190302,0.5679631,-18.07643,-23.570469,22.969112,7.1917806,20.022394,-21.38034
-3.138926,-6.4262686,7.174755,4.537922,-16.312958,-19.128817,24.772713,15.925477,8.04632,-15.412823
0.24442899,-17.64552,10.483908,8.659576,-19.514938,-24.98346,29.471724,22.626713,5.1142454,-14.365423
3.088187,-5.151482,-13.2938385,-0.33143693,1.3135265,-0.06454909,-11.356926,-0.59577036,-19.470076,46.683712
7.3125076,-4.4693794,-13.968331,-2.2825203,1.8522178,-4.665928,-9.047229,1.7980707,-18.11308,42.355335
7.4998107,-3.2733397,-12.089008,-1.3069152,-2.5994487,-3.1671557,-13.248165,-0.3168093,-17.896246,45.756676
11.138644,-5.6644483,-10.8813715,-3.8639865,-0.4885669,-3.259468,-13.412973,0.18081069,-22.095764,48.90229
7.865897,-3.7752523,-11.9224205,-1.314195,0.62280613,-7.9516535,-7.444962,0.47526646,-18.3903,43.167397
7.403038,0.26590055,-14.055417,-1.9268706,2.9820304,-7.713031,-10.14881,-1.4057302,-17.229872,43.25091
6.6754646,-1.1467772,-10.940232,0.7165351,1.3709258,-5.823576,-10.602795,-1.00798,-13.987729,35.789948
0.19111037,-1.2090207,-13.242432,2.341807,5.2271013,-3.963761,-11.880354,-1.2583634,-15.9537115,40.021477
5.947815,2.3381948,-11.330237,-2.3829765,-2.1087873,-6.8679333,-6.0791607,-0.56563085,-13.753784,35.224678
5.897694,1.7195165,-13.564282,-2.7292519,1.6469474,-4.309086,-10.636741,-2.3407733,-16.299309,40.36437
8.456315,-0.8922386,-12.30823,-0.5897287,-0.35108852,-4.875304,-10.861139,-0.44632578,-18.05974,40.80301
9.740011,-0.82849896,-10.887513,0.107785344,-4.0995574,-7.722604,-8.500398,0.20746389,-15.325039,37.916893
8.49414,-0.03362006,-14.706424,-2.362591,2.7757583,-3.7284787,-13.29688,-2.7879288,-18.658545,44.398567
2.5564241,-1.5728364,-12.943065,1.4440179,0.9697553,-4.106616,-12.189851,-0.37030333,-15.82339,42.10409
5.575137,-0.10667449,-10.142135,-4.6755686,-0.032497704,-4.0288706,-9.639897,-3.1693852,-16.731304,43.348965
5.9428964,-0.6320715,-14.57748,0.6013948,2.453455,-3.8992145,-9.305035,1.8443897,-15.104728,33.984226
9.8418,-3.237953,-10.758229,0.3300206,-0.8241794,-7.5987597,-5.679143,1.5800867,-14.464418,31.597345
3.5003538,-0.37913805,-12.345274,-0.8024292,4.2878714,-2.1105578,-10.665451,-1.373349,-13.622737,34.164024
1.808874,-1.8973252,-15.935053,-0.8526634,7.525851,-0.34009004,-12.102707,-0.12521458,-18.233412,40.33522
11.152589,0.3730805,-12.6386595,-2.9765818,0.2363627,-6.962301,-8.841382,-3.9786303,-14.457283,37.56866
-6.901348,-9.004341,8.980154,-6.6751814,-5.6831446,36.0526,-10.401108,-5.0450635,9.162663,-9.765761
0.06719613,-9.686073,6.62252,-4.9797726,-6.0853944,34.059345,-15.239907,-3.9033163,6.818876,-6.8136168
-6.812921,-9.756166,13.622697,-3.9491196,-6.26676,23.99128,-6.0498767,-5.6008477,15.281899,-14.249338
-10.829569,-7.7132473,18.97384,-1.63041,-8.377742,25.034805,-8.593724,-4.9845495,14.725975,-13.494861
-11.777668,-10.878185,19.60971,-3.2667537,-12.582683,28.550674,-7.357146,-3.6739864,14.8490305,-12.12229
-12.742273,-9.512114,23.044523,-0.589283,-13.901501,16.71522,-1.138942,-3.161464,14.657984,-12.015339
-7.637524,-13.038701,14.934276,-4.9760113,-10.180328,36.09573,-12.488609,-2.0651977,6.4591184,-4.84565
0.92212886,-12.557424,9.419544,-6.561856,-8.602834,26.06692,-3.9989657,-1.287354,7.8780026,-9.68373
-5.238842,-9.182038,10.548423,-3.5015473,-7.9591255,28.96011,-10.524979,-2.168032,11.040489,-9.910589
-3.0723033,-4.4238653,4.6955223,-7.312205,-6.396532,32.353283,-9.928871,-1.119381,9.384688,-11.865969
-0.32139474,-2.5923843,10.612779,-7.2690115,-8.910603,13.531025,-2.4943435,-1.9839644,17.798588,-17.506258
-1.2858138,-4.5159326,13.706301,-8.055713,-11.338606,22.489725,-9.928269,-2.9792752,14.680138,-11.177948
-13.425128,-12.226812,19.364138,-0.1626724,-7.445231,32.11675,-13.89746,-3.5005608,11.3799715,-10.049274
-14.963305,-6.433873,21.498491,-2.083395,-9.3229065,22.52349,-6.9533167,-6.596899,17.66346,-14.024693
-7.1623926,-11.945541,17.165161,-8.25186,-9.910244,32.822838,-12.857061,-3.0119913,13.142991,-8.655699
-6.8989367,-13.236841,15.23203,-1.9347758,-11.000915,30.229965,-11.264308,-2.1694968,11.44566,-8.891663
-8.907688,-11.576918,16.377134,-5.5859365,-12.065707,33.71624,-8.641768,-2.9338362,8.10488,-6.7693057
-2.7348905,-10.4347725,8.520028,-2.220512,-6.930968,28.475258,-9.786592,1.1315501,9.955104,-14.615811
-11.450042,-7.9360647,19.830425,2.4773455,-13.304021,12.099577,-5.9642496,-2.1198792,25.101639,-17.176348
-8.860532,-3.28394,18.79965,-3.8569756,-8.925065,19.939257,-5.6263065,-8.674287,16.823006,-14.700363
