-1.1603441,1.0294995,-0.30048066,-2.1700966,-0.13941523,0.56496423,2.2230318,-0.48779637,4.4568744,-3.9296093
0.09228012,-1.8241559,1.2203177,0.6072205,-2.526695,-1.5133044,0.6444364,2.9936013,0.2325683,0.19266748
-0.727381,-1.4525404,4.0660934,-0.45511693,-1.12398,0.3665289,0.62307566,-0.58031666,2.7835026,-3.2564015
-0.4379907,-2.1191,2.5768309,0.4369753,-2.3175566,0.058233686,0.21434511,1.3861557,1.6839539,-1.4780692
-0.0008879304,-0.9831581,2.6651037,0.22204933,-1.0029616,-1.6387826,1.8462453,0.7433325,2.013321,-3.7686462
-1.0890559,-1.5707363,3.8839989,1.2274439,-2.5251415,-1.3726689,0.54731053,0.89157367,2.06118,-2.10673
-2.5921848,-1.0623717,-0.01313011,2.506258,-0.38030106,-1.6387103,1.1966347,3.0395436,0.5928285,-1.6383165
1.4729073,-0.80224717,-2.2723906,1.3752565,-1.4407687,-2.0854635,2.3111598,4.1307864,0.8393978,-3.569024
0.5101274,-2.718013,1.0279636,1.0611957,-2.7107935,-2.2467752,3.8933494,4.3306847,1.116163,-4.322877
0.13975742,-0.69687116,-0.11893527,-0.16317812,-1.6093788,-3.3938234,4.1168346,3.3044548,2.0517864,-3.5919762
0.12688479,-1.1415349,-1.0669487,1.0641443,-1.7915144,-2.3881817,2.5114205,3.7505684,-0.19640066,-0.8057517
-1.4734219,-1.0735323,3.394765,0.7096998,-1.3109946,0.14003399,0.74327105,-0.7791718,2.2155757,-2.415854
2.0719805,-1.7939036,-1.561164,0.37087163,-1.7549303,-2.7921803,1.9469529,4.5364656,0.058424264,-1.0330147
1.1969856,-4.2576947,-0.8001571,0.9117173,-2.893946,-1.9196379,3.4064968,7.048011,-2.2662797,-0.5660712
-0.8602437,-1.0352552,5.082818,0.18955404,-2.5200279,-0.45271122,1.0214009,-1.1595395,1.3616983,-1.3591777
0.8769554,-3.2293797,1.5005082,-0.31936988,-1.3990583,-2.5706296,2.5908847,3.0944624,3.2890902,-3.6038237
-1.5560586,1.8988919,-1.3241009,1.0698653,0.99770325,-1.000363,0.99922913,0.24053407,-0.0035642087,-1.2905439
-1.4728879,-0.586883,-0.7754285,0.5712559,-2.5966601,-0.6109769,2.2885418,4.377859,1.9418744,-3.1911054
0.087145016,-1.331946,0.50214785,1.1428347,-2.9532168,-1.5481063,1.661541,2.776784,1.1781119,-1.5661243
0.024055153,-1.649565,3.7661688,-0.5831178,-2.8017786,-2.6288362,3.412204,1.7639018,2.4895096,-3.6366124
-1.1070981,-1.7625704,3.078354,0.16619807,-2.1216385,0.08609363,0.507958,0.5657507,1.9325203,-1.2573978
-1.1963793,-0.0537325,0.8508066,-1.449714,-1.6454248,1.2532467,0.2638046,0.85111964,5.8843923,-4.7215786
0.54039717,-1.2106748,-1.5313058,-0.46830043,1.1374125,-0.23117635,0.79483324,2.1066995,2.3599207,-3.294455
-0.3356717,-1.3221054,4.9749346,0.32514355,-3.270796,0.44582215,0.52540517,-1.2341679,4.5400677,-4.676465
-1.4622866,-2.6819253,0.7799864,-0.050832007,-1.5285265,-2.15751,3.9885414,4.838743,2.5844517,-4.3492875
-1.0041206,-0.9147123,1.4483064,-2.2052233,-2.4991202,6.2303157,-2.0959005,-0.43619597,2.4980526,-1.1086799
-1.3820723,-0.94906294,0.7149637,-0.22297421,-0.8179614,6.69264,-2.955495,-0.6822283,0.7026253,-1.0474486
-0.024953157,-1.0839446,0.76715875,0.44445327,-1.264365,3.2444167,-1.5115768,-0.60104764,0.3482432,-0.25545347
-2.3899734,-0.6580105,1.7732443,-2.4276943,-0.11819041,6.592997,-1.205772,-1.8756528,1.0236746,-0.45966232
-3.0510519,-2.2457242,1.8597704,-0.81387436,-1.3656862,6.6005435,-2.522163,-0.6505463,3.1105733,-1.0570551
-2.0401142,-0.9034879,-0.16630428,-0.90675384,-0.13645095,7.789849,-3.2646513,-1.4773536,1.068202,-0.071392626
-1.1791894,-1.172459,0.9909449,-3.3296435,-0.35545558,7.072578,-2.6687133,-1.5349524,3.5540223,-1.4929451
-0.89151716,-2.491808,3.7006865,-1.2917335,-1.6244552,4.096096,-1.2295986,-0.5443817,3.4128604,-2.9343581
-1.2360587,-1.9792472,1.7537603,-1.958853,0.019349664,6.02711,-1.3164564,-1.7072783,-0.07727876,0.58116734
-1.3433357,-0.5324529,0.95583606,-0.20782563,-2.1101673,4.746273,-2.3447518,0.30878246,1.8970069,-1.3933089
-2.3527586,-0.49225613,0.9819623,-0.68928987,0.011949241,6.1731133,-2.8063629,-0.86001074,0.83503425,-0.6872654
-2.9961288,-0.9796802,0.7924803,-0.56523657,0.12674046,4.373134,-0.47949308,0.4341216,1.9618548,-2.6151147
-0.78020644,0.20996282,-0.14926772,-1.3711127,0.09417817,5.903117,-2.6929765,-1.9588597,0.87928927,-0.20872617
-0.830238,-1.367275,0.64778453,-1.0211306,0.19568706,5.3643165,-2.5242298,-1.4833566,-0.42446515,1.3748308
0.37749022,-2.2998195,0.52097386,-1.7310727,-2.4139378,5.1143622,-1.2298604,1.0029137,1.197623,-0.62676454
-0.43304846,-1.5835989,1.4873022,-2.29125,-1.2495108,6.1740556,-1.6830535,-1.413077,0.34680513,0.73054755
-1.685871,-2.378944,-0.068696246,-1.6884921,1.6520312,5.7617087,-1.7047958,0.043983787,0.17519256,-0.12469548
-0.5856385,-1.1536009,0.7746146,-2.6470573,-1.7186279,7.14088,-1.9542605,-0.7697565,2.4320023,-1.604451
-0.97023106,-0.8735405,1.040067,-2.9957132,-0.7637558,6.816003,-1.1797081,-1.0077487,1.5756953,-1.461823
-1.5725696,-1.9179015,2.0448985,-1.9335798,-1.0489545,5.9121203,-0.55593413,-0.4827155,1.3519918,-1.6849612
-0.7749982,-0.7082757,-1.056286,-2.5850434,-0.15105122,7.119882,-1.8277756,-0.04200685,0.9239887,-0.9764575
-1.7051849,-1.2552748,0.18674137,-0.8546149,0.22744209,5.583118,-2.0322304,-0.5654289,1.529977,-0.89267874
0.048617214,-1.1729572,2.3257205,-2.4896328,-1.5919933,6.3890743,-2.6075673,-1.4015013,1.526887,-0.77793574
-0.4241571,0.9129882,0.041155655,-2.3388402,-1.2565563,3.6523519,-0.9475689,-1.6799515,1.641626,0.38893914
-0.73275197,1.1597278,-0.78255254,-0.8534522,-0.5520604,5.9616313,-2.0427423,-1.8554149,0.81299794,-0.9632983
-0.1693007,0.036231175,1.3455511,-1.6196237,-1.7946377,-0.033987872,0.65328366,0.1378454,4.310134,-2.7590952
-0.25630823,-0.7440481,4.08669,-1.1784539,-2.3031008,0.12992126,-0.2264371,-1.427306,4.540711,-2.3988423
-0.85847676,-0.9271251,3.5635943,-1.304388,-2.834706,1.3327852,-0.5592537,-0.0928756,5.5173154,-3.6054993
-2.2133543,-1.3689015,3.5648065,1.7733977,-0.99548393,-1.1036597,0.4743784,-0.22838113,1.2854549,-0.91934955
-3.1838927,0.4244679,2.8000946,-1.5601279,-0.42152205,3.0547655,-0.33336395,-2.3924212,4.721109,-2.869515
-2.7441661,2.1032586,2.7167587,-1.3122208,-1.785007,0.48344225,0.43212092,-1.0922501,7.2543263,-5.9087567
-1.0796351,-3.1941636,4.619057,1.1728237,-1.6507134,-0.25087434,-1.0392312,0.608557,2.0462248,-1.1066278
-0.4072468,0.22862968,1.0227754,0.3566272,-2.4406245,0.024426542,1.4383403,0.1752198,2.45689,-2.876062
-0.95835686,0.91278625,2.321549,-0.42889366,-1.7818666,-1.8415767,0.9206304,0.3065307,5.784464,-5.1663237
-1.3331884,0.40623823,4.3675165,-1.5403533,-1.3618937,-0.52842057,1.539379,-1.9839466,6.413925,-5.574443
0.3273662,0.5366713,2.551321,-2.781498,-2.2807875,1.3081924,1.0951825,-1.136852,6.7754083,-6.146029
-4.0498295,0.18070337,0.5400297,6.9011397,2.257232,-3.254302,-2.0456738,0.71022856,-0.47411147,-0.5848588
-1.605891,-0.80142975,4.7745304,2.1466038,-1.0317345,-0.63285697,-2.230716,-1.7464101,1.0461814,0.50592285
0.4437179,-1.1408501,3.5617893,0.4508222,-3.0601435,-0.5932256,-0.9786967,0.71379983,3.5827837,-2.572589
0.53412926,1.9592159,2.6240997,0.39684483,-4.3309116,-0.66965705,-1.2762858,-0.40883744,4.791328,-3.3846335
-2.8435655,-1.412949,5.0150766,-0.5841177,-1.7942829,-0.5286663,2.1173456,-1.1329453,4.1390214,-2.7563524
-2.485782,-1.1621685,1.8795859,-0.07309354,-0.6469334,-0.5592435,1.0074859,0.44040626,4.831631,-3.0482273
-0.12504762,0.3964062,2.3058472,-1.5261145,-2.961818,0.9634081,0.24063669,-0.43880206,7.2082024,-5.7898293
-3.0470746,-0.14933282,2.0857608,-0.06255952,-1.3546736,0.5671361,1.1009899,-1.354351,4.459227,-2.0299668
-2.3291361,-2.6925788,5.243524,1.184494,-3.1727455,0.43716684,0.95033604,0.020968229,2.8725688,-2.414309
-0.08700287,-0.18379885,2.9761157,-1.166152,-2.3895051,-0.5134441,0.35158616,-0.13006833,6.9196515,-5.547072
-1.9707148,0.36669174,2.3204355,-0.38917014,-1.083622,-0.7327086,0.7524099,-0.68789935,5.763636,-4.032419
0.062255383,0.08678055,3.173701,-1.7883729,-3.9043195,0.5604255,0.3511455,0.4700182,5.242226,-4.2695303
0.14791656,-1.4471667,5.1143055,0.22872898,-2.3180103,-0.48790592,-0.1491371,-1.3242717,1.9787594,-1.3647705
-0.56433594,1.334079,2.683612,-2.445309,-0.71023923,0.5034853,-0.7596583,-2.143876,3.8602228,-1.3681005
1.7945094,3.1564555,-0.013081145,-2.3983767,-1.9366822,-0.09012323,0.49083376,-1.6941923,4.4758883,-3.6051664
-1.2996991,4.59755,0.16188483,0.37182626,-0.37787864,-0.95904785,1.0478667,-2.5218077,3.2218916,-4.041035
-1.107683,4.9081464,-0.27758548,-1.3447535,0.121138334,-0.24455029,0.21484129,-3.17738,3.4515023,-2.4107838
-1.4553478,2.886979,1.9234521,-0.17830041,-1.1031942,-2.5639095,1.2568722,-1.8275384,4.539744,-3.1568003
-0.8880397,3.4716449,0.79922646,-2.124052,-2.5775964,0.0034048334,0.6604321,-2.0583425,4.294431,-1.3756365
-0.62171805,2.0957751,0.2045203,-2.5457587,-1.659606,0.29118437,2.0873241,-1.6161946,4.682723,-2.7648592
-1.0734866,6.7209826,-2.4586363,1.9466171,2.09694,-3.1021123,-1.0826815,-2.012187,0.5874033,-1.3985151
-0.8265557,8.139568,-0.31220743,-0.57551306,0.3379697,-1.184642,-1.1374089,-4.7728996,3.3060322,-2.5304532
-0.905668,5.1130123,-2.3439808,0.6109488,2.272448,-1.6906015,-1.1703508,-1.6810358,0.9060563,-0.74420846
-0.14777151,2.673531,1.3136132,-0.44855908,-2.867376,0.7890028,0.074221924,-2.3718333,6.329424,-5.1524677
-0.58271885,4.6208334,-1.0730547,-0.37377906,1.1021914,-1.4164932,0.5404167,-3.0278854,1.4984243,-1.1188775
-2.8646731,4.1161327,1.6391764,-0.20964131,-0.83645433,0.008675523,-0.59783775,-3.154325,5.1654186,-3.0134144
-0.7483759,4.9430223,-0.94394076,0.52226824,0.3831098,-1.7953476,-0.3761232,-2.7048345,1.488524,-0.70804834
-0.9037442,4.6557207,-1.9498073,1.0389959,-0.1199999,-1.7944082,0.8968104,-1.4599633,2.4826345,-2.7345648
-1.4751639,3.4418147,-1.9244362,0.51032645,1.7612932,-1.1768099,-0.972419,-1.0002539,0.36106375,0.4956629
-1.9312804,5.1201944,-0.20705126,0.26920298,0.8829262,-1.2769935,-1.3861899,-2.921062,2.467012,-0.79496324
-2.3780143,4.829878,-0.6760891,0.5594056,0.23580024,-0.49702364,-0.5646784,-2.7030983,3.345056,-1.8924154
-0.3355756,5.6363974,-1.4293035,-0.041325662,-0.97150475,-2.279551,0.2709869,-1.6310799,3.6555076,-2.768537
-0.19563621,1.010107,-0.42894202,-1.705517,-0.11165476,0.44925106,-0.12380494,-0.8852047,4.5934243,-2.5335093
-0.16214487,3.2608843,-1.9135313,0.49113917,0.51170146,-0.9753621,-0.16758071,-1.0054348,0.4133049,-0.4257022
-0.8598434,5.162016,-0.88613653,1.5350027,0.049208626,-2.4008472,0.15720241,-2.0377903,1.6967882,-2.134273
-0.12800011,6.3607235,-0.4548925,-0.3076656,-0.6840758,-2.3732224,0.13575535,-2.9272852,3.1782012,-2.64818
-1.0794187,5.324895,-0.23603617,-0.68308574,1.4616356,-0.56356955,0.06784235,-3.750916,1.942125,-2.1791482
0.5150354,0.24077296,2.0831902,-0.33505744,-1.165967,-0.14455464,-0.8323299,-1.0448853,1.7049736,-0.76816297
0.13084596,5.2298403,-0.3948931,-0.3188174,-0.053296506,-2.6327522,0.085018106,-2.4729204,3.1721725,-2.4606752
-1.7912157,0.23477218,2.0329773,4.348631,-0.36170945,-1.2736447,-0.9640654,0.50841486,0.026344776,-2.4907603
-0.28218988,-1.2671008,5.376244,1.4380337,-3.4614058,-1.6396828,-0.037019547,-0.5616796,2.4980938,-1.763776
-1.7824061,-0.15183002,3.956162,-0.57416207,-1.0532584,2.0447106,-1.2473049,-1.9720424,4.968126,-3.9740262
-1.1261618,-0.11775932,1.715236,2.8254578,-1.8141155,-1.6107174,0.7809873,0.8016137,2.1174772,-3.4799457
-1.8602402,-0.52483046,2.4255679,1.83196,-0.94328576,-1.7121302,-0.5926866,1.0413358,2.2974825,-1.7105428
-1.4019291,-0.22369918,1.1743754,5.878086,-0.6465377,-2.5913823,-0.4861408,1.194934,-0.65980417,-2.2536678
-4.690908,-1.8753428,3.2796836,7.369606,0.87900954,-1.1113847,-3.215532,0.60201204,1.9673241,-3.095108
-0.8154942,1.3043799,0.7906929,0.52826375,-0.7667039,0.6268942,-2.0053349,-0.613771,4.926658,-3.5188284
-3.1761234,-2.5916443,5.073459,1.2884994,-1.0213606,-1.7593793,1.8026654,0.37935185,1.9229993,-1.7509223
-0.38657168,-1.1935397,4.836938,-0.03458232,-2.8755116,-0.081264846,-0.61205274,-0.49084067,2.1391366,-0.9447042
-0.46106276,-2.0602543,4.908973,1.6128035,-2.735733,-2.071023,0.13342525,1.036362,2.8275993,-3.021452
-1.5231982,-0.036444888,3.8060997,-0.5152146,-2.206759,0.84060407,-0.038941458,-1.4352168,6.8467703,-5.382695
-2.5869045,-0.08457002,1.0102308,-0.7943907,0.7942719,1.4811568,0.27472824,-0.3061992,4.660666,-4.2205396
-0.76940024,-0.9478849,5.1789794,0.5904924,-3.2259429,-2.3325295,2.0568178,0.15706515,2.4465616,-2.8729005
-1.1107981,-0.26462355,1.9695163,-1.0661044,-2.6555142,1.2417991,-1.166587,0.7848978,5.9546247,-3.5692005
-2.936723,-1.0558224,3.1912258,0.7607291,-2.6093862,-0.8957377,0.054530367,1.330257,5.3895364,-3.017645
-2.0474017,-1.8529223,5.75435,-1.2521734,-0.8814356,2.3852727,-0.69446737,-2.0662546,4.256586,-3.3594775
-1.1413256,1.2350631,-0.2589642,-0.31315595,-1.9623353,1.2744008,0.16142736,0.13957042,4.705728,-3.5498085
-1.7772896,-2.2961879,7.148317,1.076835,-3.9510238,-0.8259016,0.32732946,-0.73728955,4.4470077,-3.2422814
-3.0242913,-1.511938,2.3799005,6.508361,-2.8690226,-1.5731926,-1.2590162,3.1205592,0.1981962,-1.9058357
0.56275046,-0.5036559,-0.6443597,4.8280096,0.34924847,-1.7276783,-1.8616138,1.129186,-0.23065856,-1.8155252
-1.0958581,-0.629431,2.1696124,0.47600707,-1.9460764,-0.17619589,-0.055024996,-0.066461325,2.741582,-1.3040848
-0.7388427,0.32296363,0.9692691,1.2738123,-1.6622939,-1.4220222,0.9674061,0.59346133,1.8804291,-2.023189
-2.343302,-0.7045919,3.3822253,2.7129533,-2.1484144,-0.09551721,-1.2288471,1.0011624,3.5846543,-4.19323
-0.89981246,-2.274136,0.67019546,2.0228002,-0.9091999,1.3329276,-1.5659907,3.1546888,2.344457,-3.6944146
-3.6861668,1.2865127,-0.036184173,6.9695425,0.5633665,-2.9999528,-2.3930604,0.88337326,0.36617365,-0.5809599
-3.8012164,-0.8058871,0.38406777,3.7824357,4.615833,-0.85211724,-2.6311114,0.14696234,-1.9204109,1.1298296
-4.9671464,0.40278617,-3.1009693,3.034014,4.1045327,1.2573704,-0.5448079,1.1635786,-0.7226515,-0.73454154
-2.3083756,0.42257467,0.14070798,6.2458386,1.6455567,-1.4808655,-2.583625,-0.32744837,-1.4015046,-0.17689157
-3.3936555,-0.39440975,0.1044005,6.6328735,0.045725465,-3.8729467,-1.3944056,2.2038941,-1.6556582,1.8137923
-0.6558521,-0.3814007,-0.28277847,3.873325,0.5829051,0.16027674,-2.6644616,-0.6161095,-1.3844627,1.3975004
-4.479586,-0.7992749,0.27582264,7.0991697,4.171181,-3.0372,-1.9704124,1.0548835,-1.970905,-0.3036173
-1.3782389,-0.34400684,0.008679885,3.9537213,-2.0123699,-0.77904284,-0.37699294,2.2189255,-0.48731562,-0.78893423
-1.4725144,-0.22202632,-1.0571634,6.475252,1.5226879,-1.8820013,-3.6544037,1.4768484,-2.202709,1.0616035
-4.5531955,0.16942838,0.7672673,5.6255054,1.456909,-2.277266,-1.6666826,0.48395038,-0.15142155,0.33287418
-1.273713,-1.6812643,0.18495895,6.353654,0.9719287,-2.690771,-2.2479463,0.8088436,-2.6925204,2.362473
-2.5083578,-2.1120572,0.17174472,8.297843,0.29898563,-2.068245,-2.8673027,2.3710437,-2.3183541,0.70146394
-3.0387905,-1.5870357,-0.8006468,5.307857,1.778614,-1.2747232,-1.8547289,2.5104227,-2.5794082,1.3472619
-3.7764475,-0.6201769,0.38378182,6.1520934,0.9677766,-1.2124077,-0.8261459,2.2155104,-1.0716261,-2.1050982
-1.0544105,-1.6394521,-1.3376048,5.9673223,1.5214441,-2.8185797,-1.7279878,3.007647,-2.9309788,1.1587458
-3.5232947,-1.0080594,0.77826154,7.496463,1.9349456,-1.874215,-3.176095,1.2863668,0.40010026,-2.1296334
-1.3908257,0.5585978,-0.60538274,5.477722,-0.903982,-3.7956424,-0.78059226,2.560596,-1.0651842,-0.11971834
-2.0066729,-0.6902683,1.2242212,7.051134,1.481389,-3.0572333,-3.3705602,0.4026971,-2.660315,1.768685
-3.4793844,-2.2844675,-0.50440544,7.3984017,2.9497736,-0.61792785,-3.0628903,1.2481335,-1.2512885,-0.51057816
-2.846958,0.30028394,-0.16098395,5.926017,1.1198647,-2.374112,-1.0486656,0.77792776,-1.0203016,-0.72185373
-5.79621,-2.2409985,0.20130102,9.437698,3.5089548,-2.6955323,-2.8594806,3.6551156,-1.3070529,-1.8822199
-3.3519182,-1.336734,-1.2629714,6.709102,2.3843439,-1.3626049,-2.7295897,2.6739445,-2.6101086,0.9718101
-4.375685,-1.6985404,0.9106633,7.964028,1.3145604,-1.3807942,-3.0240793,1.9817468,-0.9702866,-0.84861624
-5.7722716,0.9324814,-0.6502071,8.299738,3.1209373,-3.322442,-1.2904705,1.6879863,0.030715615,-2.9819245
-2.7595334,1.2777336,0.011141498,6.506857,1.4356532,-3.4671388,-1.874096,1.7918471,-0.43183517,-2.3411026
-1.023394,-0.91346383,-0.30982384,1.3306751,-0.17275518,1.155563,-1.192882,2.7431126,1.4701219,-3.0080638
1.400985,-2.6317105,-1.5294878,1.4414413,-1.416745,-2.0571473,2.6976476,4.782427,-1.9027187,-0.8651637
-0.69117594,-1.3213294,-2.003207,3.0395231,0.6381839,0.83062714,-2.9318726,3.5375714,-1.5920576,0.3532921
-0.5592102,-1.3802763,1.8122507,1.9879826,-2.0855377,-2.1384661,0.36214018,2.3763294,0.07605806,-0.28049105
-2.576237,0.0924249,-0.7655699,4.9895544,0.7270978,0.6320408,-3.2605274,0.71277744,-0.3432465,-0.17600816
-4.029081,0.9834739,-1.738984,2.9729624,1.4105034,-1.3595799,0.37070554,2.5177646,4.391358,-5.4787645
-1.2896123,-0.18055421,1.3882574,3.2783608,-1.231447,-0.76127094,-1.0985423,0.28106207,0.15810904,-0.47749412
-2.4643252,-1.1345177,-0.26399615,4.6417227,-0.6776756,-2.7601695,-0.6710891,3.798946,-0.0457395,-0.36098194
-2.4354823,-1.1751422,-1.4151367,3.1510367,-1.1334541,-2.6771414,1.6048695,4.8728905,2.7252169,-3.6260214
-0.44257835,1.8919699,-0.39960626,0.15089211,-2.294116,1.9324887,-1.0697458,0.014267981,3.6001053,-3.2167315
-3.2302682,-1.1860427,-0.17479645,6.8690257,1.5950134,-2.1743402,-3.0142126,1.1450868,0.52665603,-0.21963692
-0.4122713,-0.39050364,-0.2687424,4.4035892,0.17948365,-0.6655382,-2.8821523,0.1435653,-0.21084905,0.20633894
-1.8720818,-0.48568907,-0.75427043,5.8772335,-0.16838479,-2.449987,-1.983556,2.123282,1.0687226,-1.2348156
-3.378052,-0.13298437,1.5852498,4.799543,1.2264807,-0.60466,-1.8884621,0.39380062,0.7280549,-2.815361
-4.5478845,-0.7119616,-0.09404738,8.603704,1.7334998,-1.0909251,-4.791667,1.6910132,-1.80021,1.00249
-0.6675215,-2.8366928,0.4370266,2.4881036,-2.3532658,-2.8498235,2.609719,5.2169256,-0.39586577,-1.597293
-1.0357327,0.048990756,-2.5260942,2.2151217,-0.19982094,-1.020871,-0.744129,4.2978816,0.19757792,-1.1587819
-3.6830583,0.9886931,0.97816247,5.189122,1.6517456,-2.8908105,-0.75167793,-0.6366022,0.62811637,-1.2065023
-0.27853224,-1.2124116,-1.7716393,0.5958963,-0.36846513,-0.2127105,0.15704791,3.950048,-0.53105986,-0.4148724
-1.065953,-2.2748597,2.242342,-1.1267396,0.043678842,5.4726205,-3.1158435,-0.73012805,1.0537932,-0.3546462
-1.5472775,-2.5259938,0.60955036,1.4583923,-1.3304267,-0.987564,1.7676139,3.3563375,1.9019476,-2.737204
-1.4678078,0.38285688,-0.28159806,5.9007506,0.402125,-2.6443613,-2.7526248,1.1339979,-1.410172,0.7722547
-3.9050581,-0.30730674,-0.3717741,7.4891167,2.1176798,-2.9295678,-2.437888,1.8598391,-0.52476645,-0.8773509
-0.43210867,-0.58494735,1.2363597,5.5582867,-1.1381922,-3.3798137,-1.6886274,1.8548223,-0.4722395,-0.89328074
-1.7090924,-1.7096496,3.0359755,3.133377,-0.9981007,0.11703379,-0.33489817,0.8101629,0.5392692,-2.7230272
-1.3892434,0.8605504,-1.9359899,2.0751731,3.717275,-2.6348522,-0.5904551,0.16672838,-0.99683225,0.78475165
-3.3649352,-1.0612966,-0.7897324,2.6334255,5.0061903,-0.013054483,-2.9300222,-0.29263467,-2.3584943,3.229856
-2.8206174,-0.32106653,-0.36714783,1.720926,2.7147458,0.83520395,-0.77882206,-0.26699054,-0.85637665,0.15072966
-4.990215,-0.2703705,-0.15337934,2.4055648,4.1013813,1.0164629,-1.1855875,-0.5749267,-0.9827378,0.6038005
-2.1507106,0.105944425,-0.5999053,1.090956,4.6419263,-0.771158,-0.10331918,-1.0555373,0.4296145,-1.5585502
-4.8406453,0.061880827,-1.6573815,2.431038,6.0588593,0.6344546,-1.7635273,-0.7538372,-2.0152738,1.9161097
-1.5838782,0.20735353,-1.9129473,0.4710417,3.2065265,0.5582627,-1.8452017,-0.5605049,-1.334843,2.786543
-3.9585183,1.2115774,-2.8514504,0.73028,5.8776493,0.7731158,-1.3966287,-0.34912607,-0.08635494,0.0880183
-3.3827043,-0.957247,-1.3418683,0.6543342,4.1704693,0.95902455,-0.585815,0.24636233,-0.76522326,1.0784774
-2.2979329,-0.043726847,-0.7889925,3.4697428,2.8284233,-0.44003266,-3.1602077,-0.49091262,-1.6081247,2.5457406
-3.0028346,1.5870309,-2.5526729,1.3854768,5.4036937,0.25750175,-1.7878035,-0.40611082,0.14116508,-0.97535586
-0.3914927,-0.5410788,-0.21190746,1.1547523,3.162086,-0.44060498,-1.4809655,-1.1674485,-1.7792733,1.74696
-3.1205232,0.2903556,-1.4082109,0.07301161,5.227973,0.44602895,-1.171023,-0.2441825,0.35792258,-0.4313072
-3.30417,0.5890678,-0.5942268,2.2319357,4.280092,0.16951454,-3.0881772,-1.5185864,-0.76630557,2.0252733
-4.070822,-0.4364308,-1.2864109,2.5632455,5.3687296,-0.26398084,-2.2422159,0.32989633,-2.2453983,2.0854435
-2.2915695,-1.4867687,0.4149483,2.1433663,2.6873648,-0.94199866,-1.5979725,0.19901508,-1.3222153,2.239718
-3.7979367,-0.31561196,-1.4782413,1.4707476,7.1634736,-0.3393919,-2.433224,-0.9118076,-1.3177823,2.1059237
-4.7122335,-1.6026788,-0.4022909,1.0720206,4.9938164,0.7276485,-1.3274906,0.23151743,-0.14105925,1.1375983
-1.6900699,-1.2578503,0.053824026,1.6954683,3.9095612,-0.2059238,-2.13933,-0.13180387,-2.2400954,2.0389
-3.6530704,-0.34834585,-1.5225921,1.6195798,4.2234244,0.09881944,-1.2412288,0.48100936,-0.82781243,1.2176975
-3.5676374,-1.2084949,0.17051794,3.1800225,3.691806,0.222518,-0.9204671,0.27375036,-0.70607567,-1.2010334
-2.8608544,-0.05629459,-1.6229736,0.85796,5.8994284,-0.6519442,-2.3797581,-1.0159489,-1.3305897,3.2045283
-3.5488007,-1.4303986,-1.2864671,2.6721148,6.3335047,-0.4958732,-2.0887568,1.2428237,-2.546977,1.0775398
-3.3359318,-0.6688127,-0.5923118,1.9962153,3.63452,0.57971805,-2.175266,-0.07200199,-0.74131763,1.3450251
-2.579528,-0.72949076,-1.3339121,0.17528564,5.610143,0.845383,-2.406179,-0.8503914,-0.8045907,2.0299308
0.4393561,-0.53499615,1.6682867,-1.1336007,-1.3869612,3.820557,-1.0547599,-1.4812347,0.7878343,-0.94970334
0.5736419,-1.6325095,2.078518,-0.7811783,-1.1566796,1.4898349,-0.8627332,0.045982063,2.3291435,-2.0040607
1.9559667,0.14506558,1.7061611,-1.05848,-2.8040168,-1.2282641,0.81284463,-0.7319778,4.658257,-3.3758311
0.3361067,0.47151074,1.7562386,-1.197816,-3.3999345,3.3964043,-1.8842562,-0.20160283,2.882022,-1.7825371
1.1760114,1.128309,1.0014192,-1.5419334,-2.9926038,2.041188,-0.62679404,-1.2015226,4.660923,-3.4352245
-0.09860343,-2.4618404,-0.13854046,1.8211917,-0.1593317,-0.3529458,0.2465667,2.4142122,-0.49374247,-0.80855215
-2.0558367,-0.67920923,0.72550577,-0.3986135,0.20674336,3.8737607,-0.5985995,-0.54030067,2.2189581,-2.673287
-1.3212293,2.2505202,0.97299933,-1.3545963,-0.019591838,1.5203024,-1.4825367,-1.7881738,5.4855385,-4.193925
-1.2392426,-1.3619623,0.29612923,-2.5062866,-0.8975801,4.735692,0.016382203,0.8585838,1.0062373,-1.0927376
-1.9166903,-0.13570839,2.54733,-1.6067665,0.67034036,2.6508975,-1.2308717,-1.8593112,4.2945323,-3.1508937
-0.55375373,-1.7260053,1.3180052,-2.0781636,-0.053779736,6.6210704,-2.1005456,-1.011858,0.77665627,-1.0471452
-0.514184,1.3357527,1.4850744,0.35258117,-1.8713918,2.8670177,-1.879341,-1.0027444,3.1585898,-3.6367946
-1.6580393,-2.4461055,0.3329725,-1.5641117,-1.5253818,6.043214,-0.64672893,0.997074,2.262923,-1.8684374
1.4481528,1.7005719,-2.0488303,-0.5341734,-1.3722036,1.3705292,-0.28097284,0.84014034,2.6502826,-3.7589946
-2.0296538,-2.4654894,1.2014353,-1.2108594,-1.2148349,5.4962344,-0.8530166,0.8827456,0.5598911,-0.4261015
-2.1381145,-1.6575392,2.557048,-1.3068752,-1.3446913,3.2168214,-0.5372824,1.132135,3.6104455,-3.4952793
0.55874574,0.34590104,-1.0257156,-2.0414119,0.062238038,2.8835316,-0.6117046,-0.2622211,1.5962355,-1.5074313
-0.04402384,-1.478395,1.5167794,-0.5899079,-0.63454056,2.58187,-1.1843448,-0.29514563,1.0529927,-1.0441232
-1.3317199,-3.0563173,2.4110446,-2.1435008,-1.2002895,5.6825933,-0.7145737,0.37879032,1.7458872,-1.7447709
-2.7810574,-0.042238057,0.50918186,-0.4869667,0.18955499,5.8431354,-2.7168221,-1.2591968,3.3905075,-2.7077146
0.41233742,-2.805884,0.36055562,1.6725445,-2.7081707,-1.2322055,1.574622,4.391352,1.5178643,-3.1858668
1.9713104,0.79619586,1.953335,-1.3330619,-4.0293775,0.35508308,0.50861573,-0.7393397,4.396666,-3.8140316
0.6062499,2.1964526,0.92098236,-0.4217219,-2.237522,0.08470071,0.25191432,-1.166167,4.6254697,-4.7038136
0.14206406,0.7097684,0.8655949,-2.7323143,-1.6292579,4.218483,-0.6771857,-0.57502747,2.5623674,-2.8524914
1.6561499,-0.099601775,0.29322118,0.040841278,-1.0497804,1.2755435,-1.8537527,-1.0090648,-1.1573523,1.9835578
-0.17949894,-0.8088144,-0.05301575,-2.507384,0.19211838,5.600874,-1.9710442,-0.7883675,1.0612829,-0.5382136
-0.56965804,-0.7341343,0.31736714,-0.7410807,0.4014484,4.6592965,-2.4492211,-1.161162,1.0664657,-0.76740277
3.6995609,-0.8003539,0.69919986,-1.9560208,-2.0511272,0.79551786,-0.92831135,-0.70719004,0.19018993,1.1172212
-0.7149159,-2.0928314,1.4090191,-1.4251674,-0.5419952,4.5314345,-2.231942,0.007912517,1.1382408,-0.1591587
2.1958973,-1.4016778,0.9580897,-1.5017328,-1.7079163,2.2098818,-1.2002971,-0.005900562,-0.798435,1.2847219
-0.7527951,-0.70752275,2.157485,-1.3063761,-1.1777279,0.08114017,0.027097471,0.3157515,4.178787,-2.7386417
0.3806875,-1.6448287,0.77426213,-0.93463415,-1.3837285,3.70277,-1.5735018,-0.31090143,0.5342221,0.37736484
1.3582364,-1.219044,0.10192336,-2.1045232,-0.766716,4.4254208,-1.8696465,-0.66587573,-0.368971,1.0804347
-0.46972755,-0.41614747,1.8437086,-0.19954608,-1.4667573,3.3441415,-2.530017,-1.3755801,2.0689452,-0.75934017
-0.95293677,-0.33029196,1.9874837,-0.5214907,-1.3249853,2.0800948,-2.1663885,-0.99282306,4.1799054,-1.6674775
1.2769724,-0.63335836,-0.5066084,-2.1364534,-1.7414818,4.661557,-1.1366506,-0.4835877,0.171002,0.3745662
1.1257339,-0.81402266,-0.43903396,-2.4447577,-0.5426416,6.435819,-2.436669,-0.6885627,-0.29435387,0.06145233
-0.859846,-0.28833613,0.5413624,-1.7417265,0.41254705,4.9471574,-2.275348,-1.5765653,0.7585912,0.11408141
0.33019513,-1.0321612,1.1758069,-0.7261307,-1.3862622,2.041604,-1.0196584,0.15370184,1.68216,-1.1892705
-0.60757303,0.6467439,0.45791015,0.21073362,-2.290287,0.6359694,-0.5754356,0.2303415,2.975737,-1.6086888
0.45124343,-1.9525831,0.7241977,-1.6907709,-2.5661743,6.1642876,-1.6334976,0.49673748,1.3610514,-1.3202175
-0.64224315,-1.9990991,0.64478314,-1.1252646,-1.3690562,6.438209,-1.7868698,-0.046774566,1.1335351,-1.1989076
0.7038411,-1.4013675,3.6151285,-0.57958555,-2.659963,0.6782613,0.19496837,-0.6247615,3.8339095,-3.438662
-0.5218307,-0.7894987,1.0876687,-2.1433394,-0.5569829,6.286647,-1.6322893,-1.6532605,-0.028795272,-0.0038908422
1.020604,0.66772485,2.6223326,-1.694072,-2.4509923,1.8169384,-1.5242865,-1.798026,3.3088388,-1.8011345
-1.1197863,0.17678562,1.2391137,-0.63987297,-0.27216613,3.8915868,-1.2479799,-1.5558985,0.66777694,-1.1501111
-1.4446325,0.038869828,1.3386972,-0.4043352,-0.46207643,3.198288,-1.771453,-0.6973908,3.1544538,-2.9379501
0.81079996,-3.1906407,1.5994046,-1.4521154,-2.3344882,4.640352,-2.6499481,0.67743367,0.48412564,1.3537742
