4.127831,0.16425729,-1.8195672,-2.0314248,-1.9450914,-1.278531,0.6440016,1.175805,-1.0138829,1.5651486
3.8202875,0.9194101,-1.2289262,-1.9198804,-2.2373047,-2.2864938,0.8530485,1.1774526,-0.34769657,0.94583917
2.0195236,0.16547251,-1.232085,-0.73648304,-0.6299254,-1.4438744,0.2951407,0.8272873,-1.0682033,1.7950797
2.4491086,-0.48978418,-0.84728765,-0.94454205,-0.8470634,-2.6342328,1.9946177,1.3613278,-0.84610784,0.45088118
3.3893435,0.110189795,-1.58794,-1.0782013,-1.0497484,-2.2900593,1.3978539,0.68418974,-0.98430145,0.48705363
2.4367023,1.2877238,-0.8427901,-1.3896512,-0.9675256,-3.228607,2.2785363,0.638597,-0.077022344,-0.7465051
2.1531322,-0.13396645,-1.4202278,-0.34625965,-0.28076753,-1.7634506,1.0798213,0.5612303,-0.36849567,-0.14488508
2.1138747,1.494903,-0.40691882,-1.2422252,-1.8454438,-1.8445244,1.1901762,0.5393566,-0.45527974,0.17396723
1.5964139,1.4439461,-1.0647373,-1.0294355,-1.4387269,-1.7688637,1.0528665,1.0950915,0.06410548,-0.37581813
1.2524564,-0.21276,-0.4463128,-0.25502926,-1.3062621,-1.5025826,1.1682522,1.2646196,-0.12359813,-0.15903072
2.228732,-0.5360954,0.2356557,-1.1900061,-1.3315592,-1.0747962,0.64502186,0.2968142,0.13745835,-0.091399476
-0.07364896,0.18002039,-1.0131419,0.26276577,0.487847,-1.5122311,0.7433693,0.8763981,-1.2800194,1.198981
3.1591032,1.2956342,-1.7184527,-1.1879,-1.2017553,-1.6486456,0.599858,0.5658156,-0.40641633,-0.45770383
2.433058,0.6413404,-0.73368657,-1.1389679,-1.81685,-2.0265605,2.2495875,0.7253966,-0.66546464,-0.2728715
4.0564985,0.5138126,-1.4862926,-1.7428421,-1.3327025,-0.97057605,-0.7087783,0.1100125,-0.6371992,1.3764391
1.785728,2.6993723,-0.56835365,-1.9524992,-0.33481407,-2.1730018,0.046292447,-0.3424722,0.14724365,0.6292022
2.1775622,0.23041922,-0.15819065,-2.1386316,-0.8265034,-0.98286676,0.4388981,-0.113398544,-0.10667893,1.1276196
2.9706714,0.21468669,-0.6379641,-1.8453796,-1.8985616,-2.1302223,1.5847766,0.7230287,-0.31660083,0.79624987
0.83379817,0.41528505,1.9097414,-1.9900045,-3.2093775,-1.1038,0.58180094,0.5503893,3.3029666,-1.6914225
3.131797,0.8239516,-1.4117429,-2.1052868,-1.3011327,-1.2474153,-0.39465374,0.4514452,0.1223689,1.6867516
1.9917505,0.048061848,-0.5885094,-0.99938226,-1.5308934,-1.3510416,-0.2824087,1.1760777,0.3248861,0.9759093
1.7584622,1.2280422,-1.2345095,-0.7998852,-0.24768837,-1.9362972,0.968041,0.5365018,-0.050417274,-0.47788495
4.1413417,-0.0480538,-0.6485162,-1.9361329,-2.8843236,-1.9839704,1.7513375,1.2643801,-0.2032552,0.0015767366
3.7199886,-0.42411762,-1.8114793,-1.7237833,-1.231886,-0.80421543,-0.30451933,1.2601897,-0.6300655,1.257693
3.4174168,0.021553576,-0.93566823,-1.3971815,-2.4071367,-1.5891875,1.8419635,1.1232117,-0.38275537,-0.55681765
0.22251976,1.1724399,-2.90256,0.4924224,3.699543,-1.5804768,-0.5506101,-0.12283298,-1.6393418,1.4654292
-1.2427452,2.4327836,-3.6637206,1.0312338,4.991738,-2.76403,-1.8249297,-0.26734784,-0.25770858,2.0466733
-1.4701653,3.333022,-3.0673096,-0.12670135,6.06512,-2.488135,-1.4158149,-1.6770366,-2.64601,4.463999
-3.9433405,0.77995,-3.7860997,3.1508238,7.2928753,-1.1213453,-2.5144875,0.68201,-1.6116635,1.4983103
-2.2871583,0.5155826,-2.0058942,1.1675392,5.0652933,-2.6186135,-0.7040983,0.700373,-1.0432847,1.938077
-0.75791365,1.7217358,-2.0459888,0.057410084,4.405957,-0.8151784,-1.7681966,-2.2995305,0.45537004,1.2621511
-2.347804,1.0738357,-1.126853,1.4662292,4.3955207,-1.520866,-1.333982,-1.2518073,-0.31530163,1.3688506
-2.3619716,0.57109535,-1.9748518,2.2761934,6.440175,-1.9880831,0.09692103,-1.3615159,-2.4117384,1.1465424
-1.5909989,1.054481,-2.4064634,1.159113,5.329698,-1.9362614,0.3664738,-0.22835156,-0.7570882,-0.59466994
-0.9610335,2.4255013,-1.3815732,0.7516586,2.4751928,-3.3318667,-0.41408736,-0.18966895,0.8516593,0.18045264
-3.9772837,1.3753315,-1.0303798,0.1846711,5.4787993,-2.8056953,1.3709862,-0.5192856,0.24892315,0.5743313
-2.270345,1.7098094,-1.8669965,0.08551692,5.103224,-3.0865338,-0.19850892,-0.29839075,-0.88447285,2.118524
-2.1757476,1.1979862,-1.7805074,0.03075426,3.365383,-1.5397311,-0.45422238,0.53389615,0.5718235,0.7375697
-1.285543,-0.4442896,-1.7761829,1.1672833,3.4135861,-1.8591802,-0.20307773,0.47839943,-0.9422734,1.6200609
-1.9909332,0.99976826,-2.7016904,1.5814643,3.834982,-2.3972976,-0.58537185,0.5519714,0.40452966,0.19472753
-0.4201736,1.8220083,0.2101628,-0.09311814,1.8032142,-3.5156314,1.5048623,-1.1045513,-0.2910169,0.651567
-2.43448,0.7292253,-3.156556,1.6196907,5.4790707,-2.7588685,-0.64697313,0.68974435,-1.4973689,3.1504793
-0.7186156,0.8431698,-1.8977361,0.02464857,3.4918697,-2.5126247,-0.69095224,-0.26255003,1.2652094,0.56640196
-3.3247628,4.513826,-3.2730567,0.63810873,7.655305,-2.2934463,-1.456259,-1.9426996,-1.5572587,2.4757276
-1.2033887,1.1342255,-1.7642322,-0.34482625,4.289528,-3.1429317,1.7057114,-0.4292244,0.22025535,-0.25765002
-1.5813718,1.0647069,-4.3526134,0.7537922,7.9620285,-1.4700485,-0.9450795,-1.1766264,-1.7726787,1.7975962
-2.7292747,3.2612472,-4.3486385,2.4551082,7.6443024,-3.628027,-2.7249668,-1.2467184,-2.0043318,3.9359958
-3.0279973,1.6764418,-2.8041632,1.2216989,6.6650615,-1.9707458,-1.0248013,-0.7460927,-1.3383558,2.249525
-1.27688,0.9076805,-3.2159507,0.044076823,5.4521165,-0.05289243,-1.6837208,-0.51947945,-0.07312605,0.97878987
-4.606998,3.8771214,-1.6315304,1.5472717,5.2481747,-3.1467736,0.016100705,-1.1836815,-1.8145363,2.8093703
0.74624854,5.9834943,-0.91296065,-1.4700702,0.57706666,-4.592226,0.10587162,-1.9624723,-0.6708988,2.2070124
-1.4199181,4.4552855,-0.6389916,-0.5870494,0.048615605,-2.5854561,-0.0881241,-1.102909,-0.38837638,2.6869926
-0.9429863,7.197444,-2.042912,-1.6330637,1.8123282,-3.039501,0.66423696,-2.6713855,0.6720102,-0.4323721
-2.0681756,4.8906093,-0.38625586,-0.8555609,1.9882823,-3.4590993,1.2833917,-0.99493325,1.2842143,-1.5013947
-0.6000379,4.692878,-0.45888776,-0.6805299,1.4387192,-4.3507724,1.4345009,-1.65001,-0.05431047,-0.030223861
-1.6222668,5.709634,-1.0164821,0.20842189,2.1940918,-4.3786483,-0.009830654,-1.6549821,-0.82845163,1.5365468
-0.97480553,5.241657,-1.9499977,-0.5930482,2.0849361,-3.6269543,0.27057737,-1.0976517,0.062063545,0.73146886
-2.025123,5.9133554,0.04739575,-1.5505561,1.9869686,-4.7048173,2.0173385,-1.9540457,0.82797253,0.2881596
-1.7714994,5.261863,-1.7505627,1.8677624,1.2421997,-4.036431,-1.3841288,-0.430967,-0.7458497,1.77332
-1.5860436,5.1842256,-1.2230364,1.8647965,1.7333785,-5.360836,-0.91464335,-0.32215086,-0.8676516,1.8238543
-0.4183029,4.719855,-2.7415178,-1.4986135,4.5945063,-3.5578625,0.45445713,-1.9801558,-0.48519364,0.8001356
-2.0210073,5.6444063,-0.64482063,-0.72827345,0.9522506,-3.356642,-0.37601602,-0.49922803,1.2684194,0.16134934
1.2501903,4.1938033,-1.7925522,-0.26192123,1.3123684,-4.4616766,-0.2751146,-0.9943646,0.34164432,0.47914827
-0.6039317,5.442945,0.5791571,-1.9197524,-0.15786389,-5.383121,3.7405183,-1.5117037,1.5243919,-1.5020373
-0.50262886,4.283439,-1.9128013,0.24402994,1.1314828,-2.1225162,-2.5044136,-0.86170685,0.9075644,1.365258
-2.3890903,5.1826253,0.3665229,0.7369391,0.73552203,-4.9184985,2.153274,-0.8369006,1.2743304,-1.7073337
0.46073663,5.975635,-1.5063827,-0.7663341,0.68557405,-3.772369,-0.6506096,-2.2200487,1.6867003,-0.36038738
-1.8420227,5.613129,-0.94893444,-1.9491498,2.1631374,-3.4634607,1.8497331,-1.989287,0.5912385,0.11389862
-3.2048674,8.515988,0.23305146,-0.73942965,0.8755895,-3.4925315,-0.75567037,-3.4571917,2.9678295,-0.6570326
-0.4230209,5.147267,-2.5215714,-0.73264986,2.094303,-4.1058,-0.1826182,-0.20886117,-0.8166671,2.3476546
-2.1186783,6.4262342,-1.3660321,0.75643283,3.296831,-4.5858173,-0.9003001,-1.8807662,0.9578835,-0.2014487
-2.5173104,3.1589975,0.656825,-0.44057953,1.3808596,-2.9565976,1.3040719,-0.81308454,1.4899155,-1.1869733
2.2338035,-0.4640342,-0.5194781,-1.4264035,-1.334661,-0.91690683,1.2834649,1.2399181,-0.18966028,-0.37459671
2.941792,-0.20145136,-1.955806,-0.49292803,-1.497176,-1.3087682,0.3901111,1.5518852,0.008831799,-0.13702382
-0.027467042,1.3052415,1.0910779,-0.9978282,-2.5771818,-2.168635,0.94410235,0.6265667,1.9881074,-0.7627953
-3.117308,0.40460098,5.385313,0.39718604,-3.9990137,-0.3345977,-0.0076246858,-0.95080495,4.1778274,-1.6480893
-5.008817,3.1132011,3.251166,-0.9470155,-0.5617768,0.44662833,-1.0928774,-2.3924587,5.4340243,-2.535367
-1.5641797,1.3758767,3.3668182,-1.7141005,-2.2029734,-0.9930527,-0.21656254,-1.4047652,2.9753003,0.8407091
-1.4253929,-0.38235193,4.7364583,-1.427524,-3.6621063,-1.8333261,3.005245,0.07677258,3.6830385,-2.7394211
-2.6659944,-1.8244089,5.0744624,0.8680115,-3.192265,-0.5384245,1.4430912,0.8626804,1.7207892,-0.8768604
-3.3424149,0.49370062,3.9033306,0.47168744,-4.551628,-1.7544332,1.9341023,1.101679,6.9202824,-5.770253
-2.1180613,2.62562,3.1872425,-1.5011413,-3.9705486,-0.38842237,-0.5482754,-0.7174771,5.4421315,-2.0730789
-4.041593,2.0632772,1.4630412,1.5547317,-0.108404905,-0.8199762,0.3487951,0.33663756,2.7429507,-3.8720512
-3.9357674,0.65579367,3.163053,1.0754936,-2.524052,0.2996208,-1.568912,0.26723704,4.1664557,-1.4047136
-2.2882926,-0.29016823,3.7276425,-0.32529843,-2.2292664,-1.5503902,1.3662128,0.31177154,2.7462394,-1.7501624
-0.6784386,0.2845763,2.0821803,-0.11210001,-2.3627696,-1.9910145,0.8604159,0.62286127,2.2780974,-0.751293
-3.18034,1.1859884,4.968095,-0.17932135,-4.038286,-1.403604,0.5416677,-0.68568647,5.4898987,-3.1976256
-0.27334976,3.3638844,1.3879411,-2.3460946,-2.7899199,-1.7010101,-0.39936858,-0.30400214,4.9140224,-1.9375973
-3.2692683,0.6861421,4.730292,-1.6682856,-2.7921665,1.9484801,-1.0333414,-1.901039,5.1606026,-2.0885394
-1.8415644,2.689455,1.6190281,-0.36452383,-0.18814124,-1.7746031,1.8559217,-0.9819149,3.1896,-4.6471133
-3.8331864,1.3644023,3.5333083,-0.17968339,-1.2440517,-0.71093297,0.5820146,-0.932817,4.471156,-3.2903464
-1.6364543,0.7093413,2.8918436,-0.5082741,-2.6762273,-2.3507338,1.4714787,0.22281554,2.4370015,-0.5123787
-5.9204655,3.994876,3.863504,-0.08235485,-1.5832984,-2.0547116,-0.22178715,-1.291279,6.904527,-4.0197997
-1.1664746,0.20389038,2.4334905,0.11788254,-3.3381515,-0.60096884,0.67181414,0.9786036,3.9812562,-3.7417912
-2.7756608,1.9645056,2.7351687,-1.0808183,-1.3560686,-0.050521716,-0.22175685,-1.2080495,4.698375,-2.3272345
-1.2512238,0.7687708,2.6399739,-0.3949812,-3.147334,-1.2063925,0.3187795,0.750423,2.563506,-1.220248
-2.209006,0.10819006,2.4264379,1.307588,-2.130258,-0.84473217,0.21854714,-0.12618881,2.3848357,-1.2922354
-0.8480477,0.438429,1.2761214,0.7191883,-1.9745768,-1.1396121,0.1321483,0.2599089,2.1863163,-1.3691331
-3.0582683,0.52032876,2.2931492,0.69838685,-1.2849922,0.08098975,-0.1838195,0.5575027,3.6989017,-2.992568
-1.1299534,0.72790205,1.7910079,-0.20326275,-3.4058225,-0.50253034,-0.9965673,0.9765972,4.819721,-2.6474433
4.8336525,-1.1225255,-1.1652615,-1.7640942,-2.1696396,-2.7467034,3.5415738,1.9162034,-0.33720878,-1.9484406
2.4459448,-0.9689722,-0.7952101,-1.3307489,-0.99094415,-2.2587492,3.1492069,1.4179385,-0.27912977,-1.0855956
2.9890842,-1.4627465,-0.19722213,-1.5779177,-2.1964264,-1.140173,2.0827134,1.5113163,0.87987316,-1.8219497
1.7139885,-0.45562878,0.21554476,-1.7059639,-1.9373184,-2.5265253,3.5703852,1.1824001,0.533478,-1.3520308
1.6701441,-2.1533346,0.92221874,-1.3760504,-2.3987236,-1.5601563,2.9833305,2.132855,0.87723875,-1.766375
2.1927044,-0.96040267,-0.31886303,-0.6416872,-1.8680769,-2.6898353,3.3807251,2.2474298,-0.2589459,-1.8376925
1.0855399,-0.32009763,0.30157757,-1.7912021,-0.33681154,-2.3231633,2.9376068,0.7621671,0.96025455,-1.9800179
2.5784795,-0.09055716,-0.28544247,-1.7183925,-1.3293256,-3.0095286,2.912028,1.0926749,1.0280235,-2.2396054
2.0763252,0.13810563,-0.3978246,-1.7012638,-0.7923832,-2.0974019,1.5531359,0.835616,0.22282359,-0.5781326
1.0773462,-0.8280225,0.2186483,-0.56726956,-2.4181757,-0.36694223,0.2961603,1.8244903,1.9493372,-1.5602753
0.5585288,-0.97734964,0.44420332,-0.3142114,-1.527419,-1.463295,2.3032176,1.4300773,-0.31393757,-0.25238836
0.62053114,0.8305992,0.5766348,-1.3944511,-1.0915393,-3.1203134,3.3812296,0.291951,1.1166731,-1.8124866
0.218337,-0.46706963,2.6770613,-0.7661768,-3.234406,-2.3510995,2.99866,0.8939939,2.753413,-3.2017436
2.0553207,-0.86803627,0.2630043,-1.4986566,-0.93703914,-2.8220448,3.3732274,1.0928482,0.2615871,-1.5692546
0.7054461,0.30286866,0.7138458,-1.0568616,-1.466563,-2.4145944,2.8284235,0.3107014,1.3809197,-1.8026824
-0.39625877,-0.03403914,1.7461407,-0.1653339,-1.6804289,-0.9589913,1.8442185,0.05190534,1.4261248,-1.8878481
0.8704672,-0.7452358,0.9010536,-1.2318908,-2.2870185,-1.3356476,1.6610417,1.2905074,1.550597,-1.2988816
1.0456295,0.37811393,0.2783283,-0.8059229,-1.1361759,-2.9308007,3.4643536,0.5481436,0.49321988,-1.9331679
0.82547754,1.7085234,0.531045,-0.6203205,-2.181197,-3.9161575,2.7991967,1.1937466,1.0549772,-1.7680742
2.1041052,-0.29806876,0.5856679,-1.2774546,-2.3764162,-2.8010845,2.209569,1.3824937,1.155825,-1.5322671
-0.22733587,0.65360904,1.5446699,-0.77825826,-1.459876,-2.797456,2.7067573,0.28981096,1.6044585,-2.066547
1.6944156,0.2938938,1.1997416,-1.8446208,-2.3911085,-3.1736543,3.3130152,0.95355153,0.90524244,-1.3351055
0.34607798,-0.6011793,1.5514251,-1.3503555,-1.5927521,-1.5375918,2.0691092,0.7128184,2.1815796,-2.7316601
1.5797215,0.09220803,0.6303455,-1.0659409,-2.1024458,-3.6688569,3.3969302,1.1383811,1.0804195,-1.8548319
1.4118478,-0.5538554,0.68763316,-0.8377724,-1.5547951,-2.8780305,2.5366423,1.1878766,0.55404043,-1.0473369
0.74399215,-1.1560385,0.8691497,-0.37834844,-2.6105478,0.0046024173,0.20491979,1.2549363,1.4173673,-1.1528232
-2.8022015,0.5447192,2.6202433,-0.04235602,-1.0560925,0.45631993,0.014291614,-0.15301865,2.068864,-1.3269162
-2.4056304,-0.28405696,2.7853968,0.98459786,-2.4629023,0.44180357,0.31677148,0.56690454,3.1139739,-3.1233287
-4.1600194,-1.1185157,5.4374714,0.5802385,-2.1418395,-1.4276179,3.0038846,0.2840307,2.5617778,-3.5154119
-0.565354,-1.1074016,1.591119,-0.41417807,-1.2407178,2.3621202,-0.82283014,-0.36845288,1.7682288,-1.7917163
0.45282647,-2.153408,1.6854184,-1.6114879,-2.8053236,3.7759845,-0.50628406,0.63726264,1.5511019,-1.6675559
-3.4458172,-0.20691061,4.3816276,-0.3170375,-2.1487646,0.4368239,0.21121538,-0.51505154,3.4112012,-1.5623474
-4.801563,-1.3283798,5.092841,1.5700938,-1.5158514,-2.161952,3.441235,0.9258499,2.6116421,-3.5371773
-1.830462,-0.52036595,3.8756218,-0.75039196,-2.736371,-1.0991743,1.368407,0.61857635,2.5319288,-1.8004856
-2.2935405,-2.4117737,5.220341,-0.5154728,-2.4361982,1.1956732,1.1208451,-0.21962258,3.0848072,-2.8976164
-1.4599991,0.05002141,4.76739,-0.79924005,-3.15906,-0.64292777,1.6837561,-0.25024447,1.3749099,-1.4207499
-1.4929562,0.8744439,3.3225653,-0.86216587,-2.9117045,-1.0609893,1.1047528,0.0631519,1.9612916,-0.66932845
-2.9428494,0.45129943,4.2734194,-0.5375553,-2.2240212,-1.2890368,2.0429568,-0.29339877,2.3489115,-1.3688421
-2.3418443,-1.165728,6.128732,-0.81083024,-3.3745112,-0.6440342,1.87131,-0.8039581,2.8727376,-1.2635183
-5.7025285,-1.9359883,5.1314363,2.1174998,-2.0077841,0.4202819,1.8460536,1.4290048,1.9170673,-2.1208057
-3.3633704,-0.04813361,5.347722,-0.23111075,-2.9716477,-0.63777214,0.95859474,-0.22594562,4.3203306,-2.8628802
-2.8172934,-0.6505825,3.382946,0.01678484,-0.8413162,-0.59408915,1.9961846,-0.28693926,2.6599433,-2.8509479
-4.0848985,-0.50525606,5.34,-0.07312507,-3.315437,1.3240225,-0.04897195,-0.67852974,3.4872572,-1.079944
-5.1494746,1.1274369,4.706784,1.101698,-1.983647,-0.34431654,1.1101286,-0.3656613,3.5045393,-2.7332888
-3.7940395,-0.48613334,4.7976604,0.37667793,-2.1258872,-0.51552784,0.91419905,-0.3321873,2.3601358,-0.7522322
-5.1829624,-0.7157772,6.6875973,0.23286718,-3.1410794,0.002138093,1.1078776,-1.2848439,4.2652783,-1.9917855
-4.217851,0.45820034,7.2107224,-2.0532994,-4.1324544,0.4439565,1.185184,-1.5629095,4.967863,-1.9915848
-3.4569488,-0.7844168,4.6195736,0.49241155,-2.0395746,-0.20192496,1.6950724,-0.11013337,2.580271,-2.321135
-4.854638,-1.2975757,6.9880977,0.32346338,-2.1479502,1.6750522,-0.18792936,-1.6960512,3.6324322,-1.4331387
-1.2051427,0.037366986,2.9183464,-0.91766584,-3.1964865,1.5833765,-0.322603,0.07721437,1.9586661,-1.0584396
0.084630296,-0.18302637,-1.4976685,0.57856756,-0.59740794,0.288423,-2.1196313,0.5940385,-2.1468747,4.933545
1.0403913,0.09195614,-1.0422424,-1.0001335,0.9694749,-1.6814644,0.18341148,0.027220763,-1.5647486,3.1728728
1.5583196,-0.18894601,-0.44520777,-1.2423496,0.0616782,-2.3072288,1.0257146,0.071221866,-1.1692563,2.767991
2.7339284,-1.2584457,-2.3899245,0.04774513,-0.98476255,0.26226813,-1.3118072,1.5454651,-2.3826861,3.1904325
0.74651444,-1.3037478,-3.1763327,1.0258471,1.0785036,-1.7534196,-0.33404374,2.5714927,-3.0540502,4.7931747
1.0103359,1.8500334,0.06478034,-2.3950677,-0.70458996,-1.399734,0.53305817,-1.1098378,-0.34502777,2.6454067
0.455542,-2.3399863,-0.8423284,0.07765638,-0.35883862,-0.008319095,-1.0177815,1.6424384,-2.8039594,5.613369
1.868463,0.5189798,-0.64345443,-1.4631319,-0.088617206,-1.4095373,-0.040186226,-0.25556132,-1.4323126,3.1141343
0.9746056,1.3371947,-1.3169469,-1.7520715,0.14075842,-1.9223683,-0.43161392,0.22868475,-1.8772843,4.8290987
2.4206169,-0.41513556,-1.3245429,-0.9669762,-0.8657836,0.3440132,-2.3798409,0.15144852,-2.3797681,5.1794643
1.9059839,0.19383842,-0.10806693,-2.2408562,-0.47457534,-1.4229922,0.099319935,-0.35678348,0.12012005,1.8268602
0.8900524,0.6795629,-1.9415174,-0.6890574,0.5977268,-0.5263232,-2.1300256,0.42895156,-1.6944033,4.7780423
1.1560836,-0.94679636,-1.2698939,-0.5208592,0.053286612,-1.0005723,-0.32022753,1.076625,-2.3735116,4.170386
1.8194399,1.4264308,-1.4962462,-1.2024122,0.22638354,-0.7970767,-1.2140088,-0.7975552,-1.0935,2.7953646
1.7931461,-0.22788614,-1.8078309,-0.17249042,-0.5802045,-2.1387486,0.26033276,1.7567285,-1.7893939,3.2238417
-0.020062536,1.8880485,-0.99690056,-0.5479558,-0.33370078,-3.2303965,0.58366984,0.84800875,-0.2661877,2.248895
1.5430627,0.5812614,-1.022569,-1.506142,-0.21594736,-1.1806993,-1.5005391,-0.054607607,-1.1852618,4.2488146
2.7399898,-1.195859,-1.2179952,-2.4529436,-0.5358865,-0.4429257,-1.1211925,0.6997899,-1.4563879,4.7982454
3.29341,-0.44958654,-1.2178544,-1.8961185,-0.79028404,-2.1833158,1.5559762,1.1231065,-1.7497436,1.9836645
-0.10151684,1.6126174,-0.6793816,-0.47325525,-0.17854092,-0.8580715,-1.0617962,0.18815556,-0.9501282,2.526946
1.1209102,-0.75590724,-1.8299251,0.5995372,-0.5268551,-1.8812103,-2.1256921,1.9228723,-3.5361304,8.092864
2.3858433,0.23099661,-0.61521095,-1.7188171,-1.0721014,-1.1327654,0.7607332,-0.042195216,-1.0128137,1.6834034
0.96667135,0.016325504,-1.3453327,-0.7895332,0.5697378,-2.0164526,1.1432898,0.91219795,-1.2461569,1.9431247
3.0550747,0.09706193,-1.1505917,-2.651768,-1.1562561,-1.3282051,0.13990265,0.839515,-0.59097457,2.1533692
0.35602766,-0.6715928,-1.1751612,1.2071879,-0.8632047,-1.1354446,-0.23183784,1.6399364,-1.7912703,2.6128523
-3.0505204,0.71858215,-0.29386455,4.2433643,0.7063812,-2.5221965,-0.92488104,0.7203107,1.0798926,-0.71684396
-5.62752,-1.0637398,0.54421055,6.5392714,2.1494334,0.20352958,-1.645041,0.80187,-1.1606183,-0.17265584
-4.305015,1.4050885,-0.262232,4.7287836,0.74887824,-1.4869955,-1.3742976,0.727075,-0.42349103,-0.019237041
-4.339083,-0.8905236,2.5931587,4.0954647,-1.7546426,0.37599802,-0.8986564,0.9866186,1.9412143,-2.128416
-3.415868,0.36794198,-0.5409817,4.4015713,0.2092515,-1.9208496,-0.67716455,2.329537,0.7119714,-1.2886951
-3.6031895,-1.6346595,1.2025933,4.3437114,-0.055026263,-0.22813149,-0.4095236,1.5689379,-0.101355165,-1.415309
-4.138701,-0.25902873,0.39546585,4.7534504,1.1286267,-1.2148646,-1.9807472,1.6343819,-0.44228515,0.89699924
-5.567309,-1.0273162,3.7051122,4.8887415,-0.7291193,-2.0156634,1.0033169,1.6804053,2.0600245,-2.881229
-3.3018425,3.1154714,1.0820504,0.98429173,-0.8543283,-2.4690316,-0.2532072,-0.450529,2.442095,-0.5188477
-3.2531374,-2.0245342,-1.3698477,5.3490286,2.2270257,-0.1295584,-2.2909272,1.3071611,-1.1268055,2.2385275
-4.3582864,-1.4120586,1.6005487,4.178651,-0.123208195,-0.6984563,-0.5236316,1.7294331,0.4385192,-0.5990493
-6.1311975,0.63650787,3.9752061,4.676051,0.6257397,-1.1909034,-1.5095453,-0.32701662,2.1256878,-2.6341245
-4.6460404,-1.4681726,1.1001949,4.4944577,0.41326198,-0.4858427,-0.9598749,1.6608826,0.49053344,-0.041619495
-4.410585,0.46486413,2.1449177,4.012998,0.7556677,0.40562332,-1.0392308,-0.48018625,0.96723473,-2.3750803
-3.7422674,-0.51402944,1.0602101,5.8910666,1.1883888,-0.7238336,-2.3320663,-0.3497266,-1.6155465,2.0996234
-5.018533,-0.2831142,1.5679641,3.7283304,1.8939897,0.6764211,-1.9166942,-0.78247136,-0.48382345,1.4455009
-5.106156,0.009622276,1.6539011,4.6318564,-1.2103624,0.16543338,-1.4051685,1.0134708,0.64731133,0.69567287
-5.5586867,-1.1614546,1.3909614,6.383198,0.60173476,-1.1033545,-1.2309899,0.94383454,-0.6928613,1.6460204
-3.5514975,0.25817823,1.7111157,4.266985,-1.1224246,-3.3250616,1.2896326,1.2136232,-0.5298648,0.54660285
-5.367473,0.47203994,-0.9672605,5.1398764,1.9723676,-1.876544,-1.7031994,1.7357535,0.16187197,1.2694592
-4.255055,-0.08651018,1.5753562,5.160889,0.51673484,-2.062063,0.0064378977,1.5790298,-0.3651758,-1.5564309
-4.2572303,-1.6397866,2.0728197,4.925128,-1.9211828,0.35221404,-2.0358226,1.866898,-0.37568167,2.0719597
-3.1101663,0.53820884,-0.08586098,6.804083,-0.52238834,-3.8539734,-1.384732,2.9540954,-0.6385288,0.15330897
-5.499952,5.900365,3.3146126,2.214855,-0.12538406,-5.7211776,1.3048139,-1.9558369,3.933407,-2.5424445
-4.299256,1.2491275,2.489793,3.0457604,-0.07970807,-0.27996278,-2.1230454,-0.5209236,3.645435,-2.538882
-2.4799984,-1.6372557,1.400044,0.815357,-0.3417399,3.9593644,-2.1783035,-0.1169985,2.4792807,-2.7678456
-1.5498018,-0.80313915,1.510385,-1.6048287,-0.90165484,5.9273977,-2.9681592,-0.9689139,1.9337635,-0.9950192
-0.5711095,-1.1942588,0.088675454,-0.8334523,-0.7089764,5.8802724,-3.050185,-0.98533106,2.025565,-1.6102275
-1.2930315,-0.70015854,0.6320849,-0.5233626,-1.2251934,6.3072605,-3.8673394,-0.71834666,0.980644,-0.4990598
-0.27866614,-1.1213557,1.2074409,-0.21869051,-2.164107,4.8779674,-3.4717088,-0.2440857,1.7066106,-0.88442636
0.26931295,-1.74381,0.24703233,-0.45281988,-1.5303333,4.8723807,-2.2987895,-0.06833961,1.3509876,-1.5331311
-0.92708594,-1.859295,1.958433,-0.90647805,-1.2914342,4.6884236,-1.9556389,-1.0144253,1.8215694,-1.1346467
-2.3863666,-0.9427945,1.8281713,-0.3578038,-0.7591903,4.6301703,-2.014539,-0.63188887,1.3974692,-1.4161146
-0.28879136,-1.775514,1.5689275,-1.8564093,-1.9785513,4.309778,-0.7045882,-0.7418087,1.5477657,-0.47829098
-1.7166581,-1.8135298,2.2340963,-0.9534571,-1.3459377,5.6104474,-3.0395157,-0.6273188,1.8132479,-0.47304904
-2.110006,-2.1300666,3.1110978,-1.1527776,-1.8596634,4.6862245,-1.1935351,-0.2652789,3.3385994,-3.2021668
-1.4034693,-2.3020391,0.40817577,-1.0793658,-0.28558588,4.28788,-2.3221707,0.7123035,2.3482156,-0.9135839
-0.9204834,-2.2619104,1.6050253,-1.4241673,-1.5096483,4.0826287,-0.82680595,0.5674384,1.1378832,-0.35886192
-0.027579427,-1.6096553,2.1879275,-1.301075,-3.3916242,5.042895,-2.4992397,-0.506922,2.22119,-1.107575
-0.81821984,-1.6277144,2.8197455,-0.67028886,-2.5789206,4.5931783,-1.434063,-0.5940604,1.5766928,-2.2372508
-2.1737716,-0.5871124,2.7290719,-1.4430114,-0.2986393,4.5070786,-2.2416556,-2.279849,2.0012562,-0.5428671
-2.0925667,-0.7898673,1.1877568,0.2790323,-0.69194174,4.588607,-2.8425107,-0.8561604,1.2134826,-0.49871475
-0.38961732,-1.2956688,-0.06287244,-0.5928409,-0.9289583,3.9542816,-2.879079,-0.29750618,0.76016605,1.0388012
-1.3604872,-0.47813138,1.6291361,0.25009122,-1.8203323,4.0975704,-2.0870857,-0.90063125,1.2612765,-1.2317612
-1.3619196,-1.8108736,1.8564551,-0.9768302,-1.5675976,5.5363483,-2.1254175,-0.6430862,1.0391731,-0.6329187
-0.7361899,-0.3753148,0.9939295,-0.79418284,-1.7137865,3.8743918,-1.7526188,-0.66272354,2.1677463,-1.855052
-1.0100338,-0.6340356,1.1832762,0.59930843,-1.8595144,4.056743,-2.9181948,-0.95442164,2.1460273,-1.9926062
-1.2876334,-1.9048263,2.2004375,-0.15746489,-1.41005,4.459412,-1.6489015,-0.69158673,1.2703692,-1.1685169
-2.814285,-0.69702816,2.2784603,-1.0003048,-0.30845714,6.1897645,-3.4292986,-1.7042366,2.335749,-0.9019065
-1.5606377,-1.1865644,0.9195647,-0.6244496,-1.4046017,4.83754,-1.2278321,0.13089475,1.3463621,-1.9473045
1.1598465,-0.13421077,1.0377548,-1.8168372,-1.7703311,-1.4866226,1.1223838,0.94360006,1.3283569,-0.45131338
-0.8126674,-1.7601198,2.331117,0.1168,-2.745051,-0.009056851,1.255539,1.7655169,0.51734865,-0.32202202
-2.279552,-1.4794388,4.037708,0.11870422,-2.9671912,-1.5169147,1.725496,1.1716876,2.0159097,-0.53374326
0.16692716,-1.0866895,2.8891873,-1.0026331,-2.6351342,-0.23139407,1.1960514,0.34014112,0.9771142,-0.2485467
-2.7136087,0.41466427,3.6943192,-0.89974934,-2.083581,-1.2054734,1.2747889,0.5673283,3.8673575,-2.4834266
-1.806565,-0.5198014,3.4903605,-0.6163996,-2.701141,-1.6694435,1.8538122,0.33010527,1.8729308,0.3744773
-0.11791077,-0.32720268,3.161214,-0.82377774,-2.7137806,-0.87682915,1.0501547,-0.2792677,1.5754383,-0.8445065
-2.255996,-1.1989515,3.6299388,-0.32708257,-1.8818027,0.7781906,-0.2000683,-0.114557914,2.260949,-0.57023734
0.8598887,-1.958836,0.44268513,0.79471475,-2.4164753,-2.1512492,2.3375103,2.7482395,-0.5660089,-0.40473408
-0.9581279,-2.274715,0.047794804,1.0118088,-0.5068646,-1.4564425,2.205592,2.7329185,0.59700835,-1.4916072
-2.6356654,-0.34383956,4.457471,0.57369083,-3.097035,-0.3336032,1.626292,-0.05567088,1.4927049,-1.6747146
-1.1837997,-1.0565414,0.9576867,2.4503338,-2.476475,-2.0496862,1.6642072,2.92553,-0.6814444,0.19502358
-0.9681917,-1.8434297,1.0133063,0.5066103,-0.56984544,-1.4230769,2.7155297,1.7491981,0.40176818,-1.5750679
-1.3185151,-1.0610355,2.8817227,-1.0649813,-2.7495475,-0.46770614,1.1639693,1.7485372,2.1811168,-1.1548616
-2.6642811,3.6200905,0.9552717,0.12730193,-0.9280647,-0.54203945,-1.2669303,-0.63913864,3.9617913,-2.893962
-2.7716136,0.55014956,2.5241568,0.025756858,-1.8682781,-0.15055,0.51020336,0.045419104,2.8347728,-1.6699975
-1.3390555,0.58491004,4.025498,-1.8757625,-2.639195,-0.91333604,0.5664728,-1.5421497,2.8581185,-0.067357615
-2.6723433,-1.0292205,3.363931,1.2028095,-1.2959715,-1.2475952,0.94198376,0.9888992,2.0470338,-1.98915
-2.0294693,0.63444436,3.8548431,-1.5989715,-2.3712444,-0.9531623,1.2172184,-0.37042776,2.702597,-0.9216931
-2.089424,-1.8207115,2.6083276,-0.13815361,-0.99253607,-0.96879864,2.3866403,1.0220042,0.78597987,-0.2773229
-2.4978268,-0.9956431,4.6961765,-0.23826042,-2.0725224,-0.08162363,-0.042500973,-0.17353928,3.1805165,-1.4245279
-0.5204681,0.42887163,2.0581846,-0.7124421,-3.3396127,-0.96242034,0.8729668,0.6974499,3.3531673,-1.6970422
-3.9825518,1.143236,4.8913507,0.35805947,-0.965516,-2.7446868,2.006873,-1.1355954,3.1017914,-1.7950368
-1.503969,-0.63847995,4.0455475,-0.8757864,-3.5147824,0.41432166,0.047068983,-0.04951235,3.075247,-0.8458861
-1.8576858,0.28290915,2.561733,0.11201721,-1.5118507,0.009476557,-0.0467837,-0.2665563,1.9470975,-0.9703095
