1.1585037,2.1397052,-1.4237133,-1.3125385,0.452496,-1.5646278,0.6179592,-0.3741142,-1.4134474,1.9608283
3.3605397,3.1299,-1.9637442,-1.6600037,-0.6042757,-4.16359,1.8956685,0.60916096,-1.0198948,0.61191237
0.75817084,2.451615,-1.7707614,-0.21684523,0.7636534,-1.7898201,-0.053905383,-0.6639508,-1.0098262,1.1578448
2.6625757,3.1105006,-2.0216177,-0.7260964,-1.7008712,-3.710474,0.9141672,0.1374431,-1.3480606,2.4938724
1.5941383,3.6726701,-1.801498,-0.9114429,-2.3932776,-3.7167585,1.6477897,0.38401943,-1.6547393,3.0909007
2.894776,2.030258,-2.1858642,-1.1316116,0.05049391,-3.3037055,1.5612855,0.21126556,-1.6765213,1.7506146
1.8450638,2.3476446,-1.272332,-0.6369935,-0.9402602,-2.6494648,0.7234535,-0.14272618,-0.73045623,1.1246653
1.4914216,3.067973,-1.2185231,-1.2774762,-0.9830539,-2.7813075,1.5296566,-0.13445649,-0.027532201,0.28903395
2.377167,2.0905726,-1.0550932,-1.501455,-1.0321672,-2.727061,1.355156,0.35112628,-0.93324256,1.2409987
1.7594098,5.5606856,-3.3070104,-1.6416917,0.55002487,-4.030932,1.0680544,-0.9334665,-1.6735759,2.801762
0.88532007,3.097007,-2.371036,-0.7641446,0.41357732,-1.7554255,0.40514475,-0.850753,-0.8661,1.6185575
0.35511324,1.0999298,-0.0036455411,-1.2835612,-0.48956454,-0.22713287,0.4389735,-0.28057283,0.65076965,-0.4427058
1.9312485,3.8764405,-1.8471369,-1.2395461,-0.6927399,-3.2999706,0.9854045,-0.5300875,-0.8479844,1.5205729
2.795422,2.230428,-1.5483185,-1.005163,-0.8613645,-4.083668,2.079071,0.9694521,-1.5744588,1.1695101
1.8616494,1.9022077,-1.5717758,-1.1513247,-0.70487195,-2.8204918,1.5119555,0.67377347,-1.3973945,1.9030337
1.8114617,1.2501853,-1.4319421,-0.7280346,-0.27321166,-1.3175025,0.21418926,-0.34543043,-0.97579277,1.459239
1.8131694,2.1120317,-1.1240913,-0.94643605,-1.367623,-2.6637285,1.4178025,0.44566268,-1.2881062,1.6454973
3.051649,2.3346992,-1.6618681,-1.5032167,-0.7978338,-2.4495902,1.0804925,-0.41418785,-1.1927155,1.746069
1.1619575,4.2966495,-2.2074115,-1.7096862,-0.024722531,-2.245573,0.8237763,-0.8728065,-1.0866657,1.9604304
1.811896,3.4330273,-2.203503,-1.0286952,-0.34382218,-3.2400947,1.5179238,0.0004914105,-1.6973312,1.8597152
2.2471335,2.7569993,-1.0699786,-1.5772882,-1.6811949,-3.243393,1.399778,0.22503823,-0.8676746,1.8315089
1.5595753,2.9011548,-1.483394,-1.3162603,-1.2130859,-2.6277347,1.0396167,-0.08767578,-0.8041238,1.9560366
1.9200479,4.677697,-3.2045352,-1.3088725,0.9678544,-2.8575935,0.14414571,-1.5580733,-1.3166066,2.446989
2.9606907,1.9202061,-1.8089155,-1.437857,-0.46033645,-3.1446536,1.917146,0.54670393,-1.3434823,0.916743
1.4042972,1.3180676,-0.809388,-0.6475732,-0.80115354,-1.9332896,1.2078426,0.5472732,-0.4248995,0.068638206
0.64391005,0.42573857,0.7185431,-0.66263556,-3.3814898,-2.621876,3.1360226,1.82387,0.8512928,-1.4536903
2.5133128,2.8300443,-0.2064263,-1.9741867,-2.745112,-3.840968,3.2673173,0.8912801,0.39037386,-1.2420447
1.8361477,2.2389286,-1.0786977,-1.0222673,-1.1212789,-2.1267881,1.2423282,-0.35393333,-0.22650532,0.5537141
1.9974087,1.3183537,-1.2473578,-0.20240484,-0.20118721,-2.9655626,1.7191017,1.0645905,-1.0074395,-0.32406062
2.8604884,2.384785,-1.4965117,-1.6725694,-0.39157325,-2.8433495,1.9637488,-0.22060888,-0.9449179,0.53052795
2.829194,0.71883005,-1.1981503,-1.459362,-0.84073687,-2.224282,1.8206606,0.51393133,-0.4269724,0.30435294
2.4846022,1.688172,-1.4832758,-0.9059818,-0.84172225,-2.764169,1.7053983,0.5924921,-1.3221335,0.9150384
1.5356827,2.710646,-1.751711,-0.4031574,-1.7400539,-3.1604111,1.3350854,0.5784211,-1.7476165,2.4356408
1.4901072,3.8512208,-2.401429,-0.7836931,-0.20514129,-3.2048032,1.3218337,-0.1466324,-1.4054853,1.5767934
2.7961788,0.18005139,0.41489735,-1.7092903,-3.4349477,-2.402615,2.6630256,1.6147885,-0.12453477,-0.12405008
2.3806221,2.0782378,-1.402337,-0.53184843,-1.6616834,-3.2829523,1.6758828,0.553734,-0.99684185,1.1466005
1.0200356,1.8562378,-1.4048313,-1.1286477,0.9507912,-1.760889,0.8427975,-0.07154417,-0.7425199,0.34322488
2.4356887,2.6854284,-1.6687527,-1.3001953,-1.1155791,-3.1632745,1.6833586,0.14803892,-0.52435625,0.8662757
1.7551461,3.014758,-0.71214724,-2.2178051,-1.6655828,-2.4395401,1.9889514,0.13231865,0.5340546,-0.46143627
1.6389993,0.6353267,-0.73683244,-0.69759005,-0.26931947,-0.4435827,0.028881712,-0.23321813,-0.46716043,0.744302
2.8570535,0.73624724,-1.1571486,-1.3873831,-0.9287244,-2.0016348,0.6129295,0.12189281,-1.2717849,2.4245107
1.8082143,0.95943964,-0.7008043,-1.0732775,-0.82827806,-2.6944153,1.9837651,0.9647214,-0.71401393,0.44648802
1.7109302,1.9995637,-0.7092567,-0.64672667,-1.249299,-3.0047753,1.7721221,0.5838686,-0.6625523,0.3283667
3.5785382,-0.37512797,-1.0456195,-0.9528862,-1.1119729,-3.2646797,2.3831267,2.2158477,-1.4377956,0.19224268
1.928625,2.4203606,-1.2993553,-1.51233,-0.7024537,-2.5049238,1.6381662,-0.18987316,0.11818941,-0.16476989
4.489337,-0.23212175,-1.513743,-1.2047473,-1.4853083,-4.0044794,2.2963893,1.6943235,-2.481567,2.5272593
1.002163,1.4161625,-0.06818186,-1.2634243,-1.2263777,-1.7233565,1.3777022,0.23126164,0.3961679,-0.37431818
3.0240552,1.852301,-0.060752183,-1.0564302,-3.708749,-3.7272666,2.8806338,1.2163229,-0.111120984,-0.49424106
3.2174573,3.424781,-1.4450318,-2.842029,-1.8520889,-3.5231051,2.8533769,0.46645504,-0.5358834,0.45643294
0.6743771,3.714171,-1.4556161,-0.7804706,0.55518657,-3.6739645,1.7824539,-0.305004,-0.13714449,-0.5558348
-0.01527302,8.767709,-3.1617506,-2.120902,-0.06372093,-4.1219363,1.0842273,-1.6119521,-1.5695065,2.6986148
0.93043554,5.165833,-0.9058175,-3.0155132,-1.0022061,-2.594391,0.76435006,-1.040234,-0.00482009,1.4832761
0.5977795,5.3951526,-2.0308323,-2.0482419,-1.4280431,-2.3983777,0.8834103,-1.1840107,-0.8379068,2.9416137
0.26009658,8.029954,-2.6494133,0.6550884,-2.6439335,-4.801149,0.55905545,-1.3110025,-1.1661992,2.6091785
0.3471866,6.6387286,-1.8157067,-0.7627138,0.17719711,-3.9570348,0.59794086,-1.6844909,-0.1395367,0.41540754
1.6770953,4.6467175,-1.7546033,-2.0675573,-1.1348325,-2.9692366,1.3597836,-0.6751909,-1.050059,2.098694
0.19607678,3.512842,-1.5486445,-0.90926605,-0.8227023,-1.9446629,0.44338012,-0.22379738,-1.0301733,2.0926268
-0.7396023,7.9546695,-2.1517875,-2.0599227,-0.8205081,-1.43049,0.08298232,-2.6763437,1.1559083,0.4626152
0.32908592,5.6445827,-1.9093539,-1.170147,-0.04101704,-2.431485,0.32184136,-1.5989344,0.1752304,0.4318332
-2.7941911,7.5731573,-0.8291195,-0.785635,-1.0901076,-1.1815883,-0.8297952,-2.5268342,1.8880283,-0.13171929
-0.73625946,6.631334,-0.9606118,-1.7396828,-0.18923222,-2.2508829,0.19636138,-1.5789604,0.3647285,0.05857551
-1.0891423,8.243448,-2.3528764,-1.7888489,-1.0799698,-2.0273907,-0.023691015,-2.5073626,0.87340647,1.2009428
-0.33622667,7.5252666,-3.063744,-1.3258412,0.19149818,-3.2007754,0.2675537,-2.205932,-0.37038222,2.0882444
1.4774467,7.7128043,-2.9839625,-1.6319978,0.39809835,-5.15783,0.9224913,-2.0432503,-0.89636415,1.8693776
-1.288556,5.5329337,-1.6159712,-0.6283343,0.6648236,-0.6062179,-0.6231494,-2.3376243,0.05301394,0.668843
-2.0311787,7.125968,-1.2940325,-1.7701586,-0.6475929,-1.1218272,0.009742005,-2.7054327,1.3011531,0.45783758
-1.3459598,9.2551,-2.7674716,-2.5441673,-1.1494789,-2.5219202,0.073635,-2.3305166,-1.0019759,3.8537881
-2.2781608,6.1924815,-2.1150386,-0.17990251,0.07864727,-1.0245072,-0.04324077,-2.1625555,-0.088293776,1.2667649
0.4095985,10.275374,-3.4662058,-2.0490642,-1.6361415,-4.8432136,1.2733389,-2.5931187,-0.8319108,3.0198326
-0.73947203,7.396614,-1.8353777,-1.8700566,-0.40539157,-2.4500852,0.38884163,-2.5115042,0.29209226,1.0667338
-0.41699556,7.210935,-3.3735483,-0.56868064,1.1201706,-2.2726982,-0.924655,-2.7736628,0.011603434,1.5750015
-0.048914135,6.512817,-2.350851,-1.6531053,1.3844231,-2.1888852,-0.13996781,-2.6717484,-0.24470936,0.9683061
-2.3917658,4.889829,-1.7299961,-1.3583835,-0.2929002,-0.60283434,-0.49059558,-1.3894968,-0.7709836,3.8310015
0.2671995,7.914784,-2.6317282,-2.548731,-1.245264,-2.6281126,0.31199676,-2.1381462,-0.4444771,2.817664
-0.77255225,6.958124,-2.6007745,-1.705909,0.5321702,-1.3237257,-1.3344841,-2.9129317,-0.15440612,3.0935442
1.8574321,-0.71344525,-1.7034905,-1.1159804,-1.2505062,-0.5978138,-0.22080962,0.846202,-2.7176714,5.7880754
0.78034055,2.5230343,-3.5638783,0.10494228,0.45370972,-0.9096286,-1.2917498,-0.9666,-3.487398,6.29657
-0.27534583,2.2572682,-3.162125,0.8820289,1.458801,-1.0455401,-2.5163324,-1.5445747,-4.304033,8.210635
-0.98204494,0.8827183,-2.3977752,2.4429758,0.5945534,-2.1751366,-1.5149848,-0.052086294,-3.833146,6.5315285
-0.74592495,3.259018,-2.460729,0.010355011,-0.1578369,-0.5202179,-2.5518801,-1.7440753,-2.7313292,7.209805
-0.85895896,0.9110076,-2.7751446,1.1288095,3.3467984,-0.8472775,-1.9758761,-1.1379626,-3.5324166,5.441091
-0.46421394,1.5906966,-1.2528204,0.510355,0.7985232,-0.76341045,-0.42632115,-0.63132334,-0.844613,1.3556929
-0.5514579,4.0276084,-2.3861883,0.33604687,2.1339412,-2.1935,-0.6901753,-1.4144418,-1.2722573,2.2530549
-0.30006984,4.623575,-1.8804176,-0.6479157,0.014821306,-1.9300607,-1.3911145,-2.375852,-1.770183,5.265494
1.8379822,2.8817337,-4.0693817,-0.3320316,0.44683015,-3.5955822,0.6539376,0.4431789,-4.23301,6.151884
-0.93976855,-0.019650444,-2.044159,-1.1142331,2.1215627,1.2415051,-2.021915,-0.74911994,-2.7790096,6.0968285
-0.6436926,5.5052667,-2.4910536,0.5904402,-0.650542,-3.1787798,-0.31243783,-1.472343,-2.3253386,4.7799616
-0.2342112,-1.1303968,-1.0131934,1.4229512,1.3845279,-0.93896544,-0.86762655,0.35166815,-2.467241,3.429445
-0.7744932,1.8910277,-3.286122,1.4200789,1.3077366,-0.66994774,-2.7911992,-1.0708067,-4.2634406,7.7546225
2.315758,-1.272966,-0.83482367,-0.11467813,-0.7445562,-1.5369467,-0.13611113,0.7280714,-3.0311425,4.8069296
0.094121784,1.2750177,-2.6892266,0.9280287,1.1361215,-2.0851371,-0.927227,0.17159912,-3.9548044,6.1443043
-0.55908644,-0.9014764,-1.4121277,1.6372833,0.655764,-0.22535379,-2.0488298,0.17136407,-3.1875293,5.5965414
-1.0780404,0.05753614,-2.555426,1.9813814,3.76849,-0.6535635,-2.5193312,-0.91383296,-4.204703,6.1642547
-1.0598052,0.0018531829,-2.0300293,0.61235857,1.3210886,0.6994338,-2.5713384,-0.70096284,-3.441425,6.6444793
-1.4758719,6.1368113,-2.3157394,-1.4727283,0.4401238,-1.7659774,-0.5282052,-1.7574916,-1.1940852,3.4668124
-0.20088086,-0.19627075,-2.8917282,2.7234986,1.1196345,-2.0571575,-1.8504214,1.1184225,-4.793704,6.828681
-1.6126219,-0.169767,-3.2926528,4.2628365,3.1789675,-0.8392038,-3.2391758,-0.86592394,-4.6283784,7.100572
-0.45530924,0.591298,-3.550468,2.021522,2.8563395,-0.3466637,-2.6384177,-0.83594686,-3.5615237,5.241127
0.86342907,1.1836405,-2.2014306,-0.04516603,-0.06550224,-1.6153225,-0.38312814,-0.40542164,-2.938391,5.517893
-0.8655845,2.8287547,-2.652883,-1.6755228,0.79194826,-0.22026123,-1.8705,-1.4209588,-3.4439514,7.7506237
-0.72743225,0.13874146,2.215818,-1.3445039,-2.6559453,1.3108677,0.5794189,-0.3371552,2.8020694,-2.2411807
0.46773174,-0.0698771,0.7270937,-0.55809,-1.4266534,-0.49459374,0.72093594,0.41213566,0.66208595,-0.79016346
-0.42731977,-0.13555746,0.6548438,0.067484066,-1.0538672,-0.867523,1.6213286,1.1712492,0.68266255,-1.862858
0.27981916,2.2578897,-1.1490366,0.18114449,-0.36100852,-1.9225823,-0.044995166,-0.052965596,-0.5207943,0.95356315
0.66741514,-0.4783184,1.2474974,-0.55459166,-2.9376829,-0.83863515,1.5328286,1.1265302,1.0197314,-1.143743
-0.9917866,0.2574548,2.057292,-0.65658134,-2.9032543,-0.16809519,1.653286,0.62136465,2.2237637,-2.4543288
-2.4116642,0.012135237,2.3933835,0.34960145,-3.5740724,1.6729436,0.23462948,0.04945521,2.5427873,-1.965745
-1.2728423,-0.90793777,2.0309646,0.088743344,-2.280341,0.9567398,0.23448598,0.3681305,1.8842897,-1.535914
-0.34857422,-2.295666,3.1050375,-1.0079405,-3.1687977,1.5286709,0.9264386,1.0472653,2.63852,-2.6807556
-0.48075932,0.34338367,1.8775591,-0.9205903,-3.3030715,-0.7748536,2.0216799,0.7762459,2.2457135,-2.5435255
-0.8698865,-0.5130401,1.9442612,-0.71992135,-3.4201372,1.1433893,1.0705812,0.72446936,2.5824077,-2.5619202
0.56165826,-1.4234049,2.2042468,-1.1516404,-3.6079843,-0.5201143,1.8717461,1.8986754,1.9345151,-2.2007017
-0.46566436,2.366129,1.1494879,-1.3336669,-3.2238455,-0.8594152,1.6680478,0.073707595,2.3798788,-2.3981354
1.926617,0.5145687,-0.2784122,-1.2150979,-2.1183968,-3.0120966,2.7945247,2.0268347,-0.22229713,-0.42854548
0.79578567,2.0026803,0.8447243,-1.2407384,-3.9018502,-2.0034113,2.3852484,0.67076033,1.2296715,-1.085808
1.5354728,-0.1826999,0.8227746,0.014207616,-3.0632012,-2.2689664,2.1495347,1.4985898,0.5254244,-1.3624306
0.5107416,-0.7075762,0.8440969,-0.54959834,-2.4107542,-0.077487335,0.90203947,1.0847838,0.7884066,-0.48492754
1.9404796,1.625356,-0.9882603,-0.682979,-0.36576635,-3.1261978,1.9144403,0.5281467,-0.36305836,-0.43282995
0.46885177,0.45786715,0.18705146,-0.67407596,-0.5327412,-1.0356153,1.3313512,0.5830166,0.41365442,-1.17969
1.326276,0.496329,-0.14066365,-0.088352755,-1.2478068,-1.4795933,1.1420947,0.7404193,-0.366156,-0.3768521
1.6735808,0.84680283,-0.30804792,-0.9060073,-2.1377375,-2.601414,1.8280805,1.1502633,-0.2732346,0.41901696
-1.4092861,-1.2063313,2.4149234,-0.13950942,-3.1428583,1.337314,0.8299876,0.7405686,2.1770098,-1.8791194
0.8596792,0.45536327,0.3587284,-0.43514836,-2.2955158,-1.8665553,1.3763604,1.0480671,-0.023421247,0.20513326
0.24112526,-0.8303623,0.93694913,0.65553653,-2.834289,-0.70827115,0.9873049,1.2659206,0.38946506,-0.1398822
0.47396168,3.57851,-1.7640828,-0.3983001,-0.26980942,-2.256262,0.54661256,-0.51506233,-0.46666566,0.98220164
-2.9855149,-4.560943,3.6783555,1.086556,-2.5465288,4.527484,-1.1866273,1.2115452,2.4626267,-2.17674
-1.6647781,-3.4990685,3.1060324,-0.9456582,-0.1856076,4.9376264,-2.0891795,-1.4511154,1.6227831,-0.53461474
-1.8933604,-3.7225544,3.0989254,-0.6174942,-1.7063941,5.429954,-1.3243229,-0.52237684,2.4182274,-1.5598025
-1.1806518,-3.1687987,2.8308156,-0.27614886,-2.5712569,4.165255,-0.5583731,0.43444026,1.3498853,-1.3349493
-2.0853815,-1.6991371,1.8983077,-1.4165885,-0.088884994,3.275283,-0.6176905,-0.795582,1.7999697,-0.9287551
-1.1101778,-1.9220116,2.3674617,-0.009730175,-1.5586088,2.4307797,-0.1770656,0.24387047,1.7700284,-2.0336955
-1.3843358,-3.8191125,2.8777897,-0.4103136,-1.5040387,3.671368,-0.46105355,0.50096184,1.7560847,-1.5060458
-4.1354537,-2.4008753,2.4209976,0.571049,1.894857,5.834849,-2.92235,-2.3054159,2.9610786,-2.6775851
-2.081429,-1.5862985,2.1496985,-0.13860051,-0.76368356,3.286598,-0.9669488,-0.3633622,2.215038,-1.9660113
-1.9079989,-2.437155,2.5371034,0.0998431,-2.1239672,3.0796902,-0.5456338,0.19327766,2.6580484,-2.3325067
-2.9982095,-2.5340912,3.5548604,-0.44746798,-2.5198412,4.6492,-1.5107207,-0.80581343,3.2490904,-1.6202407
-1.9254241,-2.3323681,2.1507049,-0.544141,-0.8554609,4.5799603,-2.323582,-1.2519891,2.2400181,-0.30033758
-0.67756116,-1.3801649,1.0443544,-0.8394433,0.18055625,2.7271695,-1.0560255,-0.6854838,1.02899,-0.31963158
-2.0859852,-0.2904063,2.0793788,-0.84954286,-0.6076027,3.4816175,-1.1436738,-1.6214876,2.8926098,-2.2762344
-2.7873156,-3.005659,3.638161,0.40502393,-2.372827,3.6523297,-1.1832862,-0.1876592,2.988331,-2.2415724
-1.0215367,-1.9284599,1.6189536,-0.16423626,-0.98705125,1.9338166,-0.32743797,0.4430493,1.176218,-0.84518945
-3.4035578,-1.9274182,2.9612486,0.42262125,-0.51009357,4.7357216,-1.8125527,-0.97565126,2.9603102,-3.1453254
-1.651134,-1.457613,2.0590556,-1.3951077,-0.9425937,4.5346365,-1.3237345,-1.694339,2.4346282,-1.3214469
-4.5131316,-4.0953236,4.97979,-1.4180288,-1.9916782,8.585499,-2.6493607,-2.4072998,4.4038033,-1.8696339
-0.98939073,-1.1541604,1.9470257,-0.5967358,-1.6449761,2.9053357,-0.9010754,-0.59735334,2.1202018,-1.5626297
-1.4334975,-4.5534782,3.6967642,-1.4383945,-2.699366,4.6505575,-0.82169783,0.62510014,2.4604144,-1.1765902
-2.2226439,-3.7577717,3.5335133,-1.3267257,-0.555896,5.31368,-1.654294,-1.1907628,2.9271913,-1.7112973
-1.7956792,-1.8951101,1.9479626,0.3827346,-0.46986854,3.514105,-1.6753378,-1.0630026,1.2394578,-0.90827054
-1.7374303,-2.8088956,3.1066341,-1.5797837,-1.1034276,4.756828,-1.0569108,-0.6843354,2.3467238,-1.9181507
-0.30148202,-1.494524,0.9105706,-0.2746848,0.23935494,1.6094191,-0.6542927,-0.31254947,0.10065003,-0.08379215
-4.814541,-0.43595064,-1.4695653,1.5489368,6.623881,4.5146503,-3.7425869,-2.8531644,-0.9506399,1.4014907
-3.1310697,-0.08039723,-1.642948,0.66665906,7.1110153,2.5550668,-2.9889112,-2.271652,-1.3582294,1.4368296
-2.2782276,-0.63116753,-1.9010247,0.75354654,5.8392005,2.3343587,-2.2194946,-1.0327574,-1.7456193,1.0041611
-1.5030376,-0.77977073,-1.4111832,1.1415062,4.739781,1.7640293,-2.973679,-1.477272,-1.8002955,2.5322826
-2.6433544,0.5022997,-1.313251,0.7753296,5.0776763,1.849665,-2.0924788,-1.8737323,-1.3246529,1.5205953
-1.8167962,-0.005734667,-1.583909,2.3318954,3.9907093,0.13984317,-1.6800655,-0.62279236,-1.1517215,0.53045315
-1.443174,0.5155827,-1.7845243,0.90781087,4.2478213,-0.02968146,-1.5927283,-0.72085804,-1.7779381,1.685324
-3.2994633,-1.186934,-1.5180382,1.7854689,6.755585,2.787791,-2.872961,-1.8799894,-1.566136,1.3335836
-2.6648986,-0.14013158,-2.0786138,1.7347057,7.741202,1.5607041,-3.3846796,-2.1945364,-1.6850629,1.2081907
-2.083902,-1.6888008,-0.88984364,0.7418767,5.738315,1.9359628,-2.2850838,-1.3290787,-1.0187119,0.7653527
-3.1790526,0.67475325,-1.4482707,0.22820573,5.156071,2.6899762,-2.4871716,-2.2359712,-0.8806327,1.5473232
-2.0818796,-0.15800212,-2.2118556,1.1044304,5.874986,1.8532761,-2.4015691,-1.4568019,-1.8806919,1.4918334
-1.5375575,-1.51557,-1.4187756,1.5877776,5.27235,1.4704074,-2.6963155,-0.9548364,-1.0444167,0.79188937
-1.4956874,-1.3292006,-0.55508345,1.6213467,3.0988796,1.9076009,-2.3293726,-0.8374673,-1.1805637,1.1316037
-1.3933536,-0.8279382,-1.3017727,0.7478645,3.8423126,1.5228822,-1.3688339,-0.63886523,-0.94679946,0.1475032
-4.055651,-1.2185042,-3.047054,2.895166,9.416167,3.2102683,-5.369862,-2.510342,-2.9664388,3.5654025
-4.2171483,-1.8895032,-2.0667932,2.3004727,9.217501,3.2916875,-4.06972,-1.792074,-2.0250092,1.3777416
-3.2568681,-1.3363339,-2.1923242,2.4010866,7.362004,2.8299987,-3.5409136,-1.827265,-2.1709576,2.0183108
-1.6150616,0.0023798496,-2.4686625,1.139982,6.360211,0.89864147,-1.7899565,-1.0605158,-2.1890848,0.9893891
-2.274686,-0.32178545,-2.6218686,0.487563,6.662802,2.2459726,-3.0185516,-1.4390607,-2.4307206,2.7955377
-3.5199432,0.9991294,-2.0604055,2.5397103,6.901813,2.1579335,-3.816026,-3.2530086,-0.8028055,0.75539494
-3.578807,-0.91175175,-1.2796948,1.0892774,7.5324683,2.2631257,-3.0023856,-2.1401348,-1.4690235,1.7344933
-1.8803115,-0.54295194,-1.4212879,1.8368936,5.345138,0.5104056,-1.6101955,-0.5661366,-0.90600103,-0.49843484
-2.3068087,-0.3781007,-1.8790835,1.3721578,5.8108435,2.1202712,-3.0934591,-1.6277366,-1.426608,1.0189948
-4.0758076,1.1668737,-1.4646288,0.81722546,6.433249,3.1432934,-3.489842,-2.796827,-0.4574137,0.543467
0.03229697,-1.0935624,1.2539352,0.26039428,-2.1945295,-0.87259597,0.9608135,1.7886264,0.29750845,-0.53754807
-1.7458404,-0.5481025,1.1559576,2.0124106,-1.3717494,0.7622862,-0.27335334,0.2466855,0.4622566,-1.1189573
-3.0140357,-1.5359137,0.5121537,5.5042014,-1.5763196,-0.07843168,-0.35798976,1.8575675,-0.011658955,-1.5213828
-1.7806457,-2.456416,1.4973165,3.724657,-1.6160185,0.3005811,-0.42866158,1.218204,0.49948767,-1.1988606
-1.417942,-2.8211005,3.4598753,0.57971895,-4.276533,2.0272756,0.8869846,1.4994242,2.7923748,-3.065092
-1.8369887,-2.0826323,2.2504225,2.6055388,-3.6816854,-0.45446652,0.87548894,2.1418679,1.0677392,-1.4158034
-2.2885013,-1.9081593,2.5033486,0.43705225,-1.8211603,1.7866346,0.4703213,0.6968774,1.7296311,-2.206559
-1.385162,-1.9017231,2.371328,0.68452275,-2.508056,1.2435828,0.11113292,0.21496475,1.9017215,-1.223131
-2.1203372,-1.9641466,0.5944557,5.1728888,-3.0105238,-0.68756276,-0.27722782,2.6323683,-0.9655457,0.27933836
-0.7728329,-0.24525572,0.84723413,1.14458,-1.465692,-0.7078137,0.69053257,0.5426281,1.0041524,-1.4938974
-0.0154737085,-1.8200645,2.748166,0.1544834,-3.212214,1.0528157,0.80665654,0.8856352,2.1010966,-2.834391
-1.5661,-1.8195736,0.71385133,3.6492577,-0.39775813,-0.6962642,-0.022117363,1.3870847,-0.59481263,-0.5638267
-1.6505342,-0.38180798,-0.40092936,4.9503055,-1.168989,-2.1620698,0.09339355,2.2751143,-1.3474863,-0.674109
-1.6900196,-0.6157961,1.0137011,2.5959604,-0.56669796,-0.18389173,-0.26973438,1.1217511,0.95699286,-2.6143732
-0.04059434,-2.1877534,1.466383,1.8575661,-3.0721698,-1.4877015,2.281116,2.6468818,0.191231,-1.953685
-0.621253,-4.076775,1.2190868,4.055923,-2.0556827,0.32842532,-0.35768083,2.5967808,-0.8341409,-0.24392837
1.018037,-1.8879802,0.0015983488,1.5975521,-0.8577969,-0.92199624,-0.07953675,1.1405835,-0.96642476,0.7394317
-1.4577051,-2.4509015,1.9562795,4.042346,-2.8664079,-0.46626496,0.30552804,1.9932675,0.57128227,-1.8371227
-1.5470278,-1.6069894,2.4918306,0.9582983,-3.0975013,0.15510218,1.207123,1.8774567,2.0765557,-2.9537833
-1.2317828,-1.712693,1.472278,2.7253938,-1.4724786,0.016191565,0.24618562,1.1755347,0.8854955,-2.3911645
-1.4453598,-0.8064482,1.636074,1.7392553,-2.080056,-0.47935963,0.4277727,0.9357386,1.149401,-1.7257352
-0.96350694,-1.3672079,0.42759708,3.0052192,-1.9940431,-0.5669383,-0.336874,1.0452118,-0.5919723,0.8817572
-1.1487201,-3.222564,2.2883813,1.6683897,-1.3952408,1.7673464,-0.28813922,1.3046575,0.48368362,-1.5628669
-2.3616405,-1.261721,0.4804627,3.9190364,-0.7304579,-0.74477005,-0.42510682,1.7578287,-0.67916375,-0.201843
0.7322378,-1.4959279,0.63878596,1.6211989,-2.4319463,-2.6741283,2.0662103,2.4275422,-0.9650406,-0.23026696
0.01877451,1.632952,1.2570877,-0.7217263,-3.2416987,-1.8391719,2.6064281,0.5194681,1.55267,-2.1167533
-0.1317662,2.7724957,0.09223238,-0.41155887,-1.8141503,-1.9160621,1.9422774,0.18598875,1.8056388,-2.893841
0.72171724,1.8769137,-0.00059542246,-0.4344207,-1.1998074,-2.3137326,2.3693295,0.22969502,0.93534976,-1.923032
-0.112635195,3.5750756,-1.2955582,-0.3604591,0.85022044,-2.2762768,0.9829222,-1.1718769,0.6016479,-0.888594
-0.25917023,4.9274125,-0.79398936,-1.1240406,-0.9873272,-2.3248258,0.9205327,-1.5040834,0.33063567,0.5084527
1.3835852,1.0564033,1.1617398,-1.247812,-2.3480022,-1.6471586,2.2179477,-0.02571433,1.930423,-2.4363916
-0.3641806,5.2299695,-0.9999759,-1.5717957,0.4023571,-2.2923722,1.5151726,-1.7880697,1.3774179,-1.7051849
2.068052,3.462704,-1.2164288,-0.32735193,-2.2143974,-4.563207,2.6509662,0.7591181,-0.6317909,0.06762338
1.3370558,3.6611032,-0.7649511,-1.3571659,-2.4495296,-3.1326854,1.8216501,-0.22183087,0.2842184,0.49482852
1.759503,3.6109324,-0.7841213,-1.2902933,-2.414289,-3.6554356,2.5135462,0.17781854,0.71553063,-0.7233239
-0.8712448,2.468899,-0.16923335,0.14897966,-0.6898617,-2.1505325,1.3515847,0.16607499,0.04112016,-0.4463154
-0.37578535,3.87109,0.08617419,-0.2674412,-2.4022415,-2.8164237,1.606596,-0.32348332,1.2425995,-1.215533
-0.82176816,2.273115,-0.15534769,-0.011962578,-0.6837162,-1.992781,1.5260317,0.09068295,1.2953871,-1.8093259
2.5809078,3.6824863,-1.1806306,-1.6567068,-1.6563287,-3.4441597,2.2946305,0.3516974,-0.36404726,-0.18895179
1.4836609,4.323405,-1.2746753,-1.2433958,-0.9695821,-2.6198108,1.7173071,-0.78792125,0.7857488,-1.3458176
1.3815236,6.552617,-2.8808436,-1.6552536,0.64286923,-4.1843996,1.3834121,-1.3692503,-0.47793436,0.8700301
-0.22760949,6.009878,-0.1333338,-2.3467,-3.702385,-3.0812113,2.4887743,-0.11184716,1.7694614,-1.0175583
-0.6882353,6.1221824,-1.4950104,-1.4610533,-0.9122151,-2.5764654,1.462223,-0.99996716,1.0953708,-0.94328624
-0.63514876,4.2889442,-1.7244917,0.259216,-0.063596055,-2.424933,0.36236238,-0.30288327,0.11326815,0.26017624
-0.17720537,3.3650277,-0.13706979,-0.88198924,-1.0488154,-1.9114733,0.97363454,-0.35382372,0.9431594,-1.0208924
-0.15933383,3.1216648,-1.043527,-0.20299792,-0.58858925,-2.24339,0.9831396,0.00707224,0.049767528,-0.23311251
0.32916433,4.697513,-0.23888335,-1.7474924,-1.6876681,-2.6596894,2.40049,-0.56295973,0.98433,-1.6602752
0.63199663,5.78679,-1.7696481,-1.5983312,-1.5319501,-3.6680825,2.219204,-0.5937559,0.034597475,0.29915798
-0.88973355,2.8115613,-1.1778404,0.45513427,1.2414854,-2.0826526,0.24051104,-0.25824642,-0.525279,-0.19117256
0.7971935,4.5699897,-1.5047748,-0.17963801,-0.8252623,-4.281217,2.2424414,-0.16545832,1.0072894,-2.0993311
-0.41020656,1.9911714,-0.24565002,0.08118373,-1.0510988,-1.6239362,0.6882596,-0.055114165,0.004448492,0.06588054
0.09907392,0.6476361,-0.7356689,2.0141237,-0.2283298,-2.6683798,1.1460984,1.2813449,-0.9659434,-0.5237354
0.5099815,0.365563,-0.22629577,-0.028661326,0.13805537,-1.8874062,1.8004764,0.86743814,0.2637928,-1.7541513
-0.5119886,-0.8920088,1.2200999,1.12147,-2.8431075,-1.1393656,1.7125856,1.6496522,0.8174004,-1.5097485
-0.14794561,0.2208055,0.6194316,0.17995109,-2.0606518,-1.2155995,1.2728746,0.8979381,0.494482,-0.38945413
2.3107183,2.7640016,-1.7493547,0.80865645,-2.1050963,-4.937557,2.5279694,1.6624498,-1.6755674,0.5198173
0.48852912,2.7759686,0.2603046,-1.5942565,-3.4319372,-3.5293891,3.262064,1.1420324,0.612886,-0.3421573
-0.47986317,1.1616648,1.0526959,-0.23184316,-3.115121,-1.7172873,1.8433652,1.0831544,0.7611748,-0.5575124
1.1885394,1.8930433,-0.8694085,0.08002637,-0.9630201,-2.7673252,1.5873116,0.47414094,-0.35759965,-0.3577566
1.1464571,3.4564126,-1.9777062,0.2022347,-0.8610562,-3.8256814,1.6208434,0.60053366,-0.8574441,0.28331208
0.2323291,3.5268016,0.5176399,-2.0683846,-2.415991,-2.263869,2.4044533,-0.1388852,1.9370537,-2.1429167
-0.5030719,4.227479,-0.9586475,-0.91488373,0.14823437,-2.0298247,0.57350284,-1.1303573,0.70184726,-0.4327755
0.75504386,0.32920122,0.7426554,-1.0261292,-1.6270121,-1.9225489,2.7408395,1.2415941,1.4692792,-2.9545681
1.9917318,4.75644,-1.984518,-0.35728514,-1.6011152,-4.793772,2.3288915,0.14546657,-0.6372064,0.1507315
0.7087531,3.4393322,-0.73115635,0.41171968,-2.2748802,-4.4544377,3.0283809,1.1594903,-0.11669837,-1.4643841
0.35596827,3.7750702,-0.8439956,-0.9139774,-0.88895345,-3.018141,2.1844351,0.0675281,-0.042035963,-0.7119264
0.088599354,2.2414446,-0.6039873,0.26200247,-0.8934578,-1.9339925,1.2545843,0.3682539,0.18307967,-0.8861269
-0.47499782,2.6626446,-0.75260484,0.58481705,0.054556355,-2.0366025,0.9237292,0.18879741,-0.055430125,-1.0892124
0.70453095,3.6392055,-1.8560612,0.7152536,-1.8383977,-4.0967126,1.7065563,0.6846671,-1.095773,1.2743895
0.026187807,0.15990467,-0.12973733,1.3676643,-1.4512739,-2.3463924,1.6026752,1.5626144,-0.28418106,-0.67867106
-0.068258345,3.3603399,-1.7832017,1.0061412,0.26041526,-3.0520623,0.50780225,-0.3939686,-0.6812079,0.6145834
-0.6779516,2.6489518,0.9006045,-0.21437626,-2.7283678,-1.7914184,1.6473806,-0.13777696,1.568718,-1.7515197
1.7843508,3.347976,-2.0449917,0.44536203,-0.89936864,-4.56237,1.9489175,0.4452603,-1.3694009,0.9505395
-1.0900882,6.566897,-2.2858849,-1.2199205,0.50568736,-2.3950727,1.1726393,-1.3567588,-0.85619545,1.0039775
0.2904114,5.1556745,-1.8969307,-0.16528557,-0.08507888,-3.5203028,1.3351266,-0.43140104,-0.6405993,0.069576025
