0.6857914,2.583461,-1.1508716,-0.31715503,-0.9313152,0.67268884,-0.8182564,-0.15843394,2.671926,-3.0864613
0.07166812,-0.10799405,2.595888,0.15441391,-2.1812918,0.00442037,-1.4186075,-1.0814974,5.9577336,-3.7383008
-0.11732417,-0.25653067,2.5366945,-1.2779181,-1.5875851,0.425119,-0.07414585,-1.4440243,5.058086,-3.03864
0.0008994043,0.265965,1.1994476,0.020939082,-0.9635179,-0.099535316,-0.043355126,-2.0577233,5.983995,-4.11557
0.55381,-1.8261238,3.9645064,1.0689087,-0.86665905,-1.0578951,-0.8142331,-2.2436748,5.153886,-3.6155007
2.030304,0.826951,-0.31066284,0.18271147,0.6958375,-0.43490973,-0.4377665,-2.4023423,2.9993486,-3.0118158
0.6453904,-0.48687568,1.4917061,0.7198001,-1.4071181,-0.49986044,-0.16307624,-1.228503,4.4803023,-3.3062255
-0.57177246,-1.4076363,3.87824,0.4334374,-1.8804339,-0.4840074,-0.2299317,-1.5617073,3.6461477,-1.5883453
-0.44531378,-1.498196,4.122139,1.4980302,-0.47406438,-0.58672774,-1.2871549,-2.8954701,3.185357,-1.4134121
-0.4547412,0.6385639,1.0559982,0.6421969,-0.1692042,1.4851651,-1.5210097,-2.6059384,4.152513,-3.0563905
-1.2829211,-3.0288436,5.3199406,1.3682767,-1.6715221,-0.4711409,-0.46346727,-0.7763834,2.4974184,-1.2507972
-0.31678045,2.7924337,-1.1720511,0.6603656,2.6035767,-1.1556263,-1.085282,-2.8020744,0.44912812,0.16386303
-1.115262,-1.307223,4.101872,-0.1299484,-2.6836855,0.9078324,-0.26737377,-1.0600736,3.8886585,-2.1174638
-1.0815109,-1.0690289,1.928467,0.79869366,-1.6880122,-0.41883376,1.6154326,0.149423,3.2105503,-3.1955204
3.5367846,-1.0184339,1.3023934,-0.058927834,-1.6305496,-0.37785813,-1.4662671,-0.5039404,2.071907,-1.6754756
-0.044501588,-0.91453147,3.8337922,1.5216619,-1.0057552,-1.5469915,-0.31523004,-2.7709873,3.4068835,-1.8804736
0.49266663,-2.9341092,4.8500767,-0.010229498,-1.6883184,0.36135712,-1.1563097,-1.2478728,2.5758498,-1.0978162
4.301375,-0.3705579,-0.30973074,0.58642685,-0.056145906,-2.6002824,-0.7401176,-0.53605014,0.2704528,-0.35499007
1.7034836,-1.0126337,2.18999,1.7714614,-0.8699446,-2.2848837,-1.229084,-1.4891887,4.0418234,-2.4804528
-0.33579478,-2.8000157,4.188318,0.9178945,-0.63797927,-0.6100621,-0.58708435,-0.97918344,2.8651686,-1.8397164
1.102036,0.054865807,-1.8498341,-0.80527127,-0.019863337,-0.8835077,-1.4584796,0.8346163,-3.8517077,6.9662576
0.014051259,-1.4261197,-0.52923876,0.6584681,-0.0029487163,0.30058903,-2.2687874,1.4331688,-3.5663686,5.460676
0.21662904,-0.81377435,-0.5642389,0.37541726,0.1827698,0.05181986,-1.8138789,0.91946673,-4.092973,5.5979404
0.02879399,-0.47525236,-0.72467256,-0.42190123,-0.56198144,0.10263476,-1.4843314,1.3364184,-4.460695,6.721401
1.5043507,-2.9053392,0.83048624,1.7607597,-2.834822,-1.8736496,-0.17521657,3.5235937,-2.4654348,2.8352497
0.41031107,-0.9237499,-0.14327863,0.15992177,0.34899518,-0.05316165,-2.2189236,-0.013755821,-3.9420404,6.4286737
0.28532296,-0.060202688,-0.7468341,1.2428471,-0.28950062,-1.3737792,-2.3126242,0.35544384,-2.9573076,5.990272
0.23817942,-0.99972844,-0.8646494,0.5116892,0.10292718,-0.4842203,-0.9255942,0.8528159,-4.6669426,6.314279
-1.058699,-1.024138,-0.62183464,0.57215023,0.015962273,0.279354,-1.1910344,1.5701613,-3.4820976,5.023037
0.521659,0.28775123,-0.13838959,-0.03539753,-0.96452343,-0.739673,-1.646503,-0.0071055964,-3.0370035,5.845296
-0.92109215,-1.0405875,0.40305036,0.48376012,0.49158868,-0.10304573,-1.5580386,0.11910797,-3.7531936,5.9230995
0.5932344,-0.21688297,-0.76540315,1.6086111,-0.10696536,-1.0719833,-2.743433,0.81746006,-3.478953,5.5329056
1.3559636,-0.42505398,0.2505111,0.28725138,-0.8901613,-0.8790089,-1.710121,0.20857129,-3.2089624,5.121254
1.3225245,-0.38605347,-0.49169195,-0.17913836,0.10778496,-0.71420205,-2.5486236,-0.031238459,-3.941523,6.954111
-0.10388073,-0.22776136,-0.37425673,0.23105031,0.74602497,-0.28672084,-1.6493335,-0.74121463,-3.2578454,5.718909
0.7081156,-1.2643195,0.54264164,-0.38480952,-0.6709244,0.60750306,-2.0491738,-0.047433667,-2.460329,5.0841146
-0.5155399,0.75192344,-0.81999415,-0.20281407,0.2879062,-0.041155964,-2.4419136,-0.4671319,-3.3268898,6.8732176
-0.18758824,-0.64334166,-0.68141925,-0.96869266,-0.45044628,-0.15135975,-0.8291869,1.8454832,-3.5705566,5.6706567
0.1257942,0.28989956,-0.5763306,-0.7257606,-0.41975448,-0.22212213,-1.2394193,-0.36948633,-3.5222602,6.7529697
0.1927411,-0.26372537,-0.96873367,-0.0011421442,-0.24456882,0.14449024,-1.8195581,1.3956568,-3.6650105,5.293459
-0.13069227,-0.6432085,0.13655561,0.39652354,0.32984328,-0.51146877,-2.0511756,-0.18199706,-3.7684011,6.470377
1.5728178,0.23172012,-0.53755355,-0.901965,-0.4449009,-0.67383647,-1.5783856,-0.06274412,-3.1137855,5.5652237
0.6678755,0.1603134,0.13655812,-0.22105308,-0.11965433,-0.6005285,-1.8226924,-0.5876051,-3.2687352,5.762698
0.6889502,-0.8498827,-0.5072381,-0.22262445,-1.1170614,-0.075753585,-0.79102194,1.0134865,-2.6748505,4.614479
-0.35037002,-0.5839932,-0.92195046,0.8072287,-0.048809156,0.003299117,-1.7593617,1.1444962,-3.960772,5.7187753
-0.81384003,0.9028139,-1.7554789,2.0678244,4.197038,-1.236653,-2.1187494,-1.109454,-0.52562475,0.52970475
0.13159373,4.19761,-1.6755215,0.3205421,-0.8430718,-1.8719908,0.058362465,-0.48369908,0.94589347,-0.5535747
1.3870164,3.8000293,-1.8168759,-0.5254289,-0.04178983,-2.4835317,-0.26627442,-0.80605376,1.9491113,-1.0036771
2.5706627,2.809598,-0.70821416,-1.1529863,-0.29404697,-1.9996951,0.21827571,-1.5532078,2.2410724,-1.9316688
-0.8125708,2.4958956,0.41935396,-0.74157965,-0.80998635,-2.0944476,1.4665917,-0.47098714,0.6095362,0.11490044
-0.14779124,4.542976,-2.137237,0.088389814,-0.06752291,-1.7516148,-0.2557327,-0.93087274,2.3584602,-1.4569274
0.35623035,4.6857276,-2.0354302,-0.25151935,-0.6512277,-1.5009582,0.5114302,-0.2739611,1.2287866,-1.833609
3.8676245,2.5036705,-1.0554478,-0.96389186,-1.1040181,-1.7276955,-0.433723,-1.1806271,1.3347074,-0.9973419
1.7166002,3.818903,-2.0056286,-0.18939613,-0.85333014,-1.3796464,-0.5868776,-0.7603855,1.7161305,-1.2796791
1.3236444,3.1288915,-0.8867897,-0.29590783,-0.51764226,-0.53284943,-1.113621,-1.9268934,2.0018544,-0.98404884
-0.63588333,4.3289366,-2.742971,0.9986756,1.33741,-0.03546895,-2.244404,-0.8302561,1.1142364,-1.1448686
1.3568759,5.4772644,-2.423378,-1.3908308,-0.29549548,-2.8255017,1.262318,-1.808664,1.0505228,-0.2090688
4.880526,1.2899826,-1.4334443,-0.83858263,-0.6836089,-2.8566196,-0.6070575,-0.76760566,0.4186125,0.72782636
0.68641806,6.637802,-3.1295602,-0.34042504,-0.42611566,-2.656635,0.4369381,-0.81196976,0.34481362,-0.5076902
6.3701477,0.6539632,-1.0448707,-1.8463304,-1.488526,-2.8115065,0.338619,-0.5247569,0.67105967,-0.15683535
2.742105,0.6185839,1.3644259,-1.1953313,-0.9405693,-1.2945193,-0.6198307,-1.8549769,2.759722,-1.418242
-0.4766251,5.180824,-2.4721875,-0.50734687,-1.0306721,-1.8467739,0.5541312,0.506604,0.5748979,-0.24366006
4.608296,-0.46726647,0.91416,-1.2422202,-1.1185554,-1.6671782,0.13471955,-1.8272967,1.4412224,-0.5812397
3.6315658,-0.68781316,0.12399186,-0.3253829,-0.7389145,-1.0855107,-0.29204842,-0.928023,-0.032578845,0.46151945
3.2221894,2.0265722,-0.39035398,-0.99414253,-0.35542196,-2.5382826,-0.1684912,-2.2607157,3.0189226,-1.3339037
-0.27571985,0.18398431,-0.032069802,3.4734292,0.27119175,-2.0267065,-2.0359933,0.3636564,-0.394923,0.73664856
0.66177595,-0.7323437,-0.502879,2.2621374,-0.6729419,-1.5822451,-0.85958165,2.023634,-0.56987005,0.17334637
-0.8537079,0.10793373,-1.4368439,2.0785952,-1.1245263,0.1295929,-1.9831843,3.4216251,-2.4586177,2.2797604
0.017846286,-0.8735647,-1.0133997,2.0970252,-2.965288,-0.53526497,0.0931059,4.4385457,-1.3784446,0.3406243
4.4654393,-0.740366,-1.2423704,-0.2351047,-1.0977854,-0.94020915,-2.2679126,0.33108705,-1.9103179,3.7879672
-0.9289243,-2.0698261,-0.046610206,2.8843184,-1.3189193,-0.9577154,-0.6874146,4.5721884,-1.4549197,0.21647075
-1.4134707,-0.23025683,0.7632654,5.1336937,-0.77710426,-2.5329142,-1.1854705,1.0548793,0.93848985,-1.4536431
1.7417984,-0.37089112,-1.4035933,1.509547,-1.9047447,-1.2028625,-0.87926286,3.715094,-2.32277,1.3317972
3.0667303,-0.15757051,0.17038657,1.0107037,-0.33003134,-0.20537296,-2.435329,-0.9684051,1.8827194,-1.8424191
1.596193,-1.0027267,-0.06774609,1.7481968,-0.34993178,-1.2305927,-1.1967719,0.5098791,-0.49579868,0.7274903
3.9775822,1.354404,-2.1577601,-0.43239757,0.7500279,-2.029754,-0.8362855,-1.0117056,-0.13724439,0.6971692
1.0574795,-1.5082228,-0.8748254,1.0704596,-1.7695554,-0.6330241,-0.015771601,3.0998878,-1.5481536,1.2934499
-1.1172744,-0.20187877,0.22417015,4.5441966,-0.21661037,-2.2298787,-1.3277069,0.94731164,1.3874378,-1.6467783
3.8935425,0.20635319,-0.03140314,-0.67180395,-1.1665317,-0.44423673,-1.407557,-0.8004189,0.41367343,0.1731197
2.0049071,0.044997126,-1.8842835,1.230126,-0.6875371,-1.5318308,-0.8338098,1.9317714,-1.6197338,1.5083679
0.67066085,-0.8091546,-0.7039763,3.8825824,-0.30883765,-1.5409105,-1.825645,1.5533614,-1.4017501,0.757025
0.63270915,-0.60159796,-1.157117,3.4762516,0.5351875,-1.3188355,-2.879426,2.0352113,-0.9389545,0.44505754
-0.15189499,1.1207005,-1.1291236,1.8132883,0.5039842,1.233716,-3.1125436,0.2768044,0.85997605,-1.2272556
2.1528947,-2.0648904,0.9966234,2.7177744,-0.7520268,-1.0493016,-1.8217132,-0.49425265,0.27705035,0.23145507
1.1647481,-0.6862885,-0.225578,0.6227411,-1.3958913,-0.07847038,-0.6034639,3.0100431,-2.5375352,0.8800998
0.12459986,-0.02664283,-0.48714876,3.568149,0.64377666,-1.4825056,-2.0544782,-0.2828069,1.1704288,-0.8962234
1.7631028,0.20520577,-1.397911,1.8397087,0.75986767,-1.2130307,-3.0272663,-0.21817166,0.06573826,1.4606303
0.60793436,-0.6797446,0.7027521,1.0043861,-1.2024128,1.5591246,-1.9285239,-0.18904564,0.35245672,-0.114509806
-0.6096128,0.45345566,1.1930233,-0.07980129,-0.9587803,-0.6824095,-0.0075276457,-1.272606,5.1623645,-2.9878376
-0.8534974,-0.76425207,-0.59158254,5.9080987,-0.16628614,-2.8992925,-1.0598553,1.8711518,-0.118224606,-1.0412637
3.029342,-2.060294,1.9848845,0.45759246,-1.3022071,-1.1340079,-0.94252014,-0.5263981,1.4328007,-0.7456616
1.9436386,-1.0937994,-0.012455611,1.7271669,0.45459935,-0.8774569,-1.7592738,-0.4434014,-0.24036537,0.5171964
0.6641569,-0.8351923,1.5951544,1.6613766,0.25565204,-1.0965207,-1.0206593,-1.7748275,3.0045526,-2.1788735
0.7992393,0.42775497,-0.2918446,1.5483509,0.58359563,-0.1869972,-2.2796621,-0.8660344,1.043729,-0.610783
0.14569691,0.44109932,-0.95692784,0.982939,0.34736425,0.5313666,-1.4632688,-0.02109661,1.6620678,-1.5271345
-0.026332647,-0.6397368,-0.46558046,3.5374742,0.25960296,-0.93486404,-1.7575533,1.3127903,-1.9758111,0.8935363
-2.2173412,-1.2692338,1.6438779,4.627423,-0.3808768,-0.71064115,-1.3504703,0.5582254,-0.089949295,-0.5829588
0.5715169,0.3641378,-1.3979409,2.7760062,-0.07011056,-0.2287744,-3.2848268,0.7657937,0.36473474,0.3697022
1.9092621,1.356258,-1.4787986,0.26730868,1.2147874,0.19507235,-2.6162498,-1.5118213,0.3723709,0.43677273
2.2095866,0.447166,-1.5662028,0.4680901,0.18625256,-0.28141198,-2.2318664,0.45819283,-1.5612305,1.9826093
2.7505653,0.6991483,-1.1834188,-0.4333436,-0.5935118,0.46972093,-1.6730099,-0.13185447,0.46758738,-0.27051252
-0.6170404,-3.5456772,6.911207,0.22112891,-2.1343367,1.100641,-1.66153,-1.6780328,1.5716125,-0.014886022
-1.6347544,0.75746155,0.38583732,4.0414567,-0.10576722,-2.4477606,-1.2762702,-0.25371787,0.84200984,-0.080146626
-0.714934,-1.7607689,4.7023687,0.59794366,-2.4006777,0.24099004,-1.3685815,-1.5363175,2.9094641,-0.44726998
-1.6617181,0.6688682,-0.8184489,4.4449544,0.20609102,-1.1064174,-1.4578112,1.3363767,1.0287462,-2.3603432
-1.2257771,0.5897461,0.51218534,2.580648,0.29193276,-0.892964,-0.3439342,-1.0744619,1.0890352,-1.3506495
-0.055943638,-1.1078465,-0.54782027,4.7680335,-0.67161834,-1.8176957,-2.3867054,1.8385515,-1.2732538,1.5444267
0.3864264,1.3189849,-1.3849318,2.3527417,-0.7268863,-1.4961157,-0.70816183,0.20769861,-0.7564671,1.0000116
-0.7915584,0.978958,-0.82297,4.6336627,0.46708682,-3.2507758,-0.33199123,0.8831006,-0.18716942,-1.2832841
-1.9052463,-0.46920115,0.051641345,4.285924,0.1415753,-1.7789772,-0.46012965,1.4408224,-1.8063189,0.6513628
-1.5635347,-1.8488464,-0.8475606,5.231233,-0.60888255,-2.0089285,-0.6602199,4.3016167,-1.4382095,-0.25617042
0.37100103,1.5592647,-2.2838726,1.8495336,0.34783113,-2.265906,-0.38112494,0.37567502,-2.5459008,3.1065793
-1.8064055,-0.4080027,0.1835503,5.0533776,-0.5316719,-2.152653,-1.1410079,1.7434158,-1.8189865,1.0827236
-1.8222225,-0.0854291,-0.54382575,4.29291,0.39109007,-2.499685,-0.5863852,1.2774208,-1.6769716,1.4325476
-1.3625722,0.14544806,0.17609042,4.026065,-0.27354655,-1.5821595,-1.6870389,0.2289995,-1.1626716,1.7348821
-2.2600064,-0.19356735,0.06694138,5.0032086,0.5588532,-1.5676167,-0.60675836,1.2859243,0.17040393,-2.2109494
-1.0384007,1.2397121,-0.49829125,3.3276863,0.45928538,-2.7841718,-1.7534885,-0.98301804,-0.9894133,3.3339398
-0.9964404,0.5550214,-0.2283619,4.524611,1.4772172,-3.0793097,-1.1966745,-0.5860266,-0.12051599,-0.12402102
-0.6777754,1.9503137,-1.8940289,2.5086083,1.6408697,-1.3482546,-0.7693927,-0.21709773,-0.288003,-0.727473
0.18355522,1.2360489,-1.5562057,3.2893991,0.8629129,-1.9215043,-2.2800806,-0.016333409,-0.6761508,1.0703725
1.2308946,-0.17349404,-0.28059044,2.0942156,0.15445897,-1.6328819,-0.7872289,-0.6445245,1.0598658,-0.856977
-2.9451675,-0.87361765,-0.19495577,6.468473,0.072084635,-2.3651826,-0.82598925,2.6684494,-1.1106255,-0.6415429
0.85539126,-0.27226546,-0.6318847,3.7649927,-0.086093485,-2.1387534,-1.9021538,0.9516072,-1.534876,1.2006626
-0.8345437,-0.4608628,0.060161114,4.7823405,-0.09791762,-2.7688286,-1.229963,0.8874032,-1.3293141,1.2040106
3.2952883,0.7782016,-2.4717214,1.3026867,-1.4887552,-1.9026392,-0.9323156,2.6364117,-3.1005845,2.099294
-1.187566,-0.40172914,-1.1663648,2.4755502,4.8086443,-0.16765964,-2.1782591,-1.6277313,-1.3430116,0.9082049
-0.5080389,0.16078863,-1.3668782,1.3626046,5.4647684,-0.8117634,-1.7340031,-2.268745,-0.4478989,0.22650748
-1.0471593,-0.109240085,-1.5271645,1.2246673,4.99841,0.18906261,-2.2399435,-1.7636033,-0.8466941,1.0937679
0.24445072,0.16046903,-2.2452295,0.49236336,6.021064,0.058671817,-1.5238954,-2.302369,-1.8684696,0.9252813
-1.492836,1.3976991,-2.6042557,1.596717,6.9883385,-0.4329255,-2.6513338,-2.5434093,-1.0686929,0.85317945
-1.5203909,0.13344815,-1.123659,1.2215979,5.388945,-0.5955168,-1.9062101,-2.1987174,-0.5659119,1.209873
-0.522563,0.94591427,-1.5583832,0.28876737,5.421047,-0.6961504,-0.85420716,-2.0037143,-0.2020039,-0.7867609
-1.4308016,1.2028787,-2.0350041,1.8830246,6.355503,-0.3967941,-2.0576475,-2.0965543,-0.87604344,-0.4975427
-1.1222931,0.2304683,-1.4011177,0.13078019,6.431716,0.561044,-1.6797879,-2.9439633,-1.1285249,0.887462
-0.7856693,0.2779752,-1.5323343,0.06598005,6.1172347,-0.37827626,-1.649034,-2.4304042,-0.39991444,0.6865977
-1.4019955,0.4610425,-2.109075,1.554482,7.4627075,-0.056948572,-2.0480871,-2.9078753,-0.9260694,-0.07225278
-0.8129977,0.531463,-1.7172544,0.25581864,6.1960406,0.7514391,-1.7989411,-2.871333,-1.1427696,0.52132237
-1.8543804,-0.4453372,-0.487831,1.7417111,6.2499504,-0.21866971,-1.4553294,-3.2632203,-0.85222685,0.64372885
-0.8113097,-0.38509044,-1.5228105,0.9465587,4.9562955,0.1839383,-2.3968177,-1.0500232,-2.4151855,2.4617379
-0.5508537,0.47369364,-1.5853983,0.6247122,5.010108,-0.3743631,-1.6551468,-1.9781193,-1.038565,1.1413267
-0.4873586,-0.068990976,-1.4483702,0.75440836,5.183097,-0.06617397,-2.3848872,-1.562809,-0.68168455,0.7517934
-0.26103997,0.056429833,-1.5577112,1.5566866,4.724904,-0.37112692,-1.8585932,-2.1934361,-1.9021962,1.8083163
-1.3958653,0.5442493,-1.6829362,0.5961478,5.182342,0.29813176,-1.5144577,-2.3028705,-1.1007934,1.3584206
-0.9955771,0.84998786,-1.8793558,0.8456296,6.1546636,0.06707874,-2.4338133,-2.6411586,-1.4617113,1.4791877
-1.1348182,0.0074523687,-1.4700875,0.7039163,6.2521086,0.06369123,-1.3398881,-2.4373322,-1.0877476,0.41881827
-1.2448764,-0.64252913,-0.2672768,5.3883667,0.26694486,-2.773743,-1.3747262,1.4842781,-0.06297304,-0.4452511
-3.1061442,0.51134765,-0.98904467,3.6607034,-0.48408476,-1.3686221,0.68187284,3.178484,0.17230399,-1.9516997
0.29123986,-1.1168894,-0.8328363,2.789442,-1.1187304,-1.1949412,-1.2057326,2.5128288,-2.291264,2.4011672
-1.2476566,-0.22598572,0.05920747,3.728412,-0.8730279,-1.8158351,-1.0991988,1.6190662,0.22387604,-0.08335379
2.8220224,-0.27316225,-0.5276427,2.206257,-1.8700827,-0.629374,-2.2611442,1.3962939,-2.297843,1.6219883
-0.55205953,1.3877411,-1.9153297,0.5617498,0.65409136,2.3351543,-3.781743,0.26981258,-0.30481496,1.4576099
1.7514973,1.0327371,-1.8654758,0.3929564,1.5436031,-0.066558465,-1.6107423,-1.5922589,-0.92497635,1.4282739
-0.84210837,-1.3207798,3.3379633,1.9793973,-0.64346385,-0.22764337,-2.0001776,-1.5915622,1.4052825,0.10853328
5.2111783,-0.7256969,0.9639814,-1.0721021,-1.659294,-0.30958152,-1.9783496,-0.6435386,0.6508647,-0.31663322
1.7510611,-0.390059,-0.82719946,0.75520766,0.6446986,-0.6189593,-1.3980968,0.54294676,-1.184734,0.87256706
-0.46205893,1.4423643,0.3484011,-0.16389306,-0.39299956,1.426528,-1.6821203,-1.2965357,-1.46586,2.267649
1.2511396,1.506755,-1.7889764,1.2432775,-0.32811216,-0.42999962,-1.5955129,0.5465251,-0.29977798,0.059346825
-0.4568353,1.4307219,-0.20957494,0.9565046,0.9046967,-0.013850085,-2.7492309,-2.0793712,0.44769332,1.8783416
4.6467566,-0.75329614,-0.42628855,-0.166971,-2.1573677,-1.22557,-0.71567935,0.9559001,-0.11599906,0.17370033
-0.63874674,2.7384756,-1.7168429,0.3919179,0.12524527,-0.39785507,-2.487493,0.04596839,-1.92873,4.0034685
0.10490167,0.2394118,-0.22787112,3.5888786,0.3167808,-1.6540525,-2.1745243,-0.49245298,-0.2241898,0.75128055
-0.71823645,1.9119745,-0.41728467,0.47478172,2.5371823,0.012262672,-2.7582235,-2.3607633,-0.57302725,1.9904653
-0.9688927,1.3692673,-0.6099114,1.2755016,0.2872529,-0.010861576,-2.9893234,-0.50723666,-1.9768347,4.2596235
-0.23078707,-3.9150584,6.258175,0.09752676,-2.9815252,0.39807925,-0.6962598,-1.4199864,2.1167455,0.56078386
-0.7788737,-0.05286506,-1.4037971,0.5677798,-1.0645015,-0.13294208,-0.121530846,2.5938163,-2.7596426,3.3208401
4.020518,0.20890108,-2.2188725,-0.8318572,-0.8179065,-1.104665,-1.4079671,1.0417737,-1.2182885,2.4701831
4.6765494,0.954988,-2.7010045,-0.37552062,-1.0623512,-1.2772477,-0.73476213,0.9114103,-1.4922205,1.2742299
3.5103323,0.6759368,-2.9048586,-0.43675134,-0.39559802,-0.7862376,-0.75267303,1.0696049,-0.2971023,0.4330379
2.5365422,-0.040517837,-1.6768448,-0.57805204,-0.5583776,0.3417171,-1.4197444,1.2962312,-2.1599038,2.359138
3.0517514,0.56761587,-2.8478265,-0.34414962,-0.8735399,-1.5991715,-0.038365502,1.8002594,-1.748944,2.1770723
1.5088326,-1.1500127,-0.26042774,-0.3073517,-0.65772927,0.5732115,-1.8500613,0.8106237,-2.9200196,4.3094654
3.6848571,-1.3357956,-0.56243074,-0.85749197,-0.5854384,0.24342775,-1.3232927,0.50670874,-1.4421755,1.7350547
1.7917085,-2.2377448,0.94726306,0.036581397,-0.9967048,0.5606468,-1.2341254,0.44778067,-2.0185902,2.7818913
2.0688894,-0.43907037,-1.454557,-0.27218434,-1.0181848,-0.70010173,-0.8362839,1.854811,-2.8614125,3.7421267
3.3478951,-0.68848264,-2.3633358,0.3885964,-0.96262646,-1.4607453,-0.09766373,2.3157334,-1.2045434,0.8688904
3.938865,-1.4834588,-0.32135093,-1.1006852,-1.552287,-0.8553287,0.2953321,0.4371505,-1.6832103,2.440206
3.760307,-0.21099922,-1.6060824,-0.97594845,-0.958292,0.0016847551,-1.5016277,0.7146862,-0.79495984,1.6190996
3.2298372,-0.18212542,-1.3595809,-1.4292789,-1.5466998,1.0915354,-1.7708601,1.0196309,-1.518241,2.5343482
1.5459265,-1.23751,0.07902607,-0.13297209,-0.100455314,-0.10150552,-1.313994,0.7289299,-3.033615,3.6771085
1.734251,0.22857726,-1.528766,-0.7342855,-0.43050638,-0.12714063,-1.1838772,1.2219126,-3.5322094,4.481965
3.5540488,-1.9612058,-0.3034436,0.092341304,-0.7862979,-0.62794256,-1.960496,0.84343857,-1.8616364,3.0770473
0.32318354,-0.57683325,-2.064985,0.25124192,-0.38120958,0.8019985,-0.61584496,2.3066394,-2.0365548,2.142175
4.54341,0.16739908,-2.401439,-0.50519276,-1.155722,-1.8376391,-0.85562986,1.6171283,-2.1926699,2.7523408
3.8585472,1.0673636,-2.5736108,-1.4384407,-1.1359347,-0.7906524,-0.24508645,1.1841688,-0.877525,1.0835061
3.2814226,-0.047573417,-1.8865705,-0.84056413,-0.20235369,-0.27379936,-0.5129518,-0.081920676,-1.1423205,1.7847714
-0.48967686,0.8073405,0.3314814,-0.27315912,0.08797008,2.472087,-1.3521523,-1.4141113,2.669795,-2.7967882
-2.043193,-0.90370417,0.21311167,-1.255633,-0.007574782,5.1541743,-1.6854868,0.109451406,-0.39791483,0.7153853
-1.7530138,-0.0008278191,0.107656,-2.2529492,-0.50151956,6.2530975,-1.8773148,-0.56802607,0.35419026,0.12336478
-0.94271827,-0.286016,0.27456394,-1.6499007,-0.85825753,4.4926896,-0.7538642,-0.66694546,0.8190725,-0.48573247
-1.6732192,-0.5592377,1.7039497,0.28579822,-0.624632,3.5899646,-1.8760474,-1.7306564,2.5056481,-1.541283
-1.8090702,-0.9209533,0.30968526,-1.0680971,0.11291601,5.2815976,-1.4524995,-0.0900568,-0.7950799,0.38240433
0.36423546,1.0697972,-1.4505484,-1.380997,0.30754903,3.6732357,-2.325188,-1.0648506,0.5163216,0.272906
-1.9332528,-1.4769202,1.662502,-1.3810918,-0.49090984,5.504354,-2.6386597,-0.8138788,0.48577836,0.98693776
-1.3183017,-1.4008245,3.471139,0.1703147,-0.9247906,0.85688305,-0.62501335,-1.3822383,2.519905,-1.2749354
-1.3866835,0.012404561,-0.0033803266,-2.1903713,-0.82650197,6.2327313,-1.5274713,-0.3067078,0.36233723,-0.4475965
-0.9259008,1.5752059,-1.3205315,-0.46028346,0.4671249,3.209517,-1.7371758,-0.9172071,1.5259591,-1.356919
-2.3809798,-0.014685571,0.70292616,-1.89625,-1.549496,5.778867,-1.3020622,-0.48895735,0.49266103,0.5890461
-0.75717556,-2.137757,1.7212842,-1.0111768,-0.897313,5.0793133,-2.195553,-0.7618798,0.8578527,0.06928852
-2.4547698,-1.6783354,1.8431877,-1.7291458,-0.9959879,5.6426344,-1.6898519,-0.045462184,0.8805509,0.21013519
-1.4281757,-1.0178833,0.9622091,-1.3088245,-0.878863,5.242325,-2.130613,-0.38703814,1.2935194,-0.36488
-2.4595048,-0.39290082,0.8596876,-1.8991905,-0.9406576,5.214645,-0.40783444,-0.15384719,0.25903445,-0.14765754
-3.0591328,-1.1600441,0.43277952,-1.4290543,-0.47070548,6.9798503,-1.8193052,0.76191765,-0.6794257,0.3381741
-2.8063176,0.41073498,-0.04508072,-1.7730291,0.34348935,6.008241,-2.1751957,-0.7269512,0.04442187,0.63089883
0.6075653,1.5563768,-1.7617905,-1.0936198,0.93752205,3.80181,-3.2160048,-2.1927419,1.1968335,0.15771988
-3.1191933,0.29652277,0.43912962,-0.8005004,0.2515213,5.320766,-2.2966435,-0.775229,-0.15346815,0.7712239
