0.21816304,-0.4200997,0.7967922,0.741063,-0.8638963,-2.3078473,1.0887423,0.9189676,0.6529272,-0.79339176
-1.3394159,1.0921155,0.38714132,1.2863362,-2.33082,-4.786751,3.2287903,2.8118665,0.55331874,-1.2308348
0.30129683,0.7058464,-0.20290379,0.51476645,-1.8566875,-3.8025875,2.333563,1.8508632,-0.22147796,0.16260013
0.9157699,0.20259233,0.76961035,0.38542783,-1.1617434,-1.8473687,0.54275835,-8.4074214e-05,0.5150288,-0.2561792
-0.23189442,0.062598385,1.100023,0.50673354,-0.34550494,-1.9575782,0.18776916,0.31664124,0.8518916,-0.4340155
-0.6086702,0.677143,0.973096,1.2508653,-1.291565,-2.5832822,0.8551383,0.9474508,1.0416719,-1.672655
0.26473713,0.41469267,1.1366928,0.31208313,-0.5108516,-1.2357479,-0.10019374,-0.3311108,0.69815487,-0.5914843
-0.07070956,0.49366274,0.9668302,0.61166805,-0.4938413,-2.233344,0.43392855,0.25667316,0.69661623,-0.64208376
0.34100837,0.19522505,0.48612663,0.4384508,-1.2097318,-1.5655059,0.84476405,0.4580928,0.33169416,-0.44189602
0.2717681,0.07962137,1.2731603,0.21113399,-0.14082687,-1.7875402,-0.26796046,-0.06326535,0.92009044,-0.38251543
0.36537614,0.014400357,0.53856695,0.49535826,-0.71882683,-2.370397,0.9407343,0.4902025,0.4683232,-0.17910646
-0.16318835,-0.7089287,1.9302846,0.55141973,-0.97278196,-1.0451772,0.24467741,0.16002873,1.3672223,-1.0963719
-1.2414798,-0.22450471,0.8429771,0.32149345,1.0575194,-0.37066692,0.4427517,0.38610396,1.2730534,-2.6982732
0.069757804,-0.6428553,1.0512983,-0.02870059,0.28720796,0.21021205,-0.24564375,-0.20147333,0.63801235,-1.1241271
0.09535979,0.15698662,0.23278496,0.05032447,0.6532284,0.112718016,-0.96905786,-0.29042998,0.36776972,-0.36947417
-0.79307425,-0.1549926,1.1046768,1.1357338,-1.2709699,-2.7726374,1.2413557,1.5661218,0.42090848,-0.57638156
-1.1081847,0.17677552,0.8513468,0.6052871,0.38337559,-0.084211916,-0.07174516,-0.13560857,0.9581662,-1.6494871
0.47272074,0.43736342,0.7976119,0.4300344,-1.0217693,-1.7432655,0.045374617,0.15096174,0.31087926,0.06553526
-0.5005575,-0.06970238,0.094420746,0.81050014,-0.9603175,-1.5695255,1.3920734,1.3609933,0.061939113,-0.87081915
0.38380465,0.6534035,0.72942185,0.79802775,-1.2444446,-2.4124763,0.3720715,0.28067788,0.14687854,0.1372998
0.03989342,0.047836605,0.5976883,0.43969706,-1.4351861,-3.1365576,1.7358446,1.4822876,0.23524074,-0.1521162
0.53373945,0.27135226,0.5067629,0.25283548,-0.48977885,-1.8968877,1.0214485,0.013313128,0.6604485,-0.99869967
-0.014126956,0.058046196,0.99372935,0.98048484,-1.7425218,-3.3771226,1.7411425,1.4635909,0.5653174,-0.84685296
0.68706745,-0.6978352,0.978634,0.5851618,-1.0586059,-1.9845207,0.7062697,0.7171436,0.4834893,-0.1420765
-0.18418665,-0.16331126,0.9045779,0.41523513,-0.7873674,-1.0650275,0.16058274,0.31267157,0.44844827,-0.24964397
-0.07917507,-1.0133592,-0.019141484,-0.36275938,2.3350153,4.811591,-3.128154,-1.7277355,0.3707658,-0.92117584
-0.6448206,-1.0135432,0.24943812,0.0025059879,1.9189811,4.7195044,-2.6445262,-1.450664,1.1645387,-1.9276848
-1.068155,-1.043398,1.4923052,0.6563374,0.4366604,2.2833486,-1.6447676,-1.0341481,0.7726119,-0.8163147
-1.2021223,0.24964684,0.26632282,0.91947865,1.8375232,2.117409,-2.9704146,-0.8568779,0.8576023,-1.2352802
-1.2752507,-0.6885505,0.14306895,-0.5465745,3.1499434,7.2991886,-4.3340073,-2.7955763,0.97595817,-1.681222
-1.1490161,-0.55425704,0.44152677,-0.2585,1.2818732,3.8887255,-2.394014,-0.8625512,0.77775294,-1.2084916
0.109495774,-1.8872942,0.084021404,-0.96859133,3.9427195,5.113452,-3.0447726,-2.157656,1.0409871,-2.1465044
-1.7452443,0.103677206,-0.121101424,-0.2582059,1.9661047,4.207341,-3.286425,-1.0425189,0.30047974,0.17096654
-0.3300789,-1.5521423,-0.18378963,-0.34020028,1.8422923,3.730003,-1.4531662,-0.8957323,0.22714701,-1.2420266
-1.3635627,-1.5387691,0.93386346,0.5908176,2.460082,5.4616556,-4.2679667,-1.8138199,1.5511416,-1.5036685
-0.9383948,-1.0209194,0.36858287,-0.5829078,2.4144046,5.935354,-4.4270473,-2.4303145,1.0517342,0.21297595
-2.0124977,-1.4551133,0.4103318,0.7640039,1.6063483,5.036274,-2.5118601,-0.9520898,0.924199,-1.6400317
-0.436597,-2.0988905,-0.7118185,-0.5516063,1.9726892,5.9236393,-1.9646811,-0.66856676,0.5883246,-1.7334903
-0.10219304,-1.773549,-0.34868136,-0.31299254,2.2216637,6.6743355,-3.7562158,-1.7783918,-0.22734545,-0.4795273
-1.03742,-1.5869931,0.83884746,0.1840477,1.8136666,5.1436377,-2.8830676,-1.5607684,0.9397667,-1.526802
0.09256306,-1.9974018,-0.099378094,-0.6942185,3.0773096,6.8593054,-3.971863,-2.2317889,0.74616724,-1.5722754
-0.88874435,-2.3628232,0.6591118,-0.99624467,2.6892877,7.6626873,-3.7795146,-2.177055,1.2871208,-1.7721758
-2.983796,-2.344279,0.90491945,0.1433869,1.7556672,6.5483847,-2.8134825,-0.49316052,1.2298496,-1.7456475
0.8205221,-0.47392163,-0.059213337,-1.1234087,2.5096602,3.5762928,-2.9462135,-1.9236348,0.46688107,-0.61962545
-1.3713726,-0.36218616,0.7136581,-0.02472955,2.1168034,3.8712008,-3.1259358,-1.1558828,1.5386992,-1.9913998
-1.3682166,-0.48000956,0.2133719,-0.099769115,2.9510763,5.646249,-4.303258,-2.2650506,0.8434836,-0.7216623
0.14171447,-0.8161593,0.5123843,-0.3167896,2.123178,4.8588915,-4.3810544,-2.2353811,1.0000167,-0.26082885
-2.2140112,-0.75365186,0.8977629,0.17661439,2.1850884,4.171273,-2.930004,-1.1507148,0.84107053,-1.2292384
-1.1600534,-0.9216937,0.6290231,-0.06494483,1.7059398,4.089052,-2.6760058,-1.3488038,0.98561907,-0.87704957
-0.6788395,-1.3643924,0.38268864,-0.8962189,2.4716053,4.155648,-2.6688201,-1.2265036,0.6549366,-0.50359744
-0.8603525,0.13107157,0.6989816,0.1685236,0.43207324,0.42351246,-1.082572,-0.17325996,0.7290831,-0.5002444
-0.9390261,0.43977162,0.73017925,0.17908481,1.4737258,0.54273504,-1.8194288,-0.91679776,0.83514535,-0.32669705
-0.17295434,0.86984587,0.9297771,0.3276045,1.2414217,-0.2824347,-2.1773121,-1.3563468,0.98039025,-0.14538814
-0.050235167,0.42615524,1.0753284,-0.31627724,1.6338942,1.3808665,-2.85815,-1.800852,1.2348391,-0.48209822
-1.673859,1.3650826,1.2289417,0.718127,1.7750902,0.10588965,-2.0182354,-1.1684022,1.3948362,-1.8831284
-0.8462354,0.24231842,2.0018017,-0.24976316,1.8974104,0.96689594,-2.3675249,-1.7649453,1.8162642,-1.6070368
0.291646,0.8579141,0.52877665,0.14065076,1.085005,0.18654376,-2.3041255,-1.3454003,0.47172436,0.20616077
-0.76881456,0.6518276,0.6846695,0.47328523,0.7255281,0.6048226,-1.5700843,-0.774612,0.5590741,-0.77297616
-1.2765656,0.65124124,0.84091663,0.08120225,2.5306785,1.3205996,-2.597524,-1.7050011,1.3582278,-1.1618841
-0.35391903,1.5573057,1.1277868,0.21595436,0.342987,-0.8360885,-1.1258616,-1.0564051,0.52417964,-0.5720866
-2.0678654,0.8446342,2.0855358,0.628454,1.878725,0.33290046,-2.35527,-1.3649346,1.9191006,-1.8767402
-0.27059662,0.804508,1.0106405,0.20747215,1.2347648,0.46347582,-2.220944,-1.6907127,0.9241323,-0.33863205
-0.5985787,0.26473475,0.836991,0.51393557,0.991492,0.5595455,-1.9862384,-0.8544449,0.6955275,-0.27403456
-0.5166948,0.6576736,1.0147319,0.7663678,-0.20136304,-1.5450809,-0.5463159,-0.31886953,0.4141933,0.2435015
-0.72393745,0.80131876,0.5814321,0.5851028,0.5144286,-0.32026723,-1.068421,-0.3652884,0.46823952,-0.5828252
-0.32828325,0.7981391,0.64948446,0.72786427,0.4621585,-0.6303451,-1.4469849,-0.8732442,0.6962501,0.00048343837
0.21049319,0.114301704,0.025308784,-0.84352005,1.6284125,2.8187225,-2.739011,-1.492687,0.6963704,-0.21579589
-0.30910748,0.73244673,0.85507095,-0.47100303,1.8492508,1.5127876,-2.7797854,-1.7749082,1.1166683,-0.5399566
-1.1126319,0.7727667,1.0754737,0.48429883,1.7258813,1.2951267,-2.4671078,-1.4425879,1.11827,-1.4145904
-0.17674764,0.9837808,-0.06883323,0.07543117,0.7358886,-0.37220374,-0.8459781,-0.39303386,0.47481358,-0.458969
-0.01742728,0.46867716,1.476876,0.80893254,-1.3912792,-2.7831013,0.27082413,0.23548669,0.8211341,-0.07931782
0.18378775,0.84399515,0.38133126,-0.04259473,0.9066873,-0.4732267,-0.94520956,-1.0263647,0.41797802,-0.20909347
-0.36716962,0.4225252,1.0641378,0.013728589,1.4390965,0.059788585,-1.6460342,-1.1216327,1.1406152,-0.80107427
-1.4736207,0.8123386,1.8115791,0.88651276,0.29711607,0.06335622,-1.7916301,-0.89615065,1.1361514,-1.0651543
-0.18844928,-0.373979,1.0594548,-0.32656935,1.5889714,1.6036768,-2.0995197,-1.4481757,1.1427331,-0.7857213
0.6461812,0.29222688,0.79611933,0.31519735,-0.26767683,-0.33260483,-1.2056148,-0.84654516,0.44381556,0.4228009
0.13673992,0.41217518,0.74258333,0.06064585,0.47408915,-0.49375302,-0.87678605,-0.51842743,0.80296564,-0.64029413
1.4931144,0.008368874,1.5183197,-0.5605781,0.17147914,-0.50592905,-1.4388968,-1.6905967,0.7968956,0.58807254
0.2746039,0.41381124,-0.02323043,-0.28959712,0.87533194,0.16124907,-0.8138023,-0.54294914,0.46086735,-0.34227604
-0.30465072,1.0418175,0.14671282,0.060032308,0.7210477,-1.2333493,-0.34880328,-0.18629211,0.6883768,-0.7296886
-0.6491696,1.0432304,0.64403206,0.34928924,0.763022,-0.94566,-0.92609733,-0.35913435,0.64423233,-0.6257048
0.7730873,0.7261955,0.46473473,-0.5467982,1.7592771,0.5866722,-2.191201,-1.8574723,0.41030958,-0.019166887
-0.045163587,1.1480652,0.94293326,0.16558993,0.4116271,-1.1280023,-1.16652,-1.1202354,0.7207922,0.1301773
0.50492525,0.77828693,1.1627809,0.86806774,-1.3614633,-2.976117,-0.29744393,-0.0012915153,0.020904208,1.4160635
0.6592058,0.2221365,1.0250453,0.28558484,0.13720784,-0.029008359,-1.7647381,-1.4175973,0.52237076,0.66450024
0.76349974,0.34038913,0.98708624,0.2074565,-0.5091594,-1.3840265,-0.63038254,-0.6560178,0.3504879,0.66430897
-0.7623765,0.8706535,0.74622244,0.38189876,1.3156297,-0.1561287,-1.3176005,-1.0198318,0.82074636,-0.91495645
-0.37460905,0.59920406,0.7889532,0.45154917,0.11788583,-0.91726065,-0.7718916,-0.45087627,0.70802057,-0.14423712
0.8183124,0.11342595,1.1343708,0.04238689,0.2894181,-0.78550816,-1.1896331,-1.409523,0.65136784,0.6924135
0.72707504,0.17600796,1.3746954,0.6009562,-0.59911823,-1.3526906,-1.2290635,-0.8111219,0.62215954,0.67896765
0.6995965,0.31619313,0.36961868,0.08009823,-0.04949504,-0.5825636,-0.67518955,-0.54299897,0.22544096,0.18090717
0.8110927,0.22792357,0.678384,0.5509194,-1.199194,-1.8468,0.25019175,0.11191412,0.33405632,0.33532122
0.20362662,0.57774675,0.69269997,0.63221955,-0.7655421,-1.6135576,-0.6903412,0.03160862,0.031375997,1.0238372
0.08056085,0.9360925,0.5372358,0.44014323,0.68860084,-0.45905927,-1.5353291,-1.0646927,0.46648484,-0.021351919
0.56153226,0.55794644,0.6358287,-0.05954206,0.3744765,-0.16898139,-1.303851,-0.9768453,0.23756064,0.38294166
0.5150718,0.84132993,0.31233883,-0.45252421,1.1349897,0.039204657,-1.738209,-1.2373878,0.7350679,-0.018131152
-0.6371008,0.5931023,0.98670363,0.36510795,0.2592111,-0.068273336,-1.1135852,-0.5324878,0.91320384,-0.7561707
0.5271093,0.1670123,0.5560423,0.5432943,-0.58813506,-1.243582,-0.60330856,-0.15471868,0.23994523,0.7048423
1.0653026,0.90268576,0.43134674,0.7247758,-0.8385709,-2.4009228,-0.5392359,-0.26675627,0.15906392,0.91911983
0.3925275,0.22633392,0.77538806,0.22823653,-0.02026555,0.2578913,-1.1160957,-0.6734615,0.4764183,-0.47821414
0.14479183,1.0899969,0.995076,0.24803993,1.400265,-0.46864045,-2.6320086,-1.8274283,1.05124,0.29043108
-0.20076106,0.31928512,1.4360274,0.5084355,-0.07822076,-0.92723036,-0.73893386,-0.68058455,0.7560006,-0.34843147
0.7676985,0.8927553,0.6092268,0.79926586,-0.38906586,-1.654983,-1.1171559,-0.7937293,0.3181761,0.55754054
-0.43637574,0.64026093,1.2765435,0.99559546,-0.6785574,-1.2949727,-0.6992271,-0.16434693,0.70506686,-0.63091093
0.32561272,-0.3288848,0.45322686,0.14130992,0.15859655,0.69851875,-1.2516402,-0.73419875,0.4800002,0.38832402
-0.099709556,0.7513262,0.71204835,-0.10823679,0.4664659,-0.028390378,-1.0724016,-0.96176785,0.5152116,-0.19913466
0.18132983,0.45235643,0.42395338,-0.06889889,1.4701233,0.05054468,-1.6945621,-1.4073822,0.67663676,-0.04604745
-0.8540206,0.79488283,0.8868175,0.6737864,0.54677266,-0.87741536,-0.74727386,-0.36694852,0.84747034,-0.9853616
-0.5262394,-0.3336768,0.82841283,-0.33787188,1.6989102,2.0542097,-1.907085,-1.4721588,0.7397446,-0.63921654
-0.78309214,0.552987,1.1263909,0.8198724,-0.16051704,-0.89065385,-0.93614155,-0.19890916,0.67608863,-0.21802564
-0.1395389,0.32583174,0.75384605,0.5708487,-0.25101596,-1.0036271,-0.3573097,0.06494914,0.46009055,-0.5347509
-0.89429426,0.016764248,1.4830251,0.11360742,2.2351797,2.8059464,-3.9195695,-2.135966,1.6949499,-0.9360324
-0.7332352,0.25575086,0.5141486,0.35133716,0.30718082,1.4595199,-1.7279899,-0.7307456,0.29025704,-0.056523994
0.4004355,-0.37374148,0.9057271,-0.8308636,1.6563025,2.4951546,-2.6600347,-2.0662363,1.152431,-0.3283196
-0.19916798,0.48408332,0.56760067,0.16405521,0.8274538,1.6912584,-2.1148014,-1.3180616,0.31707987,-0.46059245
-0.29112762,0.0016101842,0.94615436,0.16883765,1.2304537,1.4251132,-2.2689092,-1.6509815,0.9562605,-0.43373507
1.0609915,0.04479524,0.46044117,-0.77348006,1.1319935,0.30375338,-1.3059893,-1.2417516,0.5007412,0.037844077
-0.4499272,-0.63445544,0.9389122,0.07345578,0.6412849,1.414251,-1.8512888,-0.6687847,0.6952505,0.040321887
-0.08721776,0.39150593,0.88827616,0.62922823,-0.31134212,-0.50378835,-0.75513345,-0.47301364,0.4978971,-0.34934396
-0.0070370287,0.4221083,0.7966365,0.32068333,1.4041541,1.0258813,-2.3780954,-1.8500724,0.83034265,-0.4141419
-0.1509204,0.11018326,0.6292431,0.2270866,0.40252972,0.32988983,-1.3760467,-0.54508364,0.40149477,0.058953136
0.2032625,0.050692465,0.9895127,0.037847325,0.7242548,0.49017048,-1.6180017,-1.2652981,0.9984979,-0.47144324
-0.31142634,0.2928554,0.28337228,0.11664297,0.40151417,0.2084012,-1.0989866,-0.3875371,0.25388804,0.27841276
-0.23332687,0.70519584,0.8260008,-0.17296162,1.0965703,0.30120516,-1.7660826,-1.1147556,0.758513,-0.37610358
-0.78453046,1.3110346,0.97202426,1.3277733,-0.90272945,-1.7130579,-1.1009363,-0.026209207,0.54269105,0.28952914
-0.82040906,0.049154457,0.75197667,1.1512249,0.18701959,0.4854468,-1.5350596,-0.27027193,0.6004917,-0.6723808
-0.3058321,0.077293925,0.111465946,1.5161523,-0.91046834,-0.91273296,-0.6984129,0.5472738,-0.1459808,0.8312017
-0.67774194,0.6162685,0.3242187,1.0305665,-0.17924051,-1.0816987,-0.9698188,0.31697515,0.16394979,0.40223253
-0.32377887,0.4296362,0.28833598,0.8481716,-1.2334948,-3.0588212,1.1417438,1.2842674,0.02983349,0.50623834
-0.56148225,0.38908416,1.0108857,0.95934534,-0.73835015,-0.716645,-0.80990404,-0.29191393,0.29957876,0.40336478
-0.30868036,0.40613618,0.45569864,1.8047268,-2.6120417,-5.701351,2.6311607,2.6061854,0.048059694,0.26623762
-1.205428,-0.29717216,0.81637204,1.6835326,-2.4730053,-3.5449026,1.8244078,2.5961432,0.023133064,0.48477727
-0.29670906,0.8259247,0.43708298,1.2412887,-0.76281,-1.5509381,-1.0221951,-0.13186626,0.32589355,0.8363485
-0.35393828,1.0629976,0.91141194,0.42812178,-0.043726444,-0.95163226,-0.9046694,-0.74637336,0.52953285,0.035195872
0.20303601,0.2809752,0.41091904,0.84414124,-1.2247424,-2.8556755,1.0784365,0.89957577,0.21020237,0.05026366
-0.33319014,0.1699861,1.1404539,1.0733309,-1.3552084,-2.334305,0.4990626,0.82040715,0.48757163,-0.47789353
-0.044473544,0.31687784,0.049208295,1.0994573,-1.7620289,-4.103053,1.6505215,2.1015916,0.011341626,0.3998866
0.09771644,0.24711971,0.5613261,1.5234048,-2.0465136,-3.0169969,0.4746955,1.2246265,0.08414728,1.0440631
-0.14223085,1.2552425,0.8457566,0.928547,-0.22621901,-2.1833935,-0.7448654,-0.5953874,0.6360543,0.023758903
0.3408373,0.661293,0.12671076,1.016082,-1.3701973,-2.6420417,0.11267544,0.61481446,0.11008536,0.98439956
0.24565609,0.4386167,0.9384163,1.214938,-1.7026966,-1.7943463,-0.4954133,0.3061265,-0.070698835,0.8521817
-0.4350338,0.533564,1.0984654,1.111021,-0.49491465,-0.2257719,-1.8051163,-0.7851423,0.16732875,0.78834295
-1.4474586,0.08053369,0.761527,1.0461448,-0.078060165,0.42949134,-0.9127392,0.45098346,0.4509026,-0.9927504
-0.8020753,0.7065919,0.62265724,2.0035021,-1.6605339,-3.8437405,1.0550059,1.4160529,0.21439084,0.14384668
-0.46788132,1.2396663,0.9700959,1.2638053,-0.8280671,-1.1784086,-1.7807705,-0.39177695,0.36339676,0.62625563
0.25243497,0.16954288,0.41031,1.0947943,-0.88693005,-2.8152342,-0.018909588,0.49621364,0.123862214,1.2165055
-0.9648324,0.80421734,0.90087515,1.8125142,-1.9403932,-2.063303,-0.40664595,0.63004917,0.19773036,1.0937973
-0.14651759,0.4150347,0.4611206,1.2553791,-0.9805446,-2.9193416,0.50386566,0.69870555,0.5644053,0.087376006
-0.2546711,0.5138558,0.70610356,1.412735,-1.2227902,-1.473737,-0.5499606,0.25688463,0.00074366666,0.49006003
-0.36409283,1.3635904,0.16219607,0.9217895,-0.5024596,-0.72155076,-1.6445453,-0.1746872,0.11906915,0.78317505
-1.27274,0.8542012,0.594768,0.54263747,0.37386733,-2.1887577,0.6015042,0.5085984,0.92681247,-1.3227252
0.05552183,0.32665125,0.48675436,0.09211776,0.12548247,-1.0699804,-0.21494928,-0.24776974,0.67088515,-0.3277371
0.32342696,0.45099255,0.6735831,0.82457674,-1.3628411,-3.2095654,0.921343,0.9079618,0.08249252,0.45494837
0.21982016,-0.27280447,0.8654468,0.70809644,-1.2572665,-2.0441172,0.9359146,0.63688034,0.24025631,-0.17262726
-0.59980994,0.22339153,0.6010835,0.95328677,-1.316757,-3.1126404,1.2540573,1.505148,0.30735803,-0.09014714
-1.9472121,0.6329829,1.1314777,1.6673777,-1.5013435,-3.4153562,1.5867313,1.8922248,0.74156994,-1.0063478
-1.2253164,0.3750532,1.3017389,0.14972532,1.0785189,-0.5611164,-0.5031852,-0.34400383,1.2923942,-1.6110523
0.34058613,0.50950986,0.6248473,0.45303035,-0.5920233,-1.7485851,0.029506326,-0.14275797,0.20681009,0.26877266
-1.8515157,0.7746327,1.1134963,1.0720696,-0.1823939,-0.7749205,-0.6116223,0.26628482,0.6529964,-0.88201237
-1.0365788,-0.36542347,1.3560436,1.057755,-0.8597558,-1.2577162,0.1869481,0.826846,0.7029578,-0.75811505
0.5050692,0.13697506,0.008839127,0.3832947,-1.1789505,-1.2933664,0.98645777,0.4234492,-0.13717543,-0.00040610135
-0.9646195,0.06936059,0.7714069,0.9011724,-1.5448167,-2.7990022,1.8200011,1.7722985,0.47072372,-0.70094484
-0.106691375,0.72667277,0.7112888,0.46377492,0.31070563,-0.6187403,-1.2835984,-0.62778574,0.3537178,0.17873193
-1.2813383,1.2041079,0.7306129,1.3703562,-1.3010011,-2.8196993,0.5199691,0.87547594,0.32557756,0.2824113
-0.2693014,0.38807067,0.29979897,0.7553381,-0.0074270964,-1.251164,-0.3785799,0.3326313,0.34065634,-0.2465132
-0.9761375,0.71318215,1.055661,0.54304016,0.70523304,-2.2475765,0.08735624,0.100151956,1.4533154,-1.2607577
-0.67000854,0.55692226,0.39201,0.9929905,-0.14416882,-1.450497,-0.32339275,0.40447742,0.50184554,-0.36994755
-0.55299413,0.13819899,1.482908,1.3025304,-0.8511011,-1.9269332,-0.46380883,0.42103395,0.72899824,-0.22340779
0.21600915,0.36664662,0.53965616,0.31464097,0.06345403,-0.84695184,-0.43098736,-0.3710139,0.5847816,-0.30523384
-3.0055096,1.0356544,1.3432827,1.4867294,-0.060432777,-0.83106816,-0.7040209,0.85847217,1.1410006,-1.6486522
-0.5002064,0.7775096,0.7063979,0.59715694,0.012887955,-1.7328085,-0.22673321,0.008051893,0.5265045,-0.37523234
-0.56585336,0.0005362873,0.6986305,0.37116885,1.134033,0.6057439,-1.3530841,-0.6322085,0.92916673,-1.1069508
-1.1824996,0.17724076,0.7696822,0.7531724,0.5850448,-0.059268862,-0.9572254,-0.25782228,0.65080506,-0.47990072
-0.9957911,0.8152735,0.826247,1.4258705,-1.3426559,-2.1756248,0.15812524,0.65199405,0.15714973,0.4463703
0.03551437,0.624666,0.86060554,0.43704942,0.17864355,-0.63650316,-1.3853712,-0.7527974,0.45227867,0.42081022
-1.6386961,0.9227943,0.97249216,0.6652284,1.0392079,0.36531657,-1.483219,-0.93966115,0.93320924,-0.9249096
-0.8322486,0.79765874,1.0755619,-0.33791748,2.052594,2.755582,-3.504195,-2.2160525,1.4834168,-1.1620772
-0.8848481,1.2123114,0.6973085,0.35203668,0.62474126,0.727149,-2.0406666,-1.2403762,0.5541074,-0.012646362
-0.004779473,0.019299129,0.3444201,-0.033676058,0.25017172,0.0050601363,-0.3925689,-0.42709062,0.30011353,0.003077522
-0.41359133,0.34479734,1.339584,-0.16527906,2.2117336,1.3076471,-2.4609401,-2.0033631,1.4960489,-1.4269552
-1.1129957,1.2201939,0.8184565,0.36814663,1.1949992,-0.47989607,-1.2361094,-0.53989416,0.97574216,-1.4425108
0.35545385,0.5346708,1.2522599,0.63281304,-0.94919086,-1.7705351,-0.16531152,-0.4490402,0.74475396,-0.017347082
-2.0757613,0.91280454,0.94513005,0.46552503,1.376081,-0.4136694,-0.96246886,-0.08607688,1.188919,-1.4609437
0.59232974,0.641089,1.2191025,0.9479178,-2.0551453,-3.3432977,0.62783295,0.30857638,0.43101975,0.88279605
-0.007925555,0.42966413,1.2202572,0.09746036,0.53192776,0.124964446,-1.2271185,-1.27232,0.8559919,-0.6063509
-0.8143802,1.1304195,0.5808924,-0.44424698,2.1749773,2.040814,-2.6220605,-1.577096,1.2256198,-1.5717816
-0.5384329,0.4884409,0.8320094,0.27298486,0.7508742,-0.24703866,-1.0425138,-0.5566334,0.8305569,-0.73109394
0.032993004,0.045833256,1.5228944,0.83957744,-1.1436849,-2.6152956,0.3727374,0.5571356,0.85815686,-0.35137635
0.49419427,0.82879245,0.65497285,0.07256928,0.013773173,-1.4000612,-0.27978152,-0.6498994,0.44851497,-0.24217235
-0.23657818,0.8630145,0.7018524,0.19100639,1.1286497,-0.81682366,-1.4676428,-0.82457423,0.80888784,-0.23289348
0.48228532,0.97650236,0.29909098,-0.923941,2.015222,0.024167717,-1.7364452,-1.5942727,0.9341609,-0.41985786
0.25756752,0.28897718,1.2494192,-0.31861648,0.8350144,0.05019498,-1.2705047,-1.3209577,0.902957,-0.6260417
-0.42442697,0.6373758,0.83726174,0.5283389,-0.5860291,-1.4809021,-0.43796808,0.06429309,0.30391046,0.4251793
0.6828344,0.3199452,0.60184103,0.6553495,-0.5645776,-0.77923405,-0.506412,-0.5202712,0.32514462,-0.2362336
-0.24692471,-0.08454815,0.8189136,0.09237349,0.7409665,-0.3694576,-0.3375229,-0.5647209,0.61180574,-0.5531538
0.3182816,0.40695474,1.0371351,0.11180359,-1.2830863,-2.309002,0.6900447,0.4126783,0.3772024,0.2474827
0.25257176,0.8447783,0.82214904,0.271882,-0.6944588,-1.8681539,-0.41995656,-0.15734872,0.5737138,0.30254084
-0.75231594,1.3046461,1.325608,0.3815487,0.2629296,-1.9455736,-0.058062702,-0.48074117,1.2454692,-1.4628152
0.41916776,0.43077567,0.8458168,0.013363078,0.5157462,-0.046007752,-1.5191567,-1.0197334,0.54091424,-0.036095873
-0.64203554,0.9425684,0.47072122,0.28286633,1.2241952,-0.90653473,-0.9004316,-0.7523529,0.7008699,-0.5267085
-0.7543055,0.70959216,1.0403699,0.42506474,1.3704247,1.2226429,-2.7110474,-1.6149151,1.1460385,-0.3998419
0.005436167,-0.119593956,0.4125265,-0.06648058,1.6813004,2.8567045,-3.3672016,-1.9635947,0.6421948,0.34378415
0.10663593,-0.818933,0.52652144,-0.40704653,2.0027082,5.0581303,-3.6075957,-2.6066399,0.653359,-0.69750476
-1.2488866,-1.1706151,0.7811892,-0.05270487,3.5345469,5.917081,-3.9837272,-2.6736941,1.6763456,-2.5401106
0.37716502,-0.61188567,-0.08228928,0.18632682,1.541542,2.6003969,-2.7306013,-1.6946412,0.42358503,0.32738483
-2.0161788,-0.40345418,0.064057305,-0.31638393,2.9184203,5.3993864,-1.9510143,-1.1545596,1.0432005,-3.9041781
-1.6118778,-1.0478234,0.5322832,0.5196996,0.37172973,2.5411427,-0.4824776,0.47244892,0.3800103,-1.8860965
-2.5083458,1.1102525,0.03666077,-0.084685415,3.1260066,2.7836423,-2.102632,-1.2121062,1.5295764,-2.7837512
0.16156867,0.09212617,0.6593028,-0.072818786,2.116579,2.7916975,-3.7906117,-2.515245,0.9802421,-0.21953999
-0.8628328,-1.8535205,0.7396901,-0.58537364,2.8514254,5.674041,-2.3589818,-1.7136364,1.6956295,-3.4513144
-0.53187835,-1.6529479,0.47392082,0.09158078,0.95761365,2.9073746,-1.6961713,-0.5655183,0.66533536,-0.28172964
-3.1285865,-2.5427766,2.0810935,0.93687403,1.4666877,6.303442,-2.552742,-1.081495,1.7341566,-3.1476958
-0.9236363,-1.3753754,0.2196402,-0.5597563,3.0734298,4.408984,-2.744159,-1.4123054,0.7854291,-1.6390355
-1.3757349,-0.2744879,1.3528439,0.8813549,1.8090363,3.1083548,-3.7082057,-2.0276935,1.2533426,-0.87071824
-1.6876972,-2.2777638,0.76183933,0.35762203,1.486491,5.633485,-2.8802104,-0.63332534,1.1830662,-1.6112702
-0.21129249,-1.6531619,0.50820935,-0.31265125,2.6314352,5.151886,-3.4110844,-1.7776556,1.1149966,-1.8726104
0.3071289,-1.5425863,0.41447055,-1.3283013,2.5078182,5.1266117,-3.1026402,-1.8925114,0.9155874,-1.0763421
-1.7045208,-0.14632916,0.9353743,-0.096931785,2.1330695,4.5546904,-3.9256399,-1.7362857,1.184527,-0.89780855
-1.3842233,-1.6241556,0.8871948,-0.57337046,2.8373656,4.7311,-2.3908885,-1.2167978,1.8540697,-2.7737365
-1.1461339,-1.8472866,0.68762666,0.670413,0.29691362,4.054824,-1.8930819,-0.46286762,0.7742154,-0.93611693
-1.8798267,-1.3182768,1.303845,0.43227696,1.4527154,4.034193,-2.1636767,-0.9773744,1.2586875,-2.2547219
-0.65773237,-1.1468484,1.8286358,0.010844395,1.9251285,3.5822637,-2.9580858,-2.0887465,1.731467,-2.141932
-0.5448989,-1.392742,-0.29952788,-0.64774597,1.8801975,3.5078745,-1.638144,-0.3274094,0.3424536,-0.8817949
0.4173193,-0.2147915,0.04944144,-0.3843926,0.6256629,0.6700316,-0.81963545,-0.1515633,0.60513014,-0.7040237
0.5943558,-0.17477828,0.15806943,-0.46606603,0.66237277,1.6600578,-1.3577304,-1.0200679,0.3107626,-0.28812623
-0.27510512,-0.1479275,0.34462732,-0.047807366,0.98847693,2.5595968,-2.1795096,-1.0272641,0.5918673,-0.90368795
0.28804064,-0.05810139,0.6458126,-0.047252476,1.5830281,0.57268447,-1.9354148,-1.2630031,0.687685,-0.24830516
0.7898532,-0.47404885,1.2651418,-0.1373209,0.87847036,0.75874066,-1.9670767,-1.4848268,1.1724192,-0.43543518
0.49587858,-0.8091006,0.39879656,0.15259272,0.5705968,0.7899505,-1.131285,-0.7070172,0.30840784,0.3212949
0.53257734,-0.3906517,0.57266796,0.7986696,-0.702496,-0.56156784,-0.8373586,-0.13684322,0.26024044,0.73482645
-0.43058306,1.1369503,0.35734427,-0.21991822,1.3490114,0.17911115,-1.6606132,-0.9861968,0.59979993,-0.31110436
0.67299914,0.28004324,0.40435982,-0.38284978,0.99654,-0.067946345,-1.3826941,-0.9422627,0.8337642,-0.2216719
0.088114366,0.27439263,0.48799247,-0.57185626,2.4268122,1.6063819,-2.4785004,-1.945744,1.0845624,-0.75696564
-0.25952184,0.024310196,0.96802783,0.5356696,0.78479785,0.6840839,-1.4487906,-0.79232234,0.97923094,-1.3991035
0.11006606,-0.11232001,-0.71426034,-0.028313592,0.92304415,2.4781678,-2.0722408,-0.6037045,-0.06901724,0.1675971
-0.7038568,0.12250055,0.6004083,0.09916958,1.1865351,-0.090486035,-0.5535264,-0.3126418,1.3594902,-1.6639266
-0.37278336,-0.020396983,0.4455303,0.22147882,0.7020063,1.2874616,-1.6910322,-0.7072289,0.6874274,-0.3848809
-0.35976702,-0.01686359,0.1766382,-0.06853449,0.19622034,0.0953235,-0.3574003,0.2769516,0.59374624,-0.5804976
0.45144486,0.022914106,0.4114855,-0.29277202,1.0832927,1.1262538,-1.3641763,-1.1751215,0.43575576,-0.5436394
-0.29754162,0.10278364,0.8830291,0.12501892,1.2215946,1.0975497,-2.119718,-1.399792,0.71143574,-0.0094168335
-0.092990026,-0.0863143,0.19144326,-0.2686873,1.6284313,3.4340138,-3.4605558,-1.6494455,0.4898844,0.2721433
0.7499251,0.32492414,1.434025,0.4228207,-0.65802455,-0.6840793,-1.814956,-1.2242043,0.33545408,1.4885937
0.77172935,0.49339366,0.49364123,-0.27145162,0.36877304,0.55175686,-1.1480434,-1.1866711,0.34315524,-0.49708855
0.50973094,-0.8986082,0.64779806,-0.8246385,1.8323019,3.0162227,-2.2308772,-1.8889687,1.0217429,-0.9527662
0.18800507,0.41958767,1.0187877,-0.33189133,1.9679446,2.0222049,-2.7440264,-2.243047,1.0099221,-1.1693352
-0.7217656,-0.14861187,1.4278667,0.41485563,1.5890191,1.9132845,-2.7882934,-1.90644,1.1734974,-0.67388594
-0.0021684915,-0.20577797,0.5192742,0.009094834,0.76891994,2.132633,-1.6512406,-1.2881384,0.45996442,-0.9231453
-0.35037792,-0.056454394,0.7432181,-0.047460467,0.4812308,0.39975846,-0.9503308,-0.5154651,0.7946816,-0.44385004
