-1.807016,1.1493169,1.0551838,1.9836036,-0.29448566,-1.4101694,-0.67657924,-0.65323645,0.9495914,-0.6535978
-2.9074512,-1.5325575,3.0434039,1.7951537,-1.9281113,-1.4585701,0.9454807,0.4299907,2.3142707,-1.4310755
-3.2203007,-1.6930865,2.7319021,1.586735,-0.46367925,-0.96643937,0.32332578,0.78727484,2.2285926,-2.0985148
-2.4089427,2.2758217,0.08412126,1.0593978,-0.07066379,-0.65657425,-0.116713084,-0.62990016,0.6777814,-0.4580741
-1.411718,1.3831385,2.1372385,1.0167588,-1.9646751,-1.2258362,-0.47465384,-1.1987344,2.1479475,-0.83782995
-2.9158895,-1.4189912,4.2614803,1.3389721,-2.138608,-2.28041,1.3939651,-0.045406744,2.905492,-1.9222182
-2.8776128,-1.5359124,3.193816,2.1427007,-1.8621429,-1.7102232,0.54474056,-0.25396633,2.564717,-1.1079271
-2.6792836,-0.9064466,3.0861301,1.3967824,-1.5259355,-2.441908,0.9496294,-0.19801174,2.5927503,-1.107807
-2.399363,-1.095985,2.1275253,1.3075062,-0.53356427,0.10722865,-0.28122804,-0.13412012,1.4266628,-0.9767502
-3.6822777,-1.1931748,4.2447963,2.1081116,-2.1603463,-0.68199116,-0.45387483,-0.938897,3.254177,-1.2959379
-2.0022175,-0.53909373,2.8288808,0.9818135,-1.5592185,-1.2879816,-0.22029242,-0.7990425,2.020447,-0.106912985
-3.346653,-0.4554268,3.52932,2.2906184,-2.408098,-1.0633028,-0.40869352,-0.5290385,2.6576037,-1.099972
-3.6174512,0.74898946,1.5510213,2.6251426,-1.0781318,-2.7788692,0.76660424,-0.35697818,1.566441,-0.07691914
-2.5289385,-1.2203239,3.4242005,1.3668045,-2.1568153,-0.80544645,0.17897093,-0.31762898,2.6624768,-1.2642281
-2.3737407,-0.9626462,2.7794805,1.9561278,-2.0405319,-1.4899814,0.14367306,0.4451818,2.3682873,-1.5247084
1.6733731,1.234502,-0.9285277,-1.4327085,0.0817418,-0.29620963,0.45875806,-0.63871056,-1.6904637,1.4367545
-2.676395,-1.2163627,2.9087336,1.9016938,-1.7648586,-1.1700888,0.46207613,0.28756523,2.2878854,-1.8397458
-3.4404526,0.7709659,1.7382476,1.9671296,-0.5941912,-2.1662736,0.761184,-0.008554354,1.8925862,-1.6257474
-2.4520593,-2.3986473,2.056056,2.1892524,-1.493375,-2.0412087,0.06426125,1.0055972,1.7632998,0.45982045
-2.4389133,-1.790985,4.1044135,1.5809089,-2.5014591,-1.6144068,0.738429,0.0029141754,3.5940354,-2.599647
-2.7672505,-1.8246002,2.8504853,2.0492754,-1.2265869,-1.233573,-0.0459873,0.1937653,1.8708298,-0.6209239
-2.6685743,-1.1882472,2.7229164,1.7572361,-1.6683747,-0.8618295,-0.39402425,0.003497228,1.2257614,0.43038672
-2.8453019,-1.0662951,3.1241906,1.8687364,-2.3361487,-1.2032193,0.8009278,-0.018991068,2.1061087,-1.2233052
-2.111456,-0.042886667,2.489912,1.4295079,-1.3740321,-1.368712,0.10000228,-1.1446561,1.6764337,-0.33509514
-1.2048122,1.5652105,0.1218863,1.794471,-0.4038346,-2.5907934,-0.92062676,-0.67769736,-0.14289708,2.0542965
-1.915141,-1.4409451,2.6115725,1.1705333,-1.7227007,-0.7985132,0.47841632,0.27988017,1.7594723,-1.0269988
-1.541877,-0.63224924,-1.069783,0.5183749,4.252004,-0.406451,0.17198032,-0.4306301,-0.9166207,-0.0704014
-0.24450794,0.4200288,-1.836174,0.53628296,4.3678403,-0.3219279,-0.52414334,-0.5255695,-1.4901292,-0.28512734
-0.7874599,0.57829815,-1.6002235,0.1793895,4.6107087,-1.1942084,0.43609333,-0.8510379,-1.5176778,0.4017524
-0.75359184,1.9328794,-2.1379771,0.5248672,4.3031726,-0.54389024,-0.88265264,-0.88490397,-1.463653,0.030908544
-1.1465276,1.1570334,-1.8908168,0.65221673,5.1053033,-0.3969499,-0.09573432,-0.95896465,-1.2459614,-1.1322837
-0.9631624,1.1641763,-0.84886277,0.70480186,2.3247354,-0.20191489,-0.5083531,-0.5609956,-0.0328366,-1.0422986
-0.08816711,-0.55713785,-0.6895685,-0.22657326,2.732171,0.2103249,0.3810651,-0.6203826,-0.7443874,-0.36555016
0.12813261,-1.028432,-0.91951275,-0.74463826,3.9156024,0.49721402,0.5684384,-0.25513,-1.5115303,-0.64788306
-0.7757481,1.1310368,-1.5010889,0.74380493,3.9818923,-1.0449169,-0.08792528,-0.6647139,-0.8477661,-0.774483
-1.3398796,0.16359566,-0.7219498,0.41087806,3.3082154,-0.07117307,-0.023806565,-1.0085636,-0.9414434,0.039594296
-1.1901242,1.4415046,-1.8173208,0.7692122,4.6884174,-1.0734878,0.023807667,-0.9080637,-1.2053971,-0.5559338
-1.4957377,0.5204094,-1.1410065,0.64244497,4.5071735,-0.11735742,-0.47208804,-1.1648046,-0.9579128,-0.22388776
-1.2471315,2.8417768,-0.9482167,0.7451603,2.2601948,-0.24390353,-0.84928244,-1.8517836,0.06366949,-0.47478122
-0.9040751,2.1567626,-1.4437153,0.3323263,3.5480464,0.606862,-1.2559246,-1.7083315,-0.715135,-0.3678265
-0.6877187,1.4838121,-1.4358503,0.18132594,3.1514475,0.47997898,-0.62362677,-1.1965138,-1.4463673,0.1546574
-0.67161864,2.20569,-1.472302,0.3989772,3.6068497,-0.29973197,-0.5103634,-1.6056119,-1.1822269,-0.4490825
-0.60542107,0.6342929,-1.2124175,0.10691468,3.4699028,-0.5743403,0.28334522,-0.69098186,-0.8473555,-0.6495657
-1.2485188,0.25369164,-0.97697246,0.35037893,3.9226,-0.22840826,0.3254273,-0.9118668,-0.87496686,-0.6708062
-1.162908,1.895166,-0.9802201,0.4297246,3.1493194,-0.18037985,-0.4212314,-1.4188344,-0.5564337,-0.6250457
-0.43987253,5.375278,-1.0811054,0.38972795,0.45182994,-1.8904028,-0.8086251,-1.9180309,-0.29587656,0.20114996
0.042857327,2.047099,-1.6721644,-0.20728901,2.8814166,-0.03815405,-0.51603055,-1.3515449,-1.4208419,0.40293747
-1.581911,1.0045555,-1.3650289,0.7950621,3.3827336,-0.41297626,0.11700053,-0.6358133,-0.438949,-0.8906446
-0.28644112,0.5601585,-1.7256751,0.4782517,3.3419096,-0.74471974,0.3327788,0.15249275,-0.86147594,-1.1375363
-0.84924227,0.91063845,-1.1637778,0.15477711,4.0028014,-0.3279779,-0.19271785,-0.8185862,-1.0312295,-0.66046757
-1.68771,3.5270054,-1.5539205,0.5464748,2.6130733,-0.6269755,-0.30613393,-1.4091064,-0.48263806,-0.56788844
0.47801736,-1.9963449,0.2742035,-0.5338487,-1.5010448,-0.7736294,1.6715106,2.807235,1.359316,-2.1741147
0.9182938,-0.7895678,0.9543538,-0.078156956,-2.341685,-1.6008786,0.7346428,1.370767,1.4417626,-1.0074397
1.2518073,-0.8960441,0.91535914,-0.2564518,-2.0488286,-1.9764433,1.5018374,1.5161115,1.8702593,-2.0491495
0.52619964,-2.6415203,0.49000975,-0.8905,-1.8274404,-1.236293,2.6888719,2.9030514,0.9506307,-1.4554203
-0.28521422,-0.53937805,0.54172015,0.22031164,-2.6293375,-2.8733337,2.4027128,2.3717952,1.9706203,-1.6493689
0.48990014,-1.008312,0.043149397,-0.6105171,-0.8458666,-1.5238044,1.6896709,2.1386898,1.1801915,-1.76349
0.106539406,-1.6015253,1.3843324,-0.28634503,-2.5109105,-1.7439535,1.827485,2.679539,2.2996457,-2.8148873
2.2361937,-1.2236589,0.1152401,-1.0452522,-3.1698222,-1.6633246,1.6302422,2.409105,1.0195196,-0.7617151
-1.1454158,-1.3468192,3.5059543,-0.17546795,-3.2665536,-0.6734093,1.2396628,0.3406027,3.076081,-2.1565628
0.8551788,-0.12711932,-0.11409481,-0.57823485,-1.8275445,-1.5632235,1.2248486,2.2954621,1.9862549,-2.6206865
0.37596008,-2.1387856,3.0133982,-0.27138358,-2.9941542,-1.5911754,1.4144797,0.643568,2.8376591,-1.8390727
1.4112345,-1.9728998,0.17045648,-0.67511755,-2.0176637,-2.354314,2.0051904,2.3904042,0.58411944,0.006760884
-1.3726099,-2.0397472,3.9034925,-0.18407828,-2.943065,-1.3044593,2.1445909,-0.37405318,3.0733075,-1.5201007
1.8515049,-0.9197446,0.7053741,-0.8470319,-2.4942663,-2.7875159,1.4705795,2.3394303,2.1216776,-1.9615903
1.1430264,-0.38988706,0.46257,-0.5061696,-2.721434,-1.1194854,1.1261383,1.4848651,1.325561,-1.2073953
1.3091973,-0.8660479,1.0179158,-1.1084276,-1.9528712,-1.2172521,1.0279071,0.74534583,1.2711465,-0.69796306
0.6797922,-0.85891974,1.3252738,-1.5391562,-1.7155209,-1.273349,2.1048434,0.44965637,1.8903682,-1.3434136
0.3818451,-0.4325077,0.93444395,-1.0157967,-2.241767,-0.7953537,1.337871,1.9343704,2.1874812,-2.7433352
-0.123307414,-0.5109086,0.87691164,0.3443271,-2.429368,-2.6556854,2.326395,1.4042965,2.2174647,-2.1839626
-1.1873391,-2.1067572,2.8169885,1.0509317,-1.9205998,-1.3993602,1.2471876,1.2759155,3.175525,-3.7649157
1.1125109,-1.3474983,1.1600107,-0.920484,-3.13288,-0.3979196,1.2921582,1.9259907,2.2897365,-2.3108652
1.184904,-2.4541192,1.2684824,-1.222387,-2.713954,-1.6048446,2.800724,1.8392665,1.2613766,-0.8031958
1.8411067,-0.75840616,0.4665053,-0.62027967,-2.7328424,-1.8842187,1.504445,1.9622058,1.5730573,-1.8954767
1.3864245,-0.98012793,0.46298307,-0.5476668,-2.0583167,-1.7106806,1.285829,1.4489352,1.53732,-1.0067656
1.1170548,-0.917391,0.4271126,-0.33899936,-2.4679945,-2.6634884,1.9870354,2.4443228,2.2827208,-2.386971
-0.5332505,5.257113,-0.41422778,-0.4138716,-0.07157863,-0.8623681,-0.34487098,-2.7361321,0.023598984,0.16428861
-0.67944556,4.1748033,-0.49175254,0.14033237,0.43633878,-1.0183549,-0.81855106,-2.2121177,-0.17943774,0.73712856
1.0430254,4.750505,-1.0938108,-0.24864548,-0.4024571,-1.8705564,-0.5609804,-1.852074,-0.60478765,0.8644344
-1.0514395,3.8063097,-0.24679771,0.705651,0.5288656,-0.47756904,-0.9870675,-1.8886323,-0.112369,-0.27487296
-0.4130495,4.431812,-0.85749936,0.037224315,0.3181615,-1.3563225,-0.7671781,-2.035549,-0.45221174,1.0584887
0.4400352,4.0792575,-0.18828207,-0.14767104,-0.36073712,-1.9709167,-0.7072649,-1.5707753,0.74602455,-0.28542382
-1.1060765,2.5937448,1.3810341,0.65975523,-1.738214,-1.9603195,0.6019105,-1.7258469,1.4502925,-0.5827548
0.8826956,4.4154744,-1.0737052,-0.48787868,0.108403996,-0.9800739,-1.0619966,-2.0817182,-0.44791466,0.82276237
0.026708955,3.5281796,-0.23228082,-0.19377306,0.73035324,-1.888567,-0.25915152,-1.905904,-0.4247296,0.5966658
-1.0090541,1.7509392,-1.4116051,1.5680122,1.5190872,-0.4014488,-0.88412786,0.45918924,-1.1832988,-0.33276075
0.17247647,5.1877904,-0.9804411,-0.92037386,0.5309736,-2.0031457,0.8577982,-2.742009,0.17811729,-0.2262435
0.013117636,4.6416173,0.011188775,-0.2546415,-0.91332865,-1.8808669,0.25388962,-2.2602627,0.36149156,-0.15993175
-1.4315573,3.6561308,0.21857345,1.4906604,-0.9137332,-2.0921836,-0.573173,-1.2957233,0.5779698,-0.025230225
-2.0952334,0.6827482,0.6814935,1.53113,0.38155472,-1.4540417,0.43488413,0.09236477,1.1102163,-1.8883948
-1.3399551,5.354079,-0.33297202,0.0417274,-0.016655663,-1.4794155,0.17345986,-2.372218,0.51345676,-0.6236293
0.37120733,4.985864,-1.5824516,-0.21765894,0.7171424,-1.4632881,-0.5665681,-2.1626992,-0.6406018,0.8631148
-0.89291424,5.545384,-0.66994977,0.6562184,-1.0862757,-2.4416568,0.09671343,-1.9180952,-0.016237333,0.7025178
-2.6188774,0.88857317,1.1584244,1.5122008,0.34196788,-2.7941337,1.1116806,-0.8339299,1.4219958,-0.597728
0.045890637,4.498778,-0.2194252,0.015238352,0.23609148,-1.02279,-0.76782435,-2.5928562,-0.40611112,0.17485753
-2.3394651,0.52210426,0.45469764,1.7848201,0.8878669,-1.9794066,0.10035316,0.690914,0.7159035,-1.2630173
-0.90867037,5.7694144,-1.3005071,0.09079621,0.55587673,-1.8212492,-0.06687463,-1.8415611,0.09716095,-0.5777944
-0.55386543,3.1647866,-1.4774098,0.5058286,2.2215836,-0.69246864,-0.700771,-1.1189156,-0.41351742,-0.76198155
-0.089451216,5.4545217,-0.8097024,0.4508602,-0.9874166,-2.4851527,-0.42742077,-1.4327147,0.76157784,-0.43091974
0.1849443,4.550281,-0.25938287,-0.13215661,-0.70399827,-1.6282563,-0.5407446,-1.441815,0.7306651,-0.79312384
-1.3623475,1.1040055,0.13339378,1.1582642,1.7589134,-1.0917945,-0.11290834,-0.52585995,0.38507318,-1.7795076
1.7046489,1.3390248,-0.9426367,-0.8393529,-0.6511347,-0.42495054,-0.5703234,-1.1390544,-1.5800407,3.2381454
0.8010049,0.71347654,0.5166172,-0.39147377,-0.9716886,-0.873497,-0.6099505,-0.59726906,-0.5051074,1.8170097
0.82104474,-0.079250775,-0.9416467,-0.0472494,0.0540529,-2.4067035,0.65570116,0.30562294,-1.0194027,2.3981652
-0.5884008,-0.11613371,1.594134,0.53805095,-3.024323,-1.8012013,0.541939,-0.3469106,0.8841351,1.8369292
0.8900103,0.3105864,-0.49074164,-0.3538501,0.50379086,-0.6695299,-0.6463582,-0.7028383,-1.151119,2.2663202
0.6171313,2.7626529,-0.553089,0.22260565,-0.94888407,-0.8708446,-1.2407427,-1.4881989,-0.43618137,1.9981761
-1.0974147,-1.3725978,2.61161,0.93309504,-1.4154413,-1.3362646,0.2470248,-0.19019537,1.9904974,-0.8926477
0.7771664,1.0558648,-0.43904045,-0.41169226,-0.82799673,-0.6421368,-0.55805147,-0.7574208,-1.4205359,3.2584443
-0.5867183,0.8964472,0.55022264,0.16462934,-1.0217382,-1.3309592,0.028386988,-0.4239022,0.29215944,1.1098473
0.34237215,-0.63757116,-0.27365837,-0.5390709,-0.5324452,1.2539536,-0.98796606,-0.86581695,-2.0939376,4.4998236
-0.63985384,0.4307267,0.6765771,1.1906079,-1.1090437,-1.5182036,-0.68421376,-0.84791374,0.07408552,2.1629312
1.7064142,-0.20419063,-0.7938639,-1.1686904,-0.8244522,0.07105662,-0.101642884,0.0015891418,-2.1259277,3.5887108
1.0526731,-1.678223,-0.49794754,-0.18921039,-0.23373412,-0.08383189,-0.8232541,0.643642,-1.9360927,3.5999777
0.29374775,0.5032377,-0.31449315,0.12874827,-0.22300722,-0.9132134,-0.71695423,-0.50551355,-1.5458806,3.251357
-2.0857859,-1.7074312,0.6177578,2.3731122,0.79113567,0.027980104,-1.102961,0.9608428,0.6215184,-0.8811295
-0.28493232,2.405767,-0.2818896,-0.07603138,0.33089235,-1.1370984,-0.6595121,-1.594237,-0.5354007,1.900666
1.055694,-0.30806094,0.012644932,-0.72707945,0.2865468,-0.5579687,-0.80043775,-1.3205622,-1.4961121,3.9630132
-0.25011763,-1.4703407,1.899993,0.15280637,-2.7935827,-1.4963794,0.66191494,-0.31164455,1.0768805,2.1388974
2.508419,0.83591557,-1.3776767,-1.0928755,-0.7968694,-1.2183344,-0.2298106,-0.30225462,-1.7705201,3.525126
0.12912473,-1.3791556,-0.625772,0.04257688,0.41824865,0.32466197,-0.45420033,0.31197864,-2.3110373,3.5183737
0.8193347,2.6030426,-1.076537,-0.044809155,-0.648623,-2.2271597,-0.13267013,-0.7030905,-0.57139075,1.9619951
-0.2412065,0.13204698,0.36647475,1.487108,-1.7016634,-1.2884407,-0.8219992,-0.13754354,-0.072131634,1.9054246
0.9664045,1.2416099,-1.0702889,-0.5228506,-0.12600482,-0.39549142,-0.45400545,-1.2697536,-0.7955284,2.5955505
-0.038542755,2.8260205,-1.381778,0.13332322,1.7982455,-0.39455086,-0.90995693,-1.7983676,-0.88411134,0.83549803
-0.68584275,-1.0922358,-0.16442609,1.1339368,-0.1644877,-0.33407468,-0.41320953,0.23058383,-0.63965917,1.9161363
-2.6128278,-2.152616,3.2370334,2.0884829,-1.4586923,-1.9073615,0.8814969,0.34713656,2.8184552,-2.1175985
-2.5878167,-2.0992389,3.028376,2.5253158,-2.049156,-2.2281303,0.0961728,0.68981403,2.3408887,-0.6965902
-4.1629043,-1.3398026,2.9907084,2.555987,-0.20484151,-1.7434263,0.41464853,0.06497897,2.071515,-1.2979428
-3.5626237,-0.74031186,3.334895,1.3089939,-1.3763146,-1.3797554,1.3477937,-0.12129669,3.1286583,-2.4694657
-1.5160388,1.2220145,0.13840365,1.2189375,-0.17001225,-2.5440931,0.89257675,-0.29384834,0.7414433,-0.16953996
-2.724638,-2.4634829,3.3873649,1.7441143,-1.9487945,-2.8357885,1.4983801,0.4429794,2.9215062,-0.97171503
-2.5113883,-0.61306393,1.949468,2.0819843,0.20163037,-2.3887675,0.76396763,-0.21270417,1.7560112,-1.5938168
-1.4433787,1.3629949,0.716028,1.9228698,-0.57469016,-2.7844052,0.043128602,-0.3600129,0.7105377,-0.111335814
-0.7454875,1.1417153,0.7487186,1.238748,-1.3127121,-1.7753309,-0.113352686,-0.36458063,0.80412304,0.022236828
-0.7035292,2.2951424,-0.19814196,1.7759771,-1.1239353,-2.4300318,-0.43583083,-0.019679144,0.5658045,-0.19164908
-2.8634176,-1.351827,2.2362132,2.3426304,-1.4123281,-1.8915217,0.7496294,0.78275275,2.2733486,-1.6178916
-1.6444384,-0.15725832,1.8996629,1.8200337,-1.7928895,-2.8284695,0.7204379,-0.044165716,1.7967472,-0.60754764
-1.5232422,1.0208408,-0.27283224,1.9792889,0.2347952,-2.95073,0.81192017,0.49163777,0.68231237,-1.0472136
-1.988396,-1.7615857,2.562385,1.6453435,-2.0041964,-2.2013328,0.85205543,1.1848375,2.2805521,-1.400946
-1.8847033,-0.64863205,0.55606234,2.730019,-0.8989518,-2.9775305,0.583543,0.98664767,0.810596,-0.10221833
-2.846253,-2.1975644,3.6575832,1.4462768,-2.1045077,-1.3592632,0.6228479,0.59743655,2.699251,-1.5420198
-1.8295711,-1.6718706,1.4126761,2.3759766,-1.0142787,-1.731343,0.21460107,0.9424445,1.1577814,-0.52203876
-2.057157,-0.33695316,1.1454902,2.2037187,-0.99927855,-2.7819715,0.4259956,0.07566087,1.3766117,0.19495842
-2.5904417,-0.5094653,0.96070313,2.9651623,-0.87832165,-2.5413785,0.06977595,0.46918136,1.0998719,0.100225255
-1.2236446,-0.640595,1.7523987,1.3739601,-1.0216142,-1.3327901,0.40370432,-0.008518741,1.4548318,-1.3856504
0.08777542,-0.80066293,0.5589249,1.3868723,-2.544078,-2.3426695,0.36837143,0.9646929,0.6955371,1.0184772
-0.7036823,4.0809093,-0.1996991,1.3635807,-0.13595934,-2.7527285,-0.9474735,-1.2921346,0.8514038,-0.50380325
-2.011751,-1.5175233,1.8444011,1.9680763,-1.748252,-2.4626045,0.8261915,0.76622325,2.211806,-0.7146831
-1.0114726,-0.2500521,0.21895832,2.1679196,-0.15197147,-2.0169883,-0.2634896,0.5053433,0.9305416,-0.54023135
-3.0913754,-0.3486786,2.4578662,2.0855749,-0.8503927,-2.4548655,0.8732394,0.07452333,2.3271544,-1.9122005
-1.5491139,0.15133764,0.41959447,1.9663674,-0.22903603,-1.9149299,0.7687272,0.008511201,0.7284317,-0.8650859
-1.7794079,-1.5180376,2.009636,1.8897375,-0.9401804,-0.7189062,0.25034845,-0.15244262,2.0972457,-1.8253798
-1.2518027,-1.7405368,1.2143527,2.0305305,-1.2842938,-1.9572694,0.11677765,1.2444955,1.050916,-0.25944018
0.23730388,-1.6383564,-0.1472488,-0.9859099,0.43376532,4.7740474,-1.8898169,-0.4015085,-1.7262223,1.7858033
-0.96302325,-1.3409399,0.6285521,0.2175301,-0.016554864,3.1225429,-1.5648184,0.21620513,-0.20552388,-0.09739286
0.168066,-1.1850377,-0.47709158,-0.4022832,0.20065084,4.002086,-1.4779319,-0.26546508,-1.7244,1.417238
0.25281015,-1.7665616,-0.16807404,-0.5422214,0.46242145,4.0094457,-1.4797491,0.17650361,-1.0692303,0.39887655
-0.4500741,-2.773715,1.5996826,-0.9169634,-0.8330177,4.9172764,-0.06130407,-0.09773339,0.4979139,-1.747518
-0.38708946,-2.0798185,0.16744047,-0.7402554,-0.29935476,5.473989,-1.9530264,0.05413285,-1.154835,1.2920724
0.22656956,-0.7123925,0.68089306,-0.4612751,-0.82690454,2.900302,-1.2536572,-0.43932515,-0.19284774,0.36314857
-1.8548568,-2.6999583,1.4370288,0.50557625,-0.81797856,4.345663,-0.73835623,-0.049254164,-0.027647689,-0.1072962
-0.5216706,-1.426201,0.56603444,-0.613645,-0.28536233,4.5859265,-1.5681568,-0.9964905,-0.74006647,1.2786207
0.44159877,-1.1783243,-1.3223293,0.8711438,-0.057091843,2.855596,-2.0273335,0.8111522,-1.5836445,1.2076353
0.37092137,-2.1809797,0.4540884,-0.5536616,-1.2104157,4.6178203,-1.5801152,0.12272073,-0.72824967,0.8545068
-1.0559326,-1.5536623,-0.06678486,1.0058273,0.06704556,2.9689581,-1.5512848,0.8246879,-1.2521071,0.5605859
0.34081352,-0.83890027,-1.2567459,-0.1643604,0.9131185,4.309056,-2.038729,-0.5422195,-2.2766583,1.8550615
-0.88083994,-0.46748894,-0.43387917,0.9786752,-0.43694288,2.3983474,-1.6480259,0.4001642,-1.0253425,1.0887909
0.52867186,-1.7743696,-0.77166903,-0.2402935,1.1571378,2.5304341,-1.0980841,-0.054677755,-1.377579,1.2821577
0.018382559,-2.357194,0.52395844,-1.1499523,-0.33713248,6.377752,-2.064398,-0.5768583,-1.6789284,1.6626091
-0.7798184,-1.2587817,-0.66544557,1.0407108,0.8194629,2.945335,-1.2977084,0.8145551,-1.0667411,-0.42913845
-0.950468,-1.5748059,-0.37616616,0.15625638,1.2267174,3.6937656,-1.7440296,-0.10824028,-1.9163866,1.7667558
-0.95289224,-2.0344696,0.9722885,0.42156404,-0.5877725,2.1807237,-0.4901294,0.18048514,-0.021960929,0.18474881
-2.6088214,-1.3350029,2.2395663,1.5703508,-1.4648265,0.08311726,-0.1933347,0.021856084,1.7910529,-0.5880688
-1.2557138,-1.9174786,0.05245912,0.51714855,0.09760805,3.1999779,-1.5426221,0.476466,-1.3448455,1.7878225
-2.0283196,-2.2069013,1.4831119,0.56950206,-0.40171897,2.915091,-0.0064777657,0.28090966,0.88809705,-1.6453985
-2.3499746,-1.3193268,2.882319,1.3573186,-1.7694905,-1.039639,0.84136224,0.41114038,2.637575,-2.4573674
-1.4180204,-1.1499629,0.30960128,0.38815546,0.92239016,4.1879177,-1.8110996,-0.5887052,-0.91326046,0.30877978
-0.4496874,-2.325222,1.0695866,0.5090738,-0.45115918,1.5759869,-0.4646259,0.3157531,-0.0047990233,-0.14806896
-0.3761236,-1.2642835,-0.7060578,1.8427249,-0.6560177,-2.253596,1.0675415,3.3422658,1.0237824,-2.5654993
-1.9334762,-2.0038152,2.0769627,1.7250394,-1.218062,-2.495429,1.004599,1.1303747,2.3197691,-1.6210608
-0.1997506,-2.3209982,0.3046433,1.1998464,-2.9313614,-2.6402805,2.0278394,3.503405,0.75756943,-0.45017457
-1.0221239,-1.8325658,0.9556817,1.3069116,-1.4165183,-1.3372985,1.2783096,1.6275245,1.6152725,-1.9251624
-1.0607682,-1.1044829,0.46854806,1.4007148,-0.6615355,-2.518136,0.55470043,1.1191635,0.6868675,0.48473683
-0.93674046,-1.7054514,0.1610361,1.6952665,-0.85173804,-1.6920679,0.64197516,2.7504253,1.2432661,-2.0052702
-0.7839977,-1.8134507,-0.7258954,1.7513784,-1.7966285,-3.4228942,1.4622765,4.0809975,0.42780185,0.10771316
2.1940618,-0.11400213,-1.2757134,-0.17822519,-1.0880536,-1.6122668,0.080388986,1.2194437,-0.71865886,1.2533903
-0.4644099,-2.439176,0.87832177,1.4240351,-2.9990668,-2.4809523,1.3990005,3.2931032,1.7979853,-1.1196212
2.883412,-1.711439,-1.0101298,-0.6298987,-2.5587661,-1.4651943,1.2607785,3.0712366,-0.07617132,-0.1446103
-1.2983179,-1.5710019,-0.7480333,0.9985748,-2.291385,-2.673511,2.507122,4.2443166,0.7432547,-0.6909606
-0.31983742,-2.591011,-0.21691388,0.17762473,-1.390433,-2.0699048,2.5449653,3.3006341,0.4104908,-0.62673974
-1.9096507,-2.4729197,1.646439,0.9633058,-1.6042819,-2.128489,1.8553743,1.9875406,1.5055397,-0.50323546
-3.121361,-1.4318341,3.5656397,2.6377463,-1.9213202,-2.6947737,0.9476663,0.8508193,2.9538732,-2.8126788
-2.5035229,-2.6569223,1.5898616,2.1301737,-0.7273421,-1.498636,1.5678176,2.1523473,2.2023997,-3.1328757
0.6161906,-1.6539849,-1.1812358,0.23791507,-1.4812526,-2.062551,2.6024184,3.3183248,0.5816251,-1.5055437
-1.4023315,-3.1273115,1.4445162,0.78602844,-1.8417448,-2.1305392,2.5817025,3.6799097,2.3680046,-3.216855
-0.27335995,-2.7693758,0.40031263,1.093968,-2.08866,-2.0164785,1.9822131,3.271505,1.0507295,-1.3027675
0.25616536,-0.94975895,-0.6775601,1.1838412,-2.1149223,-3.0003276,1.9792358,3.1363702,1.3043983,-1.9374701
-0.19483355,-1.8693761,-1.6119747,1.2194383,0.002565959,-1.2953094,1.5399693,3.8011274,0.74087787,-2.8883877
-1.2948962,-3.1887054,1.2108501,-0.22482419,-2.7592328,-2.777177,5.011111,3.4395437,2.5588338,-2.7209425
2.38896,-1.24822,-1.2076346,-0.73347294,-2.0839305,-1.8472781,1.8855654,2.334507,0.070417956,0.16802377
-0.30839345,-2.483948,-0.55111456,0.56655437,-1.4465555,-2.386914,3.0535095,3.5019178,1.3950031,-1.9327374
-1.6286665,-1.0620161,-0.56061196,1.814129,-0.35775062,-2.0738313,1.6332208,2.9662962,1.1598042,-2.5931396
-0.7464548,-0.02027788,-0.084786594,1.0527833,-0.36848778,-2.1080618,1.3034981,0.89522976,0.5192107,-1.0688779
0.20232733,-0.023571454,1.1636095,-1.0125713,-1.8727046,-1.2569374,1.7670931,0.48092157,1.7687318,-1.4725546
1.810746,-0.16059057,-0.3320442,-0.7781432,-0.417158,-1.1353469,1.0475413,0.41296446,0.43675536,-1.0017453
3.0930767,-0.8226489,-0.109486416,-1.743972,-0.21815297,-0.33921057,0.3576516,-0.7414941,-0.6133755,1.1749787
2.7331142,0.5318733,0.6336688,-0.9898888,-2.4433799,-2.0769773,1.1872778,-1.3056167,0.5446882,0.9872513
0.84353346,1.3518926,-0.03183928,-1.2322036,-0.19358985,-0.54951495,0.5670617,-0.5877688,0.104041144,-0.38041222
0.3378311,0.7875937,0.22015335,0.41478503,-0.36995113,-2.2524874,-0.07460255,-0.45910347,0.20000668,0.95397866
-2.0371177,0.33551607,1.5229182,1.8282074,-0.018742451,-1.0842844,-0.656522,-0.11234839,1.3250123,-1.4400922
-0.24813929,0.7311887,0.6856544,0.08739256,-1.0986011,-1.6778783,1.5573579,-0.43499053,0.47012204,-0.2678386
0.9119579,2.4921901,-0.38079646,0.004314609,0.048057456,-0.9007138,-0.58279204,-1.4066554,-0.22750428,0.023517776
1.4705658,1.327931,-0.20947888,-0.2360791,-0.7674109,-1.4573252,-0.28844753,-0.82289076,-0.6098739,1.5226752
-0.16962576,2.8049586,-0.20512998,0.50430155,-0.08843926,-1.1648507,-0.59002507,-1.6260422,0.044403493,0.45408762
-0.14348856,3.0580304,-0.3809894,-0.37816814,-0.08169169,-0.8099761,0.39408475,-2.2446012,-0.21333636,0.8924485
0.105334476,2.8104348,0.0632216,0.038303442,-0.9396442,-1.1846807,-0.3540559,-1.5969723,0.30179733,0.7967667
0.5908228,3.9103198,-0.819191,-0.6003335,-0.7022402,-1.0254552,0.2863694,-1.6627351,-0.1280944,0.28824562
-2.494029,-0.8515039,2.7749863,1.3286363,-1.8192314,-1.3044949,0.22044706,0.6150094,2.4798224,-1.4954653
1.0476407,0.8402563,0.8654375,0.5158604,-1.1431061,-2.6421785,0.28981483,-0.60327303,0.7901027,-0.43243492
-0.73285514,1.5976241,1.1089787,0.48817486,-0.86278045,-1.8015459,0.40207234,-1.005499,0.95123893,-0.3908308
2.5622404,1.315741,0.07960604,-1.1688594,-2.0566921,-0.90890956,-0.2198332,-0.64503914,0.35362118,0.631811
-1.0657501,-0.73048186,3.3945622,0.37512842,-2.392739,-1.152364,0.99584854,-0.81282717,2.9579957,-2.1866574
-0.435183,0.76954854,1.9696586,-1.0949149,-1.0915289,-0.117865235,0.76319623,-1.4835049,1.4252164,-0.89349085
-0.264887,3.3596587,0.042654783,-0.12317016,-0.61397034,-0.26384288,-0.65466595,-1.4840063,0.47029823,-0.34953794
-0.6503784,0.13690598,1.1893883,0.2869627,-0.3439426,-0.97173905,0.64886695,-0.9769006,0.5831455,-0.1994656
-0.6797448,-2.1792226,2.4683003,0.37473285,-1.6974232,-0.78501236,0.4019696,0.48533088,2.103941,-1.1253283
0.84088624,3.5640464,-0.41251084,0.3045636,-0.5223162,-1.5854864,-0.38881588,-1.7003955,0.74660397,-0.9391664
-1.5099659,-0.38618258,2.1568112,1.0582216,-0.9695057,-1.9237707,0.5116054,-0.4245615,1.6071165,-0.62503284
-1.0331364,2.342485,1.3805194,0.49356127,-2.6984408,-1.5190504,0.6200704,-0.9312568,1.6547426,-0.7445078
-2.2374334,0.660697,2.0067832,1.6915721,-1.0548924,-2.6879516,0.42747545,-0.069712125,1.9825718,-1.5308396
-0.62268996,0.09527061,1.0426544,1.752112,-1.7880977,-2.0874748,-0.5254328,-0.24581468,0.09165269,1.8722003
