-0.093519725,-2.7291746,3.605873,-0.11720756,-2.8769233,-0.4906578,1.4387858,0.77279764,2.350019,-2.9648914
-1.986275,-2.4064572,4.4868026,1.138797,-2.546837,0.011796117,1.196433,0.53436786,2.7997222,-4.032668
-0.9845829,-1.8466594,3.0568266,0.4215497,-2.4180553,-1.4035887,2.0025895,1.028111,2.2402475,-3.2621279
-0.5465225,-2.8854475,2.495097,0.31244007,-1.6061784,0.016593337,1.5723861,1.7129896,0.98452747,-2.8308234
-0.38491178,-3.025614,3.1071148,1.1183981,-2.7048256,-1.2994195,1.9499243,1.6697361,1.4179937,-2.9226604
-0.90587723,-2.209823,3.5381846,0.58508694,-3.5972185,-1.064916,1.5376953,1.5959597,2.1308947,-2.7813911
-1.3963239,-1.2489002,3.8007185,-0.06675038,-3.3876927,-0.20967638,0.9278187,-0.08781274,3.5330217,-2.9224372
0.4020584,-2.745845,1.6328247,-0.32842934,-2.5822785,-0.10277808,1.4619738,2.106322,0.4266718,-1.2482948
0.95485544,-2.0927916,1.7829217,0.00798893,-1.9166129,-1.6372792,1.6979665,1.6912773,0.8439884,-2.1371055
-1.7451799,-1.4044175,2.970766,0.19126102,-1.8971123,-0.071460485,0.8883545,0.2403648,2.3238983,-2.3738985
-2.9704483,-4.7061567,2.4790525,4.976777,-1.5531046,0.060499072,1.1775081,3.1326036,-0.040417515,-3.6116562
-3.288886,-0.850368,1.9390758,2.0690014,-0.17009556,-1.0176657,0.5021769,0.35115266,1.3397506,-2.026825
-1.1907848,-2.051763,4.0832396,0.41971907,-3.5161254,-1.2472303,2.4772677,1.4034355,2.3152177,-3.7040281
-2.0421374,-1.8708987,3.63631,1.1507915,-2.8620002,-1.2784597,1.6323581,0.86599654,2.8948627,-3.105194
-0.7899227,-1.9321501,2.5067723,1.6188549,-1.2869383,-2.427477,1.7228183,1.4928541,1.1523024,-3.0715852
0.64686555,-2.922739,2.8695364,-0.6312207,-2.6347706,0.15258408,1.6382642,1.0303047,1.6781309,-2.6938386
-0.28479874,-2.2178962,3.3296776,0.12752119,-2.7864668,-1.1866386,1.4211905,1.3361742,1.7868377,-2.2884607
-2.4735613,-1.6224008,4.241404,0.9103025,-3.0497305,-1.2756283,2.0899167,1.0128455,3.295911,-4.1710176
-0.497626,-1.9743764,2.724885,0.2585024,-1.904023,-1.148537,1.7393442,0.72586846,1.7984035,-2.7263722
-2.2531717,-1.4598098,3.101286,1.442697,-2.0891464,-1.0788546,1.8315349,0.98800063,2.336514,-3.6998882
-1.8649318,-1.7217464,3.7550807,0.04301378,-2.795159,-0.44025242,1.8570155,0.9546815,3.0207763,-3.9362178
-1.0253476,-2.4310853,3.6909697,0.7777209,-3.0034044,-1.2786162,1.8940121,1.6334152,2.3292887,-3.755157
-0.73127896,-0.896764,3.4151235,-0.63077223,-3.038386,-0.92054105,1.3038942,0.037915647,3.1382082,-2.697699
0.29283518,-2.7103229,3.647615,-0.37497777,-3.3705308,-1.0597588,2.1426063,1.6558576,2.2181017,-3.555859
-0.64352065,-2.280546,3.0818987,0.82362974,-3.1349647,-2.734334,3.089267,2.2738092,1.9141198,-3.579217
-0.33736914,-2.1607087,0.7078811,-0.026913166,-0.48882326,2.8989577,-0.9724758,0.03940575,0.49848056,-0.5560721
-1.7145236,-1.9590397,1.4595891,-0.082077295,-1.8146614,5.5429635,-2.0548396,-0.40760827,1.4575132,-0.7725934
-1.1744483,-1.3819096,2.0848174,-0.84770393,-1.68254,4.438558,-1.5476836,-1.2283957,2.3152816,-1.4134524
0.93952525,-2.1744595,0.3879854,-1.435252,-0.77994275,3.982141,-0.9134757,-0.4613637,0.6586015,-0.605898
0.8432623,-2.0038083,0.43204618,-0.9091809,-0.64546216,2.8635116,-0.7180485,-0.10668695,0.22394782,-0.592417
-1.5324494,-1.5896056,1.098113,-0.29139692,-0.9715239,5.50017,-1.831963,-0.94498104,1.4215691,-1.2033077
0.2897763,-1.9596376,0.07812543,-0.67309606,0.23309663,3.3827229,-0.7797209,-0.31995463,0.3336458,-1.0850542
-0.1489994,-1.3890059,0.051640883,-0.5757977,0.43314615,3.244616,-1.2979432,-0.57131284,0.48543072,-0.66446155
0.86958134,-2.0212886,-0.10678069,-0.5094529,-0.37495694,1.9893339,-0.29786122,0.4905445,-0.4181014,-0.1348234
-0.6184313,-1.8512588,0.47320575,-0.707592,-0.64044046,5.1894264,-1.6995054,-0.54891735,0.9294891,-0.6746755
-1.1695057,-1.727679,0.845292,0.04804787,-0.9641906,4.6478806,-1.6864628,-0.34259927,0.8595517,-0.8196289
-0.99769807,-1.5340326,1.5725025,-0.66804504,-1.0198686,4.898496,-1.8781191,-1.0345712,1.7640558,-1.4220172
-1.0317681,-1.4985983,0.9982331,-0.5680838,-0.6882981,5.3366165,-2.1072786,-1.3020909,1.561647,-0.8944558
-1.0774004,-1.6178138,1.0295883,-0.37003127,-1.1585349,5.159843,-2.012842,-0.89093924,1.1971266,-0.69453573
-0.9435692,-1.3566995,0.3583951,0.23224977,-0.80778265,4.333854,-1.4674145,-0.20908153,0.33369863,-0.5806912
-0.66821736,-1.7468052,0.8830395,-0.36577296,-1.0974544,4.7170815,-1.7754974,-0.48337132,1.204822,-0.99783254
-1.767116,-1.1106186,1.5073432,-0.47965148,-1.2895144,6.015909,-2.3579187,-1.1972616,1.6749616,-0.987837
-0.6599333,-1.01985,-0.12731175,-0.32180953,0.72585607,4.637658,-1.8677896,-1.3033547,0.46795726,-0.73379797
-0.22772962,-1.6163445,1.0052496,-0.8069328,-1.0317507,2.8202643,0.10955115,-0.17170885,1.3519045,-1.8805822
-0.5435777,-1.7747712,0.74566054,-0.3235018,-0.68814987,4.388958,-1.3475409,-0.16194227,0.7858869,-1.25883
-1.0520115,-1.5060725,1.5492435,-1.0779049,-1.976235,6.362352,-2.2503452,-1.3429224,2.19112,-1.2083349
-0.46064174,-1.3786981,0.3481114,-0.88409424,-0.7090833,5.5006814,-1.8848735,-1.1580935,1.0234269,-0.6524159
1.1097447,-2.9224923,1.141718,-1.2716103,-1.5197322,4.0315332,-0.7649874,-0.1198286,0.8463317,-0.9893336
-0.3125679,-1.3171735,1.1137115,-0.9932755,-0.7532711,3.8665543,-1.4942116,-0.97729343,1.2120153,-0.75674534
1.5574605,-2.3924077,0.19352323,-1.4623183,-0.5337064,3.3202891,-0.56271875,0.043196738,0.2234115,-0.82221854
-2.2750695,-0.80289334,3.747631,-0.24271849,-3.1286302,-0.058837652,2.0415957,-0.05808468,3.404446,-3.8622718
-2.0760455,-0.18563342,3.1973073,-1.2582673,-2.4368947,0.75903034,1.2110075,-0.38968197,3.5393999,-3.290856
-1.0097107,-1.416785,3.7855415,-0.8284069,-2.975485,-0.55709445,2.0529268,0.40975899,3.6319253,-4.16136
-2.716696,-0.036197245,3.7977436,-0.71202123,-2.9360323,0.17046916,1.0706669,-0.6561144,4.705979,-3.9512691
-3.178406,-1.2009678,4.541481,0.57658195,-3.3089046,0.21554425,1.5464691,0.2045086,4.1517825,-4.817398
-1.5465057,-0.22826022,2.478052,-0.5149027,-2.7691383,-0.21852344,1.3792597,0.35688162,2.837946,-2.7552118
-0.062538005,-1.865294,3.0678387,-0.7844572,-2.8914976,-1.1504388,2.0927918,0.70379406,2.6050396,-2.9601521
-0.96851456,-2.8461137,2.7886925,1.3869203,-1.9833014,-1.3354706,2.0413961,2.0469847,1.2239901,-3.5097175
-2.2963517,-2.350728,4.7506604,0.24774519,-3.6066475,-0.6077045,1.8878913,1.0817182,3.0965016,-3.5314155
-1.3912811,-1.927897,3.6998808,-0.43923125,-3.7539377,0.562912,1.166088,0.8325583,3.3480537,-3.3772936
-2.0220838,-1.0724442,2.6774848,0.62671673,-2.5384138,0.23587066,1.2894471,0.31538814,2.1516578,-2.764101
-2.065759,-1.3154619,3.1819491,0.08761719,-2.1849308,-0.7816347,1.950361,0.55266345,2.5146828,-3.0995135
-1.9316452,-0.5977157,4.133866,-1.2913944,-3.7330945,-0.47355068,1.981855,-0.31806827,4.540942,-3.5624046
-1.2787733,-1.9422178,4.314567,-0.69398904,-3.9203808,0.08003783,0.6495638,0.62086624,3.711127,-2.7393122
-1.011009,-1.0866163,3.8369627,-1.14847,-3.689718,-1.7191862,2.8208885,0.7947431,3.2915742,-3.5086446
-2.2902653,-1.1872096,3.4375453,0.21057025,-2.3510563,0.16396362,1.2794727,-0.33374766,3.8221197,-3.8951182
-0.9090651,-0.32108086,2.921439,-1.7311035,-2.1315424,1.3172312,0.52418864,-1.7389033,3.7450478,-2.7128768
-1.5508022,-1.0743961,2.068057,0.5815594,-1.8412057,0.35702235,1.2185429,0.62719166,2.0877254,-3.317451
-0.647225,-2.5044572,3.5427613,-0.2674249,-3.0846133,-1.6433004,3.055661,1.84167,2.3382337,-4.0490522
-2.0621202,-0.81131107,3.7143817,-0.31337425,-2.2937615,0.557482,0.79217833,-0.70195067,3.494273,-3.6814508
-2.896875,-1.1392987,3.2927747,1.4935957,-2.353642,-1.2919511,1.2349867,1.2260106,2.467213,-3.1457357
-0.8636625,-2.1159568,3.5617657,0.08106977,-2.7017686,-0.6489562,1.9128333,0.91059524,2.4699597,-3.7795463
-1.2634208,-1.7663562,3.193403,0.49829713,-2.3088865,-1.0378789,1.4306595,0.69234,2.1077971,-2.6343708
-2.0979884,-1.7662506,4.2207193,0.27563527,-2.6331804,0.3772676,0.7884227,-0.23214847,3.3727453,-3.2343569
-1.9270146,-2.035038,3.6083784,0.088903576,-2.693691,0.7980026,0.43064255,0.58610606,2.802595,-3.024682
0.6143335,1.5359747,-1.9699095,-0.5725467,0.38772336,-0.95455253,-0.85576147,-0.17135894,-1.6666963,3.232782
0.5048525,2.3816986,-1.8462012,-0.68284464,0.40414032,-0.98303354,-0.0095605105,-1.1181958,-0.7221881,1.7762712
1.2860639,1.7893708,-0.8987096,-1.8122463,-0.862115,-1.0457245,0.2393841,-0.60705155,0.09188867,1.2773623
1.2820691,-0.5738337,-0.22224183,-1.0226794,-1.2914485,-0.28784055,0.709335,0.61631536,-0.5953912,0.76754415
1.07643,-1.0887945,-0.6169665,-0.48798168,-0.59365153,-0.88113666,1.2020311,1.1713755,-1.2262175,0.8625585
1.399493,1.5830481,-0.86130446,-1.682133,-0.8352444,-1.7401074,1.4675325,-0.3593344,0.38069203,0.28918922
2.7183511,-1.3859346,-0.5430185,-1.3208364,-1.1902426,-0.7026557,0.3988489,0.98292106,-1.1182398,1.64731
2.7405856,-0.6033774,-1.421054,-1.2009706,-0.6860833,-1.2969055,0.006680727,0.7911591,-1.8288099,2.826336
2.722594,-1.803242,-0.45615435,-1.3559579,-0.7129203,-1.1780192,1.2987382,1.3748846,-1.2050555,0.661754
2.3405733,-1.3331819,-0.6061587,-1.4750172,-1.426677,-0.49994028,0.6458038,1.0284064,-1.2556713,1.854573
3.265714,-1.7691224,-0.4834003,-0.98499775,-1.0767002,-1.3536731,0.7805327,1.7945704,-1.3471953,0.68853354
0.5429507,1.2772686,-3.862499,0.34930304,3.3638937,0.9568125,-2.0950658,-0.6450328,-2.57651,2.3327389
0.19207537,1.1724837,-2.3340282,-0.42942822,1.1304016,0.14999488,-1.0574003,-0.2067399,-1.4383295,2.3651066
1.6814301,0.86847264,-0.8658197,-1.4000261,-0.8040941,-0.41970158,0.14611591,-0.48729867,-0.54075605,1.4594353
1.0452589,1.7482207,-0.6112884,-1.2182808,-1.0786083,-1.6935996,0.28649622,-0.21531685,-0.22032487,1.3951548
-0.54646134,-1.992569,-0.25238144,1.9674646,-0.18460459,-1.058962,0.9312342,2.182878,-1.2411155,-0.4971516
1.9553525,-0.35722142,-0.3097561,-1.1839619,-1.3473111,-1.6112674,1.5013354,0.99443024,-0.2375426,-0.1837098
1.0900271,-2.2631562,-0.051963285,0.23743251,-1.171086,-0.97268414,1.1351318,2.1236095,-1.4402616,0.6839946
0.3557044,1.960294,-0.9534884,-1.358827,-0.3682013,-0.3513481,-0.4663617,-0.69687104,-0.44303948,2.1053772
2.3222725,-0.54271436,-0.59089315,-1.3790373,-0.7377788,-0.7780349,0.51578885,0.4154826,-0.8024668,1.0053501
2.428131,-1.6101909,-0.6395241,-0.65618646,-0.6983352,0.42140323,0.020783707,0.72951007,-1.3448987,1.1045358
2.1055245,0.26523387,-1.132882,-0.9561055,-0.3722338,-1.0023923,0.44512284,0.07823637,-0.72799265,0.83361053
0.79271215,1.618304,-1.4941208,-0.6672313,0.0370076,-0.8605329,-0.007340461,-0.4951883,-0.62046635,1.2711359
1.8746865,2.1243865,-1.2243005,-1.8094026,-0.45358256,-1.1505653,0.092925504,-1.2971122,-0.09300261,1.5403098
1.8196572,1.5608876,-1.4583228,-1.264033,0.17994708,-1.7504548,0.4231527,-0.43460366,-0.66257447,1.0834244
-1.7866815,1.2590413,-3.3923485,1.9974624,5.9608703,1.2154464,-2.5850616,-1.7618787,-1.6089855,0.3727315
-0.9669254,0.4685529,-3.861559,1.9460284,5.781276,0.59952974,-2.115847,-0.5220829,-2.4848292,0.6602434
-1.4961839,0.51148266,-3.8388433,2.5930095,6.2307363,0.87905395,-2.1579294,-1.1124499,-2.492972,0.4700445
-2.0410378,1.6919577,-3.3460345,2.150936,5.047424,0.7687417,-2.1696193,-1.2160017,-1.3071799,0.12920141
-1.0040905,0.39192647,-3.9954982,2.022793,5.805658,0.286286,-1.5892364,0.0023138374,-2.4798512,0.029814005
-1.8989737,2.4659464,-2.5888815,1.472534,3.889943,1.1778429,-1.8620785,-2.1350687,-0.7581246,0.2612847
-2.1609848,0.79557306,-3.3007092,2.7297308,4.677979,0.49044347,-1.0489224,-0.26705495,-2.1889997,0.06105256
-2.3803968,0.6698307,-3.0205667,3.0347278,5.584867,0.15296194,-1.0789621,-0.734876,-1.8440152,-0.6988185
-1.5378052,0.9643616,-3.4761698,2.209793,5.493151,0.16198128,-1.5072783,-0.47009283,-2.251571,0.16320682
-1.3228447,1.2131793,-4.022901,2.1708393,5.7404037,0.55120796,-1.9344112,-1.3223729,-2.5923326,1.3098096
-1.6373909,0.83776957,-4.1526217,2.0622184,6.743053,1.5082548,-1.6466794,-1.8946054,-2.5226343,0.49343133
-1.9330788,0.7540125,-3.1893897,1.4867657,6.0759597,1.161796,-2.3243983,-1.1593213,-1.9526788,0.59582186
-2.0938404,1.073946,-3.5165906,2.7933857,4.7942023,-0.034234762,-0.8522791,-0.4509861,-2.3183148,0.38700938
-1.0408214,-0.49984547,-2.7476707,3.222999,4.336509,0.90927285,-2.4774027,-0.20646225,-2.722502,0.89871824
-1.5201563,-0.1084519,-3.628572,2.1859486,5.3543677,1.0123523,-0.638015,-0.4490642,-2.3222911,-0.09897125
-1.1935523,0.14835948,-4.1034155,2.1279767,6.1081557,0.8167526,-1.7883302,-0.01600188,-3.1124403,0.57856107
-1.9614034,0.8831188,-3.5055518,2.659676,5.1204925,0.62425846,-1.8228267,-1.3429244,-2.674297,1.7371501
-0.7349604,1.1750569,-3.7371354,1.2928929,5.379852,0.58953863,-1.4261606,-1.0180802,-1.9953219,-0.0023055077
-1.4014897,1.0853527,-2.7466655,1.6197592,4.8515086,-0.16679567,-1.2630635,-0.62362826,-1.4268093,-0.17356563
-2.2477617,1.3431411,-3.1049643,2.3414836,5.063566,1.4851494,-2.984193,-1.6531937,-2.3618736,1.9494177
-2.0607867,1.237961,-2.9039817,2.4104598,4.8290477,-0.28043306,-1.2915249,-0.61719304,-1.8482027,0.26020098
-1.2650034,0.049476475,-2.5786996,1.5016359,4.6282163,0.5878345,-1.4780666,-0.29342887,-1.847284,0.27675974
-1.7992555,2.2461464,-4.1973405,1.7865607,6.094045,0.8033221,-2.3768206,-2.1988041,-1.7077618,0.977159
-1.8224535,0.62187064,-4.4944158,2.8806577,6.80942,0.8024576,-2.0106747,-1.0285938,-3.050721,1.301184
-1.743521,-0.3672762,-3.0000482,2.9913368,5.5899796,1.3113562,-2.050412,-0.96056116,-2.188068,0.43147224
0.5634304,-1.7903519,1.1838073,-0.40912542,-2.2924302,-1.6379746,2.5493276,2.1641097,0.83689606,-1.9286257
0.4984499,-1.6923814,0.68957293,-0.205304,-1.6698432,-1.8116139,2.5138443,2.494694,-0.04309853,-1.5973707
1.6803565,-2.2374094,1.1548114,-0.6526066,-2.2004912,-3.2972698,4.340612,2.74142,0.19375744,-2.5899386
-0.087324925,-3.0775716,1.6311706,1.0390264,-2.4858735,-2.9382105,3.4918313,3.8176181,0.47704515,-2.9874506
1.154584,-1.9223025,1.0702509,-0.463064,-1.5594119,-2.8396602,3.3405852,2.1683762,0.38017136,-2.2250552
1.6383159,-0.51163304,0.54926926,-0.9092083,-2.1419744,-2.822227,2.997934,1.6599486,0.7514277,-1.9967598
-0.09738699,-1.2649832,1.1945965,0.037673503,-1.4374195,-2.1552753,3.188813,1.7874315,0.5087787,-2.4589586
0.0720783,-3.622042,2.1625934,1.0447278,-2.8433983,-2.3419886,3.3734107,4.2832727,0.06459767,-3.071632
0.5397413,-1.596497,1.9631982,-0.3408666,-2.4754868,-2.8417897,3.2431438,1.9810355,0.8140111,-2.288463
0.21919584,-2.2049189,2.6847372,-0.049973667,-2.9795377,-3.4642296,4.5745797,2.5486782,1.3793856,-3.977458
0.8092276,-0.75890326,1.048198,-0.6940532,-1.8272861,-2.885169,3.502758,1.772382,0.77779794,-2.548884
1.5001918,-1.2897865,0.90615547,-0.7883276,-1.5394878,-3.439012,3.9621613,1.977988,0.47415945,-2.5861
1.1166512,-2.447142,1.6877478,-0.72327936,-2.1945488,-2.4773207,3.2314823,2.1800368,0.32958108,-1.6370746
1.1417605,-2.5977852,2.0857587,-0.28684306,-2.4991093,-3.8336082,4.1645594,3.0942385,0.7135626,-3.0760293
0.54590595,-3.3284705,1.9300452,0.65038764,-1.9349426,-2.4220157,2.990935,3.1579893,0.044419758,-2.6265635
-0.7402463,-0.567713,2.5430546,-0.5652408,-2.5975251,-2.1200228,2.5919828,1.0969954,2.1531513,-2.7240367
1.2671273,-1.8156734,1.5307738,-0.3250691,-2.1451561,-3.258614,3.5611389,2.539865,0.14079425,-2.5202293
0.94787216,-1.6922393,1.4709637,-0.28504238,-1.9918472,-2.673665,2.635625,2.0260808,0.7473712,-2.1232457
-0.9638109,-2.2666247,2.3243577,0.7935419,-1.9602064,-3.6484814,4.0552826,3.7037215,0.4519664,-3.644137
-0.40994072,-1.5432322,1.5702745,0.1901969,-1.69233,-2.8162565,2.75056,2.3860552,0.7052063,-2.1513495
0.25904053,-2.777831,1.9682165,0.3700427,-2.1883597,-2.0068817,3.0073557,2.3976312,0.79631984,-2.618804
2.1915324,-1.6221933,0.93117267,-1.1693088,-1.6884995,-2.29362,2.9169967,1.5524409,0.32776976,-1.9117959
-0.09362986,-2.3927956,2.726696,-0.3771716,-3.0078354,-2.6756244,3.5491035,2.8318834,1.3252991,-2.9470625
-0.86875683,0.0059369504,0.5969578,0.2360349,-1.3849816,-0.36626607,1.3746117,0.49800605,0.8060452,-1.4136127
-1.260062,-2.8850784,0.62227446,1.9487087,-1.8058426,-0.8071102,1.3414664,3.0731266,-1.3875378,0.2085191
0.76383984,-2.7173178,1.1261929,0.37646464,-2.2143135,-2.480915,2.9352703,3.153863,-0.35601082,-1.5698988
1.0397502,-2.406464,0.9750347,-0.32312313,-2.5964282,-2.270967,3.4477665,2.7813964,-0.1758998,-1.6630095
-0.65789855,-2.9557304,2.8472538,0.99091816,-3.4495518,-1.6711327,2.9190414,2.819705,1.2581884,-3.0976105
0.7077935,-2.4161599,2.4536111,-0.11325309,-3.2072968,-2.9879746,3.7251718,2.521906,1.4232231,-3.3287687
-0.051266946,-3.1097858,1.9360069,0.46660253,-2.2825232,-1.727765,2.4541597,3.359332,0.44642523,-2.5448809
0.76729625,-3.0799947,1.605152,0.790408,-2.8051746,-1.7523519,2.022524,2.9546335,0.18341047,-1.6938063
-0.08003528,-3.9296453,1.1579565,1.875717,-2.3158739,-1.318597,2.7044518,3.8346508,-0.67294383,-2.1782937
1.2035176,-3.2935562,1.5432326,0.5062796,-2.3871322,-2.323903,3.0765908,3.8205388,0.018991604,-3.0299835
0.11677196,-3.5061872,1.3820891,1.2952572,-2.6753118,-1.1946659,2.179701,3.6942036,-0.22213972,-2.2069254
1.0010976,-3.1755974,1.0037426,0.51144886,-1.8285483,-2.5759826,2.6886487,3.8672135,-0.20939451,-2.5790725
1.0734707,-3.617559,1.1579658,0.24298635,-2.279476,-1.7156192,2.5665617,3.8536775,-0.37583357,-2.0023093
1.0244188,-3.5792778,1.1232208,1.0411111,-2.1405566,-2.0908675,2.9443645,3.7336915,-0.48533672,-2.473483
0.38811797,-3.9520957,1.1744853,1.2689145,-1.8348933,-2.0915442,2.8384538,4.341416,-0.7310791,-2.5656133
0.007135041,-3.2985466,1.6847727,0.7749046,-2.6523666,-1.4630097,2.3171191,3.642637,-0.0473169,-1.9277469
0.5653083,-3.8725858,1.9546897,1.1530018,-2.7545078,-2.7695937,3.3079517,4.0238643,-0.024626844,-2.5617685
1.1773973,-3.3726623,1.7667662,0.3458697,-2.3059647,-2.342649,3.391042,3.0757456,0.25997075,-2.9878616
0.6779295,-3.0827916,1.7061172,0.33109972,-2.1752882,0.2692292,2.0129902,2.0574987,0.18957505,-2.3589869
-0.68458855,-3.438402,0.8757475,1.7187196,-1.6044847,-0.9228356,2.432091,3.3887227,-0.74719673,-2.0051162
1.565454,-3.7332869,1.153704,0.18588886,-2.3204691,-2.4855795,3.2320857,3.8876245,-0.6432813,-2.0172772
-2.2158043,-4.2243624,2.0172768,3.703716,-1.9845952,-2.7489429,2.6615396,4.9687934,-0.7564669,-2.5684285
-0.47830492,-4.688984,2.0780935,2.2558584,-2.6616395,-1.9056321,2.9965787,5.201409,-0.4177116,-3.5947604
0.81487274,-3.5328,1.7348092,0.30575433,-2.7108235,-2.5607977,3.2401814,3.8977492,0.59308195,-2.873024
-0.6521478,-4.0693464,2.519575,1.2548686,-2.6895664,-2.9209857,4.205602,4.741532,0.071221896,-3.655962
-2.1813753,-2.6454508,2.3415334,1.2612619,-2.9127662,-2.7889094,3.2649066,4.318337,0.7283723,-2.744896
-3.3045118,-3.1706161,0.88348776,5.21651,0.37297365,-1.1273311,0.7879401,3.3434443,-0.96664286,-2.8404875
-4.746168,-3.6027482,2.3031068,6.2944174,-1.3522346,0.03820461,-0.07499121,2.9813576,-0.37311554,-2.3645453
-2.0030808,-3.9718301,1.2517952,3.5760365,-0.6232841,-0.12384313,0.66405344,3.0496752,-0.6795683,-2.0505648
-3.5557365,-4.326929,1.7846665,5.970643,-1.10718,-1.2672185,0.41463697,4.0168004,-0.19602051,-2.7417817
-3.7887099,-3.100822,1.7983977,5.588501,-1.0091531,-2.1000867,0.97883105,3.0065322,-0.070872,-2.449986
-4.228981,-4.6780934,1.9095048,6.128578,-0.82380164,0.6651119,-0.035883352,2.8608668,-0.35394216,-2.515778
-4.948884,-3.410475,1.1039838,6.639721,0.69657075,-0.51727736,-0.020401463,2.5127895,-0.44033867,-2.6908884
-2.6374815,-2.5489953,1.1731412,4.202149,0.5961957,-1.88874,1.2583011,2.3137786,0.11009572,-3.3994308
-5.064416,-4.189347,1.5812565,6.8264046,-1.4922907,-0.14495003,0.74193937,4.188581,-0.99394935,-2.616797
-3.746006,-3.7866564,1.809169,5.990018,-0.984923,-0.48199844,-0.21468286,2.613685,-0.009574495,-2.4835906
-2.700788,-3.8489792,1.473255,3.8872569,-1.9232615,0.11388725,0.4419492,3.1296303,-0.19437045,-1.505345
-2.0153096,-2.6964123,0.45661128,3.4322913,-0.2568999,-0.4911685,0.6375467,2.806958,-1.2952161,-1.5868105
0.29950052,-2.5109746,2.2039545,0.21411088,-2.4141164,-0.5750526,1.756737,1.1693461,1.3445154,-2.4387374
-3.844382,-3.5657039,1.5248518,5.3057194,0.003557533,-1.767425,0.8321631,3.5111327,-0.31117743,-2.944745
-4.016288,-4.198236,1.2882721,6.7148943,-1.4220825,0.082766294,-0.52919894,3.3723762,-1.2679987,-1.3556272
-4.3859725,-4.319559,1.9904155,6.8495703,-0.7659571,-0.36455774,-0.0056099743,3.152479,-0.87487674,-2.0938158
-2.9233072,-4.077947,0.605328,5.788311,0.067120194,-0.4656347,0.41298103,3.5092618,-1.7535598,-1.9900765
-3.72343,-4.529679,1.6853338,5.4435377,-0.8197757,-0.040057957,0.78549874,3.7874177,-0.9416832,-2.7430701
-3.8261502,-3.704275,0.6963217,5.837719,0.2213144,-0.40117967,-0.14253195,2.6911178,-0.85415405,-1.7378141
-2.355757,-3.3737614,1.3617252,3.7659533,-0.6193136,0.012413144,0.6052028,2.6182702,-0.38064268,-2.5219703
-1.3633358,-2.6258037,2.057046,1.9943537,-1.7227911,-2.172638,2.0960786,3.0125053,0.6909333,-2.9716654
-1.2601515,-3.4145186,1.5632961,2.8765779,-1.9590787,-0.434646,1.0738122,2.5879645,-0.08325844,-2.144659
-4.1230445,-3.4309602,1.4897386,6.64394,-0.7778971,-0.68107116,-0.06643169,3.8678029,-0.8264327,-2.9272623
-3.739556,-4.464819,1.935738,5.19685,-1.0805243,-1.4324213,1.3082213,3.8375084,-0.17420232,-2.6299243
-3.3972247,-3.6886947,0.75153846,5.2330856,-1.0397362,-0.73777556,0.50772125,4.2331448,-0.7962113,-2.0754993
-0.98752165,-3.0187628,2.0039165,0.9730325,-2.928631,-0.13453704,1.302781,2.6174865,0.29954,-1.1396912
3.5825434,-2.7036068,0.09299626,-1.7333857,-1.6712546,-1.0393149,1.1450515,1.731678,-0.98231196,0.7458618
2.7249796,-0.8332614,-0.121849984,-1.5719535,-1.7162522,-0.758013,0.6344161,0.7419445,-0.50775707,0.9834881
2.7229197,-1.1686683,0.10081591,-1.916267,-1.8722987,-0.9670316,1.1543258,0.8757447,0.081806175,0.34969807
1.7347633,-3.3799856,0.7278056,0.2512872,-1.626042,-1.2212957,1.7089669,3.0651681,-1.1503729,-0.8306489
2.900512,-2.7411842,0.36977822,-1.2823712,-2.2382245,-1.009008,1.146291,2.2349274,-0.73892254,0.48443115
2.7832367,-1.439753,-0.065576255,-1.1456149,-1.762383,-1.1220943,0.7847454,1.1775398,-0.81411445,1.0347307
0.04595395,-3.4228406,0.86004645,1.0633687,-1.9831456,-1.8783551,2.515055,3.9286983,-0.8027272,-1.3778056
2.9754784,-1.7675896,0.4230911,-1.2128686,-2.0836077,-1.592985,1.7411364,1.6128595,-0.2754779,-0.47432995
1.3389441,-2.083452,0.55588365,0.534178,-1.5075152,-2.3335218,2.368188,2.580847,-0.81511116,-1.3724664
2.792052,-2.1364253,0.32077575,-1.3312489,-1.9099982,-2.2037206,2.5878582,1.994869,-0.41789532,-0.59813297
2.3556268,-2.7140713,0.29504275,-0.3060748,-1.5015588,-1.0307986,1.3664728,1.6664286,-1.014453,0.16514915
4.017245,-1.9382367,-0.23560373,-2.0009623,-1.9654961,-1.0138543,0.83767545,1.1488056,-0.78141344,1.200324
1.7205073,-2.4145198,0.31571603,-0.13821495,-1.7491043,-1.072574,0.9884031,2.2360628,-1.2658014,0.65555096
-0.35161698,-1.5318906,1.915769,-0.09207103,-2.2397149,-0.57016206,1.38096,1.546181,0.98399395,-1.8926879
0.8216828,-0.64578545,0.942372,-0.6237595,-1.2447869,-1.0811388,1.7080551,0.42459464,0.884718,-1.6694235
1.4914951,-0.7770501,-0.12573965,-0.6104573,-1.4065349,-0.98620045,0.5273078,0.6122229,-0.48403907,1.1953499
3.2243345,-1.5120213,0.36686623,-1.9289331,-2.3350837,-2.182375,2.401981,1.3352337,-0.09729797,0.027620912
0.96241647,-3.6831822,1.0303142,1.1788014,-2.0059536,-1.2152663,1.8112997,3.27655,-0.9236207,-1.2665491
2.3213484,-0.8167564,-1.2634499,-0.73650205,-0.3019411,-0.3301624,-0.15939699,0.45080918,-1.4744455,1.7688602
3.7392545,-1.5744851,-0.6199823,-1.3438861,-1.2592955,-1.0964285,1.0903908,0.6624011,-0.8506904,0.53112876
3.4953659,-2.1671052,0.09483342,-2.0420253,-1.9614832,-0.3705498,1.0362395,0.92069614,-0.63683534,0.8779422
1.7151657,-1.9190023,0.010795675,-0.45900422,-1.3248848,-0.13926011,0.30560097,1.0347395,-0.82712454,1.0771178
2.169804,-3.1241934,0.9279017,-0.37321153,-2.0537975,-0.480186,0.8122418,1.8564811,-0.62254953,0.07574582
3.7974365,-1.4176619,-0.296391,-1.9954029,-1.9334668,-0.9819392,0.789576,0.73365754,-0.8741793,1.6103259
-0.12904802,6.201719,-1.5776296,-1.7805439,0.24516168,-3.0308652,0.8756966,-2.7695787,0.9547615,0.9127964
-0.3139939,6.345508,-1.3634014,-2.1826148,-0.22837922,-3.0849261,1.2443508,-2.7735288,1.9635797,0.26034957
-0.6401192,5.6278787,-0.690364,-2.4061818,-0.5227802,-1.8867477,1.2627473,-2.8755505,2.6089814,-0.6210352
-0.9325372,6.8825965,-1.3065625,-1.7561222,0.04556325,-2.4878616,0.6771705,-2.9944267,1.5218828,0.25649077
-0.76667386,6.720293,-1.8333464,-1.7806784,0.4450331,-2.8539557,0.9734155,-2.9315736,1.7535005,0.07273924
-0.018548824,5.5724196,-1.6009312,-1.3755597,-0.42976466,-2.4482107,0.36498922,-2.407505,1.3260676,0.8332006
-0.4429844,5.619224,-1.6491756,-2.0142672,1.0002748,-1.8047546,-0.6119643,-3.3076503,1.513438,1.2715813
0.0076149255,5.5464272,-1.2731667,-2.6188943,0.08199921,-1.733785,0.5211468,-3.3442452,1.7350935,0.89556956
-0.2930806,5.2011676,-1.3238581,-2.1951337,0.023767143,-0.45850146,0.4470865,-2.8676841,1.8654218,-0.3593712
-0.27914238,6.0774302,-1.4878099,-2.0535004,0.22748283,-2.9108934,1.8273646,-2.587454,1.6748637,-0.31517935
-0.64640397,5.8549953,-1.0933172,-1.927742,0.11515412,-2.1531425,0.4021058,-2.372954,1.1443614,0.6976825
-0.15104753,5.0130124,-1.6621678,-1.4142811,-0.31130835,-2.3341641,0.9494786,-1.0632429,0.53292704,0.50003356
-1.0773311,6.597297,-0.97011185,-2.2747858,-0.21739182,-2.1664557,0.7851413,-2.8948562,2.5821216,-0.5914582
-0.4574777,6.6848397,-1.9316111,-2.329188,0.6478087,-2.6069899,1.2983701,-2.632147,1.4976958,0.013697624
-0.77086526,5.7607274,-1.0772794,-1.6622124,0.11128345,-2.8271952,2.1495302,-2.271151,2.2009413,-1.7374698
-0.8249059,6.3325725,-0.95361584,-2.3394663,0.6719377,-2.2402353,0.8058334,-3.3434935,2.3594725,-0.75658715
-0.43269348,6.779733,-1.0849661,-1.8795109,0.92096794,-3.1630044,1.1448057,-3.2649188,2.4982927,-1.8088437
-0.6744514,6.020531,-1.4148391,-1.7470438,0.661939,-1.9942778,0.18067773,-3.2487526,2.1526139,-0.081246465
-1.075802,6.322124,-0.870059,-1.5777308,0.21151903,-2.723793,1.3597758,-2.8055332,2.3072212,-1.2051823
-0.30080557,4.975488,-0.4286629,-2.6392415,-0.6497556,-1.937291,1.5731813,-2.5365846,2.7919538,-1.041017
-0.60544676,5.617104,-1.6608957,-1.9354733,1.1348765,-1.6544529,0.28745544,-3.2835195,1.779255,-0.0911212
-0.59912914,5.932041,-1.68852,-2.1649313,-0.40919694,-2.3279686,1.3969699,-3.0375059,1.7255659,0.68879914
-1.5343325,6.409632,-1.4461352,-1.8897552,-0.03361258,-1.6607784,1.0163311,-2.572192,1.5568691,0.23040873
-0.97201073,5.9953694,-0.83417445,-1.6707389,0.40321276,-2.5193305,1.4095691,-3.3106742,2.798837,-1.466231
0.123580776,6.128612,-1.5585598,-2.5787354,0.17722467,-3.4472213,1.6790625,-2.1207006,1.5209961,0.09701663
