-0.13643762,-1.2379487,2.533646,-1.4627037,-1.0662054,0.9904137,-0.13569999,-0.41378337,2.0963054,-1.2640451
-0.22100443,-2.0667775,2.7588334,-0.8443941,-1.4591775,0.18739043,0.45140478,0.50192666,1.1066481,-0.6813939
-0.16272406,-2.2458174,1.2711216,-0.9714363,-0.4656514,0.683304,1.0105653,0.7232858,0.5518717,-0.7730772
-0.9785722,-2.8659725,1.3562887,0.502958,-0.6436508,-0.84171796,1.7236352,1.8112053,0.40630385,-1.1975306
-1.4999723,-2.2440703,-0.2390724,1.7309363,0.5582236,-1.7554892,1.6768193,2.4024866,-1.3902965,-0.271796
-0.45417845,-1.4659079,1.8071582,-0.14611858,-0.9559829,-0.09706229,0.5234341,0.40129843,1.0279319,-0.81881154
-0.16021855,-2.0061085,2.595663,-0.97817475,-1.3605115,0.14732987,0.98820037,0.43504617,1.4807272,-1.4210557
-0.7853524,0.5199087,0.3420039,-0.87022096,-0.96000385,0.42930144,1.0292587,-0.23596528,0.40372822,-0.20062138
-1.2800353,-1.0892247,3.4809432,-0.97972625,-1.8237362,0.5250143,-0.19588754,-0.5971165,2.4391184,-0.34739995
-1.3975867,-1.5099652,0.46622536,-0.05907388,-0.39802855,-0.5899123,2.231918,1.3815246,-0.2643162,-0.4886617
-0.6459567,-1.9594319,2.6095247,-0.5020644,-1.0363543,0.1351271,0.5957989,0.4261358,1.163297,-0.9080404
-0.20234515,-1.6965232,2.5731268,-1.0967277,-1.6151046,-0.05619569,1.2581203,0.38836637,1.962388,-1.8289577
-0.025672153,-2.0211277,1.0712433,0.2844234,-0.5724145,-0.66968906,0.70972466,1.2630546,-0.10785177,-0.4827956
-0.055137888,-2.286648,2.6574984,-0.9703463,-1.3597686,0.8321732,-0.10673647,0.48327407,1.2831799,-0.5782001
-0.5168256,-1.1569947,1.5168176,-0.78932196,-0.76783174,0.40889037,0.92236847,0.14975104,0.74492174,-1.0420781
-0.36724946,-1.6959519,3.7077389,-1.639277,-2.256666,1.4280154,0.19200988,-0.4738179,3.108036,-1.8880733
-0.82826394,-1.3100424,2.3052053,-0.73735815,-1.4880292,0.4362625,0.88372153,0.24148336,1.9341698,-1.6893855
-0.26885164,-2.0019236,1.8266406,-0.7476232,-0.72864866,-0.13508281,1.3710876,0.65822875,0.87537014,-1.2166125
-2.3005416,-0.7132438,-0.91560173,2.3717961,1.2065475,-2.2968087,2.8313842,1.9912447,-1.9357032,-1.2498413
-1.0091963,-2.3175156,3.053214,-0.8500548,-1.1518198,0.559308,0.8203683,0.47799972,1.8596606,-1.8153657
0.09724529,-1.8303392,1.7776415,-0.33144462,-0.9836722,-0.03097114,0.13688233,0.58168507,0.6809457,-0.2962814
0.18603815,-1.351498,2.1086988,-1.2913084,-1.1147858,0.4319868,0.24241683,0.11272207,1.3192977,-0.76925385
0.18863596,-0.80323094,2.237193,-1.2541194,-1.1168003,0.54641926,-0.14502722,-0.59409785,2.019099,-1.1625961
0.19816686,-2.2278342,1.4634717,-0.4394819,-0.3556015,-0.38547924,0.91996187,0.99774575,-0.10429984,-0.57926774
-0.1484736,-2.088688,1.953018,-1.0695019,-0.589351,0.8915851,0.049634233,0.51777387,0.8363754,-0.46153975
0.25038564,-1.8086345,1.9946971,-0.6408984,-1.0397182,0.12508827,0.18043935,0.53818214,0.8187608,-0.58412665
0.31368476,-2.6145236,2.0611284,-0.6299971,-1.4178385,0.75521624,0.09306093,0.9693463,0.4085131,-0.1756865
0.43126315,-1.6681967,1.872563,-1.4155099,-1.3120778,1.2339209,0.008116156,0.2829378,0.7477665,-0.30843848
0.11754067,-1.3317225,0.8089162,-0.28330213,-0.47303382,-0.5769584,1.3112528,0.83386815,-0.16780794,-0.6914903
0.7428225,-2.754987,0.50708675,0.037936673,-0.23444146,-0.5742507,0.9677559,2.0856583,-0.8363401,-0.2780779
0.11870824,-1.9563818,2.013737,-0.7325908,-1.2601914,1.2266549,-0.4352135,0.43428794,0.39406493,0.09167013
0.027864143,-1.7679143,2.6812603,-0.78061754,-1.5444645,0.029804885,0.26335886,0.08011262,1.6832137,-0.7968847
-0.1287672,-1.568682,2.282424,-0.8694899,-0.9863109,0.8033079,-0.12551685,-0.07851353,0.78276604,-0.37657446
0.40518767,-1.7325284,1.3858181,-1.0905644,-0.866797,0.48545632,0.565403,0.64545643,0.11574808,-0.28492832
0.62704605,-2.0159588,1.4005874,-0.7920239,-1.2273815,0.38767248,0.020494908,0.67890215,0.5582741,0.06636949
0.5218529,-1.7265508,1.7137772,-1.2845048,-0.9171258,0.4411184,0.081711546,0.4398066,0.5574643,0.027081609
0.49890965,-1.5623841,1.8168207,-1.4099619,-1.3660932,0.89241004,-0.1346624,0.13311586,0.6076256,0.31666756
-0.31397313,-2.0604432,1.6210004,0.041918203,-0.47407502,0.21947071,0.038516104,0.55711734,0.76127696,-0.7944869
0.5807597,-2.0553908,1.5927559,-0.46557343,-0.6202878,0.16665477,-0.25654134,0.57120883,0.32352647,-0.18385239
0.13506861,-3.0508194,2.081222,-0.42997313,-0.558064,0.35166034,0.0498558,1.1726999,0.2546341,-0.28955454
-0.6399385,3.8639898,-1.1580797,-1.8749161,0.38810408,1.0389242,-0.42891747,-2.5951924,-0.8600883,2.1071672
0.20533393,2.2774734,-0.9159709,-1.7704769,-0.6145005,0.90543795,0.0849365,-1.2957207,-1.1861886,2.0910428
-0.25164145,1.9106433,-0.78963923,-1.1624947,-0.49939477,0.50167465,0.16507679,-0.90442526,-0.95831746,1.7392404
-0.42764682,3.8896487,-1.3448508,-1.5323155,-0.046502106,0.5025504,-0.3062443,-2.1400077,-0.9693878,2.2804685
0.43968314,2.8258436,-1.1455426,-1.0782406,-0.6531745,-0.087548286,-0.4256057,-1.1076971,-0.93418556,2.202121
-0.017951876,-0.58029467,-0.12528822,-0.6352095,-0.48911282,-0.33815327,1.3464773,0.7858652,-1.2923274,0.9012176
0.5486105,2.9638052,-1.1001418,-1.9564049,-0.38964424,0.06076771,0.32911605,-1.5295551,-0.79005986,1.7783197
-0.12789093,1.7505959,-0.68786967,-1.1931522,-0.47431475,0.53640753,0.21099582,-0.940557,-1.011901,1.6578788
-0.2077461,1.8046633,-0.3516687,-1.4957888,-0.80037487,0.8573566,-0.17014396,-1.0938488,-0.7143392,2.111297
0.2064596,2.2008715,-1.0804193,-1.267756,-0.3766093,0.019689962,0.21927547,-0.87823164,-1.1663444,1.9825009
-0.102925226,2.5564823,-0.9158125,-1.5105264,-0.477435,0.44492325,0.12161839,-1.3256882,-0.9201022,2.022922
-1.4748435,0.78915334,-1.3203396,1.2602575,1.4977412,-1.9997071,2.0927606,0.5950177,-2.012451,-0.49704158
-0.67578477,1.8876166,-0.9729357,-0.7484847,-0.14518218,-0.05608438,0.7752301,-0.80623686,-0.9978053,1.3771796
0.62293726,2.752708,-0.78724086,-1.7538435,-0.19360036,0.086304665,-0.22028843,-1.5915993,-1.025339,1.9401789
-0.06489514,2.075007,-0.9732255,-1.5764807,-0.09481764,0.45723757,0.29212156,-0.93613493,-1.1465797,1.7576579
0.39153463,0.9577367,-0.55252075,-1.4852477,-0.4685763,0.061768636,0.6706565,-0.27858394,-1.1552342,1.6494689
0.21829326,2.444725,-0.972674,-1.9020331,-0.6451192,0.4842341,0.27432165,-1.1606907,-0.95941246,2.058684
0.40457946,1.1571876,-0.5594988,-1.8202283,-1.141519,0.5541587,0.5867377,-0.6039146,-0.6088448,1.9074465
-0.023250058,1.4128458,-0.7360426,-1.6300838,-0.74643517,0.47897354,0.6103454,-0.66640353,-0.9198402,1.9936198
0.41185254,2.852167,-0.8967905,-2.2599065,-0.7920767,0.77443266,0.31543392,-1.6859083,-0.83214647,2.050793
-0.22675787,-2.8472157,0.68199885,0.22761582,-0.48464596,-0.5841049,1.5686626,2.1286857,-0.5930249,-0.71092904
0.6017644,-2.2798932,0.05768636,-0.16627981,-0.10578221,-1.0776612,1.7553189,1.721661,-0.95680296,-0.22521238
0.49635714,-2.6263082,0.5004101,-0.23460574,-0.6535172,0.071621895,0.8700258,1.7224724,-0.5859584,0.13618328
0.2606542,-2.095825,0.37019762,-0.18464418,-0.5721575,-1.1184698,1.9405208,1.7888595,-0.22514793,-0.987576
0.6015194,-1.3656878,1.8858331,-1.3390056,-1.7753581,0.25633168,0.5819101,0.29030553,1.374131,-0.5575613
-0.5364357,-3.096519,0.6923497,0.31040257,-0.49014223,-0.5590751,1.6396291,1.990575,-0.90289295,0.16390236
0.5521961,-1.660089,-0.13839534,-0.03783585,0.30331025,-0.9883362,1.2964976,1.4656785,-1.059999,-0.43628573
-0.8010772,-2.859712,2.2300966,-0.34185404,-1.0236284,-0.04902567,1.1298158,1.249782,0.4847659,-0.5291042
0.4426306,-2.9226966,0.24429879,-0.36061817,-0.067824185,-0.7563612,1.7783713,2.1402702,-1.1820803,-0.12502207
0.21498568,-1.8136923,-0.50641084,0.40266556,-0.29184824,-1.2388273,1.8347516,2.237486,-1.1839498,-0.42479402
0.08053495,-2.1126244,-0.21254393,0.27150428,-0.39615703,-0.99834263,1.5857563,2.1452358,-0.8945864,-0.22086059
-0.047124863,-2.2055485,1.7594032,-0.372795,-0.78844166,0.17074761,0.47551247,0.9936712,0.47270727,-0.686148
-0.044450983,-2.6442065,0.7293811,0.22871886,-0.8073833,-1.3371509,1.982327,2.178046,-0.5867414,-0.38812697
1.033571,-1.3411131,0.46001956,-0.8603865,-0.47448123,-0.101518065,0.80815446,0.73743963,-0.390345,-0.24461071
-0.47314477,-2.491159,0.6202532,-0.11842884,-0.5592406,-1.0277257,2.106911,2.0707333,-0.65663594,-0.13651551
0.5565236,-2.6053767,0.57826066,-0.33302343,-0.8773471,-0.8026654,2.2437046,2.0489597,-0.48661232,-0.9119917
0.4778809,-2.2928069,0.025296688,-0.23840614,-0.5472435,-0.53083616,1.5283532,2.0028455,-0.9425389,-0.11612277
-0.49601078,-2.0790539,0.66968477,0.110452995,-0.4749686,-1.3049954,2.0636368,1.4567627,-0.32399982,-0.48240054
0.01621683,-2.2956934,0.6621965,0.21998988,-0.28930765,-0.8133409,1.2117188,1.673505,-0.7627216,-0.3246284
0.274463,-2.4731216,0.4181125,0.17156939,-1.0695395,-1.427204,1.7198291,2.064956,-0.7389367,0.59122425
-1.4141783,0.2013702,-0.77993274,0.7205018,0.98574626,-1.266997,1.3844981,0.60560715,-1.0751045,0.036688074
-1.8300054,0.061376676,-0.5901327,0.9192435,0.66901565,-1.4544309,1.7828653,0.8026521,-1.691186,0.45694536
-1.8280349,-1.3144209,-0.7541865,1.7489247,1.5216836,-2.1175513,2.2349515,2.069723,-2.7972174,-0.018020883
-2.1719604,-1.6019324,-0.24578406,2.0459769,1.0078709,-2.1037865,2.3872507,2.1420958,-2.090476,-0.47846216
0.40945166,-2.2955294,0.92177,-0.34481984,-0.9117428,-0.76240474,1.5744607,1.5382736,-0.124247506,-0.53030294
-1.9057896,1.5601106,-1.4000258,0.69252485,1.5808024,-1.1591771,1.5049126,-0.057763487,-1.7633622,0.22661068
-0.5205813,0.5159336,-0.29791355,-0.48185277,0.32572606,-0.6231372,0.8796351,0.05708871,-1.1529176,0.78565013
-1.9842439,1.6313524,-1.541255,0.7814956,1.3771248,-0.65212786,1.1461022,0.13378823,-1.9902327,0.36192632
-0.9859263,1.6487617,-0.5510267,-0.36272752,0.4419551,-0.50025576,0.56136304,-0.69845986,-1.2093312,1.1129297
-1.9780679,-0.48123258,-0.25780383,1.2750876,0.5376252,-1.4432484,2.0136402,1.1737725,-0.8359967,-0.8211472
-1.0139515,-0.095694825,-0.8161032,0.37953198,1.1578094,-0.628207,1.2227893,0.61293995,-1.5482233,0.05311404
-1.10397,-1.0883476,-1.0907668,1.4642181,1.6425996,-1.1862364,1.0937836,1.6948627,-2.4139097,0.18415739
-1.0197947,1.4033718,-0.90974724,-0.6822329,0.6292477,-0.5355314,1.2678351,-0.38094333,-1.3257066,0.98942405
-1.4728293,0.8567548,0.114231825,-0.44152206,-0.19394732,-0.09796688,1.0331025,-0.28045177,-0.48421705,0.54978186
-1.5675405,-0.5755524,-1.0349969,1.315935,1.1892103,-1.9446288,2.4849322,1.7175621,-2.5669444,-0.057100013
-1.4170886,0.7063754,-0.47321132,0.25902337,-0.21523294,-1.0752007,1.4359803,0.42052472,-1.1653266,1.0922043
-1.3828039,-1.0819514,0.11542159,0.57867175,0.46490633,-1.5234545,1.9415922,1.1382191,-0.5597896,-0.65626913
-1.0250137,0.72072524,-0.5895629,0.40274453,0.0811221,-1.2387551,1.5540967,0.38358352,-1.0495509,0.27046186
-0.8009845,1.3761415,-0.6002505,0.12710793,0.19295233,-1.0387667,1.1647978,-0.18498431,-1.1202595,0.2713599
-0.868943,1.5559981,-1.0497729,-0.13833554,0.099031955,-0.32609987,0.90701085,-0.3164938,-1.4164699,0.99412274
-3.433005,-1.746037,-0.67593884,3.2125823,3.7282689,-2.7352848,2.2805033,1.9554285,-2.815844,-0.78920007
-2.9246705,-0.98856777,-1.4116951,3.3808017,2.5750334,-3.2749615,2.3315427,2.3076675,-2.7732399,-0.41971153
-1.9100255,-1.5580101,-0.46235636,1.6590848,2.1995857,-1.9374009,2.2318244,1.785433,-2.7560964,-0.37435985
-2.3408434,-0.67283607,-1.1169436,2.481724,2.6013687,-2.574367,2.7121072,1.6366395,-2.9164655,-0.94011796
-3.3426783,-0.75783396,-1.0380057,2.1523716,4.001317,-1.6316005,1.7016037,1.3614213,-2.8309345,-0.7587922
-3.0965207,-0.6981041,-0.9914787,1.7720633,3.1743095,-1.6875243,2.3762558,1.4735107,-3.2083876,-0.26903933
-2.9386594,-1.1762236,-0.88837135,2.2227943,2.9029338,-2.0040522,1.709521,1.4947076,-2.7870107,0.35022187
-2.748471,0.0917279,-1.6677111,2.4359734,3.6201081,-1.9611322,1.7074704,0.8796611,-3.4438384,-0.3454584
-2.2835536,-1.1862843,-1.2211537,2.5312743,3.2586606,-1.7627507,1.1980479,1.9135139,-3.8133197,0.16562393
-2.8024426,0.17591016,-1.5919387,1.7108843,3.446994,-1.9683324,2.4945035,1.2137545,-3.1644802,-0.6559124
-3.5889597,0.1573823,-2.0968745,3.3568633,3.9741757,-3.0270305,1.83706,1.366796,-3.3834815,-0.05557984
-2.901831,-0.094622806,-0.8759372,2.2639277,2.8339198,-1.9415485,1.7314587,0.95178854,-2.0651164,-1.2011548
-2.0309558,-1.9055226,-0.805037,1.8271098,1.747059,-1.7179,1.6747696,2.309711,-2.7519917,0.7097523
-2.1281004,0.13116173,-1.8205247,1.618444,2.516392,-2.403761,2.5466824,1.189314,-2.0296936,-0.57476944
-2.088326,-1.3974696,-0.9652548,2.299203,1.8656261,-2.6957846,2.3310878,2.432873,-2.7142591,-0.040481076
-1.60807,-0.85259145,-0.73392177,1.3903929,1.499175,-1.7428619,1.5220625,1.25364,-1.9261234,0.071906984
-2.5649471,-0.7860159,-0.8527421,1.8228494,2.116048,-2.2976303,2.214556,1.3608485,-1.8275974,-0.21136741
-2.3849561,-0.29109997,-1.0165404,2.2721202,2.4954817,-2.5052447,2.1915329,1.3364075,-2.5140336,-0.8290436
-1.5066386,-1.6489772,-0.32460934,2.0386453,0.9378071,-1.5863081,0.7680072,1.7288982,-1.3843338,0.44501776
-1.7963108,-1.2937906,-1.1494987,1.8796911,2.2373848,-2.1400132,1.9385276,1.884349,-2.2135518,-0.37197053
0.2876873,-1.8822799,0.75034106,-0.48247987,-0.9066024,-0.6505373,1.1250701,1.4619639,-0.49146637,0.28692234
1.4764361,-1.706633,0.33626536,-1.2581979,-0.9466928,-0.3440145,0.99757653,1.0563405,-0.6348027,0.6561135
0.051967755,-1.4215702,1.8596016,-1.3164661,-1.2806014,0.4097071,0.5845028,0.21593443,0.8914296,-0.3040092
-0.5001861,-1.7538218,0.7522907,-0.3099535,-0.3309607,-0.47430044,1.2578948,0.9564793,-0.411257,0.110920206
0.48491663,-2.1263416,0.59840214,-0.14925434,-1.1792829,-1.1281426,1.5417228,1.8260423,-0.7364372,0.35511768
0.77529216,-2.097189,0.43845293,-0.81120366,-0.8270321,-0.5875074,1.7383049,1.5283837,-0.58610994,-0.13685037
0.9704785,-1.565895,0.23092073,-1.2210377,-0.88206434,-0.41304368,1.5900807,1.1384258,-0.8344998,0.4724689
0.29279065,-1.2100269,0.14105774,-0.70225793,-0.31462917,-0.6534843,1.6731176,1.0923866,-0.9849592,0.26737988
0.7864155,-1.7510409,0.49729648,-0.94288915,-0.520208,-0.5825181,1.1538022,1.2135557,-0.44633368,0.26852167
0.26115584,-1.2452816,1.0612714,-0.91945046,-1.0668026,-0.4512338,1.2746916,0.71935344,0.07784845,-0.08857502
1.4069936,-1.8478055,0.2838631,-1.0407448,-0.5931369,-0.5996544,1.310091,1.2825193,-0.587258,-0.14618044
0.7099056,-2.2111802,0.10052447,-0.1114756,-0.6592946,-0.66931367,1.2476156,1.8346101,-1.1702836,0.3745333
1.1232271,-2.1193225,0.19663301,-0.64467865,-0.67541826,0.040064424,0.5249076,1.3851024,-1.1048646,0.89116234
1.047167,-1.7909431,0.49548194,-0.7227654,-0.5143078,-0.26363757,0.98282146,1.0158743,-0.5667573,-0.15453582
0.25340617,-2.230486,0.37334526,-0.33396924,-0.18783641,-0.4151687,1.1764419,1.8230282,-0.9293335,-0.078337386
0.7705511,-2.3032465,0.45526853,-0.5489022,-0.97748035,-0.8172616,1.9195716,1.8643892,-0.729244,-0.13515739
0.15389235,-2.5960042,0.6016735,-0.4790249,-0.97872615,-0.60049254,1.7524645,2.0156024,-0.56314427,0.18101881
0.1924993,-1.7415664,0.14163676,0.41549104,-0.8321998,-1.0143266,1.0571668,1.7349898,-0.4818362,-0.03277956
0.46965164,-2.582982,0.18097204,-0.3189546,-0.5400085,-0.5747789,1.7469122,2.1340637,-1.1059291,0.06419526
1.2374839,-2.0832798,0.19013786,-0.663375,-0.53705174,-0.63061905,1.3448439,1.4066564,-0.87867725,0.011341333
-0.9729013,-0.3705485,0.047002196,-0.5763554,0.56833375,1.5161797,-0.00985346,-0.058690958,-0.7736591,0.22682759
-0.118762374,-0.48303622,0.67941177,-1.0606493,-0.44109276,1.4199201,-0.13900039,-0.20511292,-0.03885931,0.271814
0.2809108,0.28479862,0.30408219,-1.4268763,-0.69787896,1.2823809,-0.10424718,-0.5836569,0.10818352,0.5652616
0.2949803,-0.58056706,0.84070957,-1.5917672,-0.62274635,1.5967413,-0.18277636,-0.32542804,0.2928474,0.2342096
-0.09913935,-0.21218748,0.51228213,-1.6852465,-0.47626752,1.8930217,0.104913235,-0.3659516,-0.048651967,0.28195304
-1.6015058,-0.3516007,-0.05507207,0.36740202,1.709513,0.112416536,0.58736926,0.27361152,-1.1274823,-0.3449183
-0.091941364,-0.5897821,0.48733827,-1.3341678,-0.10488953,1.4090556,-0.076350585,-0.11900595,-0.39624196,0.5767473
0.670435,-0.51836216,0.5648179,-1.2877187,-1.0610476,0.88948584,0.31923652,0.038132578,0.07547186,0.3108614
-1.1326121,-0.7314687,0.011934407,-0.079326764,1.30688,0.14513966,0.9251617,0.609928,-0.94889814,-0.5700799
-0.4979006,-0.061847046,-0.042430587,-0.602168,0.22453532,0.4501599,0.5063112,0.06253426,-0.5762187,0.22001803
-1.8845112,-0.38363296,-0.12431407,0.35786152,1.7037339,1.0152922,0.14859143,0.045405477,-1.0870296,-0.20772223
0.01662451,-0.6414207,-0.04536669,-0.75289553,-0.21425526,0.67073023,0.63155776,0.28536862,-0.41211444,0.200659
-0.058066115,-0.09532131,0.38167253,-1.481012,-0.5069958,1.9962687,-0.23471648,-0.4965645,-0.36684746,0.7275771
-1.8531138,-0.2591852,-0.12775388,-0.10249789,0.7400547,0.8917538,0.55417717,0.18569794,-0.5887741,0.029416665
-1.7251163,-0.25829774,-0.25726128,0.7671334,1.1404762,-0.14688224,0.48365363,0.48359028,-1.1938068,0.1730348
-0.09383758,-0.6822285,0.066344276,-1.2127357,-0.5471022,1.4347796,0.49141896,0.28099173,-0.597254,0.6313898
-0.43238837,-0.35281712,0.25604293,-1.3560927,-0.34764642,2.27881,0.11152498,-0.2934542,-0.37678915,0.32468206
0.6618222,-0.2692672,0.16279665,-1.5025586,-1.0316727,1.4595832,0.08378476,-0.118905485,0.09147705,0.47283912
-0.26186883,-0.7924678,0.4648572,-0.86850506,0.14531666,1.1509682,0.23955932,-0.0001860112,-0.3192412,0.013673261
-2.901879,0.10994266,-0.8801459,0.794204,2.9435117,0.83496445,0.5041076,0.08051124,-2.0428452,-0.019389227
-2.961365,-0.18055083,-1.3871443,3.006658,3.554549,-2.6150565,1.5636077,1.3963239,-3.155373,-0.38871413
-2.4977598,-1.0904733,-0.5801841,2.690342,3.417007,-2.7961254,1.9517653,1.2965447,-2.487035,-0.94869554
-3.0201128,0.59603757,-1.8414803,2.0196848,2.6632814,-1.8657728,1.676409,1.1432815,-3.41674,1.0156208
-2.921591,-0.7176318,-1.1287158,3.1201437,4.126539,-2.6615586,0.6835562,1.4557437,-3.3537602,0.4103846
-2.6574256,-0.70611894,0.0016122609,1.4221635,2.9329507,-1.4555507,1.2938154,0.42806962,-2.5967584,0.31926644
-3.543716,0.024179742,-1.2505304,1.9828069,4.3558884,-1.2850052,1.080317,0.58695626,-3.1450553,0.39159095
-2.9032452,-0.01105316,-1.9409921,3.054916,3.9408777,-3.389207,1.8091133,1.4793932,-2.722747,-0.40808207
-2.652233,-0.60381407,-1.0879748,2.256286,3.736153,-1.9108665,1.4039099,1.0228455,-2.7072592,-0.5549763
-2.8150983,-1.2246295,-0.24262232,2.1118467,3.6925297,-2.3039126,1.3949525,1.1600723,-3.1417046,0.2668152
-2.5925667,1.011523,-1.1484959,1.3898208,3.7292774,-1.045897,0.51715446,-0.5895741,-2.633603,0.15760405
-2.436875,-0.9410625,-0.1685067,2.3707576,3.7501094,-2.2799497,1.746125,0.96209466,-3.2290063,-0.85085
-2.259192,-0.64700586,-1.6587063,2.222699,3.5527713,-2.741599,2.0759315,1.4656613,-2.7554622,-0.59626746
-3.191806,-1.0005898,-1.5122175,3.1011057,4.2033396,-2.455871,1.9708061,1.7564112,-3.2666354,-0.8072418
-2.379553,-0.96196383,-1.0599171,2.3678026,3.0440886,-2.2271204,1.811748,1.9267067,-3.2832932,-0.41116393
-3.221413,0.3149088,-1.6180187,2.7231452,2.7222254,-2.1780705,1.1116784,1.0663668,-2.7510684,0.990296
-2.8739192,-0.1878279,-0.90127397,1.95437,3.740455,-1.6204169,1.2159784,0.62566006,-3.1945329,-0.009095266
-2.826719,-0.731765,-1.1508483,3.1797945,3.6221433,-2.575634,1.3644414,1.6776961,-3.3570476,-0.47991848
-2.9247293,-1.6906257,-0.6207857,2.6179562,2.74074,-1.971553,1.4307127,2.1773772,-2.901741,0.2053072
-2.146398,-0.631917,-1.0112317,1.877619,2.7359257,-1.524155,1.0096593,1.4594477,-3.8235946,0.9319705
-2.4854915,0.41884428,-1.3153244,2.0581603,3.8106754,-2.5392923,1.4381075,0.8205755,-2.3417594,-0.9703704
1.0826911,-1.1093752,0.65460575,-1.4312886,-0.8994883,-0.20338923,1.3597052,0.630553,-0.14536694,-0.28409517
0.38521415,-1.3881146,0.8185868,-0.6792758,-0.8090514,-0.76136637,1.6886356,0.91175246,0.10237938,-0.7016677
0.3629477,-1.9513514,0.77302825,-0.66426617,-0.9274511,-0.34503308,1.3478916,1.2996063,-0.38798448,-0.04077606
0.44677985,-2.4248421,0.7284337,-0.5662143,-1.1077181,-0.5745959,1.890346,1.7078737,-0.260292,-0.4473666
0.66376746,-0.97032684,0.46248135,-1.3471792,-0.9326704,0.108318895,1.2598963,0.4957836,-0.11352897,-0.0059987456
0.29137743,-1.739234,0.49123052,-0.4759183,-0.11375168,0.18299042,0.6619102,0.802914,-0.44063616,-0.109867886
0.3071968,-1.6001941,0.42530045,-0.5262867,-0.85731477,-0.61827594,1.7613683,1.2607163,0.11194953,-0.86601937
-0.6946625,-0.40759945,1.8811898,-1.9714748,-1.5503509,1.6512126,0.5017524,-0.48690662,1.3909979,-0.44749254
0.05889134,-1.0708385,0.14573604,-0.39610434,-0.6741404,-0.8730943,1.7427142,0.98538506,-0.20665489,-0.23413919
0.061039075,-0.7852083,1.0520263,-1.2847667,-1.4368259,0.8871312,0.5715076,-0.034550786,0.8494064,-0.07113594
0.36565405,-1.7267089,0.764954,-0.7709933,-0.93505776,-0.71905696,1.9836037,1.0910484,-0.21954371,-0.3417951
0.29784077,-1.2436746,-0.14301603,-0.57499355,-0.40796772,0.045908004,1.1086748,1.10764,-0.42928472,-0.14452158
0.7730016,-1.3121231,0.5368724,-0.9705365,-1.012837,-0.06750581,1.0815718,0.6776397,0.062684014,-0.18523182
0.49234468,-1.299665,1.0877497,-1.2600126,-0.67855304,0.65996987,0.38536102,0.32111737,0.22268194,-0.19433568
-0.20952597,-0.3651629,0.79370177,-1.1328591,-1.223777,0.7535237,0.8663602,-0.14176375,0.61885566,-0.08225362
0.89525324,-1.0546031,1.0451341,-1.6853008,-1.2677282,0.6844945,0.757141,0.25899178,0.52357054,-0.31642276
0.612049,-0.4429819,1.2364135,-1.9711643,-1.398947,0.7641917,0.861261,-0.38088498,1.0472524,-0.5842411
0.0044768304,-2.1759331,0.6035893,-0.6229622,-0.17870411,-0.42947567,1.6467354,1.3312739,-0.4974542,-0.34363425
-0.04710181,-1.0227692,0.37707594,-0.54680616,-0.48167872,-0.3458537,1.4776556,0.84700346,-0.18356423,-0.66585934
0.76986074,-2.1979547,1.6286217,-0.992994,-1.4738992,0.37155396,0.5984452,0.9729289,0.6645722,-0.49499786
