1.1947337,-1.1499643,2.1303036,0.8472878,-2.8956034,-2.8991601,0.73788524,0.5281174,0.7726167,0.59761554
-0.4805739,-0.7635701,0.63884646,-0.36677438,0.8575006,-0.33751148,0.02108966,0.6025023,0.5415089,-0.73745847
-0.54616404,-0.74060136,1.5028435,1.1331385,-2.7236047,-1.0898931,1.6214342,1.7659472,0.7488131,-1.7544372
-0.81814927,0.575435,0.14275934,1.7012079,-1.9024304,-3.3643394,1.3211634,2.3029552,0.47793797,-0.5319862
-0.21251513,-1.283709,2.6208014,0.95190895,-1.45373,-2.2243364,0.7202693,0.6860255,1.5118908,-1.4113714
-0.36780488,-0.24154942,2.5375338,0.5459954,-0.24658705,-1.9866092,-0.511479,-0.5519639,1.9275854,-1.2989589
-0.32820654,-1.5771539,2.6025,1.0860065,-1.221012,-2.1933062,0.08510129,0.4264108,1.5981665,-0.5333228
-0.38652694,-0.30628675,1.7673446,1.6178846,-0.95923984,-3.1004536,-0.25352705,0.7125085,0.988505,-0.24149412
0.43910885,-0.50871915,1.0987431,0.71850055,-0.64809597,-2.6529458,-0.28217036,0.25750238,0.23807494,1.1923877
-2.118505,0.6978049,2.4912155,1.3899169,-1.4396795,-2.3037488,1.2290035,0.9919572,2.8472564,-4.057025
-1.9275942,0.7425574,2.5015638,1.3139185,-1.9579598,-2.0423937,0.8314568,0.4784112,1.971378,-2.046278
-1.2957162,0.014065996,0.41406292,1.6688292,-2.1930196,-2.9183528,1.044924,2.226613,-0.56035346,1.5548788
-0.43148005,0.8838417,2.862305,1.9723401,-2.4724429,-4.591526,-0.12354572,0.7055488,2.6152375,-1.7659822
-0.9651488,-1.1241196,4.122143,2.1385143,-3.4110365,-2.919993,0.9268634,1.2542231,2.858341,-3.1201665
-2.0859852,2.3622315,1.0175931,1.6742355,-0.77340466,-2.1482723,0.59387034,0.39783728,1.3439242,-2.602091
-1.5540055,0.017111003,2.2527485,1.7685847,-2.0611665,-2.0148883,0.49612504,1.1976651,2.1713693,-2.3814638
-0.25427604,-0.27190655,0.815111,0.67148155,-0.7887876,-1.3365273,0.6053878,0.54092276,0.8857671,-0.9545337
-2.6184,0.4472983,3.0316272,1.3872411,-0.29791248,-1.3612819,-1.1721894,-0.31903595,1.7677401,-0.99358165
-0.64037323,0.552983,1.0820788,0.75459284,-0.38428164,-2.7472205,0.5215465,0.2713282,0.9880804,-0.4864834
-3.0461938,-0.124801114,2.5637894,1.9550824,-1.3082509,-3.0832553,0.7695217,0.9635629,2.066487,-0.9926506
-2.9812422,0.24210273,3.2865365,1.27995,-0.9908168,0.14486364,-0.36435145,-0.50116986,2.2756338,-2.49648
-0.90726113,-0.7850432,2.017013,-0.27484965,0.38557488,2.355766,-1.082593,-0.7956281,1.5696884,-2.4751194
-1.734025,-2.2476704,0.80536026,-0.27507007,2.284785,3.1608236,-0.8237665,0.16311198,1.1347018,-2.3790228
-0.39476246,-1.0761813,1.1727183,-0.99383575,2.9845223,2.0267367,-1.8987825,-1.1430361,1.6407925,-2.2385242
-0.969439,-2.1864822,-0.0984609,-1.6698874,3.30156,5.8568106,-2.6643524,-1.3987927,-0.22890359,0.24868149
-1.4757519,-0.0094420165,0.87005603,-1.6565707,3.4414718,5.648235,-3.470151,-1.7858146,1.7046202,-3.1536853
-1.3208395,0.04138547,0.95891315,-0.29121476,1.8221698,1.8330874,-1.6390495,-0.66247123,1.6825694,-2.3803518
-0.3085096,0.8436745,0.52763236,-1.8345712,4.688875,0.3417772,-3.341196,-2.5835745,1.2291483,0.38037756
0.10384612,-1.9571319,1.0886595,-2.1120899,2.304011,4.4078074,-2.5968292,-2.2194252,0.29371402,0.85941875
-2.7997017,-0.15889464,1.9470372,-0.39708352,3.770661,-0.94390017,-0.65087324,-0.4729914,3.3697896,-3.872641
0.047632024,-1.041719,0.5099042,-1.2320267,2.3478189,3.0199306,-1.6391915,-0.9800677,0.8741507,-1.816583
-0.992412,-1.9418602,0.4133056,-2.361855,3.654356,4.451189,-1.3560791,-1.1158388,1.5753889,-2.2258236
-3.8896341,0.6668841,-1.0619308,-1.3482789,3.122531,5.391736,-2.1481974,-0.511821,0.21406256,-0.27665484
-2.240318,0.1634689,0.5661173,-1.0331525,2.1435363,4.1007075,-2.3215544,-1.8781862,0.48289376,0.10281383
-2.0117636,0.34558362,0.2824463,-0.085649535,2.853135,0.2642643,-1.6562097,-0.6397768,1.5402913,-1.0273658
-1.1428194,-1.1077644,0.48827216,-1.3161696,3.9408078,3.7219388,-1.9343665,-1.4117943,1.5383818,-2.660789
-2.6360838,0.42258507,1.2114586,0.41929138,1.1231662,0.33204442,-0.073926106,0.12798408,1.6179787,-2.5578823
-1.9833956,-0.56551176,1.2541692,0.2172036,2.2051735,1.0366518,-2.362431,-0.9286956,1.6827651,-0.60547876
-2.8811398,-0.95059305,1.5987911,-0.75183564,1.8740569,4.2823257,-2.518809,-1.1536727,0.5569415,0.06509001
-0.26812732,-0.58674103,-0.39875546,-2.5480216,3.1729727,5.347681,-1.5054371,-1.7686802,0.045590352,-1.2915443
2.5884042,-2.480657,-0.49271742,0.27970284,-2.3473387,-0.93510485,1.6670032,2.0089736,-1.3032466,1.0582006
2.294183,-0.9194831,-0.14728877,0.72344524,-2.6204152,-2.6173322,1.9584899,1.5345126,-1.3865012,1.1444154
2.5457664,-1.3138552,0.2261116,0.39030075,-2.5708437,-2.178152,0.95304865,0.6631541,-1.7469093,3.0184891
3.7212076,-0.083122626,-0.40448996,-0.3995911,-1.43575,-2.7094195,0.6733961,-0.73916066,-1.2087868,2.5084374
2.6630378,-0.70748794,0.36237296,0.2876031,-2.470347,-2.168594,0.6795825,0.2691843,-0.964499,2.083346
3.9018154,-0.256745,-0.5976688,-0.066590264,-1.7882084,-3.5672984,0.7948415,0.13699728,-1.4293878,2.8679118
3.932525,-1.3753254,-0.37000474,-0.48601145,-2.505237,-2.306813,2.215557,0.6672407,-1.0425338,1.2608293
2.6664367,-2.0819132,0.8141803,0.31032127,-3.504912,-2.1682444,1.9304719,1.1847521,-1.0526649,1.8629042
3.295131,0.059772775,-0.33962873,-0.28220856,-1.0519967,-1.8275833,0.6476666,-0.46453595,-0.41895783,0.36735547
2.4961743,-1.1720445,0.27427885,0.3576846,-3.3033218,-1.6051233,1.888611,1.2366219,-0.55508506,0.38198006
3.4012804,-1.2087326,-0.48964378,0.13464794,-2.2853296,-2.2674649,1.2886097,0.6455396,-1.3383276,2.0936098
3.9612179,-0.9287751,-0.87728363,-0.59845763,-2.838299,-2.1440976,2.7524803,1.000159,-1.8346878,1.5336864
3.3332806,-2.0341241,-0.40917283,-0.40728354,-1.1943196,-2.8906097,1.3062632,0.6653808,-1.3042626,2.9201481
2.7100258,-1.1109712,-0.2020546,0.38026714,-2.9314141,-3.173691,3.354642,1.5549662,-1.3757762,0.7929682
2.4389515,-0.98024464,0.37683856,0.4118948,-2.853292,-2.246836,1.0424143,1.4578377,-0.34054413,0.6248815
2.527814,-1.1685807,-0.03315361,0.66804224,-2.2929287,-2.1605484,1.1977589,1.1741773,-0.58208394,0.6230057
3.5257838,-1.8682479,0.025369525,-0.09810625,-2.1493778,-2.080775,1.2492924,0.5419749,-0.90487844,1.6449089
2.328539,0.30452907,-0.52677995,0.34150064,-1.7430693,-2.4850764,1.3970777,0.34873253,-0.7261325,0.7641836
1.746342,-0.9354486,0.7939668,0.5334982,-1.9330266,-2.6130931,0.76630676,0.37980017,0.14728345,1.0200555
3.3899503,-2.2579682,0.7326218,0.5097028,-2.1425214,-2.9289377,0.16531973,0.5829462,-0.424555,2.2500098
0.7992673,-1.2357404,-0.45289448,-0.8752684,1.5106213,-0.3241037,0.46619806,0.376346,0.17301114,-0.47521704
-0.47238082,-2.7339919,-0.5202402,-1.5140346,3.7228298,1.8060601,0.6508725,0.9232331,1.3049394,-3.1167057
-2.3790765,-1.2672985,1.4823947,-0.7317158,4.4491096,-0.09337437,-1.4626465,-0.26287764,2.6847234,-2.4966753
0.9964297,-2.2437303,0.86747897,-1.6193801,1.6408328,0.7236028,-0.08470844,-0.5023214,0.6803663,-0.44176447
-0.062970415,-2.34995,1.8433747,-0.28246504,1.1681937,-1.5094714,0.6210248,0.95624495,3.043785,-3.551274
-0.18316348,-2.0710511,0.7199312,-2.0432794,4.10588,3.8284605,-2.284103,-1.0600731,1.544964,-2.4258294
0.52857107,-0.044544205,0.39423397,-0.54649085,2.5210147,-1.1601859,-1.025877,-1.0917255,1.1745057,-0.78629225
0.9829938,-1.3979931,-0.45025328,-1.8602066,3.1817722,-0.3772015,-0.44542035,-0.62544507,0.70608383,0.3410286
-1.0388744,-0.30356956,0.15068077,-0.25709456,2.407771,0.13212398,-0.6785131,-0.04786358,0.8638751,-1.2381481
0.5434665,-2.281872,-0.08917752,-1.6406138,2.567755,2.6123197,-0.6551894,-0.587244,0.3486604,-0.68750095
-0.010624252,-1.4006982,-0.29040197,-0.017085053,0.8413923,-0.5502828,0.7888208,1.3871328,0.29628253,-0.99124706
-0.014341131,-2.7404788,0.62879294,-1.0258322,0.6887413,0.5140411,0.8652057,0.7459518,0.20544107,0.15771341
-0.22040297,-0.8638265,0.43143752,-0.39709735,2.7454984,-0.28754872,-1.0530912,0.019219019,1.4828378,-1.9345084
-0.52542543,-1.4576641,0.51376647,-1.3075519,1.5911392,2.4245985,-0.6759003,-0.3159336,0.1934931,-0.35117358
0.65187234,-0.52073276,-0.59314054,-0.90993714,2.089521,-0.5052484,-0.04054782,-0.061709754,0.026399236,-0.111570396
0.41998982,-2.0881321,1.7407088,0.54984087,-0.92489386,-1.4454706,0.51256526,1.0837182,1.3295659,-1.2792115
-0.37343198,-1.287077,-0.20889108,-1.2021745,2.6899118,1.1346533,-0.2883456,0.0786862,0.95944995,-1.4056822
-2.0556102,-0.99731815,-0.065114066,-1.0644413,3.087538,2.2427561,-0.39152327,-0.06933383,0.9982497,-1.649498
-0.008463696,-2.0824149,-0.3306317,-1.4428304,1.7135346,3.6034424,-0.28895304,0.19931978,0.21960562,-1.3909003
-1.7042868,1.0203512,-0.39117888,-1.7484928,4.662805,2.2193344,-1.7605449,-1.2951046,0.83165073,-1.7644907
1.4334592,-0.789601,1.7952461,0.32419837,-2.6404252,-1.4286187,0.689777,0.2625955,0.74403185,-0.4702494
-0.19564117,-0.47998863,2.4025533,1.6012856,-4.2028456,-2.84496,1.7261173,1.0599382,0.36391482,0.50465035
-1.0356314,-0.50189716,1.6196886,0.84145576,-1.3122432,-1.0541222,0.6548704,0.7329356,0.3999089,-0.3587575
0.7121876,-0.46928513,-0.18599509,0.4652635,-2.1141605,-2.4022872,1.9029316,1.4192853,-0.9022274,1.5479375
0.50245976,-0.40773034,0.9569092,1.082481,-2.2464707,-3.9603584,3.0791285,1.8675295,0.7861696,-1.8456869
0.3359874,-3.1762128,1.1774658,1.459192,-3.2014382,-1.331758,1.8039131,2.9995265,-0.30033416,0.13542578
-0.36108214,-1.4243711,0.9678027,1.4078865,-2.7301574,-2.730273,2.505586,2.5841103,0.51633126,-0.8442876
-0.1548313,-0.5183424,0.61687607,1.8627154,-3.1472309,-2.6094148,1.084067,2.3547778,-0.19104831,0.60517347
2.000449,-2.1011786,-0.63268316,0.45124382,-3.2663546,-2.7161682,3.2969153,3.0174444,-0.96768534,0.9288204
-0.8378494,1.542069,1.3682742,0.75874,-1.7896413,-3.8999197,2.8916957,0.6350081,1.5961235,-2.3644218
-1.0396879,0.092832655,0.37774196,1.3644143,-2.6737478,-3.0448718,3.5740666,2.2304492,0.14383532,-1.1313895
-2.5092924,-0.3055209,3.1972237,2.6677837,-2.4538054,-2.0930662,0.32336426,1.4362441,1.7088677,-2.181004
1.0004659,-1.3033036,-0.36864266,0.82104766,-2.6037464,-2.1646278,2.3821602,2.4159749,-1.4455203,1.2751021
1.2906513,-0.76512367,-0.12490283,0.84698194,-2.2033021,-3.602741,1.2620941,2.5802176,0.3034131,0.28262416
-1.1974088,-0.9865642,2.1309958,0.903949,-1.7158474,-0.8531633,1.1626128,1.3537643,1.6095282,-2.5908082
2.482723,-1.581776,-0.046652123,-0.4744751,-1.4027246,-1.3877788,2.4280233,0.7855746,0.33925468,-1.1719579
-0.6824651,-1.0269812,2.5534306,1.2012707,-1.2828485,-1.4487195,0.14656202,0.5672852,2.362201,-2.5576508
-1.2399684,-2.211405,1.6756778,2.2602892,-2.260335,-2.4186642,0.44419658,3.097082,0.55870146,-0.05243803
-0.8125584,-1.2686069,2.785188,1.2518045,-2.5489295,-2.3241014,1.0688329,1.1870239,2.1174982,-1.6282183
-0.8061904,-0.48718685,0.4933076,1.8259097,-3.6632535,-2.2851884,2.3468347,3.3201578,0.37463933,-1.1594483
-0.26646936,-1.1299422,2.5138283,1.3738021,-3.1273222,-2.9445496,2.0817301,1.0801685,1.2295657,-1.0108626
0.16163008,-1.044786,1.3511814,1.9053136,-2.9993768,-2.7594254,0.88182724,1.7695321,-0.20628007,0.816862
0.05089952,0.5953227,-0.5025662,0.2166617,-1.5022686,-3.2282336,3.6705089,2.2197623,0.1872908,-1.699276
0.6985371,-0.9232651,1.2038639,0.91562337,-2.4330418,-3.3763065,2.6233299,2.0718124,1.3596303,-2.2665207
2.6066246,-1.4766853,-0.008096977,0.12002401,-2.5643077,-1.9722664,1.614542,1.1517212,-1.4912001,2.0119774
-1.4442804,-1.7832046,2.0936098,2.3668733,-3.2570257,-2.3258884,2.5663576,2.648676,0.9306595,-1.9378444
1.2706132,-0.089733124,0.37408933,0.5984898,-1.9737374,-2.9354837,2.0283954,1.2379035,0.14845555,-0.7073215
-1.3811687,-2.0791724,2.1848588,2.6813712,-4.870158,-2.6918547,3.4561563,3.5017595,0.3247134,-1.2659304
1.4257643,-1.4703658,0.16838531,0.18350208,-1.986348,-1.6580839,2.870139,1.707096,0.27105048,-1.5878878
0.9324909,0.18385749,-0.62193656,0.51831836,-2.364572,-2.8533733,3.0087218,1.6081022,-0.910726,0.52526164
1.594619,-1.3723316,0.4186267,-0.29300004,-2.5218785,-1.3289006,3.9600027,1.7053005,1.048849,-3.2648923
0.53229785,0.18897294,1.4197118,0.8639452,-2.3458462,-3.6344604,2.2795513,0.8704703,0.5824692,-0.88889945
0.35703105,-0.22966124,0.6437177,0.07612583,-1.6555113,-1.3900096,3.1304257,1.0470798,0.60571873,-2.5635855
2.4923239,-1.895967,2.1489654,0.9830858,-4.0889153,-2.1407897,1.6797986,0.8800014,0.63711745,-0.84457093
-1.9209292,1.3077829,0.8787249,1.791262,-1.6833675,-2.8913932,1.519177,1.4641653,1.3783507,-1.97782
0.3341912,-1.5981834,2.6411881,0.8494126,-3.108559,-2.538238,1.8386467,0.75152844,1.3565093,-0.67942196
2.0581825,-0.7251404,0.12603697,0.23080899,-2.2996228,-3.1643531,2.8673513,1.8507229,0.15690316,-1.151868
0.5501637,-0.39516902,1.1754533,1.316805,-2.675528,-3.338724,1.8765136,1.8551074,1.1522156,-1.6388024
0.4144374,-0.5985066,-0.036746204,0.69141924,-1.9618,-0.7709401,1.2767096,1.4724908,-0.911688,0.47667342
0.4959131,-1.0744119,0.77958196,0.6767114,-2.595735,-1.0141928,2.2521088,1.377488,0.17255972,-1.0303799
-1.0690485,0.38574755,2.8314075,2.1104267,-2.1128962,-3.1066003,-1.2958745,0.25594854,1.1906747,0.6313232
-2.0465908,1.0435201,0.76006955,0.50937086,0.7355924,-1.1762576,-0.42120224,-0.037938647,1.2741036,-0.7739228
0.43810338,-0.91258293,0.370118,-0.057979554,-0.7119961,-1.5923135,1.43457,0.76319844,-0.14171839,0.50786495
0.36135995,-0.05059576,2.2372093,0.7975509,-2.4137473,-3.22765,0.7203733,0.036793597,0.8783748,0.552687
-1.0145841,-1.0179977,1.6732717,0.8855378,-0.6296969,-0.59771854,0.918878,0.5468373,1.2083541,-2.054856
-0.5358929,0.84636444,1.3777564,0.62874764,-0.6474781,-3.0022342,0.25243312,0.08383878,1.1209354,-0.26095152
0.21389067,-0.40949512,0.9205183,0.36680925,-0.3040458,-2.8997722,0.96600926,1.0091442,1.237472,-1.2216359
-1.6044127,-0.833083,3.2487679,2.2447422,-3.7671738,-3.389035,0.3590451,1.1850072,1.0001129,1.339667
-2.0218372,0.67715275,1.4137836,1.7624782,-1.2366846,-3.253982,0.5998017,1.2620453,1.0111285,-0.3690182
-1.9728248,0.13439484,0.78398865,1.0833105,0.43308628,-2.2670598,0.17523153,1.0682325,0.60979533,-0.12766066
-0.71799254,-1.0894034,2.2860427,1.6605445,-2.4340167,-2.1166515,1.0230296,0.9162821,0.2095141,0.2021036
-1.2180365,1.5403701,0.88480866,1.108943,-1.9484856,-1.3796387,0.9815843,0.36230427,0.2764744,-0.7242774
0.14423813,-0.53426814,1.3041861,1.3992785,-2.410719,-3.2508934,1.2759303,0.9053261,-0.040030893,1.1057937
-0.21475391,1.5361611,0.075647354,0.4000684,-0.058889106,-1.520277,-0.236501,-0.4372123,-0.03693271,0.5136598
0.5321722,1.5322798,0.2849149,0.43921244,-0.8995933,-3.3392098,0.15827928,-0.24629512,-0.1966878,1.6688881
-1.6106715,1.4167966,0.4281278,0.87008387,-0.24487172,-2.0579884,-0.37185264,0.4152988,0.7504321,0.25076288
0.6604052,-1.2668314,2.1900682,0.6219357,-1.7039064,-1.4369612,-0.69813174,-0.20011163,0.5566186,1.1655431
1.4434322,-1.4864221,0.3219318,1.4443057,-3.4899168,-3.5338504,1.6901143,2.7560613,-0.604058,1.3587223
-0.6699504,-1.945526,1.4137468,1.5306537,-2.5379949,-2.3914533,1.6802057,2.353546,0.11865591,0.32298306
0.40306818,-0.57029605,2.2788177,0.8204705,-1.9278282,-2.7451966,1.3348029,0.16018492,1.6243871,-1.4368287
0.99592686,2.1337967,0.006234796,-0.9830511,1.8813184,-0.73127055,-2.15912,-2.2643592,-0.04261032,1.2018092
-0.45875812,1.6160456,-0.22041887,-0.27490604,1.6214222,-0.6057769,-0.83785725,-1.2960458,0.05608956,0.4883001
-0.7360294,0.6209056,0.41239747,-0.8776518,3.4534101,-0.5669758,-0.40726364,-0.7279743,2.2446048,-3.4659822
-2.3108978,2.9391663,0.49473444,0.8240908,1.1882194,-2.5207517,-1.7424648,-0.45470995,0.44850716,0.9925705
-1.8133926,3.1261113,-0.7719535,0.45361787,1.9020264,-2.2905319,-0.20077722,-0.67121893,-0.4027164,0.6510485
-1.6836138,-0.42415375,2.6398873,0.75922173,0.19342749,0.09234735,-2.0265486,-0.4841904,1.9429445,-1.0857525
1.28528,3.1982229,-0.9251644,0.4757098,-1.103237,-2.9646637,0.8357434,-0.69766456,-0.7177652,0.58596283
-0.28775108,1.7174934,0.016181305,-1.5614967,3.7820272,0.091041386,-1.8180368,-2.1315982,1.5824314,-1.3934067
-1.9876096,3.058652,0.7035807,0.99027985,0.7314657,-3.3478,-0.7284863,-0.52074224,1.423457,-0.5140577
-2.2414985,4.9082522,-0.7747615,0.9382399,1.182661,-4.3512096,0.06832932,-0.4881537,0.28730142,0.37747929
0.7407811,2.6459274,-0.28075203,0.8301917,0.78812116,-4.197147,-0.61929303,-0.7284098,0.8249767,-0.15332666
-0.54540277,2.6940403,-0.12695913,-0.08201356,2.5382223,-1.5386186,-1.6858053,-1.5238887,0.80340266,-0.6657579
-2.072556,2.549169,-0.86172765,-0.84910005,5.355979,0.541766,-2.2729554,-1.65593,1.4314861,-2.1681163
-0.88627106,4.916139,-0.6718065,0.16321252,0.84961784,-3.459863,-0.91191363,-1.3404452,0.23093142,1.0946673
-1.0251987,2.1116047,0.3381642,0.3769822,0.7357184,-1.4874825,-0.70743155,-0.4096207,1.1725048,-1.2110523
-0.09678343,1.190906,0.26746884,-0.34870625,1.3396145,-1.2905061,-0.8642764,-1.1822622,0.36253035,0.5986009
0.29870152,3.1051908,-1.5829211,-0.9412598,2.8295243,-2.072123,0.4655969,-1.0303315,0.37581098,-1.4611844
-0.32648063,3.6420436,-1.1823577,-0.20794488,2.5034413,-1.5751636,-2.230049,-1.5351018,-0.31236225,1.2910031
-0.73880905,2.8844087,-0.3573495,0.10516849,1.651806,-2.3226182,-1.1509631,-1.2103295,0.25435862,0.8364296
-1.0144966,2.1246426,-0.29277208,-0.7561133,3.2011142,-1.0675213,-1.0800722,-0.8522278,1.3391473,-1.6445564
-0.71422446,-0.39464033,0.8366055,1.3092396,-2.7758613,-2.3114405,2.3943436,1.9888643,0.10406835,-0.40158975
-3.2080746,-0.4168843,3.5693378,2.0907402,-2.5111609,-1.6010318,0.71381116,1.3155302,2.2015505,-2.4617946
-0.82745135,-0.96000606,2.437405,2.0865471,-3.3895006,-2.71325,1.3223583,1.9726157,1.178347,-1.3092349
1.2016947,-0.48095298,1.1492716,-0.24003,-1.3703226,-0.78103065,1.1400741,-0.76793426,0.44850004,-0.31185007
0.8829665,-0.8137986,0.5661437,1.1120197,-4.0846224,-2.2260854,3.6852014,1.7803887,-0.6190786,-0.22413984
1.8399062,0.52527255,1.0905792,0.342879,-2.581151,-3.6711845,1.9120531,-0.2934483,-0.33477962,1.1532348
0.26726687,-0.37454897,1.3122607,1.3939115,-2.633173,-2.953375,0.94429827,0.6863513,-0.7161052,1.9905026
0.42186242,-0.40145117,1.4856584,1.602022,-3.6190672,-3.2247407,1.7776767,1.368799,-0.22532532,0.6986623
-1.1176779,2.0105507,0.81023985,0.94989896,-1.030974,-2.939868,1.1667594,0.43767938,0.6045926,-0.97674954
0.06005638,0.18113479,0.48068392,1.5410849,-2.7717524,-2.2062469,1.4298098,1.8636595,0.29306793,-0.9271643
-1.1686763,-0.17162614,1.3744761,1.238638,-1.7997665,-2.3492851,1.3442292,1.1138484,0.049258184,0.2713409
-1.2986913,-0.98446614,2.2383723,1.9700667,-3.0096068,-2.1657705,0.5198887,1.3301429,0.26881972,0.9680907
-0.7477113,-1.0035472,1.4696813,1.1192491,-2.5287564,-2.524916,3.1358292,2.098308,1.2703179,-2.4670782
-1.1772537,-0.67987293,0.27585378,2.0503542,-2.9685354,-2.1337893,1.0825238,3.104338,-0.37309164,0.7613597
-0.05663176,-1.2136092,0.0061762566,1.0211585,-1.8236852,-1.7410576,1.4297717,2.5899632,-0.6284141,0.46413732
0.15227602,-0.8940541,0.2873461,1.7489399,-3.9947047,-2.578941,3.420497,2.824776,-0.5545869,-0.38963056
-1.2611417,-0.24732171,2.3353605,2.0989187,-3.015029,-2.9037151,1.0840871,1.7594178,1.4359277,-1.4621702
-2.4776006,-0.1096264,0.84363824,1.3930535,-1.697457,-0.8179962,3.2617795,2.2232592,1.3780851,-4.104667
-2.6522915,-0.1774664,2.4066339,2.286964,-1.8319069,-2.7636778,-0.05592669,1.4422742,1.5394874,-0.4402963
-0.919724,-1.4712166,1.3437433,2.6040955,-4.241983,-3.0002568,2.630327,3.0598102,-0.50471574,0.3914815
1.1339232,-1.6632878,0.44276646,-0.17792346,-1.989317,-1.0216534,2.5044081,1.568538,0.41771197,-1.1593142
1.0846257,0.085127085,0.78087085,-0.002442427,-1.3702286,-1.6776919,1.2473557,-0.069336586,0.7566824,-0.93226576
0.20404346,-0.18163793,1.6819375,0.30476463,-1.7420437,-2.3299608,2.1085687,0.38725027,1.0275537,-1.4955984
0.042803004,-0.84611183,0.6495953,0.40648293,-2.0607476,-2.122292,3.3458693,1.7363806,0.82704484,-2.0609593
0.33252615,-1.5936637,1.8779035,1.7649773,-3.5449362,-2.541516,1.3790191,1.7023133,0.21595661,0.37465206
-0.788403,2.8103096,-0.7873481,0.94510424,-1.613438,-4.7157865,3.056903,1.2120305,-0.042315353,-0.19261503
-0.5668958,-1.4411333,0.37884188,1.0261968,-1.9101293,-2.5850658,3.4448082,3.2680504,0.7511443,-2.4196162
0.042068228,-0.22277497,0.4480342,1.1979918,-2.6445613,-3.6431096,1.9739873,1.7690232,-0.03465419,0.99572897
-0.09006499,-0.077771544,0.81378144,1.2606914,-2.2155623,-3.1211102,1.8767736,1.7410707,0.70735157,-1.0383272
-0.44920015,-0.48194188,0.179478,0.516714,-1.1484233,-0.59363174,1.4367057,1.3269387,0.124172464,-0.83582443
0.8718721,-0.9600073,0.9264077,0.6104483,-3.0881526,-1.6760125,2.5619185,1.3075224,0.5455139,-1.1507282
0.2493657,2.7986808,-1.1606796,0.63260883,-1.1790835,-4.2829137,3.4118545,1.3938032,0.095814325,-1.9282755
-1.2206651,-0.9987857,1.8225832,2.2227855,-3.905357,-2.0416162,2.2657893,2.8990912,1.2086443,-2.36395
-1.447945,-0.5422482,1.2429566,0.63636076,-2.413771,-1.8148909,3.2610228,1.6480603,1.2070433,-1.7969724
-0.9363115,-0.8852974,0.63461024,2.0879683,-4.041254,-2.7304685,2.5374289,3.423392,-0.49225414,0.36301446
-1.033517,0.010039985,-0.016166136,0.89000016,-1.213054,-1.6226811,3.4982402,2.130795,0.77541095,-3.4001539
1.2722726,0.058003783,-0.58292747,0.5007113,-2.3561635,-3.1349125,2.8431997,1.6525158,-0.283923,-0.0017231181
1.8613433,-2.6655161,0.929795,0.88932705,-4.309062,-2.7201018,3.6424844,2.5392063,-0.5126504,0.3216341
-0.45107806,-1.239584,1.7673018,0.7670446,-2.9193225,-1.4250259,1.8840575,1.0737926,0.9397998,-0.5414366
-1.0430616,-2.016699,0.8294529,2.0871646,-4.600789,-2.5528557,4.3362083,4.0371704,-0.04949044,-1.1241301
