-2.0449376,1.9510447,2.2030556,0.42038447,-1.5922061,0.53984815,-0.7333432,-3.542978,6.9147434,-3.988881
-1.4419197,2.9276469,0.8937715,0.14169918,-0.8166845,0.38373232,-0.7496609,-3.0052896,4.8257065,-3.1149027
-1.907412,2.6004145,2.4306917,0.982977,-1.6232579,-1.846355,-0.045273356,-3.1776137,5.744602,-3.0963511
0.6012009,0.0015622675,2.6934686,-1.4199531,-3.7032268,-2.1845438,4.9314046,0.44452643,2.2408297,-3.5869555
-2.8233523,0.7824501,4.778143,0.7213389,-3.401175,0.77958584,0.10174662,-3.3061233,8.0685425,-5.669012
-0.19250908,0.5047194,3.773836,-2.4047809,-2.1838272,1.7336621,0.7160268,-2.247024,5.0897617,-4.893542
-0.589928,0.68542886,2.0458076,-0.014598444,-1.8102329,-1.7219498,2.1990073,-1.1926358,2.5399199,-2.0394735
-0.16328448,-0.84424424,2.5496025,-1.1707506,-3.3158514,-1.6919322,5.3737974,1.7101942,0.30255204,-2.9138048
-3.09168,0.025618404,4.409435,0.8223648,-3.2637055,0.06975481,0.8048162,-1.7227564,5.8605685,-4.052965
0.47689408,1.3214549,3.9205344,-2.3479733,-4.4557943,-0.5824678,2.750438,-1.7255847,8.109443,-7.3045044
-0.6947485,0.08050051,2.6467602,-1.4844232,-2.8015685,-1.5718062,4.535686,0.3588559,2.327783,-3.4189694
-2.6581478,1.3838725,2.5650115,1.237241,-1.6275632,-1.2590394,-0.081951976,-2.5618868,7.1425724,-4.0702686
0.06429652,0.6073655,1.3368313,-0.802071,-1.8536036,0.03633392,1.2686317,-0.762152,4.8730707,-4.598424
-2.1879182,0.27320424,4.689911,0.37878466,-3.011337,-0.023857981,-0.35287791,-2.009264,6.0670404,-3.978314
-2.6662683,2.059696,3.2812026,0.8769278,-1.9365125,-1.8584297,1.321981,-2.6767304,6.5208874,-4.758102
-0.5998768,-1.1123568,4.3284388,-0.12616833,-3.7633088,-0.23364416,1.0311346,0.06979269,3.9799535,-3.4261422
0.03666956,0.9908091,4.4770784,-0.22009619,-4.727751,-2.2454252,0.58914006,-0.95566475,5.274776,-3.1372476
-1.8727179,2.384024,2.7035382,-0.029818617,-1.9327424,-0.8891771,-0.004001379,-3.1534963,6.466977,-3.770759
-1.4491551,3.7269347,-0.40992647,-0.42384726,-0.07975638,-2.0980487,2.722186,-1.1890274,3.2658865,-3.8416195
0.10990093,-0.5053203,4.247202,-0.7212302,-4.978964,-2.2419603,3.6557934,1.267853,3.1482494,-3.8943179
-0.8053404,1.7936631,3.1297052,0.108502254,-2.6713684,-0.6545038,0.46212274,-2.5850174,7.0449195,-5.84527
-1.5663823,1.5186051,3.35161,0.08500545,-2.860322,-1.7771988,0.97755235,-1.4931257,8.193426,-6.3175898
-2.191176,1.5943261,1.7560649,0.7792205,-0.75962806,-0.061533183,-0.053489804,-1.8550873,6.134074,-5.3851285
-0.7334011,3.0390108,0.21316367,-0.39179444,-1.0382528,-0.42149982,0.07673675,-2.9311492,5.379048,-3.348224
-1.4557333,3.3304317,1.9907348,0.73603916,-2.1390343,-2.3237822,1.2014165,-3.552889,8.137478,-5.6510873
-1.2355419,1.3658954,-3.9459794,0.52250487,5.6406612,-0.41956595,-1.3765182,-0.43157214,-1.2027316,1.1446221
-1.7374203,0.7836051,-2.6275046,1.1612003,4.6696863,0.37445042,-1.1441371,-0.66064763,-0.9921842,0.28446525
-0.5196336,0.15599757,-1.6699859,0.018699214,2.8526587,-0.10094169,0.146965,0.014108211,-0.7146634,-0.16353935
-1.3055335,0.031542823,-1.9220045,0.014967486,5.7037096,0.4712141,-1.308934,-1.6867584,-1.4309042,1.4722959
-1.3736379,0.94334316,-1.94028,0.6258663,2.91378,0.33261257,-0.70847887,-0.6849855,0.24756943,-0.26273486
-0.7483168,0.99215996,-2.5021913,0.35450637,4.6182156,-0.22068772,0.05401604,-0.44813815,-1.8306895,-0.12932265
-0.8659076,0.19186324,-2.2023933,0.48704183,3.9215143,-0.22712645,-0.078169465,0.07786876,-0.78201264,-0.30132103
-0.55373734,0.5071989,-2.6668332,0.35384756,4.3020735,-0.742888,0.50086564,0.023978233,-1.910703,0.3125589
-1.0444127,0.30748987,-2.6618602,0.8264416,5.8262844,-0.101485044,-0.85498697,-1.0323695,-0.69691336,-0.52529514
-0.88606286,0.969182,-2.5538373,0.10418028,4.22459,0.71820664,-0.5552372,-1.1572893,-0.56956714,-0.20032799
-1.3714027,1.5531646,-3.018792,0.60569495,4.255519,0.0466035,-0.43029892,-0.83321226,-0.07776873,-0.67409927
-1.3403904,1.0997494,-2.11227,0.3267764,4.111717,-0.7366251,-0.08470082,-0.94352746,0.080232725,-0.32102376
-0.625378,-0.36738732,-2.186527,0.77922064,3.7011254,0.59772795,-0.86589444,-0.077046216,-0.73179054,-0.1623334
0.3718155,0.0580391,-2.9655316,0.26605308,4.2732267,0.70259273,-2.133145,-1.067655,-1.2584028,1.7634543
-1.1548029,0.89406383,-2.9716153,0.453669,6.262269,0.4434604,-1.5735722,-1.142734,-1.5142896,0.4728027
-0.59520394,0.9666451,-2.8831308,0.20550059,3.5900202,0.50729376,-0.24434686,-0.5864382,-0.74325466,-0.21025756
-0.78112924,-0.075904384,-2.3354156,0.06538698,5.5010176,0.4468752,-0.3810916,-0.7356419,-2.071061,0.53462976
-1.1128263,1.878909,-3.5892365,0.61945254,5.5830574,-0.7279289,-0.97117454,-1.3222425,-0.8844479,0.6372231
-0.6674246,0.71082366,-1.5313202,0.048545703,3.3682125,0.45672458,-0.290692,-0.97036266,-0.021298058,-1.0142817
-0.6398237,-0.0003425777,-1.6395495,0.29395425,3.0860968,-0.0847595,0.086470425,-0.38480526,-0.6907577,-0.015868105
-0.391163,0.7209817,-2.7268972,0.46918923,3.6102402,0.009377897,-0.42456836,-0.30190477,-0.8971607,-0.021005638
0.14026052,0.31728104,-1.0349392,-0.5047533,3.0794895,-0.43232074,0.43270928,-1.0106955,-0.25862557,-0.65602016
-1.0441467,-0.21369344,-2.1858146,0.21871711,4.550928,1.0678209,-0.8741302,-0.4849627,0.017856322,-0.9536809
-1.7857422,0.9755548,-2.4280386,1.8287078,4.383918,-0.5222689,-0.7114497,-0.67354923,-0.60153836,-0.28489295
-0.4826014,0.15503673,-1.6192689,0.019431114,3.4418073,-0.081474215,-0.21936676,-1.0085603,0.23868604,-0.47495887
-0.93825394,-1.0572361,4.515925,-0.9460265,-2.669492,0.14577937,1.2073383,0.13881016,2.8072865,-3.3343081
-2.7527719,-1.7332151,7.170467,0.7146563,-5.227662,-1.7063153,1.8760095,-0.18462539,4.7405806,-2.8971274
-0.98877203,0.75416696,1.3262014,0.980063,-0.6041317,-1.6149788,0.6996258,-0.5604241,3.4575293,-3.1789887
-0.3619873,0.44556847,1.5773997,-0.1074609,-3.1678686,-2.4675758,3.8736966,2.0668235,0.9706765,-2.807871
-0.68584883,1.1580293,1.5342938,-0.5718667,-2.5232632,-2.0906582,4.0418577,0.56966776,2.1740763,-3.3949084
-2.304359,-2.335763,6.780452,0.4456845,-4.2257204,1.811552,0.53839844,-0.6523985,2.1459343,-2.2277877
-0.8455223,-2.0381489,4.4065924,0.18372296,-4.5179806,-0.9866862,3.087269,1.9815388,0.020609751,-1.3442746
-2.025119,-1.2781901,6.3722405,-1.0097607,-4.7893667,-0.8284458,2.8338585,-0.046568364,3.7484756,-2.993422
-1.4842172,-0.031567544,4.460508,0.5019056,-4.253666,-3.6011531,3.956227,0.70829904,2.2569458,-2.5595112
-1.1773806,-0.431473,2.0541084,-0.44250214,-1.2349684,-1.1391824,2.4534137,0.29209292,2.5623012,-2.8516617
-1.7208537,-0.537132,4.3262014,0.7857422,-4.0571585,-2.0390599,3.3406632,1.0179201,0.62053484,-1.6595243
-0.9485233,-0.48888364,2.661368,0.19876479,-2.8964453,-1.3995249,3.5499551,1.0468426,1.9829125,-3.8839035
-0.88048595,-0.6265286,6.1440573,-0.95445126,-5.4109144,-1.4843946,2.6729317,-0.40369517,4.91394,-3.9316344
-0.5820878,-0.9202776,6.7464056,-0.8114904,-5.5448923,-0.31554404,2.3955448,-1.3001595,2.6746733,-2.132627
-1.166177,0.90104115,1.1845986,-0.1701938,-2.4285297,-3.593809,5.1516614,2.0810268,1.3674295,-3.2957568
-2.0259275,-1.1393675,5.8877954,-1.0214895,-4.077136,-0.7516829,3.583699,0.4790632,3.511697,-4.158356
-2.321866,0.204541,5.70382,-0.0068071485,-4.333556,-3.195894,2.926577,-0.15211535,2.651735,-1.5471098
0.016101785,0.5121597,4.688624,-2.3219452,-3.7620609,-0.9413426,2.0999947,-1.7174536,4.8920097,-3.3844306
-0.018297188,-0.6203042,5.1991773,-0.93914855,-4.735198,0.03447306,0.69391423,-2.0002851,3.9880698,-1.7129644
-1.5318599,-0.5026163,4.6416254,-0.33438534,-3.1172123,-0.22364464,1.9253776,-0.12238556,2.8129482,-3.4973142
0.3896735,-0.291321,2.8107393,-0.8635689,-3.4665558,-2.3023915,4.274305,1.1776471,1.5290277,-3.0934167
-1.3064334,-1.672696,6.300592,-0.6183715,-5.9864197,0.016356438,2.648043,0.87832856,2.8822694,-2.9521055
-0.543002,0.17587301,2.3146775,-1.1293449,-2.124625,-2.236107,3.5922968,0.8097124,3.1323686,-3.904955
-3.2066422,-0.8553138,3.3500006,-0.026134416,-1.2783536,0.1422145,1.5524626,-0.9299166,2.8495455,-1.64834
-1.8566697,-0.35406324,2.709798,0.025341883,-1.7750273,0.63467264,1.1371052,-0.3001979,3.355387,-3.441089
0.49422908,0.76519346,0.28821433,-0.62987566,-0.8260641,-1.4199343,1.0185075,0.36720914,0.7475433,-0.7765875
0.6931183,1.9622613,-2.042156,0.6401616,0.26207083,-1.8733182,-0.70647436,-0.38552952,-1.1042339,2.7170036
0.9306962,3.3474805,-1.8988829,-0.6365883,1.0658811,-0.7347765,-1.8014486,-2.9310982,1.1632531,1.527736
0.82222235,4.496175,-2.397919,-0.3762675,-0.4677928,-3.293215,0.84467024,-1.687841,-0.90631557,2.9978476
0.8410101,3.4005458,-0.5030401,0.0028261095,-1.5427786,-2.7880642,0.25861663,-1.0401027,0.2789293,1.2000134
0.8824629,0.14693764,-1.7775885,0.97525615,1.0462005,-0.24419287,-1.5812755,-0.6876032,-2.366632,3.7420793
0.16896594,5.429406,-1.5729127,-0.39283377,-0.6999556,-2.6070926,0.34954098,-2.4656527,0.94314045,0.7814926
-1.1243806,5.018588,-2.168176,1.1221015,0.6073762,-1.9484048,-0.74044484,-1.8861096,0.05486758,1.1524462
4.022653,0.9768921,-1.9967499,-1.0572706,-0.5507118,-0.1430172,-2.3811288,-1.250959,-1.8197079,4.234184
-0.13410115,4.022434,-1.9422596,0.8376122,0.7052748,-3.3392105,0.08987051,-0.87538695,1.2398072,-0.45649567
-0.069681786,6.8911324,-0.8315834,1.1102998,-2.385915,-4.3424253,-0.11111137,-1.6452622,1.4127645,-0.009554215
-0.5645534,4.1107464,-0.19403279,-1.3769855,-0.8689413,-0.938164,0.8685584,-2.6292691,1.1778477,0.5037998
-1.1893961,6.120884,-2.9373918,0.06353815,1.3628688,-4.0388656,2.3374918,-2.0812984,1.3950381,-0.77023983
-0.7736236,0.7236645,-0.7932589,1.7234402,0.27173197,-2.266016,-0.34332228,0.45401073,-0.08341153,1.1360217
1.8571422,4.287991,-1.5407009,-1.0435311,-0.8777703,-2.7791517,0.3173908,-1.4450827,0.21221818,1.0914658
0.9742369,1.137309,-1.928936,0.4263153,1.3985777,-3.5010147,-0.1617485,0.09944892,-2.2849655,3.9066043
-1.9635662,3.971288,-3.7522454,3.094408,2.992487,-5.535535,0.57849485,-0.16571438,-2.2169836,3.140039
-0.028439693,0.13772103,-0.8919018,1.6385304,-0.454746,-1.1435907,-0.5587066,0.4502852,-3.0385582,4.070133
2.8334432,1.9366122,-1.9192407,-0.22941592,-0.90361416,-2.0184472,-1.177397,-0.6743083,-0.35632217,2.5100589
0.29122674,-0.45227048,-0.39340654,2.6182594,-1.6878707,-3.3890018,-0.024934798,0.64155555,-2.3646553,4.83632
0.91663706,1.6240343,-2.2469923,1.6561167,-0.22442663,-2.5443923,-0.038692832,0.13792771,-1.7943914,2.5863414
1.0122417,3.6119387,-1.6591972,-0.053466305,-0.55965054,-2.0056925,-0.59522825,-1.6555357,0.3749417,1.3839239
1.584593,3.574737,-2.0560532,-0.066662654,0.2862361,-2.1330197,-1.0754781,-1.9424615,-0.9484469,2.9961143
-1.3886082,-0.47516087,-1.2775574,3.0794072,2.1060276,-1.4256585,-2.0442274,-0.24986899,-5.0308,6.9778414
1.0475987,-1.7417524,-0.741479,-0.68617153,0.7257517,4.080961,-2.1955636,-0.2459772,-1.7158437,1.3574111
-0.6768104,-1.1111777,0.6424813,-0.41017926,-0.12181777,4.3750806,-1.1570048,-0.5626184,-0.27820545,-0.60503095
0.5721151,-2.1770113,1.515693,-1.7044603,-0.7380954,5.4342136,-1.7914922,-0.62673587,0.9389524,-1.3423828
1.0902895,-2.8726585,1.5828054,-1.1209556,-1.0192318,4.7186403,-2.1269224,-0.17024285,0.22026695,-0.16852081
-2.570218,1.0180582,4.0763617,0.59099764,-2.7794797,-0.04557696,-0.48315373,-2.4633493,8.432976,-5.6505957
-2.1020968,-0.5815139,4.5806775,0.11043878,-2.91595,0.6957139,0.5397229,-0.800108,4.63706,-3.9229486
0.0670358,0.23672321,1.7058176,-0.7962809,-1.1356887,0.24378395,0.20109713,-0.91499794,3.814499,-3.3428495
-0.04996293,-0.010310151,1.8584136,0.53342104,-2.9548965,-0.5803931,1.2308257,-0.53525305,5.0237055,-4.4808235
1.1058638,-2.2210336,1.3519157,-2.036736,-0.35536098,5.865894,-1.5396385,-1.0448207,0.27482504,-1.4330446
-0.14482266,0.58736706,2.869235,-0.7516927,-3.3882377,0.06446251,1.3560977,-1.2707813,7.0517416,-6.272785
0.63170224,-0.52570975,0.91555977,-1.4352306,0.29091704,3.0965097,-0.7633822,-1.3857614,0.46175373,-1.2328022
-1.8393886,0.36023882,2.7625911,-0.038720384,-0.8096862,1.4892926,0.28442758,-2.0764027,4.16492,-4.390208
-1.6316732,2.2814796,2.7460515,-0.59231216,-2.941862,-0.33405617,0.7359507,-1.6571906,5.8871374,-4.3720613
0.19928491,-1.8797256,0.54595006,-1.488692,0.80700755,4.3899446,-0.60824865,-0.2110919,0.060653463,-1.8010039
0.62315625,-2.2951257,2.0559838,-2.0052567,-1.4552226,5.184719,-1.3267262,-0.95580953,1.684427,-1.5910492
0.25353917,-1.543549,0.60493034,-1.5863786,0.13733453,3.9436662,0.43076056,0.06715691,0.51171905,-2.8801484
-0.38743472,1.005633,3.0693474,-0.68101436,-3.2774198,0.20152432,-0.12843105,-2.216043,4.993433,-2.4600124
0.46307147,-1.9283528,0.384495,-1.6044405,0.7443965,5.3388805,-0.987785,-0.3205428,0.23328318,-2.2584443
-4.4925165,0.42960432,5.695747,1.254042,-2.7806993,-0.8512409,0.6883628,-2.5835092,7.11904,-4.5833535
0.39305416,-1.8129262,1.3466629,-1.5919641,-0.88388157,5.0213814,-1.3938811,-1.0241311,0.9248012,-1.0052369
0.035954423,-1.2780699,1.6085796,-1.5526521,-0.06980693,3.4185593,-0.6788513,-0.3905926,0.7293393,-1.7398428
0.8443994,-0.48652184,1.3452599,-1.4629295,-1.4464593,2.122977,-0.1249733,-1.0251949,1.1968367,-0.971262
-0.9051525,1.0792736,2.2336328,-0.2936744,-1.9545646,-0.12014434,1.0492959,-1.5210474,4.9335747,-4.421915
0.61109453,-0.7224673,0.16464317,-1.417444,-0.07889414,3.3680313,-0.61038107,0.08921248,0.2751925,-1.6074681
1.7049726,0.058606178,0.69332755,-1.9163976,-1.4129714,1.1355404,0.27174717,-0.603546,1.436722,-1.3121444
-1.3096263,5.97095,-2.0682075,0.14182039,1.3937835,-3.2161477,0.77667093,-3.1327195,1.0653849,0.22978681
-0.27486444,7.235486,-1.9829519,-0.18820266,1.02175,-1.1217474,-1.5413342,-4.712417,2.0719016,-0.46544167
-0.22851956,7.523058,-1.9586933,0.29057312,-0.29489386,-4.0167694,0.14315945,-3.5091412,0.5564694,1.6319016
-1.4345624,5.769275,-2.945402,0.45187587,3.6897695,-2.3830395,-1.2574596,-3.7041147,2.5260448,-0.81525993
-0.9615605,7.944359,-1.1754602,0.48814946,-0.93647087,-3.3172677,0.3605091,-2.84306,3.3007162,-2.7698183
0.67528635,8.306507,-2.4482586,0.38158333,-0.931226,-3.4876585,-0.6706664,-4.100382,2.366826,-0.07714007
0.2437638,5.441271,-2.4127758,0.15151708,0.74446404,-3.2566783,0.029799283,-2.7937384,1.8093213,0.076928906
0.71158,4.625461,-1.0514657,-0.39887333,-1.4589192,-2.3161821,0.5238727,-1.372773,-0.7562294,1.4099923
-1.823707,4.5414186,-1.0747219,1.8311019,0.95765984,-3.1139183,0.37494484,-1.9679022,0.52079594,-0.03471578
-1.2715666,7.1403723,-2.5363593,0.3844117,0.53642523,-3.0246975,-0.5180985,-3.8239088,1.7057459,1.5067254
-1.3671579,8.074024,-1.4537108,0.120006695,-0.32175088,-2.6945727,-0.13007408,-4.621489,2.1396344,0.33629358
-0.27030236,5.730223,-1.2306926,-0.545354,0.7592151,-1.814503,-0.59999114,-3.6576476,1.6123906,0.22028705
-1.9128234,7.1569467,-1.680551,1.4777648,1.1680359,-3.932615,0.03669393,-3.8730202,2.5872197,-0.95621395
-0.8351894,6.572723,-0.79272735,-1.5384936,-0.82314956,-1.490442,0.2457174,-3.8713937,1.9934387,0.40474018
0.5150646,6.3878627,-1.8286963,0.011595413,-0.02230835,-3.2377286,-0.03334582,-3.703215,0.40581906,1.4387611
-1.265475,6.355521,0.09195279,-0.08814739,-1.4885553,-3.2033024,0.45268232,-3.5195675,2.6529868,-0.037032463
1.7133126,4.716614,-1.5524573,-2.035936,-0.32863212,-0.21752658,0.22625962,-2.995224,2.0262415,-1.5341207
-0.097266935,1.9121686,-1.8411345,-0.24331352,2.391388,-0.37892428,0.5341707,-1.7697158,-0.051204994,-0.45519558
0.6694034,6.4401054,-1.7721739,-0.20057853,0.011960149,-3.8960307,0.9047766,-3.1418974,1.0587296,0.21849808
-0.5235605,6.7022886,-1.3118074,0.2604618,0.4008941,-2.5637674,0.070270926,-4.173005,0.23674776,0.8432703
-0.7511621,6.1886315,-3.2786272,0.043288305,2.6941803,-3.2175577,-0.51513475,-3.0447187,2.1201494,-0.1295676
-0.9869575,5.9654627,-1.3257623,0.52618235,-0.5884834,-1.6103752,-0.91457176,-2.8783453,1.3714143,0.51020724
0.65966743,6.848609,-2.3707728,0.3746035,0.139444,-2.8262591,-0.8204822,-4.4787107,0.5630632,1.9819907
1.2873217,7.240506,-1.7365857,-1.4086274,-0.2858752,-2.1355915,-1.1659253,-4.8158445,1.9643209,1.15201
-0.50683,6.595125,-2.7030656,0.17226158,1.3039364,-2.4898236,-0.4259634,-3.2702882,1.7501928,-0.1918748
-2.9895892,1.691151,-0.62332773,4.632618,-1.1115654,-4.056708,1.0112493,1.9688165,1.5196576,-1.9463762
-1.2068455,-0.35052034,0.51064134,1.4808587,-2.4900355,-2.7649553,4.450786,3.8302288,-0.5686229,-2.8089824
1.261317,-1.704698,-0.7930038,-0.016139463,-0.60545003,-1.6096826,2.4929936,3.5611782,-2.7233727,0.26743582
-5.286476,0.5481931,-0.25767404,5.561339,0.14785504,-4.670468,2.1316097,1.5627846,1.932415,-1.6582456
-4.828826,0.53372407,-0.56470704,5.396283,2.0970461,-3.3814902,0.8210208,2.2014282,0.40874684,-2.4782186
-0.68785274,-2.3660483,0.32028604,1.1917508,-2.3429492,-2.623477,3.754817,4.759359,-1.5030456,-0.37613863
-5.3075194,-0.59278846,1.7954087,4.1511846,-1.0725526,-2.3779147,1.8309696,2.1538582,2.1516826,-2.5397122
-0.8022565,1.1370552,0.20842668,-0.50544506,-1.3061717,-3.5906065,4.020601,2.1782186,0.465738,-1.7640556
0.6638656,-1.6514637,1.1158081,0.9088622,-3.2381046,-2.3590457,3.9275672,3.815628,-1.0952492,-1.6866727
-1.4574246,-2.303087,1.2956345,0.76269025,-0.8133588,-1.8770895,5.5534515,3.565762,-0.68258923,-3.6595454
-3.7879064,-0.5770135,0.7856806,4.7983947,0.59171736,-3.9204042,1.3190844,1.3286661,-0.009490892,-0.43178445
-3.4604793,0.70220256,1.4984146,5.8230968,-0.66587603,-5.2118883,1.3644147,-0.05428815,2.2266343,-1.8153046
-3.8620896,1.1375738,-0.6214956,4.951182,0.41727716,-5.038314,1.8443658,1.7839122,-0.14193349,-0.3160324
-1.813221,1.2831959,-0.10944889,3.0741773,0.032394886,-2.9675796,0.14553544,1.4370629,0.39625764,-1.1392413
-1.702705,-1.239042,3.2845933,0.7740202,-3.4923887,-0.44219926,1.3486111,1.249738,3.2393668,-3.0355036
-4.966026,1.0713767,-0.08355064,6.27152,0.21607137,-2.8945572,-0.29803628,0.1946393,3.3543239,-2.649199
1.2461455,-1.5649229,-0.87983733,1.9124589,-1.3640682,-3.197324,3.4213755,3.3268006,-1.9725631,-0.70420575
-3.9528818,-1.4369307,0.87666523,5.293018,-0.7871295,-4.0191054,2.5345235,2.9930253,1.3810768,-2.771942
-5.808001,0.18482998,-0.13033053,4.858521,1.4115098,-3.2211173,2.316754,1.4240941,1.683311,-2.6856709
-1.5472553,-3.1290314,-0.30637062,3.5225883,-1.1176236,-2.2228734,2.4793267,5.1081944,-2.5250366,-0.13612342
0.47181064,-2.1601458,-0.47220346,1.7138917,-1.1514125,-1.7174447,2.9636135,4.448094,-1.3526293,-2.7684927
-3.8065302,-1.3177155,0.47910386,4.560496,-0.10293871,-1.1168,0.296565,1.047857,1.5615324,-1.3303001
-0.2662619,-1.4646047,0.6439446,0.82254624,-1.6518362,-3.6777923,4.757787,3.215167,-0.39903796,-1.7425361
-2.789886,2.2394605,0.7431639,2.6634746,-0.70990074,-2.6002142,0.348174,-0.8586707,2.0829217,-0.94676465
-2.0731895,-2.1862402,0.37894845,2.5100148,-1.1863971,-2.26133,3.6009614,4.391142,-1.760558,-1.2942852
-0.82447916,-1.8293852,3.034558,0.37301445,-3.8763292,-1.7378905,4.455547,2.8030891,-1.4441998,-1.062345
-0.7290235,-1.0691296,0.9795853,-0.03717266,-2.6094172,-2.3573391,5.37262,3.2238438,-0.124457195,-2.5676906
0.54995525,0.46153167,2.0671391,-1.0999722,-2.2221334,-2.1214,4.5114474,-0.08948386,2.617877,-4.6852517
-0.05581265,0.35703725,1.097291,-1.1804625,-2.706225,-2.3458667,5.1179237,1.4657116,1.7034234,-3.5601459
0.07892204,0.5687274,-0.15156764,-0.1826727,-1.7405636,-1.4457877,4.4761634,1.0944408,1.2338461,-3.8786821
-1.1049328,-1.1848935,2.266541,0.06574051,-3.2660143,-2.4466743,4.178254,2.5064926,0.3856371,-1.5299183
-1.4820523,-0.1244261,1.6619182,-0.26420304,-2.1647372,-3.312887,5.798133,2.0601592,1.3050839,-3.2645507
0.133919,-0.3801609,2.0496628,-0.09209956,-3.7539403,-4.1190467,5.5017037,2.827702,-0.99303406,-0.99191785
0.062634684,-0.27106604,0.19021156,-1.0606768,-0.77371264,-1.4401559,4.120772,1.0887241,-0.506378,-1.2728075
-0.5656977,0.6792122,0.5383507,-0.36489755,-1.4190766,-2.149739,4.2011576,0.9211377,1.0898635,-3.0084271
0.31244725,1.5564116,0.44420075,-0.80092144,-3.1267722,-4.768652,6.4695554,2.6221685,-1.0505614,-1.3951699
-1.1401638,-1.9992183,2.5729775,0.3261549,-2.691595,-1.357331,3.7861679,2.5681114,-0.044788286,-2.1212728
-0.07688924,-1.2296362,0.5884371,0.9673782,-1.8490174,-2.6689062,4.347393,1.9590137,-1.300121,-0.63796145
2.0494885,-2.5342896,1.283992,-0.30605358,-3.5173774,-3.3106787,6.147233,4.310854,-2.2489226,-1.7301186
-0.098189525,-0.4047118,1.0233529,-1.8429055,-1.0306131,-1.6018081,5.8992543,1.2903235,0.31824064,-3.3965373
-0.93506205,-0.47615826,1.4695671,-0.12100129,-2.27795,-0.41424212,3.1865904,1.0806872,0.336308,-1.8101896
1.2508469,0.2751496,-0.35864317,-0.60681367,-2.2388313,-1.7084217,3.4278147,1.4861801,-0.78929394,-0.5763614
-1.4878917,-1.4139124,2.030427,-0.5829826,-1.7302768,-0.16569278,3.730617,1.5758023,1.522338,-3.532735
-0.75196517,-0.77004874,0.6786474,0.17993616,-2.1439693,-3.4732144,6.174811,3.5904307,-2.5332782,-0.75965863
-2.3683667,-1.1348149,3.0494378,0.6320619,-3.392398,-3.1043108,5.671716,2.0146446,0.46316832,-1.8851284
0.059355445,-0.20470572,0.9863987,-0.5088229,-2.2888181,-3.214477,6.277432,3.14722,0.7102956,-4.705305
-0.5924868,-0.9432614,1.3716466,0.0383635,-2.7991242,-3.1944082,5.927262,2.6710331,-0.15341453,-2.3407693
-1.7734684,-0.47661152,3.4286056,-0.42790866,-2.3230891,-2.9329622,5.7054486,1.5493271,1.541238,-4.1368904
-0.68760437,-0.22455952,2.8013136,-0.27665538,-4.565542,-3.1831248,6.012227,1.4419295,0.5262948,-1.7163135
-1.4036013,-0.71928287,1.9994073,-0.15396483,-1.6763318,-1.2314022,4.19836,1.080509,0.31704646,-2.3142078
4.2976646,-0.72180915,-0.33615917,-1.1891375,-3.1720712,-1.0309561,1.8679624,0.7691616,-1.0030414,0.52838576
6.0260158,0.09553148,-1.1715734,-2.000413,-2.3608873,-0.7746775,-0.12565532,-0.35088396,-2.8436153,3.6030967
4.526958,-0.65722036,-2.644148,0.24542017,-1.4992566,-2.6588159,1.5609126,3.1177914,-3.7351825,1.8715055
1.6378301,0.6571138,-1.8839204,-0.34365785,-1.3288453,-2.8022056,4.058375,2.4311295,-2.9869397,0.658678
3.1291935,0.18901587,-0.59584343,-0.5622915,-3.434157,-2.6911852,3.3478863,1.4703205,-0.9965051,0.117316894
0.63939285,0.82072043,0.54425657,-0.13342337,-2.2703943,-2.3709598,3.5282824,0.9163964,-1.6139872,0.01841756
3.652853,-0.16681084,-0.46293604,-1.1594083,-3.4717252,-1.9455478,2.2121508,2.5350356,-1.883831,0.6170846
6.2192607,-0.50856614,-1.8626996,-1.7668164,-3.5042279,-1.1104851,0.8630585,2.4039035,-3.2038538,2.4800768
4.5238442,-0.5538455,-1.8830924,0.2546358,-2.3610547,-1.7825224,1.0890236,2.0419927,-2.184638,0.9030504
3.6424928,1.6659415,-2.6467583,-2.1841989,0.46479636,-1.0349503,1.2706423,0.47219825,-2.155156,0.55769086
2.5726366,0.04650107,-0.9496225,-1.5795056,-1.720258,-0.80685556,2.5197482,2.2314944,-1.7148396,-0.60325205
5.899174,-1.4782754,-1.7890663,-1.5175214,-1.2078452,-0.47957703,0.6550343,1.4520022,-3.1500733,1.5357417
4.416702,0.091852084,-1.8444889,-2.069575,-1.3989855,-1.6825876,1.4995122,2.1359863,-3.7075145,2.736527
5.2416053,-0.79013073,-0.31410858,-2.687604,-2.4662998,-0.69661,1.4687345,1.1077843,-1.0804987,0.16719413
6.4636226,0.87733936,-2.7438884,-2.6233935,-1.2843199,0.33806747,-0.51578987,-0.4471941,-2.9266057,2.9805741
5.322454,-1.1132283,-1.3412558,-2.5149503,-0.95046043,0.094252676,0.69310755,-0.15066846,-0.52387553,0.47163838
3.910242,-0.90078604,-1.0252516,-0.2834186,-2.4291909,-1.4727725,1.1814046,1.5136708,-2.5357969,2.0573885
4.540909,-0.5109904,-1.5551425,-1.3662459,-1.7013435,-0.5355905,-0.04736427,1.3984671,-1.9291335,1.8059149
4.274725,0.86831975,-2.9388523,-1.132905,-1.9522674,-2.804722,2.574341,3.5660837,-3.301726,1.0917968
5.833654,1.6984988,-2.879098,-2.5677974,-1.7654746,-2.4843771,2.2444823,0.25325638,-3.534988,3.3318934
3.4799905,-1.6772801,-0.72087526,-1.7582254,-0.7883738,0.23141742,0.94001645,1.5283554,-2.041862,0.7838108
5.429956,1.1634797,-3.3175707,-2.2986307,-0.86463773,-1.857326,1.75616,1.0259303,-1.3517201,0.5938635
4.759914,0.26364115,-0.60101277,-1.3300749,-2.5330536,-2.281067,2.2297845,0.8106935,-1.5261731,0.22964105
4.273316,0.14454103,-1.1686811,-2.5325034,-2.230715,-1.4743024,2.8211668,2.043467,-1.5133839,-0.35502654
3.9144897,-1.1336513,-0.001256533,-1.0918157,-3.3405557,0.013157636,1.6331851,1.0606704,-2.0069046,1.1237437
-0.42523894,-0.79251814,1.7978406,-0.7643803,-2.6951554,-2.143849,5.05877,3.0375266,0.74726164,-3.8955374
-0.656538,-2.0431583,-0.04633928,2.2323709,-2.2760847,-1.1490543,1.9726522,4.715135,-2.2417932,-0.44484943
1.27592,0.6648029,-1.1408479,-0.5181957,-2.703821,-2.829897,4.623785,2.7129574,-0.8904398,-1.000174
0.63675845,2.2715478,-0.35608888,-0.62589955,-2.2268605,-5.9433017,6.089088,1.806572,0.81238204,-2.3239326
0.5006604,-0.21060464,0.7864318,-0.63998383,-2.2945168,-2.8625247,4.2082977,2.0461543,-0.22632517,-1.1886255
1.7256131,-2.3283126,0.60023,0.33047992,-3.740383,-3.5377939,5.9710975,5.4732184,-0.6623306,-3.6256227
-0.36224264,0.16664556,-0.08227766,-1.1893103,-1.69784,-2.526717,7.0639224,3.2219825,-0.7322796,-3.3836336
0.81015474,0.30673268,-0.9761208,0.19705535,-1.4891281,-2.888995,3.068049,2.0299,-0.19591968,-0.91411954
0.0013787225,-0.9622928,0.7769754,0.65017194,-3.2005303,-3.3537366,5.0332913,3.436184,-0.98982245,-1.2802156
2.0032263,-1.224264,1.0439785,-0.39794922,-4.6823874,-3.6848385,6.5808873,4.2596006,-1.2121437,-2.5002146
-1.1850129,-2.4861438,-0.4345386,2.3659344,-0.8154057,-1.6405563,3.9278505,4.9160433,-1.1118224,-3.368392
1.3344976,-0.20762298,-1.2195475,0.45208526,-2.7717144,-3.4600253,5.011954,4.0809755,-0.8577022,-2.3169312
1.3043913,-0.7220243,-0.007045634,0.41609538,-3.3003142,-2.7226548,4.534678,3.666072,-0.6267712,-2.4324052
0.08892352,-0.7243948,2.2832754,-0.549226,-3.4879594,-3.3244958,5.4793215,1.840461,1.549806,-2.9439516
-0.14070839,-0.18427512,0.2323491,0.3122518,-2.0745115,-1.9796553,4.2618937,2.5229025,1.2713246,-4.0520797
1.7726897,-0.20471022,-0.10980631,-0.5416097,-2.97919,-3.4701245,4.935271,3.6401825,-0.86787003,-2.064227
-1.455909,-0.8814138,1.3116696,0.17662273,-1.7040179,-3.3662536,5.082538,4.105802,-0.16512379,-3.2414246
0.053786702,-2.8538003,0.2966919,1.5285496,-1.6282482,-3.0110872,4.590059,6.257245,-4.6232924,-0.2244915
-0.86247617,0.32270232,0.6979693,-0.8104637,-2.77118,-2.7251117,6.74023,3.7052517,-0.12355511,-4.2319384
0.39069456,-1.2640549,-0.4166999,-0.29488438,-1.2866989,-2.2184815,4.05188,3.2116313,-2.392957,0.34761566
-0.8050056,-0.75861216,-0.71243674,0.24227102,0.369254,-2.0894687,5.287069,2.9280806,-0.13945805,-4.091476
1.0183156,0.069696754,0.32540047,-1.1736221,-2.3164704,-3.087147,5.0905356,2.950992,-0.2579425,-2.267967
0.4830317,-3.0399902,0.17087805,0.29661536,-2.4057684,-0.052582175,2.1093562,3.8168693,-1.5597656,0.29465872
-0.09470873,-0.41869912,-0.5779668,-0.15829884,-0.73495865,-2.4407067,4.6145062,3.254259,-0.4755646,-3.0796843
-0.88298804,2.1876004,0.46832037,-0.09742339,-3.5751846,-4.714343,6.5988398,3.2501588,-0.0012844056,-3.184509
