1.9593548,-1.8611866,-1.4713218,-0.6712294,-1.939977,-0.989184,1.6016856,2.7428658,-2.7953718,3.4201674
1.4715288,-0.39335516,-1.6564249,0.15020141,-1.9770689,-1.8146981,0.30555022,1.922707,-2.5317805,4.7951417
2.3709989,-2.4610953,-1.9938222,-0.1592817,-2.1780603,-0.5081333,0.9425485,3.10616,-4.472769,5.301888
1.6902899,-1.8787967,-1.4511932,0.43051544,-2.297005,-1.9699947,0.06052193,2.79676,-3.0516887,5.7455325
0.15371454,-1.1010283,-1.2538571,0.121182665,-1.3499058,-1.7588584,0.047877878,2.4629755,-2.6471868,5.2081494
2.1337345,-2.117962,-1.8988246,-0.3105649,-1.9055432,-1.8049895,0.6187017,3.4224565,-3.504385,5.375498
1.5246155,-2.122673,-2.1895573,0.6087217,-1.1475432,-1.42584,-0.33676744,2.7833765,-4.423763,6.4428825
2.8633876,-2.2672043,-2.257125,-0.2811539,-1.7668238,-1.4197325,1.0571562,3.2550702,-3.5406148,4.3858237
-0.51682127,-1.1084139,-1.8742532,2.0835464,-1.2636228,-2.7618608,0.40184116,3.8014033,-3.3182733,4.565975
-0.8273028,-0.99176025,-1.8655465,2.6832893,-1.0485063,-2.5140254,0.45628598,3.206207,-3.7822497,4.5473475
0.52782035,-0.9861841,-1.55889,0.47654805,-1.1900864,-1.7046403,1.0403019,2.0381866,-2.3537557,3.6860285
0.32983115,0.8690758,-1.9228365,-0.27953568,-1.484649,-1.6221212,0.096766084,1.6727425,-2.0544925,4.4982767
0.09829107,-1.212802,-0.5508805,0.6758636,-1.6448028,-1.7211455,0.41789868,2.3107703,-2.2512121,3.9220939
0.6031838,-1.5032283,-1.8365312,0.3280886,-0.72639257,-1.8357118,0.16422874,2.7767508,-3.2857158,5.372065
1.6328034,-1.5943505,-2.3535917,-0.15867016,-1.5036906,-1.1625363,-0.31592005,2.6567178,-4.112073,6.796171
1.6938645,-2.2747107,-1.966725,0.4063072,-1.5005835,-1.1657106,0.10174534,3.2289388,-3.3923721,4.7867327
0.9892163,-1.9251734,-0.23050505,0.30664465,-2.1760898,-1.5810691,-0.019508079,3.0003603,-2.7708793,4.6625066
1.1381134,-1.2672185,-1.5172483,0.26676783,-1.0588889,-1.8897077,-0.055717185,1.8016125,-2.5635014,5.0071692
0.65350133,-0.51333964,-1.0186796,0.22503075,-2.2911909,-0.94212186,-0.6519132,1.9498588,-2.9941976,5.45294
0.93750554,-1.1147023,-1.906044,0.6746073,-1.7481836,-0.9865738,-0.1446312,2.1017568,-3.8885832,6.1253576
1.2208734,-0.94964755,-2.4492617,0.4761639,-1.3434093,-1.0432421,0.33224425,2.1090717,-2.713099,4.540643
0.5998822,-1.3339467,-1.9547118,0.15943971,-2.094803,-1.2446383,0.45317918,2.8900504,-3.9327312,6.605247
-0.8244341,-0.40396443,-1.6454626,0.82980955,-0.056774788,-0.77091384,-0.31131196,1.5707804,-2.548152,4.303585
0.63976026,-1.540169,-1.5010599,0.8508907,-1.7489514,-2.7042933,0.1921987,3.1117327,-2.8002896,5.443168
1.9996569,-0.32402372,-2.8777463,-0.6033383,-1.3060757,-1.7939297,0.3701524,2.5496993,-2.8671393,5.086185
-3.618343,3.9379668,2.5767512,-0.68120533,-1.5475298,1.5302415,-0.9399247,-2.5934417,3.6173105,-2.314203
-2.2153485,3.589574,1.2822436,-0.74131703,-0.41114596,0.75023186,-0.7053991,-2.3339329,3.316515,-2.5068016
-2.834391,1.8045131,1.6303219,-0.15692559,-0.39010254,0.6827937,-0.1449439,-1.4786382,2.6053267,-1.6709799
-1.8187468,2.1416209,0.40484336,-1.200817,0.38410124,1.269691,-0.1503424,-2.2360022,1.7738397,-0.56231344
-2.4420514,2.5913913,1.9701345,-1.2063868,-1.0686742,1.065428,0.10584231,-2.1771572,2.9107451,-1.5762722
-3.6144516,3.0042834,2.3253865,-0.73758084,-0.94819474,1.1595774,-0.66785914,-2.1828852,2.9158492,-1.1697295
-1.8353455,2.4962833,0.301136,-0.6016513,0.066296436,0.5325484,-0.25701278,-1.4089148,1.3732319,-0.58070415
-3.1391294,2.481946,0.67988163,0.036643084,0.5107379,1.4128329,-0.18051875,-1.73094,1.9877915,-1.9809895
-1.8602098,4.292223,1.0208015,-1.4562917,-1.0165421,1.067859,-0.3976341,-2.5679095,2.8981724,-1.7885374
-2.481885,2.6655226,2.2231402,-1.2822433,-1.4116333,1.4533515,-0.3227049,-2.145095,3.4499636,-2.0412772
-2.7345853,3.5477943,1.1402726,-0.87848526,-0.006693423,1.3757572,-0.94804215,-2.8918803,3.0165062,-1.6691856
-3.0776432,2.7599173,2.0640268,-0.2730762,-0.902553,0.59135044,0.09258018,-1.5840327,3.244834,-2.765145
-2.062453,1.9955968,0.9811384,-0.8343805,-0.13316698,1.3522197,-0.43740118,-1.8754357,2.2851424,-1.1854866
-2.0201464,2.1413264,0.5629173,-1.1624873,-0.5970746,4.1821632,-0.9604955,-2.7042897,1.3029461,-0.8448704
-1.1015174,1.5575739,-0.09378598,-1.5544486,-0.69828933,6.073999,-1.4201479,-2.769057,-0.20430782,0.032752886
-2.458476,3.1592274,1.1645894,-1.1973865,-0.47596088,0.82823455,-0.048519015,-2.1411865,2.7806392,-1.6306833
-2.8346927,3.2466056,1.9503449,-1.0176047,-1.3654423,1.1764076,0.17462792,-2.0680044,2.310951,-1.4251157
-3.3792994,3.2996323,1.2482616,-0.6577323,-0.35211387,1.5724269,-0.3756746,-2.4603863,2.5209656,-1.2109691
-2.6927617,2.1276798,1.0536995,0.032878306,0.16890422,1.2320783,-0.48382592,-1.6574904,2.1779082,-1.8237561
-2.227363,2.1625037,1.40385,-0.50141466,-0.40222675,0.46350932,-0.20769489,-1.6780208,2.251123,-1.2755563
-2.1962593,1.9649292,1.099195,-0.015549932,-0.5449016,0.6165787,-0.16264188,-1.2791244,1.8068354,-1.3816532
-2.5463736,1.928892,1.8589773,-0.094347805,-0.7452739,0.72098744,-0.049705297,-1.2760326,2.7339602,-2.4599907
-1.5411181,1.3165995,1.4329121,-0.7187673,-0.73715,0.67932385,0.20408857,-0.9062828,2.3686028,-2.1491
-2.992327,2.6712503,1.161753,-0.91082203,-0.35544348,1.2623568,0.44694784,-1.9774324,2.3445008,-1.3734409
-3.2586913,1.3394433,2.0181007,0.06868681,-0.19107759,1.0803677,-0.22297299,-1.5564101,2.3795629,-1.7772313
-1.0869306,1.6287842,1.5683078,0.13372967,-0.95292085,-0.73761034,0.38221318,-0.5292735,2.6310234,-3.120827
-2.7048132,0.030650944,3.8321464,0.9090354,-1.5730081,-0.5897844,0.23206529,-0.31838965,3.5654287,-3.6642883
-0.8306953,0.6000445,2.1525204,0.20006302,-0.8934718,-0.31158206,-0.43648505,-0.64412045,3.1368117,-3.20288
-2.202359,0.69489825,2.7096756,0.55036116,-1.2769196,-0.24368158,0.49084,-0.6471404,3.4919128,-3.7655044
-2.523098,1.8651627,3.684758,-0.5655823,-1.8778663,0.10609084,0.18930748,-1.7269751,4.2989674,-3.513888
-2.659891,0.13139474,3.1010334,0.6308575,-1.4545369,-0.40135202,1.0292248,-0.1475325,3.2748675,-3.6957617
-1.1978483,0.671793,2.2168145,-0.02894548,-1.6728508,-0.25040814,0.4461054,-0.30343178,2.6558502,-2.5271246
-0.33880937,-0.02375108,2.3071039,-0.5948773,-2.4073713,-0.6639372,1.9438881,0.49300924,2.5345647,-3.2834067
-2.101849,1.047331,3.3619766,0.080136955,-2.2409508,-0.7594727,1.2869352,-0.46513486,3.710188,-3.8116004
-0.008625658,-0.028630227,2.363529,-1.170769,-2.132518,-0.23250249,1.074069,0.036033656,2.8027878,-2.7354815
-0.83128405,0.59637856,1.7704754,0.0023403391,-0.97551847,-0.08456206,0.02740018,-0.7896231,2.8217635,-2.7017078
-1.0004301,0.9828509,2.4489896,0.5661308,-1.5856271,-1.1419181,0.1883403,-0.20286046,3.3853648,-3.849072
-1.6325336,0.5094757,2.571444,0.4290732,-1.6720139,-0.7385745,0.19278924,-0.14506036,3.1212413,-2.7397957
-1.8062708,1.0514868,2.753513,0.63680804,-2.1371047,-1.5260006,0.9642551,0.06379825,3.3554997,-3.3558183
-0.7625757,-0.12352702,1.883762,0.23322836,-2.272008,-1.2666187,1.975174,1.0704604,1.6726065,-2.4102926
-1.0040642,0.47821215,2.5204833,0.52976274,-0.9607492,-0.074385196,-0.5910636,-0.6990838,3.0935283,-3.6321073
-0.34765592,1.0339273,1.4749807,-0.33859798,-1.0035744,0.20181435,0.07946032,-0.71682173,2.8326232,-3.3788886
-1.7541327,0.2563021,2.8186064,0.53266644,-1.2467759,-0.6520238,-0.23031032,-0.3172279,3.39206,-3.0642426
-1.5493754,0.7431843,2.104794,1.054796,-1.2402161,-1.2007889,0.1711396,-0.16474327,2.7708979,-2.8904076
-1.8650016,0.81417906,3.055689,0.20137084,-2.0614936,-0.6540543,0.76146543,-0.55312574,3.515967,-3.267187
-1.264688,0.38807252,2.3868067,0.7372797,-1.5616784,-1.3319205,0.6949181,0.0032621883,3.000553,-3.2195034
-1.8851719,0.44392762,2.4724624,0.7459555,-1.3067486,-0.5424125,0.58972955,-0.25539684,3.0157642,-3.3992739
-2.4184737,0.6246755,4.242156,0.5902749,-2.5646794,-0.42060074,0.009110481,-0.46380624,3.7074056,-3.5726938
-1.643291,0.88170063,2.7810712,0.3145925,-1.4451027,-0.7184826,-0.12672448,-0.55431485,3.4522724,-2.9430642
-2.177812,0.39335206,3.0635242,-0.118632704,-1.9206417,-0.3723006,1.7032961,-0.091619104,3.1868658,-3.841583
-0.16249058,0.492143,-1.6787683,2.1195138,-0.3852704,-2.54739,1.3236289,2.5038416,-1.3328254,-0.35637277
-0.38771483,-0.688447,-0.6672023,3.2267513,-1.2510979,-2.3658178,0.99668545,2.9965065,-0.9033933,-0.93146235
0.11991045,0.12172583,-0.75669694,2.3466241,-1.488933,-2.2086396,0.8249175,2.7166536,-0.3911171,-1.2506698
0.7176268,-0.32385415,-1.2800125,1.3728937,-0.8367805,-1.7593045,0.8345543,2.137895,-0.61738515,-0.23687051
-0.6848265,-0.8194461,-0.5199302,2.5854597,-0.82127064,-1.806816,0.9105057,2.4175725,-0.9683739,-0.5509298
-0.5365013,-0.42746073,-0.83858293,2.9739504,-0.2817668,-2.251179,0.53719723,2.4143178,-0.69739425,-1.0218894
-1.3467077,-0.49074337,-0.37598875,3.223833,-1.3571998,-2.5590346,1.2307638,2.8287919,-0.33462557,-0.85388625
-0.23949453,-0.28113845,-0.81184906,2.5630727,-0.6959714,-2.199649,1.1753448,2.3803904,-0.031041149,-1.8119441
-0.521031,-0.96473944,-0.4822428,2.6703482,-0.8918205,-2.0304637,0.9993168,2.618059,-0.5327525,-1.0576696
-1.2604047,-0.3206546,-0.14042884,1.8926902,-0.9911586,-1.593252,1.3668023,2.0401545,0.13037342,-1.1747961
-1.8003697,-0.92102456,-0.19770843,3.2956035,-0.9073742,-3.0169547,1.7000498,3.3650186,-0.8508338,-0.8770885
-0.5605438,-0.34370413,-0.8156367,2.7131884,-0.36932057,-2.3254626,0.3287101,2.6865149,-1.208451,-0.32154703
-0.66952395,-0.5692023,-0.26571319,2.9007545,-0.17349195,-1.9253987,0.20069483,2.3501103,-0.37372273,-1.7123581
-0.5563857,-0.96666384,-0.07739604,3.0154521,-1.1028644,-2.2165666,1.0657067,2.6557646,-0.46178326,-1.3605639
-0.7561195,-0.3587267,-0.6821309,3.1406994,-0.8069325,-2.4675727,0.9774276,2.8784997,-0.5352931,-1.4590394
-0.2713322,-0.9274998,-0.36500275,2.388734,-1.2675107,-1.2424624,1.0665017,2.346501,-0.6036444,-1.0166974
-0.81705594,-0.497353,-1.0766388,3.5811863,-0.36162975,-2.0990105,0.055778503,2.6269488,-0.92489266,-0.4992771
-1.6882,-1.2008331,0.6173117,3.6936162,-1.0709857,-2.2236507,0.54442465,2.9710343,-0.40162554,-1.2976187
-1.2350309,-1.3573219,0.1071843,3.5407956,-0.5676213,-1.6494745,0.19337031,2.2381575,-0.39553347,-0.99803096
-1.7235965,-0.94003296,0.3031793,3.8672397,-0.80504155,-1.2508404,-0.14227325,2.4607744,-0.77789974,-1.1318179
-0.9893579,-0.118095845,-0.36161774,2.2784538,0.09244601,-1.6416603,0.32984298,1.668224,-0.45459232,-0.93840307
-1.6177642,-0.47926018,-0.06470788,3.8209116,-0.1476605,-2.5461261,-0.20526606,2.1363118,-0.48800388,-0.66581595
-1.2000744,-0.5747801,-0.5147914,3.4402306,-0.39591345,-1.8951877,0.3213756,2.4277117,-0.94663143,-0.6967147
-0.6291971,-0.7715286,-0.02922643,3.12002,-0.80396116,-1.9345335,0.29149786,1.9995698,-0.0064051785,-1.3202723
-1.1407235,-0.21249536,0.43187055,2.828742,-1.3919823,-1.5992955,0.069817245,2.37647,-0.41589725,-1.0522783
-1.1161824,-0.18361402,0.54312176,1.8509514,-1.0562639,-1.9198531,0.88441014,1.4265767,0.8632622,-1.2887256
-0.5931504,0.4054332,2.140763,0.29521865,-1.8532667,-0.9445132,1.3712244,0.10408737,2.601493,-3.4694245
-0.5688604,-0.34030315,0.98576486,0.38940957,-1.2281501,-0.56387365,1.6474764,0.7730395,1.0535578,-2.214195
0.34125623,-0.07268885,0.69852155,0.13969749,-1.8933614,-1.4042276,2.4830275,1.6036543,1.3373264,-3.1577315
-0.08023667,-0.09269753,1.1348963,0.04715581,-1.5615873,-1.069034,2.030767,0.829681,1.8212047,-2.8721943
-1.1704109,-0.7363546,1.8386892,1.3590474,-1.7031372,-1.1544328,1.3625721,1.5545021,1.3921432,-2.889974
-0.6982968,-0.2944068,1.0194042,1.1377401,-1.4557091,-1.3475997,1.6595727,1.4725325,1.6332893,-3.1825304
-0.57887876,-1.4863317,2.4737468,0.24630472,-2.3741875,-1.2821227,2.5794735,1.6481466,2.0185027,-3.311975
-0.34081957,-0.6980785,1.3270494,0.77798986,-1.2637929,-1.1324891,1.6829637,1.0431119,1.7283986,-3.269024
-0.017703133,-0.48932964,0.81810856,-0.014091793,-1.6802661,0.18541856,1.3846602,0.8370857,1.2791784,-2.2853484
-0.21699163,-0.9924841,0.8554974,0.56897056,-0.9792989,-0.99337006,2.3322487,1.2569684,1.2307762,-3.1621287
0.26983243,-0.4362967,0.98122424,0.30043593,-1.0990679,-0.9833255,1.0656376,0.86904496,1.6630588,-2.632063
-0.4919907,-0.13127136,0.9489233,0.34134135,-1.2790663,-0.80700886,2.1995325,0.83649945,1.8307066,-3.4347105
0.13870338,-0.3141394,1.0814255,0.11540756,-2.5051877,-1.5222934,2.896637,1.846846,1.4986401,-3.0291574
-0.06965999,-0.052267283,0.3725708,0.3742024,-1.454453,-1.1556704,2.4547586,1.1016841,1.357094,-2.8257432
-1.4435687,0.17050156,1.8155593,0.2049436,-1.703733,-0.5010841,2.0707493,0.27713323,2.2832851,-2.8711536
-0.42363992,0.29323873,1.4141926,0.22091782,-2.0589643,-1.3602868,2.2709732,1.3465582,1.6320684,-3.1320648
-0.24414024,0.23199025,0.31991106,-0.118453234,-0.8583837,-1.1999885,2.1436305,0.49548882,1.5798745,-2.342973
0.9023511,0.33012834,0.13450179,-1.6062942,-1.8081448,-1.0671309,3.7335863,1.1231363,1.6568205,-3.1624038
0.70731616,-0.48251826,0.7118783,-0.17208725,-1.4323831,-0.8311266,1.8294654,0.9595108,1.9514613,-3.1787705
-0.13656223,-0.23124391,1.2326491,-0.6585616,-2.077564,-1.0155023,3.035798,1.4860557,1.5939386,-3.0264783
0.7346735,-0.14455897,0.50132036,-0.96258646,-1.2864885,-0.22746906,2.6895986,1.1051909,1.2034192,-3.575963
1.4993973,-0.011643082,-0.19223973,-1.3143827,-2.305731,-1.0553288,3.9477534,1.5758845,1.065938,-2.956235
0.32545388,-0.30574328,0.4648721,-0.26846433,-1.6061128,-0.89415586,2.5730367,1.3107562,0.88148296,-2.3198192
-0.20860225,-0.25114924,0.25839335,1.1218073,-1.1545022,-1.6780686,1.6794001,1.409809,0.9196559,-2.1108642
-3.1582956,-0.361272,0.046986513,4.8956456,0.33403715,-2.467061,-0.07458094,1.8442537,-0.68487126,-0.60993224
-3.137838,-0.22327825,0.11257043,4.6802096,0.24440697,-1.9378308,-0.6787157,1.1422256,-0.5030281,0.16098087
-3.2061136,-0.7825066,0.51335573,4.0440383,-0.5311517,-2.6084054,0.02002722,2.1109147,-0.65354043,0.8984446
-3.1861305,0.42229846,-0.00073546916,4.595274,0.36349896,-2.5709789,-1.0145154,1.6875916,-0.6064271,0.09519701
-3.0274992,1.4781832,-1.1066188,4.247947,0.8552077,-2.358082,-0.7872131,1.2948713,-1.3374723,0.55262965
-3.886712,0.622645,-0.040710695,5.524339,-0.10157437,-3.9360025,-0.3144648,2.5117126,-1.0619315,0.4920025
-3.1489654,1.0757786,-1.1863021,5.1802154,0.9682068,-3.514249,-0.4466604,1.8528165,-1.9693849,1.0833015
-2.332222,1.8521086,-1.7665485,3.8636959,0.7857258,-1.5529307,-0.92058814,0.46039858,-1.47909,1.067579
-2.5523894,-0.19971743,-0.1451065,4.4875617,0.38040754,-2.6492016,-0.9384252,1.7236142,-0.89443785,0.6310138
-2.65654,0.608665,-1.2226192,4.927461,1.0826021,-3.0612133,-1.466637,1.7533526,-1.1047881,0.93193465
-3.6557655,-0.60179937,0.32349995,4.526542,0.6153844,-1.6779078,-0.36225057,1.0539895,-0.9322288,0.49441284
-4.402832,0.15484288,0.22576341,5.7800374,0.50360066,-3.0600157,-1.4609421,1.5047642,-0.92233336,1.3068883
-3.4639406,1.7662662,-1.0780433,5.270327,0.88149416,-3.07478,-1.5844948,1.2148327,-0.8822592,0.8640708
-3.1270187,1.326798,-1.4079324,4.0244274,0.2696622,-2.781019,-1.1803752,1.8905438,-1.8008162,2.784614
-2.020264,0.2719073,-1.4174963,4.248393,0.5743469,-2.7307713,-0.8616221,1.8586833,-1.8869839,1.7999111
-3.4173717,0.38750926,0.05752369,3.967025,0.7434339,-1.7672433,-0.54353344,0.75673985,-0.5086623,0.13862298
-2.7616892,0.5920249,-0.3765952,3.7559402,0.31336635,-1.9252876,-0.8349447,1.0207781,-0.8051547,0.8464263
-3.378296,1.5259632,-1.7125369,3.7567627,1.2145889,-2.686495,-0.117830515,1.7064565,-1.1558548,0.7973493
-2.6280806,0.8640946,-2.0628796,4.4822297,1.485467,-1.9745394,-1.4730443,0.95268023,-2.2484026,2.3763413
-2.3040981,1.167349,-1.5778586,3.6912715,0.6450692,-1.9180709,-0.8845962,1.3636825,-1.6477095,1.4069129
-2.9807491,-0.09886369,-0.1529282,5.1603966,0.5912705,-3.2590501,-1.028932,1.6196535,-0.97034675,0.88031274
-3.4332943,-0.6806551,0.17316994,5.0103073,0.38401157,-2.677511,-0.949921,1.9050854,-1.1099608,0.93399245
-3.7117224,0.41292444,-0.0706547,5.3407383,0.3268361,-3.5934267,-0.43441927,2.0694706,-0.6749895,0.021487564
-3.2349336,0.6490911,-0.3315816,4.238522,0.05023209,-2.454379,-0.6377365,1.9333533,-0.94512045,0.7379825
-3.0787354,-0.051029652,0.6313401,4.5276484,0.0005051568,-2.545379,-0.6533941,1.4257294,-1.0637289,0.76184285
0.8156178,0.16639242,1.1446816,-2.1575575,-2.558016,3.2911875,0.48517162,-1.0316911,1.1653953,-1.3801864
-0.6310382,-0.031144232,3.1567338,-0.48243096,-2.1351442,-0.7648475,0.59723055,-0.24820343,2.709265,-2.2928088
0.14656693,0.60967135,1.1046493,-2.0128067,-2.0832167,3.332347,0.71631217,-1.2570604,0.92568666,-1.4876302
-2.0736895,-0.041406095,4.0792584,0.2871031,-2.6752794,-0.6974263,0.6090481,0.3087158,3.2375965,-3.155375
-0.76690245,0.9307544,2.1919103,-1.3543303,-1.6719272,1.7235113,-0.40224552,-1.1978959,2.3092246,-1.8138691
-2.4554858,0.23947558,3.6715176,0.096627906,-1.9138489,0.7766305,-0.34673542,-0.8844451,3.9021099,-3.4468312
-0.7137141,0.20631304,3.0919054,-1.1763579,-2.8362947,1.1401827,0.4573751,-0.8131516,2.7786999,-2.2183619
-1.8812551,-0.4963151,4.251369,0.30964082,-2.530568,-0.45174876,0.4868011,0.015124526,3.652308,-3.606151
-1.7257007,-0.279527,3.6421716,-0.6156321,-2.5086648,1.4561694,0.39293355,-0.65273905,2.9788756,-2.900505
-1.1485794,0.4947957,3.4656808,0.037130397,-2.8330839,0.12409505,0.15444669,-0.18277076,2.793634,-2.9459445
-2.3205414,-0.7020571,4.025357,0.4281325,-2.366758,-1.1380948,1.0451043,0.3927851,3.197087,-2.6795452
-1.1432115,-0.47511637,3.9860961,0.5495282,-2.4544523,-0.52477527,-0.48257744,0.061114546,3.3813558,-3.127195
-2.021677,-0.13679036,3.3533418,1.0514034,-2.1930442,-0.65064406,-0.14460906,-0.22575578,2.6090455,-1.6680008
-1.3492599,-0.31797266,2.8122633,0.54669654,-2.2634604,-0.8963207,0.5443675,0.5829052,2.413175,-2.210685
-2.2537873,-0.45421875,5.2223377,0.14310965,-3.23579,-0.40119848,0.54573506,-0.16678306,3.9916873,-3.6045203
-1.9673629,0.43787983,3.345842,0.501336,-2.4154472,-0.68798614,0.76834273,-0.0152398385,3.2519135,-3.241647
-1.573607,0.86289775,3.4401877,-0.1740967,-2.416148,-0.17491189,0.16636527,-0.50676405,3.284643,-2.95093
-2.1200986,-0.5409031,3.6068864,0.77509576,-2.0454838,-0.79356515,0.95253634,0.20074639,3.218647,-3.3734083
-0.61773384,0.57733095,2.5987918,-1.8328998,-2.9184215,2.2213407,0.26842338,-0.9694062,2.1760402,-1.5361689
-1.6681733,-0.3221059,2.7717721,0.53626674,-1.489432,-0.8667252,0.5363826,0.008975234,2.4041548,-2.0770125
-2.357823,-0.1163106,3.985195,0.14850639,-2.5701597,-0.5199282,0.4889413,0.19817758,2.9103107,-2.3591073
-1.34094,-0.52283925,3.1641767,0.5052529,-2.6359158,-0.63134897,1.0523363,0.7376045,2.4859061,-2.8924637
-2.3223865,0.18247613,4.075226,0.72146636,-2.3090918,-0.9026693,-0.0065858364,-0.36553112,3.7121885,-2.9596877
-2.452526,0.07699147,4.739697,0.37781236,-2.4595087,-0.86705756,0.39435738,-0.27649567,4.064766,-3.7881768
-2.311874,-0.74367785,4.74677,0.07361817,-2.7547934,-0.38178322,0.9316243,0.08989784,3.7663343,-3.665544
-1.013872,5.2085023,-0.5451389,-2.0633948,-0.6830962,0.34765622,0.18385741,-1.7911854,2.0765662,-1.417056
-0.24157572,3.116986,-1.1511071,-0.2831921,-0.29917184,-0.08580977,0.5338639,-1.2514505,1.025106,-1.0928258
-2.064395,5.643315,-0.11337564,-1.3510196,-1.3516623,-0.78117144,1.0112524,-1.4470643,2.289073,-1.5079194
-1.7792249,5.196776,-0.5590169,-0.4523264,-0.480547,-0.71284854,0.5351505,-1.5033867,1.9673343,-1.8900181
-0.9714117,5.1791663,-0.7459822,-1.1695564,-1.0311296,-0.65606225,0.6084378,-1.1296213,1.9876618,-1.6655611
-0.89236814,5.132382,0.07636609,-1.7012515,-1.8097379,-0.59601307,1.2214884,-1.7359653,2.7172904,-1.9215084
-0.7223689,4.9057355,-1.384995,-0.99078256,-0.26612028,-0.27465102,0.5214773,-1.4116397,1.8006275,-1.7738672
-0.55455583,3.6273975,-1.0754133,-0.6241304,-0.68907493,0.37804002,0.66755223,-1.1186074,0.9919611,-1.4143486
-0.33798832,3.890739,-1.6817434,-1.3641686,-0.7038614,-0.7243124,1.4905279,-0.46901292,1.2163638,-0.8465477
-0.43220633,4.344401,-1.2251548,-1.2035748,-0.96360743,-0.18850675,1.3454255,-1.1404371,1.4464358,-1.403606
-0.6331404,3.3859866,-1.175028,-0.117422536,-0.62454796,-0.51261246,1.1717279,-0.48548612,1.2539163,-2.0404255
0.9610454,3.2930655,-1.378655,-1.3062592,-0.9577011,-0.3505225,1.0893557,-0.7696505,0.69084805,-0.95686775
0.9623708,2.8890676,-1.5128158,-0.82075113,-0.38766262,-0.09675199,0.28376073,-0.41546738,0.8734498,-1.5418757
1.2251661,2.8720179,-1.9219786,-1.2377795,-1.1213033,-1.1483587,1.7313148,0.38056841,0.14722352,-0.49031073
-0.06673354,3.4305024,-0.7358869,-1.736506,-1.9239563,-1.1575515,2.8698902,0.00485396,1.4001987,-1.5864962
-0.3019277,3.2447405,-1.2524663,-0.8862111,-0.2736578,-1.0677929,1.4854443,-0.34254938,1.0506816,-1.1842006
-0.13503146,4.945768,-0.94523525,-1.7502642,-1.4044788,0.756616,0.6674528,-1.4102569,1.2814965,-1.5822445
-0.5855018,4.2662644,-1.5409774,-0.34073246,-0.025324859,-1.1666147,0.2610523,-1.1245779,1.2285333,-0.65750813
-1.6145909,5.5146837,-1.1104928,-1.1913943,-0.99801356,-0.31589296,0.29808345,-1.9532384,1.1529552,0.6915761
-1.3697863,4.8529506,-0.4298927,-1.5855578,-1.3801765,0.13894582,0.6730554,-1.0977055,1.9921908,-1.4933021
0.9212242,4.3764324,-2.5648458,-1.6488122,-0.13232392,-0.72914433,1.3321611,-0.5572863,0.89204925,-1.438383
0.28678715,4.3286796,-1.9261328,-1.2677631,-0.004692517,-0.79223716,0.57211685,-0.7362536,1.2880585,-1.3880852
0.79224706,4.4771476,-2.201763,-1.1493545,0.04057149,-0.668349,0.5752183,-0.848915,1.3955064,-2.0439005
-0.120354205,3.4840095,-1.1294092,-0.66203445,-0.88274074,-0.1719805,0.7177998,-1.1286944,0.73032475,-0.5226918
1.1011362,4.4366727,-2.1173046,-1.8431265,-0.23217615,-0.43604097,0.58081096,-1.0923051,1.4655193,-1.3988534
-0.93000555,1.1467077,-4.0548744,1.3273647,4.857316,-0.37698075,-1.160488,-0.25231132,-1.6019017,0.8417076
-0.7210404,1.1615005,-3.2321005,1.5780898,3.5142725,-0.04009697,-1.7207642,-0.28412887,-0.6718926,0.19037546
-2.2676673,0.77854407,-3.3469913,0.905651,4.869123,1.5747167,-2.3800707,-1.0788697,-0.6987497,1.4611081
-0.41800547,1.5981673,-3.271989,0.6972032,4.001487,0.2147412,-1.4186078,-1.0765011,-0.1418296,-0.26324832
0.15034822,1.6913275,-4.1473913,1.0428468,4.5961237,-0.42071506,-2.0349298,-0.80885595,-0.73037183,0.48718584
-2.1190817,1.5717126,-3.9383595,0.7082619,5.6951814,0.4778947,-2.2784224,-1.5570103,-1.3586824,2.4469054
-0.98427284,1.1814426,-2.7985756,0.6332766,4.59331,0.1408366,-1.3678718,-1.2907318,0.55855834,-0.8527182
-0.89992946,2.2846036,-3.3928754,0.9917951,3.748325,-0.19861153,-1.295884,-0.8676963,-0.47244444,-0.007314548
-3.375003,2.7462122,-1.9840566,1.7460593,1.1606956,-0.3470923,-0.69655526,-0.2236394,-0.82280314,1.8477372
-1.5527772,1.4765574,-4.0276155,1.2988226,5.6089005,0.124958605,-2.0161152,-1.0745506,-1.403219,1.2569383
-1.8724352,0.88188684,-2.3055036,1.5964999,4.0337143,-0.45245102,-1.652986,-0.94085133,-0.76464045,1.2461737
-0.72106266,2.3878846,-2.9118798,1.0059152,3.0558481,0.036294073,-1.8563851,-1.3359354,-0.042769272,0.2642216
-1.8281251,0.3663881,-2.8882186,1.6921344,4.089478,-0.4414315,-1.8123891,-0.48492828,-1.0532401,2.1350455
-1.0397074,1.2153667,-3.3968189,1.1612034,4.8155355,-0.060292065,-1.7014412,-1.1089178,-0.98113954,0.83682925
-1.516789,2.0601625,-2.7252572,0.7688952,3.728258,0.020072967,-1.8269652,-1.3182619,-0.52848864,1.1086937
-0.9353613,1.9839741,-2.8910646,0.97804636,2.827174,0.6234932,-1.4822171,-1.0031822,-0.7650349,0.5111752
-0.75357765,1.0286102,-3.0401266,1.8418583,3.3731964,-0.54484415,-1.4787627,-0.21462785,-0.3857846,0.13473986
-1.9802392,0.9502486,-3.643201,1.2286719,4.9184766,0.017476827,-1.4715866,-0.78680634,-0.80283713,1.2645178
-0.67794824,1.8303202,-3.1248662,1.0175842,4.188298,0.2197558,-2.052528,-1.364309,-0.31490263,0.01912351
-1.0635575,1.8987483,-4.0584965,1.2091682,5.448792,0.45953146,-2.6977234,-1.7254205,-1.2680961,1.5099097
-2.559321,1.7854851,-2.7880797,1.5737729,4.28995,0.2456587,-2.0841002,-1.171888,-0.98184,1.3516921
-0.41893163,2.6261897,-3.7702875,1.1710052,3.659892,-0.5758951,-1.3457919,-0.84193474,-0.6903701,0.08618204
-0.7214709,2.13733,-4.0274687,1.6036057,4.6124687,-0.20389834,-1.9154989,-1.0481998,-0.011445362,-0.47641724
-0.7949985,1.6025661,-2.914757,0.7015684,3.6239347,0.026601017,-0.96748817,-0.7952615,0.015115198,-0.542016
-1.8672795,1.376614,-3.92796,1.2860991,4.7441325,0.59346247,-2.234695,-0.9920459,-1.0290569,1.9922262
4.2329884,0.8039793,-1.996847,-2.0591066,-0.9262249,0.3583126,0.2762834,0.29948828,-0.43093428,-0.49842006
2.5597348,0.08378264,-0.35597858,-1.8422096,-1.4324203,1.7125837,-0.008979842,-0.31732515,0.24149081,-0.554553
2.7166703,0.4567043,-1.2069418,-1.965374,-1.1041404,1.9494675,1.0391362,-0.43369207,-0.25734726,-1.0892504
3.103424,-0.045428723,-0.80923265,-2.148321,-1.1671369,1.486125,0.2038013,-0.0069962777,-0.009540949,-0.46371835
3.0537932,0.35262498,-1.0922152,-1.5124862,-1.4986982,0.06188184,0.5677693,0.25695896,0.03511065,-0.17652403
1.4578111,0.69853127,-0.44772616,-2.1697772,-1.3864998,2.3499453,0.52834547,-0.37508526,0.5099551,-1.1386158
3.5062222,-0.3183265,-0.6308131,-2.2961173,-2.1629586,0.2594433,1.9819342,0.909631,-0.30065337,-0.7611291
0.6178723,0.5139092,0.7736648,-1.8704953,-2.0142016,1.7479284,0.8181482,-0.391961,1.4062822,-1.589302
0.5158181,1.3737134,1.0334462,-1.5454667,-1.9598062,-0.729684,1.3826174,-0.41252443,2.9144397,-2.4472728
-0.31719685,1.533525,1.0269698,-0.8557897,-1.3085581,-0.43029603,0.47743177,-0.33390218,2.4478726,-2.2626224
3.5204866,0.011956453,-1.2303689,-1.8641618,-1.675205,-0.22679031,2.0544825,0.85909265,0.25812888,-1.4948896
-0.54031926,2.0619519,0.9801051,-1.1813357,-1.8883662,0.34983903,1.0066506,-0.5822222,2.3862476,-2.5936766
-0.134848,1.8489381,0.710354,-1.14097,-1.8750587,-0.8495655,2.3344297,0.27578792,2.64311,-3.6262565
-0.7703264,0.617298,1.8754326,-0.16636911,-1.4292705,-0.3676977,0.84173095,-0.31601486,3.2590177,-3.7047353
3.0233045,-0.32739997,-1.3515095,-1.3903774,-1.7829844,-0.9785975,2.5209537,1.7239597,-0.13480693,-1.045101
-0.31784368,0.8974092,1.1962061,-0.6416899,-1.1177629,-0.7698113,1.1825095,-0.5222163,2.5462012,-2.6595504
-0.12598996,1.8342763,1.4522866,-0.6981552,-1.7002553,-1.2199072,1.0570571,-0.7408712,3.10085,-2.9222786
-0.15137723,0.6784874,2.0280387,-1.0474699,-2.2336094,-0.30269012,1.1832991,-0.3075949,2.9402134,-2.848884
-0.7161626,1.2062349,1.5118469,-1.2993927,-1.3975453,-0.29245356,1.451013,-0.3097873,3.015705,-3.1761856
-0.94949937,1.9270943,1.6469028,-1.3679981,-1.5527337,0.04585439,1.3347116,-1.1984265,3.5644822,-3.3301132
0.41082695,1.3977079,1.3624722,-1.055635,-1.9913899,-0.31767985,0.5287859,-0.12714571,2.6917326,-2.9489307
0.24395263,0.52863276,0.684765,-0.6252889,-1.7537147,-1.0022367,2.391264,1.1477042,1.5316856,-2.9843304
-0.76286185,1.2689455,1.8408307,-1.06985,-1.8074765,-0.5448185,1.4923764,-0.37738565,3.6608274,-3.6838477
-0.76327884,0.8151499,2.2189777,-0.9461164,-1.7973726,0.40077105,0.7373024,-0.6900138,3.5625753,-3.774052
-0.016226815,1.4879779,1.7211003,-0.97897655,-1.7675136,-0.78768086,0.92805773,-0.43181488,3.2941384,-3.3376768
