-0.88455427,-1.1554458,2.8339105,-0.792136,-1.3654159,0.57787126,-0.116825044,-0.15136106,2.0466278,-0.93379676
-1.6035758,0.13626985,-0.72749114,0.69784063,1.061364,-1.0044619,1.8793638,0.6519995,-1.7914982,-0.297848
-1.1152139,-1.7408302,3.1194162,-1.1340159,-1.3300078,0.24590962,0.8083558,-0.073018104,2.7457356,-1.6219217
-0.8837778,-1.2356844,3.630186,-1.4523058,-1.4054418,1.3018931,-0.2341789,-0.80430484,3.0677032,-1.8686904
-0.8458928,-0.42920226,3.4009829,-1.5297898,-1.5751538,1.0453292,-0.2590015,-0.9887469,3.0397723,-1.5859019
-0.7480449,-1.1230733,4.0474153,-1.8869295,-2.0153403,1.0171345,0.17550597,-0.84311795,3.066216,-1.6446074
-1.0592177,-2.3088489,2.5655863,-0.61929214,-1.1305743,0.7460707,0.96959597,0.5886451,1.4505936,-1.4654635
-0.47204858,-1.2782402,2.7107203,-1.3029017,-1.4853598,1.0266521,0.081184834,-0.36965054,2.262775,-1.2446448
-0.44773507,-1.2548997,2.0642006,-0.8320604,-1.6098222,0.35624686,0.8203265,0.14393479,1.8175068,-1.1415963
-0.9477281,-2.0194516,2.6898613,-0.92539334,-0.9004873,0.4955839,0.605343,0.22128531,2.0203404,-1.3623533
-0.48346466,-0.6582617,1.4152408,-0.6609842,-0.9046757,0.29529524,0.77662975,-0.19716075,1.1207893,-0.89393437
-0.52811295,-1.245921,2.6220326,-1.3988562,-0.9921472,0.8927052,0.46249104,-0.5304458,2.1179636,-1.4831063
-0.2684226,-0.64944685,2.4937701,-1.7451346,-1.6475309,0.5406287,0.6614588,-0.5218084,2.0606675,-1.0907527
-0.4573499,-1.3611681,2.6950293,-1.3376858,-1.5271683,0.7737582,0.31403682,-0.17919618,2.1166692,-1.1053864
-0.45643115,-1.6895787,2.2820873,-1.098102,-1.6159965,0.7863098,0.7412221,0.17850414,1.7578714,-1.0406216
-0.6797759,-0.39695364,2.1013126,-1.1752416,-1.4568971,-0.1278164,0.7617176,-0.42295066,1.9531631,-0.6430413
-0.8008875,-1.133204,2.3714597,-0.7211116,-1.4806006,0.008962542,0.7097058,0.11185862,1.4308552,-0.6303052
-0.66259843,-2.0238733,2.4810379,-0.36165679,-0.87396306,0.0739363,0.58529603,0.52559197,0.98862606,-0.9799274
-0.496499,-1.0380796,2.1050055,-1.0811828,-1.3886946,0.2710975,0.91083235,0.02572292,1.5168469,-0.98233294
-1.1242774,-2.269641,3.4862375,-0.9592701,-1.7471759,0.32094505,0.7105991,0.39365888,2.2627041,-1.1164153
-0.76279885,-1.2309127,2.3908958,-1.055558,-1.461338,0.33788997,0.78323215,0.041808397,2.0968413,-1.2568103
-0.63018155,-1.6569312,2.6679716,-1.0748729,-1.5895069,0.8098023,0.37074608,0.10124569,2.2336686,-1.2832383
-0.2287728,-0.8681627,1.601084,-1.0961223,-0.8706171,0.79266435,0.43797076,-0.22783771,1.3377159,-0.93849087
-0.4271446,-1.6862003,2.5228848,-1.3928506,-0.9685391,0.3330308,0.96162736,0.09602553,1.5328667,-1.1979359
-0.2709598,-0.80171436,3.162716,-1.5167968,-1.9712266,0.1117771,0.7084145,-0.5996989,2.978086,-1.8776025
-1.0193106,-1.1993395,1.2277117,-0.32447582,-0.23419753,0.1746249,0.9545146,0.5095885,0.37037635,-0.8588711
-1.9770753,-0.610269,0.9362092,0.33791625,0.49460506,0.16101798,0.42506647,0.21824333,0.33593392,-0.61575884
-0.66491586,-0.7710547,1.3909982,-1.1374475,-0.90004,1.7722718,0.13334651,-0.17809945,0.81342083,-0.6099032
-0.16848771,-1.0229357,1.2105726,-1.5601102,-1.1846442,1.9928961,0.419832,-0.02134943,0.6315754,-0.3570361
-0.44043,-0.44513535,2.154687,-1.7405925,-1.4600003,1.8388051,-0.161547,-0.7292005,1.8658803,-0.7947389
-2.1272314,-0.15889557,0.22486573,0.09998661,0.38304138,1.0838451,0.60213494,-0.0036587194,0.12836276,-0.67223185
-1.3390001,-1.3241765,1.6222547,-0.25795203,-0.27395964,0.27864003,0.7770004,0.4378595,0.43226066,-0.76599866
-1.2884067,-1.5367022,1.2648271,-0.3503062,0.16523257,1.2483438,0.28776026,0.29073393,0.08795427,-0.52247465
-0.8910242,-1.6951997,1.7898482,-0.99261683,-0.83196014,1.4933826,0.15044475,0.26138905,0.69275075,-0.29943162
-0.5618098,-0.8311797,1.0152977,-0.8346955,-0.9084851,1.0869331,0.2363196,0.2801123,0.62975615,-0.20621078
-0.042974874,-0.9261072,1.0718702,-1.0097014,-0.34978616,0.7265309,0.19782113,0.012140736,0.4264969,-0.2909277
-1.4753933,-1.0491736,1.0859938,-0.31949294,0.010514304,1.0442609,0.32265228,0.24852413,0.71153367,-0.87709844
-0.31157064,0.13254356,0.7597854,-0.6684918,-0.7638171,0.5310574,0.23864803,-0.40675163,0.5688502,-0.17935584
-0.6387702,-1.0910276,1.7588283,-1.341948,-1.1945719,1.1446131,0.39533716,0.01128161,0.7923507,-0.07056971
-0.7577122,-0.6681158,1.3066256,-1.2258472,-0.69710153,1.3777219,0.3546656,-0.119041026,0.5534411,-0.40668035
-0.4569093,-0.1363035,0.4727309,-1.1962216,-0.636029,1.8475019,0.23341148,-0.38271847,0.29304555,-0.15032448
-0.59546185,-1.662818,2.034681,-0.8661449,-1.0046133,1.0067574,0.035605162,0.27745524,1.0038648,-0.4645338
-0.18421482,-0.9278081,0.8130889,-0.8988218,-0.85197103,1.0717399,0.46074894,0.19509527,0.24886912,-0.14048116
-0.5642285,-0.9726717,1.2753124,-1.1580288,-0.9272468,1.6794164,0.021509618,-0.19993141,1.095097,-0.45720917
-0.65175706,-1.5451425,1.8223275,-1.130377,-0.9904102,1.728846,-0.01085975,-0.10153043,1.0838722,-0.3769256
-0.41099453,-1.5763183,1.6411146,-1.1563853,-1.2274592,1.6877984,0.12593822,0.30451816,0.8907362,-0.31078523
-0.90372866,-0.3960114,1.1567731,-0.83414894,-0.90371454,0.96728987,0.23932433,-0.31892487,0.82324785,-0.1845582
-1.0050477,-2.2704136,2.441836,-1.0108984,-1.012773,2.130559,-0.058367804,0.14333528,0.93234986,-0.37453306
-0.5611167,-1.5195135,2.0152805,-0.8989548,-1.1114501,0.83245534,0.43351263,0.2139973,0.5295275,-0.22512807
-0.4382785,-1.8417792,1.9145217,-1.3691975,-0.7230386,1.9271773,-0.07711817,0.12026502,0.7683348,-0.47643352
-3.6359377,0.7126668,-1.2331579,2.8692563,4.329318,-1.2308738,1.3173368,0.06922898,-3.1352026,-1.3468186
-4.10296,0.43338472,-1.1805708,3.106638,3.3692222,-1.6893398,1.5569246,0.9083059,-3.5043101,-0.14552091
-3.2020524,-0.7157225,-1.4327819,2.7093806,4.237797,-2.382349,1.9926801,1.5821414,-3.554923,-0.5434337
-3.7240272,0.53688914,-1.6814339,3.0086572,4.0365877,-1.9614619,1.0895154,0.89738274,-3.2679238,0.1327365
-3.6889312,-0.30012983,-1.1458635,2.9811676,5.2465496,-1.754245,0.91403204,0.5366403,-3.0493371,-0.69120425
-3.8015218,1.4726623,-2.2721598,3.5110235,1.782067,-2.240838,1.5986667,1.2445914,-2.1620264,-0.053232267
-2.79481,0.79065377,-0.90316164,2.6673281,4.103297,-2.9819994,1.3668675,0.28178975,-3.5356412,-0.09330706
-3.9419696,0.27367455,-1.4232615,2.6672897,5.625017,-1.9311622,0.92185026,0.54464734,-3.1981776,-0.5676702
-3.2299492,-1.4140961,-0.7125757,2.802226,3.4371893,-2.1181173,2.1061296,1.8769343,-3.5600119,-0.37009084
-3.7170455,0.9101129,-1.8674417,3.2803695,4.210533,-2.5452843,1.4132249,0.88506114,-3.8110356,0.08386545
-3.4195795,1.0029422,-1.2316893,2.595898,2.8333132,-1.6125599,1.472486,0.24151346,-3.049747,-0.10228856
-2.6531503,-0.6662517,-0.18536232,1.987632,3.1458747,-1.936858,1.3546591,1.1321455,-2.4777467,-0.7675362
-3.1228104,0.04369156,-1.3031754,2.4819696,3.8988502,-2.3971024,1.0191689,0.93733394,-3.4645474,0.9149883
-4.0570326,-0.05998142,-1.6733081,3.6407607,2.7247744,-2.8673663,2.8363242,2.105891,-3.7468915,-0.2672329
-3.7482812,0.13115661,-1.4773657,2.7341597,4.768818,-2.347777,1.9082849,0.8950366,-4.1826396,0.078127205
-3.7818933,0.26024503,-1.6782141,2.7844687,3.1263263,-1.4718353,2.0272548,1.0055344,-3.0295599,-0.23465823
-3.3283842,0.18680839,-1.9166224,2.6387005,4.8948336,-1.7041281,0.6442376,0.40816078,-3.672841,0.8254937
-4.350786,0.9434554,-1.5721917,2.4702544,4.607643,-1.7629274,1.318557,0.16155341,-3.0015104,0.22118916
-3.0236151,1.2156308,-1.7735727,2.5334458,4.220315,-2.4573188,1.5955417,0.59183264,-3.3433323,-0.48670602
-3.0378046,0.1708086,-1.3396918,2.9987755,4.1859264,-2.27638,1.0164557,0.55182934,-3.115653,-0.18927468
-2.7366698,0.24448387,-1.1449051,3.0067267,2.3847573,-1.995804,1.7901587,1.4739146,-3.9123564,-0.2662515
-2.7611053,0.5632581,-1.9469504,2.8794262,2.6981056,-2.869658,1.9686551,1.3908745,-2.8292484,0.04873456
-3.4327528,0.54878217,-0.9822774,2.7188828,2.3397844,-2.1945128,2.033221,0.9067476,-3.0766351,-0.12567662
-2.6882184,0.40449816,-1.7279387,2.165391,3.5168884,-1.6838275,1.1680801,0.9492496,-3.5360844,0.69335914
-4.154516,0.16346602,-1.6308059,3.0394063,4.447668,-3.0303178,2.4503942,1.1164638,-2.8625698,-0.74158806
-1.0057279,-1.4675446,0.7880987,0.17761557,0.31237233,-0.71202016,1.2124767,1.0281428,-0.54959196,-0.28597116
-0.91641533,-1.9538815,1.1607622,-0.056648508,-0.20063877,-0.3818848,1.4541519,1.1511085,-0.11270791,-0.79617256
-0.034143522,-1.0772667,0.6678331,-0.28563857,-0.9075706,-0.84284323,1.7454324,0.89647484,0.42538208,-1.0626452
-0.7051249,-1.7193408,1.2255223,-0.21150701,-0.3348596,-0.800609,1.6545203,1.1893196,-0.4100194,-0.5623398
-1.5262034,-1.0894126,-0.14692584,0.60837865,0.2863702,-1.1835884,1.7872052,1.444359,-1.6309905,0.5766471
-0.85497665,-2.584344,1.6779897,-0.06426363,-0.8411926,-0.72916687,1.7210615,1.5845193,0.2626636,-0.715694
-0.27850243,-1.593008,0.6654271,-0.51198095,-0.11298674,-0.5582368,1.2889686,1.129067,-0.49280494,0.03852366
-0.82468426,-2.4335933,0.4768977,0.12659697,-0.116448104,-1.3839945,2.8747835,2.141796,-0.9852697,-0.83684886
-0.9008486,-0.8006806,1.6553375,-0.5050951,-0.94981456,-0.7763562,1.3981969,0.2557093,1.1656344,-0.97705173
-0.7071993,-1.7113316,1.4391677,-0.39523196,-1.0537081,-0.084932566,1.6870859,0.9171661,0.38764945,-0.9599141
-0.22332273,-1.8046684,1.6051503,-0.8155343,-0.38611805,-0.69166356,1.5764322,0.7220148,0.6295949,-1.1054127
-0.1816846,-2.2539291,0.36243483,-0.5018325,-1.0710212,-1.0484359,2.89851,1.8518382,-0.31800783,-0.45648777
-0.22723578,-1.7350758,1.5121105,-0.8920786,-1.0371737,-0.43667406,1.6476617,0.84686923,0.2657871,-0.5187043
-0.51393074,-1.7688546,1.4223661,-0.8702403,-0.25220728,-0.31972098,1.4448731,0.82043064,0.3339867,-0.75935113
-1.4676648,0.25027144,-0.6159774,0.85284305,0.7380618,-1.7315727,2.2638655,0.59194624,-1.1718259,-0.81176883
-0.74048984,-3.014915,1.3942422,-0.008547619,-0.32596725,-1.0920326,2.1689343,2.0308468,-0.50273436,-0.7754247
-0.90660197,-1.6455812,2.1078408,-0.36505222,-1.0250969,-0.6419288,1.4203136,0.6559918,1.354877,-1.3765174
-0.69706404,-2.2298665,0.6197846,0.11536591,-0.5937777,-1.203985,2.4207132,2.037392,-0.8867494,-0.3895318
-0.0030391067,-1.0015088,0.09172538,-0.16264848,-0.25970584,-0.9626154,1.5149632,0.7843218,-0.34694475,-0.3099352
-1.1417347,-1.037897,0.11413871,-0.08085324,-0.33237666,-0.8363684,2.4564462,1.0913597,-0.63649637,-0.411384
-1.3470396,1.4187729,-1.2934235,0.2556519,0.5805607,-1.0214609,1.5426784,0.122487366,-1.6596383,0.66985726
-0.28125477,-1.1451552,-0.26997676,-0.37772024,0.53149605,-1.0468222,2.495083,1.2246519,-0.98629624,-0.8639023
-1.0749207,-1.171273,0.20428798,0.063247725,0.9291543,-0.77355784,1.5212803,0.91000056,-1.3044394,-0.15046446
-0.55609477,-1.8795409,0.29279396,-0.08228399,0.14031824,-0.89074194,2.368504,1.5668863,-0.55855227,-1.1619643
-0.43529612,-0.19431306,0.7312418,-0.84533787,-1.1514641,-0.020692118,1.197701,0.10329835,0.61594826,-0.3354075
-0.7528213,0.1743086,-0.54733485,-0.49206954,0.03361565,0.17023736,1.2064652,0.17393033,-0.72831774,0.37694782
-1.4337533,-0.45740145,0.8487991,-0.3902262,-0.68110126,0.1995695,1.2205565,0.17428151,0.047259774,-0.039922938
-0.6528973,0.83547395,1.4514716,-1.5498538,-1.1101438,0.89014006,0.45779684,-1.3939726,1.7790971,-0.9573275
-1.2505627,-0.30627275,0.032684967,0.12681304,-0.1830321,0.054039955,1.2694376,0.40265527,-0.29192948,-0.30710632
-0.9874672,1.9422212,-0.42387986,-0.45673662,0.061155975,-0.29551837,0.6990476,-0.7673682,-0.33517912,0.15386207
-0.59392565,-0.96602696,1.0620673,-0.4551069,-0.1846453,-0.24765617,0.6090947,0.29220918,0.43166718,-0.37167203
-1.512748,2.5997949,-0.5620012,-0.51156366,-0.15147793,-0.36272424,0.9897277,-1.1754355,-0.42511696,0.7100822
-0.73558396,1.2264881,0.8478534,-1.5286779,-0.75174105,0.73211837,0.5921569,-1.320747,1.0982964,-0.39188284
-0.35906088,-0.6084296,0.5881312,-0.5415325,-0.7356911,-0.7195306,1.587775,0.48550996,0.14986336,-0.39035374
-0.85570186,1.0094554,-0.10682984,-0.8306536,-0.23181021,0.09223229,0.5358283,-0.42317918,-0.4212284,0.7745445
-0.5595857,-1.6717522,1.0119028,-0.27336258,-0.42143142,-0.90110946,1.8249788,1.0732902,-0.04750816,-0.7139766
-1.1189839,0.5474373,-0.3083782,-0.22090659,-0.25144386,0.20192367,1.0969157,-0.022224009,-0.3314479,-0.058715627
-0.04174207,-1.260615,2.1144943,-1.2977283,-1.4430141,0.4445066,0.63664347,0.20349506,1.2909694,-0.74372464
-1.3338594,-1.5993167,0.8294784,-0.033571795,-0.011501014,-0.44078255,1.5706155,1.139521,-0.24000807,-0.49220663
-0.63488567,-1.7339191,1.4419668,-0.46689677,-0.9844568,-0.37545192,1.3294938,0.9963118,0.50768554,-0.4048561
-0.17825636,-0.9317059,1.2742554,-0.9849595,-1.2204123,-0.28733733,1.3523991,0.33948877,1.2596246,-0.92021143
0.23452516,-0.7808371,1.6168246,-1.0573055,-1.4842608,-0.3950929,0.86796254,0.29705527,1.2601327,-0.7898282
-0.37670988,-1.0889646,0.45610878,-0.9201207,-0.99244225,-0.84087276,2.818539,1.2810594,0.13579819,-1.0730271
-0.5168286,-1.8170221,0.7971698,-0.59589916,-0.94670916,-0.6132966,2.220204,1.492152,-0.083578914,-0.61525613
-0.12257099,-1.1589516,1.9676504,-1.5940623,-1.4544567,0.40911967,1.2283232,0.1990973,1.5994316,-1.2439855
0.1413996,-0.34243,0.94972193,-1.4217438,-1.063216,-0.23185274,1.2756152,-0.034484833,0.89781386,-0.3945459
-0.7446517,-2.1309667,2.2010796,-0.76838326,-1.1205251,0.07766247,1.0484052,0.8503047,1.2094204,-0.9601809
-0.8787589,-1.9863894,2.312585,-1.1335356,-0.7697484,1.0611024,0.70873314,0.22554278,1.5509288,-1.1911744
-0.50232565,-2.424738,1.7250918,-0.7456426,-0.44339895,0.05453044,1.3248026,1.0419801,0.27039564,-0.87016344
-0.93900436,-1.4701571,1.2850142,-0.21607985,-0.5690702,-0.62264055,1.6903367,0.89376926,0.38899478,-1.0730711
-1.6460263,4.0583735,-1.1915812,-0.8352853,0.99459195,-0.13283399,0.11892548,-2.1926317,-0.7921098,1.2891729
-1.7874358,2.4792051,-1.275436,0.4861325,0.76893723,-0.9980551,0.6482802,-0.62136066,-1.5288975,1.181172
-2.4588978,3.5576649,-1.495997,0.1713167,1.7466322,-0.90094364,0.38378972,-1.4008093,-1.6206716,1.4626293
-2.0249224,3.1881304,-1.3129736,0.24857457,0.55786014,-1.0063632,0.8909982,-1.0725592,-1.2635062,1.230414
-1.3020147,2.839491,-1.5958731,-0.41307288,0.63170254,-0.3426544,0.7994108,-0.893162,-1.4194989,0.9854633
-0.97246397,2.1390946,-1.3335909,-0.3618021,0.96563876,-0.34880236,0.6567955,-0.75172424,-1.6358979,1.0806937
-1.9700191,4.042213,-1.5013459,-0.26568195,1.4014843,-0.44277668,-0.12043172,-1.9741292,-1.2511752,1.6793102
-1.9176526,3.2023764,-1.7588085,0.3361525,0.7884259,-0.8892745,0.93403065,-0.8389951,-1.6851063,1.1303815
-1.5040666,2.8570182,-0.80689335,-0.42876202,0.16017851,-0.4649182,0.5855577,-1.2446524,-0.7057579,1.1441549
-1.2661793,2.564888,-1.4510155,-0.014553554,0.52160907,-0.8007107,1.0127738,-0.5832412,-1.9212894,1.2178351
-1.466815,2.0536284,-1.0871279,0.15923665,1.3898466,-0.3172536,-0.18228063,-0.6968888,-1.5157999,1.2880632
-1.3217247,2.181361,-1.2473218,0.38291246,0.43522465,-1.041612,0.9808826,-0.527385,-1.5417666,1.1387677
-1.5492951,3.779767,-1.8546876,-0.26048195,1.2358935,-0.5879908,0.58018947,-1.5305483,-1.6275069,1.34048
-2.04639,4.1671877,-1.6795561,-0.21304972,0.6602113,-0.22903919,0.5033756,-1.8291441,-1.4232795,1.517004
-1.7473329,5.0708985,-2.3799505,-0.14038672,0.3151691,-0.91756415,0.6772641,-1.6537857,-1.5693734,2.0516503
-1.1527873,1.5934564,-1.1187731,-0.0879111,0.37235117,-0.58038867,0.97344047,-0.1352082,-1.4390159,0.9246452
-1.4690089,2.5721445,-1.7640383,0.22962509,0.848398,-0.8326019,0.8361359,-0.3669107,-1.9080884,1.1352638
-1.1593142,2.3867152,-1.614797,-0.32602018,0.48008358,0.045334294,0.72715604,-0.7634294,-1.6455003,1.1617292
-1.905536,4.5679946,-1.7561592,-0.5353475,0.41975677,-0.2408368,0.2544819,-1.9597358,-1.0069789,1.781082
-2.15239,4.5380425,-2.0552256,-0.107427284,0.88396657,-0.2924225,0.33604068,-1.8465499,-1.6980057,1.879938
-2.2404547,2.7464826,-1.1576048,0.18400137,0.8140272,-0.62081337,0.8648302,-0.9472995,-1.6255208,1.2433058
-2.2862911,3.072101,-1.2899814,0.2718734,1.8790133,-0.7107327,0.4826743,-1.4507313,-1.3162658,0.92621714
-1.7389337,4.519855,-1.6477939,-1.0517395,1.0585239,0.70911884,-0.16344434,-2.472996,-1.3146917,1.78632
-1.7577164,3.316805,-1.4239246,-0.028873615,0.2845194,-0.85307574,1.0597645,-1.0648657,-1.2726448,1.3221391
-1.2476026,3.2260864,-1.5556333,-0.39530677,0.46893996,-0.49579418,0.4889331,-1.1776696,-1.5313027,1.5913743
-2.342004,-1.9758155,-0.29307148,1.4427007,1.9393713,-1.7074147,2.0946784,1.7847229,-1.5224526,-0.594019
-1.5331687,-0.66037685,-1.0655924,0.8537052,1.6266906,-1.3020009,1.747467,1.0305634,-1.6306579,-0.005233094
-2.1664593,-2.2182856,-0.13541734,1.0666232,2.152104,-1.5573615,2.1998029,1.958197,-2.8509166,0.25474983
0.17750467,-3.04455,-0.30075374,0.9817707,0.5139065,-2.0200214,2.0587428,2.7094166,-1.953058,0.003797114
-1.9928851,-1.1652441,-0.83543944,2.1857245,1.1733887,-2.6720405,2.7887404,2.256336,-2.538189,-0.41553825
-1.5184846,-1.9236681,0.13345876,1.2200401,-0.2636815,-1.403467,1.989881,1.8870217,-1.095069,0.15711357
-3.349548,-1.4858841,-0.49874252,2.981862,1.9316187,-2.5344324,2.075793,2.323665,-3.2083879,0.41301543
-2.8380535,-0.4205745,-1.293642,2.436873,1.9229414,-2.2053075,1.9835386,1.5720351,-2.2839894,-0.11581035
-1.3016598,-2.9193954,1.7656002,0.57464856,-0.25649327,-0.82228017,1.3679283,1.4874214,-0.15351376,-0.47953057
-2.4347055,-1.7734545,-0.468828,1.4411982,1.5862594,-1.4479795,2.2412386,2.2462554,-2.2306752,-0.24041031
-1.1950969,-2.674152,1.2825902,0.73344815,-0.42163837,-1.0188808,1.678879,1.9719862,-0.5450389,-0.52774036
-1.601236,-2.372081,-0.05395922,1.1360959,0.9635173,-1.9823796,2.5258286,2.3678935,-2.817787,0.39564753
-2.6565163,-1.003926,-0.35374087,1.9584846,1.0883623,-1.5267224,1.2626295,1.8081638,-2.339158,0.7743934
-1.2763505,-1.1973403,-0.110985234,0.74092007,0.399392,-2.471537,3.138866,1.5995368,-1.1250641,-0.9025365
-1.9358654,-1.3983994,-0.6855123,1.7670226,1.4682641,-1.7409307,1.359201,2.2669156,-2.8534086,0.824003
-1.3718505,-3.1300585,0.45532688,1.6279645,0.088623405,-1.0064267,1.5822315,2.8768077,-1.287539,-0.60846937
-0.6917371,-1.9545357,0.46424022,0.35164034,-0.12418163,-0.9266021,1.3970692,1.5970695,-1.3181882,0.49692035
-1.1961942,-1.7730429,0.33533114,0.45227063,1.0626334,-1.8123838,2.2635047,1.6720904,-0.87336314,-1.0800923
-0.5242252,-1.8482707,1.6473248,-0.20789261,-0.8327326,-0.76217,1.3866217,1.0922644,0.6533199,-1.0754278
-1.0739627,-1.5606277,1.6123455,-0.011562571,-1.1205235,-0.23909044,1.0960677,0.71741927,0.8656313,-0.59602237
-2.6496956,-1.598189,-0.6326659,2.7617257,2.0091789,-2.788506,2.5283318,2.4444187,-3.1556225,-0.49213982
-0.8326743,-2.3263485,1.8366631,0.0017880648,-0.78248084,-0.30851424,1.1319351,0.9499972,0.77503985,-1.0325574
-2.960752,-1.4927549,-0.28794792,2.2120762,2.414216,-1.9302626,2.3714306,1.7156097,-2.240453,-1.0956088
-2.6116917,-0.7487537,-1.0622278,1.946259,1.1394014,-2.1751971,2.5544949,2.057567,-2.7481093,0.5294337
-2.2570572,-2.5615199,0.00020566583,1.9564643,0.9250114,-2.2860312,2.9952512,2.5853436,-1.9440453,-0.6543034
0.5450818,-0.790134,-0.04717259,-1.0473782,-0.7814944,-0.35049468,1.7012885,0.74729943,-0.43507415,0.018556014
0.71109015,-0.4743452,-0.21328525,-1.136487,-0.28172126,-0.9642137,1.628505,0.76068115,-0.8308493,0.3335871
0.014006004,-2.0062432,-0.270059,-0.20899005,-0.6188377,-0.8335272,1.8052311,1.9826714,-1.3255172,0.6936504
0.09277995,-0.58387715,-0.3699351,-0.12892039,-0.2091124,-0.55192584,1.1231453,0.47112015,-0.9569171,0.42773986
1.3870635,-0.6478912,0.2605615,-1.6179845,-1.275644,-0.3844754,1.5044243,0.7053747,-0.18957414,0.012893066
1.0536536,-0.5751663,-0.31914744,-0.97223026,-0.7648476,-0.76245517,1.4879632,0.7750213,-0.68374157,0.23876047
1.0298096,-0.74458605,-0.43346682,-1.1154232,-1.063894,-0.80381894,1.7745543,1.2685428,-1.0690185,0.69213676
0.67095804,-0.84986454,0.1236216,-1.2969537,-0.7755233,-0.1086054,1.3335581,0.7961576,-0.47599852,0.2361234
0.42965335,-0.7317974,0.46384045,-1.2063707,-1.0565181,-0.22880119,1.4576175,0.67740715,-0.090023115,-0.054047987
0.7066805,-1.9084828,-0.15115827,-0.43595266,-0.6029278,-1.2685901,2.175685,1.6755539,-0.54284245,-0.2153502
1.0065331,-1.6405617,-0.22259665,-0.62928456,-0.36064827,-0.61314094,1.6886606,1.3192643,-1.0832812,-0.07028626
1.2097408,-0.12412991,0.016317196,-1.6911943,-1.0739193,-0.037527613,1.0852635,0.22434676,-0.2131964,0.38406432
-0.13490507,-1.1310772,0.23280382,-0.6895632,-0.7432915,-0.0034695268,1.3052826,0.8503134,-0.8862623,0.6006087
1.4906206,-0.2850113,-0.7590368,-1.1862105,-1.0306501,-0.49047858,1.7289207,0.74857545,-0.56572425,0.08285503
0.06915499,-1.0574144,-0.5019867,-0.20841815,0.53393334,-0.55231464,1.2829316,1.122352,-1.8432467,0.5196309
1.1280859,-0.40787417,0.044070482,-1.4680398,-0.62304896,-0.40383878,1.203934,0.5272106,-0.45641446,0.1122752
0.47066933,-0.49699992,-0.19252416,-0.83768654,-0.89811116,-0.43320805,1.4207809,0.7034298,-0.5739015,0.43031758
0.5332268,-1.0170147,-0.15596595,-0.30664563,-0.29826623,-0.28768718,1.1021535,0.85681784,-1.1256908,0.046150908
-0.030920342,-1.2328231,0.048341006,-0.8215574,-0.6064099,-0.48044503,1.7862337,1.2185453,-1.3191721,0.8554394
1.006513,-1.2128624,0.3926339,-1.2633792,-1.25329,-0.64684737,1.7018659,1.07287,-0.16252665,0.024502292
1.1526223,-1.4597179,0.44369608,-1.2929418,-1.3922381,-0.2466146,1.2046745,1.0623728,-0.2800725,0.5789846
-0.23096527,-0.9931111,0.11934458,-0.36510324,-0.52571326,-0.6731725,1.6697028,0.86094236,-0.621561,0.06580557
0.4566846,-1.3963569,0.016265064,-0.6325506,-0.5635001,-0.39306504,1.345679,1.1599115,-0.9301481,0.3857252
1.5673134,-0.82812065,-0.40577105,-1.2867876,-0.88778526,-0.5942924,1.3195112,1.0468391,-0.53937167,0.2205409
0.9531786,-0.6424776,0.09598917,-1.4922688,-0.8684028,-0.15670103,1.3740833,0.57730925,-0.79521483,0.640915
-1.7290183,1.8487663,-1.5333006,0.67357546,1.3451413,-1.2406377,0.76711273,-0.20289566,-2.4149308,1.8333962
-2.5134861,-0.29333735,-0.40813512,2.0414205,1.4797869,-1.9043124,1.7851238,0.9307636,-2.1706333,-0.124145076
-2.8399556,1.030506,-1.0967,2.258775,1.7334235,-1.7981615,1.6469479,0.6333711,-2.9367032,0.48671132
-3.4897506,0.06775193,-1.3113047,2.5206692,2.5860827,-1.7154278,2.0335107,1.2636707,-3.0331326,-0.25504702
-2.1741579,0.22604679,-1.3912599,2.483981,2.006931,-1.586597,1.1524408,1.2276396,-3.4912462,0.4330281
-0.76385784,3.9092638,-1.0981681,-1.5728235,0.12931028,0.49007142,-0.45141,-2.2798598,-1.6428901,3.0709336
-3.2910068,0.38791102,-0.6673119,2.8627717,2.0015576,-1.69749,1.4809208,0.39890453,-3.1813989,0.5775883
-2.422941,0.25302982,-1.6148555,2.2757084,2.478586,-2.0872908,1.6633303,1.4085706,-3.5715475,0.37429333
-2.6887143,0.05564253,-1.1084638,2.2473958,2.2373793,-2.1755104,1.6190119,1.4964157,-3.5921931,0.7596836
-2.402787,0.19940929,-0.999349,1.5709543,2.0164394,-0.92984605,1.302412,0.37156948,-1.7907541,-0.22309004
-2.530813,1.3684194,-0.9907117,1.9900863,2.338606,-2.5221686,1.5802739,0.434019,-3.5580175,0.67099464
-2.6155307,0.89423645,-1.3290303,1.388545,1.6412325,-1.8409786,2.0535932,0.8155601,-3.2604554,1.190706
-2.8961737,-0.51041657,-0.9581511,2.3380225,1.8041431,-1.9826556,1.9487844,1.7599839,-2.9573112,0.29902387
-2.1914935,-0.70584804,-0.47639838,1.967756,1.3941265,-0.9918932,0.6520151,1.2338434,-2.4618044,0.5981012
-3.6142745,1.1710336,-1.3189688,1.8430738,2.2439005,-1.5565326,1.6434283,0.3192134,-2.94519,1.1477944
-2.159447,0.25847363,-1.5324078,2.4384143,2.0758803,-2.1355767,1.3037677,1.2094632,-2.6361542,0.2046673
-3.7006633,0.6530711,-1.3863132,3.5251954,2.5895822,-1.9775747,1.4013798,0.97869456,-3.2925858,0.20821361
-2.4513643,0.038833305,-0.46293077,1.7829452,2.5529742,-1.566271,0.54947925,0.5895957,-2.5425944,0.7399448
-2.1040196,0.043193087,-0.81868875,1.636014,1.8165255,-2.1640081,2.2112184,0.9842794,-2.7979636,0.3040915
-1.9572568,-0.2468731,-1.1380115,2.4124472,1.7388654,-2.62895,2.353713,1.6964483,-2.625833,-0.6151038
-1.5632958,0.06299858,-1.205755,1.9244249,0.946869,-1.5851742,1.5742903,1.3425716,-2.2878325,0.12615205
-2.4024763,0.25114137,-1.4835476,1.9848363,1.7924285,-1.3150014,1.7830405,1.061702,-3.0532713,0.37754804
-2.5422633,-0.88909334,-1.0299333,2.0655255,1.9634087,-2.2679548,2.3694935,1.8798132,-3.257151,0.43629313
-2.5159328,-0.52355283,-0.08298484,1.3925567,1.8091003,-1.467539,1.3467159,0.6942258,-2.2982283,0.68378943
-3.5047941,-0.310535,-0.7085804,2.389562,2.4447377,-1.6949346,1.7479148,1.1059157,-2.6686232,0.13724048
-0.501196,-0.5855585,-0.73046887,0.32074183,0.9554503,-1.4217161,1.6772053,1.135374,-2.0066655,0.4636016
-1.3021674,-1.7998769,0.5259261,0.41745764,0.3151822,-1.2062533,1.9910269,1.388365,-1.0396322,-0.14597206
-0.8149903,-1.7369483,-0.48296547,0.6222885,0.5922113,-1.351217,2.0663772,1.8494078,-1.965225,0.28304642
-1.1038537,-1.9731841,0.4883553,0.6700631,-0.010220051,-0.77586794,1.7067626,1.640761,-0.8602134,-0.7225167
-0.24935636,-1.2725497,-0.15968648,0.1463583,-0.28382754,-0.80221534,1.7446017,1.274029,-1.0341595,-0.108839646
-0.92491895,-2.8980002,0.53543496,0.4011026,-0.26183152,-1.5516373,2.9859147,2.4699724,-0.9770511,-0.8195276
-1.7379433,-1.5809536,0.0990641,0.51960176,0.60449696,-0.8992059,1.8684313,1.4802827,-1.5928911,0.33309376
-0.25840282,-2.9048944,-0.3768091,0.643827,-0.6250665,-1.4947078,2.4239414,2.9653604,-1.9657657,0.74081916
-1.0721356,-2.4859354,0.21517363,0.627731,0.10989624,-1.0310764,1.9305923,2.0457351,-1.4682947,0.13851264
-0.47766763,-2.5344114,0.41106117,0.3274452,-0.98888934,-1.5289794,2.512176,2.3910897,-1.0948024,0.33584285
0.21288915,-1.4660164,0.20505324,-0.518308,-0.7759088,-0.975505,1.9195817,1.4230434,-1.1959615,0.531115
-1.1582382,-3.147604,0.4373765,1.0665729,0.45295274,-1.6644516,2.317832,2.6461816,-1.5599346,-0.43336058
-0.17001097,-3.0080922,0.8916819,-0.032651916,0.28577477,-1.0267469,1.4120297,2.0992072,-0.88729614,-0.26172936
-0.39458346,-2.5585337,0.14870268,-0.12699063,0.034353018,-1.3113234,2.3592367,2.3996916,-1.2598445,0.1302457
-0.6486315,-2.8965669,-0.19752792,0.41033775,-0.26057124,-0.83359694,2.1948104,2.6683319,-1.3501439,0.16903122
-0.28114545,-2.2652035,0.15161113,0.7618746,-0.32480508,-0.9073174,1.7822907,1.9434501,-1.2012706,-0.411402
-0.6596011,-1.9550135,2.1908665,-0.55633324,-0.9462298,0.5071988,0.77175653,0.3566679,1.5312916,-1.4988045
0.5358172,-1.5185063,-0.27592614,-0.3773998,-0.6166846,-1.089549,2.4402099,1.8024534,-1.0989853,-0.26572496
-0.75233704,-2.4639018,0.18320845,0.52538913,-0.93983364,-0.8646312,2.2196934,2.20867,-1.266948,0.375439
-0.38561141,-2.4641635,-0.008230656,0.031967923,-0.033645272,-1.3076698,3.0495687,2.158963,-1.038642,-0.8514455
-0.9353979,-2.8431115,0.76035714,0.6030684,-0.21780252,-0.7261366,1.6461997,2.1201327,-0.96490735,-0.020032212
-1.2074263,-2.30043,0.47654215,0.6590306,-0.1654678,-1.6444367,2.2098994,2.0930102,-1.0993153,0.2088522
-0.42578065,-2.3684435,-0.29388955,0.78501946,-0.21769857,-1.7870034,2.526251,2.4264514,-1.2904751,-0.36139798
-0.9006065,-2.3177404,0.13674241,0.9491587,0.23862857,-1.6184278,2.330308,2.1638052,-0.9572601,-1.043219
-1.4749684,-2.6055574,0.13919589,1.0096238,0.607793,-1.5590683,1.8161728,2.6513212,-1.9989002,0.45983398
