-0.69126415,-2.1018052,4.145669,0.8595053,-2.3424797,-0.7405664,2.14957,1.0926006,2.9545143,-4.13659
-0.93565166,-1.6124017,5.3138566,1.226157,-2.4680476,-2.1308846,1.4261274,0.7003932,3.5471141,-3.7652478
-1.1495676,-0.030142955,4.014236,2.1335223,-2.0505042,-2.2745323,0.17404497,0.06891711,3.3125246,-3.3216178
-0.89997196,0.30515635,4.978655,0.5173784,-3.4239624,-2.0505528,0.9538229,1.0276583,2.5201468,-2.6703978
-0.39859277,-1.8969265,5.8242536,1.5848526,-4.407817,-2.5428095,1.3901062,1.8978177,3.2551656,-3.097383
-1.7073238,-0.17105794,4.5384083,0.3321634,-1.3323331,-1.5087017,0.309138,-0.25983936,3.976878,-3.3122692
-0.98395526,0.6538373,4.9781537,0.6357286,-2.125847,-2.1548119,1.0649152,-0.058937,3.502841,-4.204401
-1.527787,0.29640687,4.811101,0.06829793,-2.2905948,-1.6219372,1.469809,-0.42270195,4.0732603,-3.5927515
-0.4701352,-1.6572826,6.71943,0.8275122,-4.8070054,-2.3364954,2.2252116,1.4645027,2.8575425,-3.632737
-3.141273,-1.621452,6.4222174,1.5859336,-2.4625852,-0.6720915,-0.086940706,0.26228106,4.7649107,-4.123408
-1.7758912,-0.100547336,4.722439,0.5429983,-0.9285149,-1.6475459,0.51372063,-0.021660075,2.7242513,-3.0600004
-1.2871614,-0.9053982,5.0041385,1.7169958,-1.3359233,-2.5956516,0.7765263,0.754169,2.831753,-3.6181011
1.3970556,-0.90719783,3.3626409,-0.8098633,-2.4950852,-1.0983993,2.1600835,0.7875245,2.0636783,-2.9854136
-1.8588336,-0.54370177,4.4132357,2.0143216,-2.8292975,-3.077569,1.0864725,1.8771514,2.5352864,-2.3490047
-0.61267173,-0.72131336,4.4499807,0.66744083,-1.9957362,-2.1088877,0.59575796,1.1477612,2.8826866,-3.124332
-2.0992222,-0.55224264,7.1182547,0.10069231,-4.1492496,-2.259057,1.0831833,0.9872717,4.6908956,-3.7230096
-1.1949106,0.3620242,6.2496567,0.13107076,-2.4655037,-2.6711607,0.029349446,-0.8950974,6.112045,-4.534586
-1.4099836,0.6069237,5.4725766,0.14878467,-3.2774506,-2.3634028,1.2695856,0.33998573,4.8561635,-4.183587
-2.5836096,-1.5238144,3.9561176,1.191972,-1.5192434,0.27996653,-0.32086945,-0.36352903,3.6809406,-2.5190094
-2.248283,0.18486953,7.6503115,0.21041009,-3.6070611,-1.5461751,0.2538907,-0.28925532,5.989202,-5.07383
0.4865325,-1.8539352,3.808152,0.3273191,-3.4143112,-1.1994145,3.397341,2.4402828,1.5609403,-3.6920457
0.06625235,-5.1236916,1.8729419,2.0326378,-2.0572248,1.9649739,1.5598075,4.5367813,-1.8994834,-1.8035004
0.9087949,-4.47665,1.6026304,0.9972024,-3.146661,-0.3878448,1.9896669,3.9049354,-1.8074181,1.0700849
0.2370075,-3.757545,1.7452133,-0.253077,-0.5772846,0.96620643,2.3865504,2.329517,-0.94974124,-1.1571956
-0.5570532,-3.8127356,3.5364795,2.586622,-3.4332333,-1.1456565,1.5279646,3.3470628,0.11203863,-1.1456805
0.11163676,-3.4893577,1.6149843,-0.6130785,-2.2903883,0.14310941,5.3112874,3.626145,-0.35570654,-2.1821156
-0.16942856,-3.79222,1.8641676,1.6704354,-1.5449926,-0.18848068,1.8216875,2.3692808,-0.71394265,-0.8230625
0.82358885,-1.9775181,1.2132196,1.0171565,-2.0254476,-1.8918494,3.81472,2.81154,-0.61461496,-1.6343808
-0.6579672,-1.9197712,3.281435,1.8221318,-1.9079711,-2.6626325,2.767273,1.7734101,1.5799348,-2.6198912
-0.17241168,-2.0785122,2.2203515,-0.29722986,-3.6556861,0.6981379,4.5889215,3.8812838,0.21852604,-3.5615096
-1.3318117,-5.5698204,3.6086204,2.9738367,-2.101667,0.11568582,1.5288486,3.6845171,-0.43184105,-1.1816443
0.5729673,-0.41391605,3.3882976,0.55960244,-1.208258,-3.50703,1.8596456,1.0004199,1.9623325,-2.9737847
1.4501591,-0.9531841,1.9107352,-2.2363825,-3.3433013,-0.6105709,4.3887305,1.3125238,1.3119006,-1.8967284
0.07628918,-3.9628363,2.3133192,1.5665911,-2.8442485,-0.22975928,2.8297684,3.426306,-1.0084507,-0.59525114
0.99057543,-2.6106203,1.2231477,0.08350644,-1.8405689,0.12511402,3.05296,2.8622031,-0.41462007,-2.1758165
0.9208293,-0.40173534,0.87380594,-0.8182036,-1.2353559,-1.4604052,3.823384,1.8481966,0.05446978,-2.0605755
-0.22624254,-4.698345,2.6817079,-0.10868164,-1.8302798,-0.48351145,4.0807476,3.5826862,-1.6815693,-0.7098382
2.4423916,-2.8528528,0.9479559,0.7898321,-2.9000013,-1.1519305,3.368522,3.3908274,0.6448451,-2.9086404
-1.3970796,-1.327611,2.7784166,1.3551813,-0.19338667,-1.5207614,2.2397978,1.2912668,1.5542278,-3.7028246
1.6303346,-3.6661642,1.6426556,-0.5711216,-2.6061244,-0.48623443,4.56186,3.796115,-0.32534572,-2.7139678
4.2436748,-2.80276,0.6324828,-0.6396203,-2.6113715,-1.1127846,1.6464646,2.353014,-0.7164911,-0.20394154
3.1716795,-0.77398837,-1.332919,-1.1840667,-1.3073417,-0.21870232,1.1587231,1.2961216,-1.5705414,1.1369134
1.8986444,-1.4406667,-0.39512858,0.3236628,-1.2002844,-0.35043365,1.3690524,1.3645588,-0.39811465,-0.54685414
2.5162058,-1.9092834,0.1800138,0.7455241,-1.4999919,-1.4495937,0.414909,1.5840026,-0.2793183,0.1941968
1.7367988,-3.2380075,-0.3546497,1.6201307,-2.4418356,-1.2122483,1.164746,3.622777,-2.7876513,2.8129673
2.4645627,-2.553713,-1.410052,1.1494937,-0.8130422,-1.2075807,2.1244316,3.0178335,-2.1570127,0.2038288
1.6529511,-2.6317677,1.6106087,1.423929,-3.0890257,-1.6767577,1.1527219,2.938084,-0.6821927,0.55255723
3.5543664,-1.2626805,-0.59273267,-0.41095674,-1.5379171,-2.016531,1.8784347,1.7339971,-0.98620677,0.4498731
3.0115821,-2.8238075,0.14836094,0.20084623,-3.4258633,-0.41966337,2.264861,3.0260103,-1.0351168,-0.030018397
2.3128572,-1.9301579,0.13130188,0.028904893,-2.6361465,-1.9060296,2.8703015,2.9112785,-2.754023,1.903036
1.9126871,-3.439281,1.2391945,0.47767702,-4.33757,-2.4339051,3.0606658,4.0932207,-2.448413,2.2665153
1.0730788,-2.7197592,1.5136391,-0.2754987,-2.8341935,0.14670712,3.5205753,2.94165,-1.6938962,-0.45223308
3.0061285,-0.12774709,-0.45094666,-0.7483649,-1.0285977,-2.019536,2.3812144,1.3101791,-1.2721484,-0.38689613
2.1404624,-1.2551103,1.3931521,-0.9108366,-3.0182211,-1.0232259,2.7169478,1.6832302,0.6079185,-1.3818455
0.76327693,-0.36291566,0.45547122,-0.188353,-2.9494684,-0.022632957,1.8414185,1.2644325,0.026153088,0.22568564
0.37419385,-3.3806605,1.5502658,1.9313477,-2.9872472,-1.0199426,1.1337657,2.8766003,-0.67889476,1.2349395
2.826531,-1.5888962,-0.7268679,0.7625982,-2.4860997,-1.0928907,1.3637171,2.5972433,-0.7227533,-0.10624136
2.8352046,-2.3356025,0.8291135,0.5600977,-3.7444842,-1.422502,1.6431482,2.6583097,-1.2279572,0.9474556
0.612646,-2.840889,1.2815448,1.3957065,-2.9029036,-1.1228613,1.6549473,3.445014,-0.5850283,-0.29618114
-0.022491515,-1.4051918,1.3166548,0.9822104,-3.312362,-0.90187776,2.642086,2.4850821,-1.5913363,0.633069
-2.5295374,-3.7298288,1.6126817,6.255694,-1.2753397,-2.169591,-0.2266224,3.515064,-0.5097829,0.12761943
-3.3153389,-5.772398,2.0195167,7.042169,-2.565376,-1.1768333,1.5692325,4.871204,-0.84246314,-1.1129202
-0.95518106,-2.07866,0.44139636,4.220158,-1.1098677,-2.873252,-0.673262,3.0625603,-0.80433583,1.1938406
-2.5569723,-3.3568,3.8078413,4.9005723,-3.075725,-1.2529382,0.98447615,3.39287,1.7281615,-3.173883
-1.8770709,-5.557926,2.548283,5.444513,-3.067651,-2.4360542,0.988702,4.602312,-0.9041811,0.977102
-1.34588,-4.5860233,2.2777917,6.6942935,-2.2208948,-1.6759576,0.23264706,3.3436751,0.8484696,-2.402946
-2.8856857,-3.818143,2.7990105,5.091256,-2.6417236,-0.46461904,-0.43319714,3.2902315,0.6461023,-0.42139405
-0.65871906,-5.3428993,0.4031241,5.392362,-2.0374267,-0.31356376,-0.64833415,3.829216,-2.1313572,1.6699209
-3.1833725,-3.4068465,2.7547646,4.2525077,-0.9583825,-2.7102818,0.68173665,2.3988068,-0.3499494,0.533665
0.030545443,-2.4488342,2.3660555,2.4259572,-2.2854111,-2.9062328,1.3824544,2.3436232,-0.6714437,0.43405253
-2.4401565,-0.8146269,3.7611568,4.195487,-3.0736685,-5.337186,0.47474658,1.5685893,0.80005646,1.3911672
-4.795823,-1.991857,1.4462905,5.8529887,0.3236031,-0.24009281,0.4744715,2.1795115,0.1440092,-2.8631892
-1.4527704,-3.288298,3.1246128,3.329481,-2.6799986,-3.2723494,0.088317454,3.1183932,0.42390293,0.7377051
-1.7412955,-4.611249,2.9224072,4.758709,-2.2592816,0.26864898,-0.46102983,2.420799,1.5969907,-2.5921752
-3.356337,-2.8290234,2.2561965,5.1452827,-3.2812748,-2.644215,1.5724804,3.7016366,-0.11787465,0.015344664
-0.5626215,-3.7020361,3.8276696,1.9352313,-4.20633,-0.18062252,1.8464327,2.710866,1.9761727,-2.3604438
-4.0971756,-1.4116755,3.204494,4.591104,-2.2206857,-1.7013365,-0.8660076,1.6487552,1.5718744,0.07545142
-1.8625119,-1.8567507,2.7465353,3.3999286,-1.4812516,-1.9459821,-0.41673183,1.2985486,1.3156449,-0.8423164
-3.8150158,-3.6769776,1.8726734,6.233845,-0.24218738,-2.5454617,-0.3500954,2.7273073,-0.06738138,0.15949164
-1.3814285,-0.5584285,0.1230802,1.7319723,-1.1059442,-0.89741194,-0.43573278,1.087422,-0.46755776,1.6175178
-0.61531365,8.282581,-0.99392754,-2.290249,-1.2455393,-4.832573,-0.05114636,-2.8946922,1.8401934,2.7680087
-0.7261643,4.9107428,-0.5869753,-0.8458712,0.5672704,-3.2290182,0.35217643,-1.730876,1.5938516,0.2051016
-1.9957696,5.1823297,-0.020232968,0.2336413,-0.29031104,-4.341302,-0.043382943,-1.2679845,1.1886764,1.4709777
-0.09218392,3.141931,-0.52020866,-0.7869024,-0.38571918,-2.0763888,0.4018436,-1.0803038,1.2150044,0.5065649
-1.5150039,5.3713255,-1.1160632,-0.0432116,0.39874482,-3.6963568,0.64608985,-1.3078991,1.1192639,0.8089319
-1.3904629,4.6300383,0.30681837,-1.6974565,-0.03050042,-2.9975467,0.007079199,-1.8997147,0.64636445,2.4930327
-2.7810006,8.355951,0.23692471,-0.6210245,-0.9627349,-4.6263695,-0.5246418,-2.8475728,2.4673634,1.4947792
-1.34939,4.7742157,0.3869605,-1.5747405,0.08620266,-3.8355799,0.33815867,-1.8328212,0.32312134,2.4404988
-0.728114,4.541675,0.22610587,-0.60383797,-1.419926,-3.4339519,0.25609446,-0.6239546,1.0851462,1.0350417
1.5083439,3.9209785,-1.0089029,-1.3065428,-0.8312107,-3.5640073,1.0113449,-0.8560799,0.18563905,1.3186473
-0.0010348558,6.2789364,-0.7962682,-1.0379915,-1.7621381,-4.2112336,-0.23539346,-1.7136656,2.2997706,1.8401341
-0.4029308,5.1024756,0.07780675,-1.0932426,-2.597318,-3.7252188,1.893111,-0.9367384,1.2648497,1.1031531
-1.0316164,4.4736423,0.9109587,-0.7259909,-1.1607248,-3.2031956,1.1350429,-0.83370334,2.5186937,-1.0536026
-1.0055053,4.487054,-0.4757157,-0.63498384,0.32987797,-3.9367714,0.29152817,-2.0269234,-0.5837705,2.9970772
0.66808486,4.007048,-1.6381534,-0.64603025,-1.1854497,-2.9325304,1.2151561,-0.611799,0.14997414,1.4095092
-1.3398403,7.5414495,0.34407032,-0.90193415,-2.6189024,-4.1863627,0.36835665,-1.5463043,2.849565,-0.1348155
-1.184699,7.8710804,0.3799569,-1.270448,-0.31744134,-5.9264507,-0.32579133,-2.9283423,2.5801775,1.0542109
-0.8375893,4.5789022,-0.3266984,-0.55907154,-0.0625878,-3.0844092,0.26215047,-1.7792028,1.7453473,0.34175646
-0.8573928,6.139715,-0.7821311,-0.5788337,0.7580552,-3.9619403,1.2353289,-2.4386168,2.0351524,-0.72417074
-0.99101436,6.089191,0.24580729,-1.4078765,-1.155893,-5.2547307,1.5455096,-1.3146313,1.3789544,1.4015421
1.8310145,-1.0203683,-2.0273247,-0.74866796,-0.9529091,0.27569798,-0.6116893,0.65094125,-2.7622278,5.17433
2.2427301,0.19567809,-1.4546658,-0.34752706,-1.0929706,-1.2573804,-1.3240077,0.27245712,-2.680576,5.4414434
1.1855462,0.55643314,-1.4515799,-0.8381257,-1.3020414,-1.4352583,-0.8387387,-0.07438074,-3.0273933,6.6435494
2.0483003,0.5721012,-1.0438064,-0.6095389,-1.6389946,-0.3327633,-1.0904255,0.21311046,-0.44121358,2.5512514
2.3923357,-2.1875763,-1.6314808,0.1378532,-1.4931587,-0.056034565,-0.34568855,1.9684895,-3.031702,4.108288
2.9016533,-0.05448257,-2.1459367,-0.4792538,-2.6189227,-2.2024555,-0.14320141,1.730625,-3.193925,5.9158077
4.715417,-1.5896112,-1.643316,-0.57892597,-2.3812597,-1.3553122,0.37859625,1.9098946,-3.013,3.7458124
1.7871649,-3.4673305,-0.2819559,1.9189042,-3.547467,-0.16899717,0.33854133,3.4435496,-2.1279187,2.7715545
2.1370094,0.26914975,-0.37944973,0.17203572,-2.7010176,-3.0628543,0.46268672,1.4341568,-1.9683437,3.6566586
2.1705086,-0.44082487,-1.0509382,-0.17320397,-1.1501676,-0.12634903,-1.154671,0.39194852,-1.0211511,2.8074608
2.1487603,-3.2112544,-1.3056172,0.6708347,-2.3091679,0.17835975,0.9615702,2.777008,-3.6219974,4.080988
2.608303,-1.9070213,-0.47983226,-0.930583,-3.2621834,-0.44585478,0.4773491,1.930792,-2.4967713,4.226017
2.5998037,-0.4612506,-1.2082075,0.8129481,-0.64197767,-2.2028947,-0.8285932,1.0594335,-2.3210273,3.1414561
1.8872049,0.07687793,-1.642899,0.9121275,-0.5114188,-2.7997632,0.083211064,1.215422,-2.091791,3.0396266
0.69794494,-0.7884884,-0.6486518,1.1180917,-1.4661127,-0.6532073,-0.52609473,0.8670555,-1.5499384,3.0617666
2.1093636,-1.9917378,0.31082115,1.0203475,-3.0763032,-1.5619692,-0.48803422,2.0130053,-2.017156,3.6142633
2.1110017,-2.0567226,-0.3588565,2.1086717,-1.9288529,-2.1293945,-0.30103788,2.094171,-1.4870865,2.2440987
2.380186,-2.9788277,-1.6063596,0.59328604,-1.9551764,0.41678312,0.080991805,2.2114854,-3.244119,4.1586533
3.0653818,-0.23774278,-1.2971684,0.44255957,-1.6455323,-2.8056998,-0.08117199,0.97048074,-2.471395,4.435337
2.3922625,-4.6480827,0.035441168,1.3366349,-5.839262,0.14849734,-0.6989628,4.9694057,-3.915769,6.31173
1.1499736,-0.8590871,-0.16998523,-0.6441417,-0.46396345,-1.0416067,3.6411123,0.7002357,-0.96054876,-0.3929686
-1.1805922,-2.0764904,1.9527217,-0.6894849,-2.1094942,1.1073574,2.9762728,1.9119409,0.7455518,-1.3788418
-0.22773802,-3.2017753,2.6441154,0.8822091,-1.8846505,0.67238295,1.4260306,1.4754002,0.45120335,-1.5133038
1.1680219,-3.1260753,2.6168342,0.25058588,-3.570509,0.007031679,2.563869,2.8892763,-0.07579598,-1.4822773
0.026757956,-2.606843,1.9251117,1.2095033,-1.1236694,-1.7717592,2.74461,2.5629365,0.0054703653,-1.6295066
-1.3004078,-2.5929124,3.4415526,0.16677567,-1.7339774,0.09187645,3.5216649,0.7365732,1.5850067,-2.5856557
2.002275,-2.3421006,0.97408754,0.05436588,-1.7532789,-1.7350472,2.163628,1.9641935,0.026467487,-0.35721612
2.006493,-2.6766632,2.0893028,0.2828652,-3.3407497,-1.3292543,2.6312454,3.2119231,-0.05926472,-1.2558697
2.036134,-1.6465448,1.3283073,-1.2460586,-1.2729942,-0.20385319,2.4364574,0.90355784,-0.33486554,-1.2372311
2.0601406,-3.4417148,-0.7276856,-0.062426843,-2.4632494,1.1836846,1.8274503,3.233374,-2.0002346,1.1293011
1.6761397,-3.181668,2.5685563,1.1628464,-3.0775301,-1.4932917,1.9973707,1.9122285,0.84798026,-1.7763954
1.7122009,-1.9543295,-0.115642965,0.73462206,-1.0755686,-0.500316,1.0961642,1.8795317,-1.0519652,-0.018521622
2.307644,-0.9761208,0.0492687,0.47540107,-3.216244,-1.8590521,2.891941,2.5045345,-0.5685066,-0.49425358
1.1096419,-3.8435564,0.8173106,1.5772122,-2.2778783,0.035737872,0.8567869,3.003118,-1.2843683,0.6227464
-0.15725505,-2.8232605,1.5821601,2.0131872,-2.3896759,-0.36810887,1.0971572,2.2072978,0.27488375,-1.0135096
0.2940719,-2.9588482,0.87917334,0.54980767,-2.1306815,-1.8592728,4.2508497,3.5270724,-1.1188672,-0.3756433
0.4306565,-1.5517441,0.61509424,0.23390085,-1.6836432,-0.8190292,0.7475267,1.7980679,-0.478079,0.8823494
0.19375473,-2.0084727,1.287872,0.67035407,-1.821673,-0.6407167,3.2728074,2.29628,-0.2664363,-1.5990185
-0.52757454,-3.7674718,2.4825168,0.023176469,-2.8538756,1.4365275,3.245197,3.7836156,-1.1862494,-1.5382462
1.0385499,-1.8258907,1.401225,1.1087466,-1.7863985,-2.5323453,3.2137213,2.1059828,-0.64706707,-0.74967414
-1.638574,1.4853562,4.147443,0.13865533,-0.6529354,-1.9124426,0.037974328,-1.5097562,4.8537045,-3.9667125
0.5221,2.235063,2.3426218,-1.547485,-1.5107254,-0.92308843,-0.38219792,-1.0242747,4.0505834,-2.9359965
-1.456904,-0.48658603,5.872575,-0.1335485,-2.9411764,-1.1874894,1.203121,-0.417986,5.7089043,-4.8363943
-1.7570466,1.7703748,4.265893,0.3803133,-0.92169356,-1.4702681,-0.36112756,-1.8288482,4.4037514,-3.8402643
-0.5316033,-0.6980449,2.6096187,-0.4502967,-1.6882061,0.80735934,0.6801213,0.100026235,3.138516,-3.0966666
-0.7632219,1.0536723,3.8167021,-0.57223094,-1.8403468,-0.8774172,0.30018657,-0.8244575,4.931487,-4.0873904
-0.36424088,0.9806975,4.861334,-0.5985985,-3.2893,-1.0860604,1.0918491,-1.0208007,5.3392296,-4.518056
-1.786875,0.3945765,4.1056027,-0.19919276,-2.675274,-0.88377297,0.15130115,-0.050486997,2.959156,-1.6485956
-0.4310304,-0.009011619,4.5423126,-0.8497411,-4.0490866,-0.7376467,1.6568174,0.5273938,4.1416984,-3.4519138
0.3597014,3.081443,4.428507,-1.4946986,-2.9927065,-2.5348911,0.5995998,-1.5888159,6.049202,-4.4224186
-2.736092,2.5270293,5.3060904,0.5599767,-2.7490666,-2.5050888,0.8885252,-1.408928,6.8132443,-5.3110456
-1.8627093,2.5228062,3.859792,0.6548265,-1.4073207,-2.1337156,0.24698856,-1.1456671,4.576401,-3.9936378
0.15840739,-0.1938197,3.8228743,-0.2615428,-2.4334047,-1.7661244,1.3802106,-0.030057132,3.3988278,-2.6827726
-0.3637262,0.05143764,3.8646104,0.4167683,-2.3509848,-1.8277727,1.1584,0.63400024,4.5044913,-4.734859
-2.6086159,0.082514144,5.6028776,0.77586156,-2.025188,-0.4700786,0.9137463,-0.5272314,4.9643784,-5.31269
-1.4947131,0.37145564,4.57892,0.47974584,-3.152004,-1.8828961,0.9977197,0.24910162,4.9314613,-3.779325
-0.33568707,0.25460774,3.2366354,-0.5285275,-2.4900596,-0.27343136,1.1871209,-0.1774715,4.1063876,-3.5142348
-2.4789371,1.004831,4.322077,0.65081644,-1.7303218,0.004720688,0.009194106,-0.9750839,4.922475,-4.8486958
1.021804,1.3106178,1.9979676,-0.791158,-1.5421603,-1.0878838,-0.11515239,-0.64879453,3.0187414,-2.6104922
1.1242633,1.201088,2.0119736,-1.1108699,-2.1297164,-1.2709762,1.6986487,-0.5425044,4.381408,-4.081405
-1.0256026,-2.6305847,-0.56855285,0.22639048,1.0964631,3.7434258,-0.116648644,0.5069198,-1.9444456,0.93111223
-0.53403664,-2.4155207,-1.0644186,-0.47173378,-0.042820536,5.2373657,-0.39849514,0.8919166,-1.3916177,0.21208493
-0.18091705,-2.2222114,-0.43220118,-0.47425082,1.0886095,3.8303494,-0.6406469,-0.15365355,-0.72188723,-0.34365702
-1.4085433,-2.3020582,-0.13564777,0.10418654,0.41965988,4.6566663,-0.6817157,0.5034726,-0.91765714,-0.3275387
-1.7874122,-2.1733575,-0.6310144,0.51801455,0.91659886,4.8953505,-1.771343,0.1088198,-0.8493197,0.6598956
0.6992317,-2.1237931,-0.21077839,-0.91615283,-0.3571015,3.5305004,0.58702177,0.7081044,-0.6941532,-0.76311684
-0.022183359,-1.060971,0.25633746,-1.319574,-0.74524033,4.153708,-0.4094076,-0.7503111,0.37038666,-0.43911487
-1.0844803,-1.9338119,0.15315083,-1.2326152,-0.30363476,5.39404,-0.58268845,-0.055933043,-0.73673165,0.39079547
-2.9956229,-1.4973996,-0.25558692,-0.28541625,1.3638117,4.812421,-0.6639138,-0.38109803,-0.6492554,0.34274167
-0.023771606,-2.1563451,-0.16157678,-0.73067725,-0.22184765,4.31571,-0.43698412,0.40002763,-0.6456164,-0.22832401
-0.48017877,-1.738289,-0.15206462,0.11422295,0.55684626,3.5798588,-0.49057528,0.6046046,-0.38020995,-1.1919432
-1.5507705,-1.2362187,0.046553306,0.117397554,-0.08824112,3.364429,-1.1753628,0.014416054,-0.055007607,0.4475838
-1.755071,-2.5552835,0.10344613,0.75162256,0.1413692,3.5344458,-0.80649495,0.73074263,-1.5090864,1.1954194
-1.3642195,-2.0447845,0.5022877,0.4915386,-0.28173533,3.627523,0.0025679916,0.43100888,0.08645241,-1.0568714
-0.7924024,-1.0925193,-0.09018003,-0.33579,-0.16556898,3.7553215,-0.23288694,-0.3608094,0.2709005,-0.7212061
-1.7104468,-1.9542136,0.0020640567,0.29211938,0.48904186,4.1418304,-0.10170025,0.64997333,-0.40297154,-0.88979846
0.24251431,-1.4148326,0.5485016,-0.6841767,-1.6060144,3.292757,1.0528343,0.18598406,0.34897906,-1.4018239
-0.5863671,-1.7792847,-0.39703834,-1.0615292,0.16253707,5.732382,0.015007034,-0.29171988,-0.2879142,-1.3186693
-0.64513826,-2.362384,0.0946017,-0.4097399,-0.28034732,4.6165066,0.37821782,0.26568055,-0.10286701,-1.4068173
-0.27710173,-1.8708935,0.5912178,-0.38317338,-0.097701065,3.1807628,-0.5065063,0.168669,0.5066545,-1.2548791
-2.7208238,-1.0553126,-1.6712866,2.6584523,4.3028903,-0.7243296,-1.5329971,0.18268095,-2.286246,2.1119525
-1.5322815,2.111242,-2.4904478,0.7973978,4.2265997,-1.6892058,-1.9823372,-1.3424966,-1.0371203,2.0837443
-2.9608774,-0.52584136,-2.1916394,1.2983596,4.741886,1.6055347,-0.8365222,-0.4758252,-1.7607203,1.0004994
-4.1581125,-0.3477298,-0.45241675,2.4254563,5.1689873,0.29490682,-1.8986056,-0.82938075,-0.32068536,0.035671934
-3.7473543,-1.8735232,-1.0236385,1.8566755,5.7744865,1.3755403,-1.9677782,-0.6472136,-1.3392333,1.0948237
-3.03656,0.47832894,-2.8708813,1.6458815,5.561288,-0.15168244,-2.568627,-1.1869291,-1.8817122,3.2176151
-5.322362,-1.079613,-1.7002531,3.1767092,5.679235,0.011248052,-0.6371091,-0.2594278,-1.3143637,0.8205684
-3.9618485,1.5377535,-2.7310264,3.1641583,6.029384,-1.1007048,-1.800205,-2.011306,-0.8790927,1.5446234
-3.013531,-1.0844233,-2.0402489,3.4351356,5.3326573,-0.9090408,-0.96233577,0.29767805,-1.7674699,0.24168925
-4.772916,1.0680943,-1.6773788,2.8590524,5.932692,-1.4325267,-1.2102339,-1.0012548,-0.4258872,0.059115157
-3.9657688,-1.570089,-2.010852,2.7123034,8.237473,0.29738116,-1.9705923,-2.1496398,-1.60689,0.91738325
-3.0057406,1.6077993,-3.5928745,1.5859532,5.437469,-1.9909753,-1.3224936,-0.5447299,-2.5629177,3.7345345
-2.4063566,0.12612739,-1.9015796,0.9962114,4.2063894,-1.1477958,-0.9642715,-0.37197226,-0.5748528,1.5721295
-1.971617,0.73011035,-0.84035903,0.7205116,4.2263174,-0.34447515,-1.4077156,-1.4474626,-0.41207305,0.62093174
-4.2252235,-1.5658249,-1.4898738,3.0311863,4.6300864,-0.15429556,-0.4348265,0.6010737,-1.47804,0.7436809
-2.7474828,0.48762137,-1.3085994,1.9437698,4.339834,-0.87028193,-0.9979067,-0.9474059,-0.4000248,0.43338186
-4.108327,-0.01159998,-2.2202647,2.9403653,4.36574,-1.3328568,-0.49755484,-0.24223495,-1.5986658,2.173682
-4.2117043,0.6551406,-0.5339157,2.10026,5.3470135,-1.0520563,-1.00311,-1.3036948,-0.91779196,0.59037334
-3.9527144,-0.5660705,-1.5360117,3.686986,5.233795,-0.85558915,-0.959415,0.06352557,-1.2303228,-0.13332362
-3.0314214,0.1673376,-1.5876305,2.3252304,4.3429294,-0.4685489,-1.007043,-0.74215114,-1.5052632,1.355814
