-2.338029,0.9902543,-1.8515447,2.227053,3.9845102,-0.4920008,-1.6987573,-1.1144091,-0.0032621361,0.07167794
-1.5859153,0.63877404,-2.1051495,2.8091004,2.5123472,-1.030487,-0.75972056,0.4061435,-0.5334496,-0.6553616
-0.4668878,0.6819931,-2.902084,1.5639106,3.7781503,-0.21315646,-1.2389123,-0.5888436,-0.4765081,-0.33352357
-0.43599063,1.4182941,-3.093435,1.4488143,3.5324228,-0.40626046,-0.88021004,-0.36754373,-0.5766176,-0.84561604
-0.9473015,0.35455742,-2.544094,1.2247223,4.3268037,-0.19411662,-1.4080485,-0.72495705,-0.53082144,0.17347877
-1.5703689,0.37025192,-1.8999696,1.9788398,3.5821211,-0.48953167,-1.0023978,-0.4863548,0.031973924,-0.5692563
-1.096678,0.99730444,-2.485632,1.910679,3.6622152,-0.533502,-1.0515758,-0.7632446,-0.7152095,-0.1664152
-0.90123343,0.33508852,-2.9140227,1.6560035,4.2100663,0.023288697,-1.1051546,-0.7080349,-0.8257335,-0.009733722
-0.7185074,0.06373009,-1.8255314,1.982955,3.1478016,-0.69169664,-1.3906054,-0.074688986,-0.91194975,0.07078089
-0.8163619,1.3653063,-2.7866914,1.5482364,3.9088368,-0.5276489,-1.0691973,-0.84995794,0.41887787,-1.3742638
-0.76595163,0.2233732,-2.1095564,2.2727463,2.9340684,-1.0346824,-1.0497113,0.16746908,-0.48581308,-0.35729164
-0.57244724,0.9669572,-2.3347852,1.1295404,2.7724729,0.078030616,-1.0303955,-0.54576266,0.12264201,-0.68901175
-0.8836994,1.1358008,-2.9481342,1.9461216,3.7337925,-0.45425537,-1.1739554,-0.4594495,-0.79329264,-0.29027647
-1.7076209,0.22806653,-0.61239904,1.000371,1.4731035,-0.114938885,-0.20461571,-0.151395,0.2918257,-0.31224537
-0.24715891,0.01188013,-1.734231,1.7481127,2.35934,-0.24121425,-1.168788,-0.15668735,-0.19729486,-0.58567184
-0.5128354,0.38835517,-2.1400816,2.1140697,3.3622282,-0.8003199,-1.6539327,-0.25964117,-0.28860056,-0.3769619
-1.408084,0.952759,-1.987908,2.000461,2.9322915,-1.2373798,0.053182185,0.18943176,0.0010064803,-1.5403521
-1.207746,0.4774368,-1.1935974,0.82406056,2.7957833,-0.0400597,-0.050401747,-0.63639605,0.81147313,-1.9168351
-3.7735431,-0.7375513,0.41903958,2.9227386,2.1987681,-0.3392187,-0.42581522,-0.009608243,0.36462137,-0.7621017
-3.185424,0.24922922,0.30048752,2.669684,1.8563771,-1.0761161,0.06322235,-0.2956405,0.7841828,-1.4679161
-2.9701533,0.72990537,2.9494812,0.14968194,-2.029625,-0.8056812,1.9233528,-0.24489969,2.8085856,-2.5506606
-2.3296957,2.1091132,1.809271,-0.5996812,-1.9938996,-0.8457426,1.9925097,-0.10180844,2.7381012,-2.5633245
-3.7405424,1.3543333,3.6234715,0.5944721,-2.6107054,-0.90080523,1.3806101,0.19392762,2.9737225,-2.8755488
-3.8232791,2.0814252,3.1878972,0.81284505,-1.952678,0.16863716,-0.6425292,-1.0178255,2.615396,-1.3630859
-2.377145,1.8109547,1.750115,0.51515394,-0.9477403,-0.6958078,0.5529818,-0.52727544,2.447628,-2.5292282
-3.3921247,2.1671026,3.126241,0.94653374,-2.1380975,-1.0685503,0.340748,-0.29541805,2.789609,-2.4454432
-3.6112447,2.2304864,2.49883,0.4792844,-1.9485054,-0.76686037,1.5371147,-0.41017744,3.0472941,-3.0211496
-1.5219927,1.0250565,2.0626256,-0.05409724,-1.5208817,-1.1586539,1.1557198,-0.10536829,2.3678007,-2.3387096
-1.446854,1.7077688,0.9331291,-0.22893003,-2.1712718,-1.3931016,2.3898735,0.3699864,1.9098396,-1.8059869
-1.0448778,2.199154,0.98633057,-0.90471715,-2.3367124,-0.7984506,2.702199,0.24115507,1.8672966,-2.511008
-5.10918,2.2324543,5.226116,-0.40466315,-3.0125253,0.91643786,-0.18483657,-2.129402,4.3207784,-2.0578363
-2.9304898,2.4064298,2.1264975,0.3530729,-1.3207314,-0.73557127,0.98417413,-0.7193424,2.9182162,-2.9561062
-2.3730812,3.0689116,1.1662893,-0.40984914,-1.8767909,-0.5070063,2.0223222,-0.592482,2.0389514,-2.2407384
-2.8463988,1.8388103,2.0348861,-0.3355949,-1.480427,-0.48778352,1.8297852,-0.9896116,2.4716384,-1.8919666
-1.9905543,1.4561996,2.391349,-0.073167324,-1.8322073,-0.76130414,1.3125614,-0.5417785,2.4528208,-2.4164038
-2.9023108,1.7146348,1.8326672,0.25958404,-1.0634632,-1.364375,0.93613887,-0.38952887,2.2942653,-1.2244623
-2.1284232,2.428368,1.6217908,-0.24489433,-1.7883626,-0.8325683,1.8417264,-0.34224465,2.5646932,-2.8868568
-3.8007214,2.2194242,3.1675055,0.21671735,-1.9509617,-0.6182945,0.96792436,-1.1937691,3.1153927,-2.0064125
-4.5987887,0.6754339,3.7517498,1.0285555,-2.0740607,0.051564485,-0.19966644,-0.6878426,2.2349358,-0.4165917
-1.7428563,0.8980628,1.5561031,-0.27769145,-1.1761107,-1.0074216,1.90947,0.112368464,1.6544579,-1.7780066
-2.184235,-0.010012239,0.36785755,2.4745286,-1.2414947,-2.4607534,0.9139204,1.5225374,-0.92824876,1.5731317
-2.6017418,-1.1569632,0.7542527,2.661887,-1.0408145,-0.86608577,0.701568,1.4917693,-1.280992,1.2620754
-2.5935192,-0.84126675,1.9099014,2.7580702,-2.0289323,-1.0292948,-0.14549902,1.2370385,-0.5148312,1.200899
-3.500798,-0.9183148,1.1558435,3.0865319,-1.0808542,-1.4800513,-0.7183829,2.0989602,-1.0424668,2.1651223
-2.794448,-0.29760128,0.48878226,2.6199455,0.96406835,-1.1596482,-0.11415228,0.37375,-0.2316418,0.020397082
-4.5243597,-0.84923947,1.6673,4.0831404,-1.1336554,-1.1972755,-0.50134647,1.5564862,-1.0924675,1.8589498
-3.0585372,-0.5435076,1.3517144,3.8116434,-1.1960362,-2.4981883,-0.51564825,2.1399977,-1.3092675,1.709265
-3.2109056,-0.58818614,0.7248584,4.730696,0.6097266,-1.7855769,-1.561275,0.90197396,-0.59782326,0.38864046
-3.2792456,-0.22579017,0.6126452,3.6766136,-1.1635069,-1.8052324,0.36090842,1.5861088,-1.1825484,1.3335322
-3.1571012,-1.4195551,1.1750436,3.8632956,-0.9757797,-2.4577758,0.68736964,2.4809911,-1.129189,0.8762168
-3.7289848,-0.55315185,2.2272367,2.8775222,-1.5805644,-0.7529652,0.108220756,1.0387994,0.32421723,0.17414974
-2.1577816,0.94215286,-0.36769393,3.404442,-0.9246283,-2.1587334,-0.06782578,1.3547522,-1.0681434,1.1689285
-2.7758021,-0.549402,1.1357538,2.9521854,-1.7337499,-1.9089974,0.5082876,1.8636204,-0.6047611,0.9858379
-1.7549667,-0.057899743,0.45077044,2.556266,-0.7845184,-1.7771248,-0.2775295,0.81405705,-0.5545919,1.1884681
-2.3597953,-1.1705247,0.94356275,2.8805642,0.47367483,-2.1707537,0.2732365,1.2782909,0.24521938,-0.7664593
-2.5396883,-0.84270394,1.0910162,2.9092338,-1.0095142,-0.72163725,-0.09065342,0.9111616,-0.79827595,0.8791966
-2.7042837,-0.56869483,1.0835978,2.692839,-1.4812222,-2.4675338,1.8066565,1.8987519,0.046764757,-0.23352139
-3.4447975,-1.0282313,1.580993,3.7147555,-1.639415,-1.8013904,0.063857645,1.902187,-1.0162241,1.4658293
-3.9481633,-1.3057672,2.5153365,2.8671014,-1.0578992,-0.7967298,0.0045113266,1.4677399,0.063174635,0.13917188
-3.2608283,0.45848057,2.4617167,2.0155652,-2.272951,-1.3428669,1.5784726,1.4446322,1.0826454,-2.2105231
-1.2602478,-0.3904354,0.5858463,2.1854105,-1.1500046,-1.101046,0.45926112,1.5718952,0.6728431,-1.5633383
-1.7987273,-1.267857,1.0052623,3.0582292,-1.5222214,-2.464339,1.3801486,2.5724597,0.32601205,-1.2831506
-1.2523828,-0.4001263,0.1724639,2.3633697,-1.1208565,-2.3329628,1.4955345,2.6925287,0.034215238,-1.6256982
-1.8891821,-0.77820146,-0.091716416,3.817616,-0.78117824,-2.8153627,0.6013682,3.8216374,-1.501508,-0.5448067
-3.0097265,-1.6855407,1.9956622,4.289558,-1.611683,-2.7288983,1.2724187,2.7961347,0.34960976,-1.8728937
0.29809076,-1.3853946,0.7627867,0.7718844,-1.4509798,-1.9993314,1.9220676,2.0496147,-0.34390724,-0.92420834
-1.6576204,-1.879047,0.8045494,2.1502824,0.114924036,-0.65904796,-0.4347428,1.4083499,-0.20983562,-0.017953083
-2.3870234,-0.28931212,2.071903,2.2999082,-2.5286796,-2.6668267,0.88981676,2.3895938,0.50877905,-0.1739897
-0.43858662,-0.6950499,0.7489932,1.8644749,-1.5602047,-2.3502576,1.336053,2.262123,0.52973723,-1.6380453
-0.57184947,-0.9351412,0.770539,1.8483487,-1.4338688,-1.9601237,1.701574,2.327498,0.57997096,-2.2692556
-2.7363408,-1.6376024,2.7232502,2.5137775,-1.3695122,-1.2149736,0.33564734,1.5206678,1.3326595,-1.7918359
-3.4901588,-2.3117473,2.9044425,3.3694735,-1.1641265,-1.2443265,0.68196046,1.3975751,1.0892125,-1.5697249
-2.181809,-0.83003414,0.61303085,3.3212943,-0.54158044,-2.3255293,1.03361,2.4795692,0.11652252,-1.5538666
0.21821518,-0.36109102,-0.26476628,1.7141206,-1.006643,-2.233024,1.7442282,2.0269413,0.7243377,-2.5304956
-2.3135943,-1.1094108,2.747514,1.7352457,-2.6592343,-1.2792853,1.5591712,1.5355481,1.3537728,-1.4737698
-1.1641364,-0.28902313,-0.32486364,2.4705515,-0.956311,-2.1913207,1.5865418,2.4761627,0.15468177,-1.8762933
-0.28947592,-0.9467734,1.4029824,1.4880617,-2.044569,-1.7351502,2.0749197,1.3661371,1.2044622,-2.5211158
-0.732998,-0.35832673,1.7419692,0.8003572,-1.8511605,-1.4474291,2.1144094,1.1486552,2.0669153,-3.2522392
-0.5530486,-0.76338243,1.1866513,0.57637376,-2.045636,-1.0873946,2.104479,1.4766911,1.3376056,-2.0376623
-2.8865721,-0.24614605,4.9147663,1.289505,-2.930958,-1.4455714,0.2180734,0.38113865,3.7207446,-3.2631989
-5.0912166,-1.3653373,6.2024016,1.4396513,-3.1034143,-0.43492982,0.5155423,0.10025981,3.6865149,-2.325419
-3.5333154,-1.0827683,5.845106,0.9144245,-2.9372027,-0.1311203,0.75241876,-0.59511256,3.7478976,-3.2361376
-5.1390553,-1.115916,6.4262094,1.2566228,-2.34302,-0.25425038,0.755974,-0.55441,4.1971693,-3.5985472
-4.6763563,-0.7227007,4.8867702,0.72001034,-2.4183013,-0.36321685,1.7807786,-0.19370893,3.1021302,-2.4770186
-4.7699876,-0.93661046,5.998432,1.3421901,-3.099755,-0.79460263,0.9699896,-0.07725081,3.8195179,-2.6475742
-2.8218167,-1.2334696,4.483371,1.6598682,-2.667414,-1.5592508,1.1682419,0.66946495,3.0306942,-3.0232778
-2.254749,-0.55724853,4.642871,-0.035703946,-2.9798522,-0.9781114,1.5996827,0.057270538,3.586762,-3.224515
-1.8068893,-0.6971059,4.239044,-0.17734295,-2.5496678,-1.0805699,1.2714175,0.09321213,3.5514576,-2.9865274
-4.7578673,-0.62372947,6.5207453,0.8122042,-3.611223,0.027418345,0.4126497,-0.6753498,3.8718705,-2.3840222
-1.9266732,-0.23177373,3.9817693,0.3033942,-2.6708567,-2.0650094,2.291551,0.6634239,3.242413,-3.6531906
-1.6599779,-0.48300803,3.9570613,-0.1094861,-2.2643456,-0.4992052,0.711478,-0.21438444,3.6294043,-3.2763762
-2.2445621,-1.6422019,5.20463,0.5626689,-3.2072117,0.44697684,0.13379958,0.107246906,2.7926955,-2.4047751
-3.586122,-0.6091695,5.4516053,0.2703696,-3.0389843,-0.22695342,1.0534141,-0.4060396,3.5288665,-2.4824612
-2.9110382,-1.4888154,4.3440366,0.8650376,-3.1129847,-1.2854768,2.9458566,1.327036,2.778195,-3.5734472
-1.194222,-0.6475991,3.4412637,0.47252253,-2.3101013,-1.1019332,0.54867506,-0.02271906,3.253707,-2.4781222
-2.822358,-1.416833,3.5612838,3.0754814,-2.135964,-2.0360916,1.3024032,1.8315364,0.9972044,-2.5824037
-4.5127077,-0.8118551,5.502754,1.839581,-2.9797661,-0.60961473,0.56911755,0.06513277,3.2583148,-2.4848526
-4.8740187,-1.8332685,6.2575035,2.279957,-2.5303266,-0.103057116,0.48275635,-0.25585327,3.8594136,-3.615026
-4.396575,-0.82629883,5.7427115,0.45873758,-2.8433917,-0.38069406,1.2408072,-0.017322872,4.1682935,-3.3850598
-3.8104777,3.0542626,2.7645795,0.08820805,-1.2929785,-0.59086645,0.023388237,-1.4687208,4.1487904,-2.8061738
-3.478423,2.2621322,4.310238,-0.80956894,-2.6385496,1.495978,0.10178438,-2.345203,4.8591,-3.7745688
-2.2586758,3.3901067,-0.23373067,0.55371016,0.5011119,-0.45631322,0.037005916,-1.6734377,2.2079692,-1.9256638
-3.85679,2.394092,4.6424246,-0.20979685,-2.1860907,-0.27449822,-0.54595166,-2.3900435,5.671637,-3.4593272
-4.1582375,2.3192475,4.746559,-1.4239973,-2.8487241,0.3318799,1.330588,-1.7665056,5.022823,-3.4400826
-1.2687918,1.9595126,1.1154195,-0.5099277,-1.1933095,-0.4676108,1.5759192,-0.4991667,2.8814082,-3.3227608
-2.156948,0.6556058,2.0496237,-1.5676639,-1.9142487,6.28522,-1.7150842,-3.1431892,1.1009202,0.12759234
-3.2615893,0.80707014,4.810689,-0.7438658,-2.700003,0.5784563,0.2780062,-0.823303,4.5967293,-3.808559
-2.4773645,1.6396267,2.9033988,-0.4573227,-1.9916427,-0.67595863,1.452248,-0.50468314,4.5389514,-4.3444247
-3.9692779,1.3279493,5.1345286,-0.6404415,-2.419061,-0.07650289,0.6546969,-1.3987068,5.455959,-4.2581778
-2.1368055,2.8827367,2.1873467,-1.1114916,-1.6341226,0.38277012,0.5280463,-1.5739788,3.3671203,-2.7988324
-3.2616115,2.8253498,4.3155713,-1.1300521,-2.8167412,0.1665096,0.3723209,-1.7192886,4.988152,-3.6782618
-2.9503458,2.8694916,3.0270443,-0.7839074,-2.482999,-0.3144057,1.1228464,-1.326841,4.2334037,-3.2299647
-2.2573037,1.5257583,3.1428716,-0.84063303,-1.8761802,0.1429659,0.41633725,-1.0216522,4.2312217,-3.5732603
-2.846239,1.2117046,4.274491,-0.63671666,-3.0677953,-0.18872264,1.111251,-0.7912781,4.6909037,-3.8912969
-3.43621,1.3887634,4.105969,-0.4388741,-2.6487422,-0.5762396,0.67738104,-0.4102135,4.4288735,-3.1640534
-2.0632432,3.7899842,0.8520871,-0.34263957,-0.56301993,-0.55359364,-0.26134753,-2.0071309,3.649608,-2.337391
-2.3432357,1.6989068,3.1482522,-0.66037935,-2.0100484,-0.7584171,1.7257689,-0.9825598,4.2698636,-4.163875
-2.2372942,3.7957506,1.9671862,-0.09034717,-1.6387833,-1.2150314,0.47896537,-1.3177519,3.6142712,-3.165156
-1.1622535,1.6882778,2.7273686,-0.7043471,-2.3227186,-0.3685442,0.74689305,-0.62615645,4.1461854,-4.0929627
-2.2869253,-0.82386017,1.0459902,2.0514226,-1.8659508,-2.4527547,1.6621054,2.4904544,-0.17937937,0.3703341
0.4024223,-1.8505129,0.7123383,0.33254352,-1.4580495,-0.8611227,2.2608867,1.4126829,0.39267203,-1.4373556
-0.23391505,-1.2392974,1.1181686,1.9528157,-1.0862417,-0.94504786,-0.5669131,1.1364771,-0.6144365,0.37078255
0.4128848,-0.6609624,-0.5565035,0.96269673,-1.240483,-1.6850289,2.2583017,1.690049,-0.12313351,-0.7122531
0.76017815,-1.3490106,0.5014192,-0.4797503,-1.6978794,-0.7178427,2.750011,1.6784493,-0.0057410337,-1.1105024
0.07055383,-0.5274621,0.7579824,0.36939615,-2.0807588,-1.1907529,2.757625,1.3701187,0.8650082,-2.2591348
1.0480766,-1.6096683,0.122413926,-0.36669675,-1.8523256,-1.2467997,3.615293,1.7937421,0.10958555,-1.4589795
0.15100557,-1.3715655,0.4868496,0.929892,-1.310072,-0.937142,1.7163675,1.4997847,-0.13205239,-0.94790095
0.38661975,-0.78548837,0.2899525,-0.8446751,-2.174362,-1.6348475,4.6075125,1.7977417,0.94003165,-2.1285486
4.0850997,-1.2224423,-1.9728876,-0.27669337,-0.9916304,-1.2644135,1.1472385,1.7523216,-1.8457489,0.8129136
1.5985446,-0.80505896,-0.4706967,-0.18394396,-0.9182146,-1.251681,1.7439862,1.3256189,-0.47376716,-0.47311223
2.5727706,-1.3205066,-1.2687129,-0.18767229,-1.415944,-1.6599929,2.049274,2.3929079,-1.5868933,0.5128723
2.2979536,-0.42336142,-1.5863956,0.6554965,-0.31303146,-1.3600129,1.0279624,1.4058776,-0.42217523,-1.265417
2.7226362,-0.71549594,-1.7105802,-0.7428448,-1.1766753,-1.2291306,1.6740206,1.7368838,-1.186313,0.8100942
2.4085495,-1.189485,-1.342578,0.8580124,-0.35938832,-0.85977435,-0.17923605,1.3218704,-1.0008451,0.38013178
0.4513904,-0.20841476,-0.015297957,0.5686899,-0.9819206,-1.7155993,1.981681,1.164691,0.8074182,-1.9229441
2.2508013,-1.6028049,-0.49902168,0.43552238,-1.114286,-1.1625453,0.5050769,1.4970797,-0.991185,0.48604697
-0.59904134,-0.91929257,0.24146163,1.6770921,-1.5971148,-2.4748037,2.6900496,3.0121653,0.112512946,-2.018079
1.3618861,-1.5480297,-0.15896294,0.40884578,-1.7448726,-1.2064701,1.7491785,2.1521776,-0.69961596,-0.3136983
-0.4017283,-2.022052,1.4039727,1.5508256,-1.7819176,-1.6119019,1.1355196,1.979416,-0.35751602,0.07688533
-1.1310089,-1.5867919,2.860965,-0.228578,-3.6034222,-1.6479843,5.000046,2.395786,1.6072884,-3.477668
-1.2745893,0.088091075,1.8119196,0.13198248,-1.9401628,-1.4653455,2.543841,1.0268096,2.1063573,-2.9417753
-2.4511075,-1.3544829,3.3619695,1.2472761,-2.4089494,-1.6690909,2.6350875,1.1901133,2.066599,-2.6971402
-3.2200918,-0.22496653,3.6373336,0.78291243,-2.741593,-0.55579877,1.1552293,0.45475054,2.5466778,-2.0403597
-2.6419446,-0.9945489,2.8278491,1.7004688,-1.8515762,-1.2285424,2.0936823,1.1237842,2.4999235,-3.6512756
0.46186852,-0.51017237,0.05834373,-1.3798366,-1.8088304,-0.090274245,4.335926,1.346603,0.93417466,-2.9158807
-1.7165637,-1.283842,3.6410458,-0.40521345,-2.4686072,-0.76791596,3.0130558,0.6678918,2.5671632,-3.4205256
-1.9802835,-1.4867977,3.9273055,0.6116429,-3.5782645,-1.5854927,3.0127454,1.6994233,2.167171,-2.890698
-1.7284551,0.06531772,2.8364432,-0.28287286,-2.6201308,-0.25519928,2.4109783,0.13154107,2.5597844,-2.8787653
-0.84563696,0.67940223,1.1150291,0.21958946,-0.79700047,-1.5021831,1.2279702,0.17050776,2.6451836,-2.9815423
0.22140971,-0.021437496,0.96404284,-1.5246241,-2.5936275,-1.1118193,4.9076796,1.4045317,2.5169125,-4.368878
-0.30770126,-1.0640284,1.4089357,0.22130331,-2.2433615,-1.7766926,3.4284492,1.931742,1.5537966,-3.103321
-1.3164968,-0.7075194,1.7793661,-0.00046967342,-2.457869,-1.0265294,4.1641493,1.5295305,1.9757798,-3.5504107
-0.40529922,-1.1110332,1.6127533,0.5200291,-1.8585021,-0.54095674,2.0262136,1.1916736,1.4512625,-2.9308467
0.27046654,0.21700087,0.83034486,-1.857307,-2.6562464,-1.4714603,5.1284924,1.8624519,1.6137023,-3.5922103
0.42592812,-0.95799315,0.42872575,-0.39709285,-2.3128457,-1.3949852,4.2791715,2.0639794,0.48537245,-2.2418885
0.15397911,0.8929795,0.81444985,-0.97496825,-1.3243599,-0.71251976,1.9717833,0.075184375,2.5809364,-3.1881099
0.30968955,-0.2026583,1.5755166,-1.0986108,-2.3824437,-0.60890675,2.8375401,0.68336904,2.2391174,-3.3026662
-1.137581,-1.3589443,1.2884543,0.75678736,-1.3202624,-0.6034231,2.6624212,0.8604123,1.1056254,-2.1090732
-1.8028938,-1.259287,2.7969275,0.63857085,-2.3448102,-1.1369522,3.0988488,1.6912596,1.7732536,-3.2275028
-1.2984297,1.3481107,-2.7500463,-0.70814764,0.43618757,0.3114845,-1.1811056,-0.63605154,-3.0653179,7.473044
-0.03288603,0.14956447,-2.6840734,0.045165177,0.72391015,-0.3235791,-0.8272641,0.5656332,-3.124327,5.510875
-0.47073537,-0.36018464,-1.9772686,-0.21434757,0.464292,0.04207827,-1.383073,-0.008517642,-2.7995565,6.527546
0.7920808,-0.8918536,-1.5740272,-0.17171454,-0.3020515,0.07662909,-1.5655179,0.61674917,-3.2537918,6.228313
0.12944072,-0.5675283,-0.69754726,0.50355875,-0.7256419,-0.518747,-1.3599383,0.19946662,-1.7624454,4.733475
0.49408823,0.07362625,-2.3572,-0.18015075,0.52691644,-0.7174467,-1.2972385,0.23070934,-2.4648907,5.637859
0.44929022,0.31699327,-1.9934455,-0.58805525,0.5432111,0.812204,-2.3424058,-0.57578224,-2.0208156,5.1985917
-1.0340333,-0.03598103,-2.2166038,0.9393011,1.0001343,-0.28118402,-1.9180151,0.43602994,-3.1663942,6.180913
0.028630434,0.7640196,-2.2203681,0.26539594,0.7052401,0.1555008,-2.1780648,-0.7728641,-1.6500465,4.7007275
-0.34151348,1.0626535,-2.8388507,-0.18939503,1.7583649,1.0110909,-2.0568566,-1.1068004,-2.0694802,4.4608536
0.14212856,-0.21639502,-1.8678538,0.061218854,0.9109736,0.28133664,-1.6869953,-0.54178,-2.0872967,4.786057
1.3826619,0.168066,-2.6492107,-0.745641,0.063759394,0.5056075,-1.7785597,-0.21629244,-3.1541266,6.199985
0.15152137,0.22818199,-3.8076723,0.1929352,2.3131964,0.6760423,-2.3707948,-0.29589832,-3.7496748,6.3502955
-0.08455908,-1.251948,-1.9282984,-0.15872332,0.15785804,0.29514986,-1.656352,0.6196909,-3.3456676,7.0419083
-0.06316796,0.9711901,-1.9850913,-0.4449357,0.6777949,0.42789963,-1.8200713,-1.178995,-2.5516682,5.7601867
0.2413098,1.5153795,-2.3659449,-0.43492112,0.7278351,0.34606242,-1.5949224,-0.81674075,-1.6061769,3.924604
-0.3124625,0.12210488,-1.2599559,0.092841774,0.107734926,0.10961589,-0.8313221,-0.28336683,-1.6156013,3.7775111
-0.1597547,0.87833464,-1.9863073,-0.985213,1.3479464,1.3644936,-2.0766888,-1.2536707,-1.9376416,4.4656925
-1.0094849,0.70056045,-3.0723646,-0.52416515,2.8429253,1.9368912,-2.561335,-1.2042105,-2.6182654,5.233372
0.6664104,-0.14157277,-2.2375462,-0.21765667,0.79448634,0.5820949,-2.054275,-0.6969442,-2.25657,5.366986
-0.36629742,1.4741919,0.108424164,-1.9051424,-1.2776008,4.505798,-0.16240382,-2.043407,0.8360697,-0.9924063
0.5227956,0.17544279,-0.1724945,-1.2316766,-0.8528395,3.5123756,-0.536938,-1.2147018,0.32643598,-0.5396119
-0.13846764,0.03684798,0.7701202,-1.9629604,-1.4782372,2.7610862,1.5553694,-1.0602946,1.6832739,-1.9618477
-0.75930053,-0.024205178,1.3668561,-1.3874097,-1.8100977,3.1637547,1.4419179,-0.9919059,1.2465246,-2.230128
-1.4618993,-0.2598402,2.7664533,-1.3003604,-2.3501,3.0355742,0.19643241,-1.1509298,1.4136817,-0.93196636
-1.2628639,0.15197769,2.164825,-2.183902,-2.2629478,2.7317393,1.942276,-0.9311901,1.6708829,-1.8694903
-1.4767984,0.06688315,1.5561014,-0.34617507,-1.8727183,3.7106192,0.050076604,-0.93015796,0.70047843,-1.511284
0.7835912,0.10256398,0.9202244,-1.9477106,-2.401921,2.93379,1.0026566,-0.6220781,0.7391683,-1.488132
-1.114104,0.9932394,1.3278925,-1.5765111,-2.0629807,3.572522,0.8349278,-1.4681666,1.8361784,-2.2309234
1.7446194,0.9300455,-0.9085659,-1.6209769,-1.4374841,2.675295,0.30592152,-0.60211277,-0.061476383,-0.89724046
-0.8583451,0.59423614,1.5792569,0.17195396,-1.7417998,-0.6607368,1.3990563,0.5776142,2.5146563,-3.5479345
0.7422115,-0.71948993,1.0672927,-1.1875979,-2.0951638,2.5058734,0.5301485,-0.3329788,0.12863106,-0.6286265
-3.799604,-1.6514256,5.7696295,1.1520883,-3.2690828,0.51936525,0.219057,-0.19360593,3.0730212,-2.2313652
-3.5874312,0.55012417,3.9495633,-0.93179065,-2.5815647,2.9815412,0.85886943,-1.479149,2.7019072,-2.4981787
-2.5851076,-1.2748351,4.6306663,-0.6206027,-2.3220322,0.31984958,0.97167724,-0.46933886,3.297873,-2.4373527
-1.5209551,0.19155201,2.5067856,-0.6424621,-1.9811224,2.4316835,0.006722912,-1.2780968,1.6629803,-1.5098964
-2.5145593,-0.022484392,2.6152232,-0.52950317,-2.434745,3.1603127,0.35325855,-0.8394321,1.119988,-0.92705804
0.77429855,-0.18474603,0.3440703,-0.99792224,-1.3151538,2.7966177,0.59362257,-0.67963177,0.2899532,-1.6655918
-3.269675,0.107313424,2.9405787,1.1282377,-1.2714007,-0.53330684,0.14377634,-0.34398422,3.1654162,-2.2520187
-2.7369099,-0.37196657,2.696876,0.103813276,-1.4294245,3.2124422,-0.08669314,-1.2149845,1.7034984,-1.9981742
