-4.0826445,-1.2997451,11.682698,-4.258848,-18.576204,-5.536003,16.86369,10.583354,18.529007,-23.326208
-5.30652,-4.1371684,10.524035,-4.247389,-13.23311,-1.841908,14.964864,9.66209,13.344674,-18.877073
-6.5154605,-10.33341,19.779184,2.1093326,-15.3268795,-6.7606497,13.544301,11.085619,14.8897,-21.478943
-6.6796007,-9.448662,20.858809,3.1393757,-19.436108,-1.6758447,10.680574,8.10327,17.8072,-21.987064
-8.314774,-4.751915,18.241869,4.9346285,-12.1021595,-5.3994436,10.939548,6.7158237,19.638525,-28.643007
-10.792727,-10.890905,21.66556,8.299637,-19.127066,-5.7697077,9.080952,15.564909,11.4806185,-19.8335
-9.974972,-12.110086,15.017094,8.210392,-18.203596,-0.06405127,4.7907705,20.164845,7.918877,-14.906266
-10.524488,-8.913752,20.990885,5.9559817,-18.166172,-1.9364293,10.642134,11.904616,21.297394,-30.160898
-2.9431548,-12.4817705,10.914313,3.9519668,-18.812597,-0.28221345,11.811269,15.440732,13.505285,-21.74961
-9.914221,-8.021343,14.030518,7.471317,-12.31145,-8.600853,9.05133,16.760696,12.162849,-19.824581
-3.4044888,-16.747967,7.5596175,11.61595,-12.429268,-10.241709,11.0299015,22.018414,3.9899104,-12.188923
-16.213837,-8.057847,24.691721,7.3262787,-11.113195,-4.139786,8.713568,6.009892,17.961628,-23.400444
0.47626507,-15.764288,5.639892,6.22226,-10.777678,-1.2598836,4.6688805,20.896606,4.888828,-14.619406
-0.5511182,-19.66262,12.334756,3.1761796,-20.078876,1.6756916,7.5979676,26.425962,3.5420637,-13.954272
-13.387878,-4.614212,26.597795,3.9285052,-17.85944,2.34722,6.898956,2.8368843,21.678432,-27.556242
-11.263129,-11.74938,22.303722,9.489425,-17.572851,-5.8655787,8.771299,14.445957,19.450377,-26.386133
-16.691692,-8.2110615,19.149717,12.054155,-13.037365,-4.055014,4.716034,12.186422,16.761917,-22.556568
-12.439646,-10.068485,17.793623,7.4856577,-19.48954,-5.1492915,13.578839,20.410276,10.291929,-22.866049
-12.570903,-11.629789,14.081744,10.883156,-15.969127,-3.8645022,7.0600586,18.283787,8.877695,-14.648321
-13.08372,-6.5975685,21.465244,7.7076416,-16.270578,-6.2917876,9.465405,10.02645,19.698715,-25.9445
-9.343768,-12.425208,15.241559,6.2689323,-15.928493,-3.404614,8.800459,17.514608,9.762381,-15.862707
-6.0511518,-11.13914,14.225185,-0.3205556,-14.249581,0.21370494,10.012062,12.346462,18.785841,-23.800545
-8.660291,-10.526489,12.935873,7.7257743,-11.698843,-11.392783,12.736776,16.923223,13.110916,-19.763266
-5.370955,-7.8278465,16.136948,5.7569246,-18.030361,-2.5201602,9.12644,10.370471,15.392926,-21.883265
-6.3821397,-11.955402,15.237066,6.9905906,-19.050316,-9.010588,13.388225,21.325554,10.418549,-20.756718
-8.600794,-8.630234,8.4009285,-9.282314,-5.2724648,62.22616,-25.60509,-13.638539,6.069362,-3.4410558
-9.029034,-4.9962144,9.682174,-6.942348,-4.326837,50.321053,-19.729528,-11.673183,8.504066,-10.508587
-12.014427,-10.446274,15.522654,-4.582543,-7.349922,46.72536,-20.3261,-10.7249,9.06736,-5.595135
-14.117836,-6.7406907,12.793041,-4.9719267,-4.78866,55.385773,-22.528889,-12.511969,7.5707545,-8.969883
-16.718699,-11.764111,14.37731,-7.949689,-9.043918,61.23987,-21.745626,-10.254188,10.979833,-9.197632
-16.387259,-3.7257347,8.31186,-3.791474,-4.4390173,54.031185,-23.332905,-11.269566,10.155604,-8.849859
-12.946958,-8.895741,8.770572,-10.764164,-3.6298075,55.790195,-19.304592,-10.131441,9.722138,-9.640703
-12.406173,-6.371413,12.4270315,-3.6639955,-10.65331,48.43638,-20.726946,-8.803964,11.101161,-9.365011
-10.862273,-11.295017,14.8856535,-10.1223545,-9.16024,54.778015,-16.830063,-12.037166,7.529742,-5.894164
-10.37531,-9.013899,16.030548,-7.6333513,-10.903661,60.712105,-26.135183,-13.541184,14.001127,-11.6441765
-15.426769,-8.870571,10.780545,-4.929584,-2.2412508,61.29402,-27.313776,-12.528967,8.572962,-8.620557
-17.0337,-7.8407016,12.407387,-6.8346734,-7.2878265,57.50352,-19.260021,-10.955481,12.500226,-12.790331
-13.646484,-6.650902,10.191427,-6.9496984,-6.7004104,58.018112,-22.19617,-12.478746,8.889588,-8.644825
-14.308698,-9.599558,13.958712,-7.4946685,-5.77999,60.389366,-23.370047,-13.118604,10.898118,-11.493782
-12.539135,-9.309635,14.627444,-4.7054405,-8.626882,55.228065,-23.795887,-11.839057,9.700887,-8.513079
-9.140286,-13.807817,10.989102,-7.057058,-5.3599453,61.138157,-25.666574,-9.53226,7.3154125,-7.057086
-10.254725,-10.130241,9.903492,-12.968823,-3.082584,61.096893,-20.043919,-13.599468,12.059095,-11.711156
-16.180288,-17.032116,15.291006,-7.982197,-9.226454,60.504757,-17.462564,-5.480185,9.354233,-11.423667
-8.288389,-9.291053,13.004993,-9.400666,-6.544453,56.501064,-21.265396,-10.580924,8.853573,-10.500059
-15.053211,-8.820103,14.011595,-8.210656,-7.1017246,55.528236,-18.740694,-7.4570017,9.8094225,-12.5957575
-8.018501,-4.390359,9.062383,-10.704269,-9.109909,57.027412,-23.508549,-12.657089,12.127216,-9.3328285
-11.875898,-8.14723,14.332333,-5.267369,-9.692358,50.641438,-22.457619,-9.767059,12.497978,-9.733713
-11.386595,-6.8996687,15.149676,-9.364311,-7.9521723,53.47359,-23.91608,-12.251151,11.786627,-7.5344315
-12.482573,-8.064124,12.144512,-8.362102,-7.2482715,50.259872,-19.658413,-11.490327,10.244955,-5.459861
-13.467635,-1.7772723,13.772125,-7.9788027,-8.256275,58.922115,-23.207504,-17.129808,13.650239,-13.034965
-15.038362,-2.2761264,26.734253,3.347513,-19.167234,5.881307,-4.0249357,-0.67131823,33.29377,-28.387875
-13.353694,-4.6070657,26.829512,6.748684,-17.29818,2.4311395,-2.8159277,-1.2083955,30.327147,-26.426556
-15.847605,-6.4439397,27.932055,11.323876,-13.190218,6.3224754,-4.298255,2.7492406,27.692415,-34.281845
-15.403082,-4.1811323,30.608826,6.8165665,-19.324598,1.4841793,-4.8911324,-2.2870188,32.34303,-25.052944
-23.512201,-8.600305,34.292435,8.644197,-14.476716,10.21322,-4.8870206,-1.9182887,31.765324,-30.755371
-20.440794,-5.6141305,35.414368,6.597114,-16.538147,6.4351234,-3.9044404,-5.0763006,39.338753,-35.2353
-9.067343,-7.3048143,32.091373,7.9408474,-18.198204,2.0873425,-6.8287916,-2.0618172,27.714228,-26.082006
-16.434376,-8.926391,33.82174,7.336879,-23.110277,5.995938,0.784709,1.0127156,28.543037,-28.652964
-10.839186,-3.3933544,24.29913,3.7109773,-16.856895,7.7466407,-5.7760315,-3.1511106,31.699991,-26.928015
-11.262815,-0.39967215,20.285294,5.813237,-18.799463,5.7817407,-4.050662,-2.4842496,32.73745,-28.508064
-20.685268,-4.2600904,37.36722,2.8594422,-18.605688,8.978618,-2.9931424,-6.7121096,37.518795,-33.125656
-19.092108,-8.423797,31.431787,19.191565,-18.193602,1.7176688,-6.617394,0.21643674,27.97981,-27.918653
-15.647866,-5.146007,34.727398,6.0788503,-20.446297,10.317278,-6.709008,-5.543835,31.039558,-27.179565
-16.914158,-5.801347,35.381054,8.865191,-19.731024,3.3745368,-4.6784763,-1.773377,35.97273,-34.31046
-15.757835,-5.201399,27.29087,10.518504,-18.251104,2.6480758,-2.9096184,0.86490774,30.576715,-30.363623
-14.500778,-3.5915089,30.838125,1.6141489,-17.341114,10.266968,-4.443485,-8.438802,33.01864,-26.540325
-12.537288,-2.3021536,24.344013,0.29084826,-15.57443,12.140018,-5.105227,-5.6631365,31.313896,-26.013035
-11.43488,-7.0181837,31.59104,2.0147142,-21.967276,12.589981,-5.0857806,-3.8241954,33.664577,-29.639751
-23.291912,-5.857786,34.305817,10.200336,-17.941452,10.124371,-7.804405,-4.8145833,37.23703,-31.77424
-17.866531,-10.166728,36.844982,5.249754,-21.675562,5.609583,2.6136608,-1.11045,34.015663,-32.67518
-14.556026,-5.5641565,34.966118,6.0394316,-21.185446,-2.527101,3.7286918,-0.06975615,37.82076,-38.599552
-18.917816,-7.2026997,31.550087,5.6115365,-18.47078,6.9052687,0.2419228,0.02530229,29.696299,-29.643229
-16.392988,-8.222467,34.462135,5.290094,-22.446472,4.989087,-1.8363204,1.4501885,36.781586,-32.94514
-16.630737,-7.5136614,39.483086,9.539061,-24.311512,3.7478693,-3.356835,-0.4018991,26.995718,-26.560215
-13.174421,-0.74931836,24.58501,2.0974834,-13.903991,7.5787544,-9.08629,-5.2937975,31.29515,-22.48946
2.692666,27.059137,-3.0679746,-7.9749627,-7.8929386,-3.798069,-0.702307,-11.352561,15.179375,-9.616311
-7.8158054,26.135498,-2.6288455,-1.3793502,-2.112559,3.0390434,-4.6412983,-13.629544,17.919462,-14.86901
-7.78726,32.12294,-4.0881543,-5.420166,-0.6033927,-0.45159107,-7.4659963,-15.050986,19.056581,-9.456641
-11.196549,25.957602,0.21707654,-0.7710322,0.11531645,0.4972953,-5.3179393,-15.077652,19.653255,-12.789151
-3.0260668,30.817232,-7.406305,-8.290068,-2.129272,-2.8535323,-2.0665202,-11.5105505,21.677828,-15.697065
-7.964104,32.15811,-10.805594,-5.1523757,3.1524582,-8.012594,1.1269236,-9.87225,13.156201,-7.204704
-2.8096488,35.993404,-10.490453,-2.5495248,1.2710726,-7.3514028,-7.531947,-13.701708,13.070767,-5.3428245
-8.742763,31.447266,3.7855608,-2.0327792,-5.849049,-2.1134892,-4.0619984,-16.890133,20.499372,-13.91702
-2.028412,28.346077,-5.4457054,-2.1329622,-2.4976487,-4.6621885,-6.268013,-11.0314865,11.052715,-3.5982153
-4.9829364,26.477589,1.620457,-5.6235585,-6.4011006,-1.1105912,-1.0542436,-14.304012,24.913645,-18.13171
-5.3959665,34.570686,-9.121377,-3.0365267,1.3346126,-4.3513875,-5.584769,-17.158913,15.655693,-6.3234954
-10.106182,15.375518,-0.22865319,2.2219748,0.6246917,7.14641,-7.386838,-7.6749034,12.546156,-11.328126
-4.8229465,24.42749,-3.2414002,0.68983716,-2.4335854,-6.0566654,-5.465537,-9.455351,15.198077,-7.8493557
-4.788172,27.609783,1.2574227,-6.000282,-5.342703,0.0101594925,-3.80094,-14.81405,22.374775,-14.968216
-0.7326985,29.068027,-6.9466643,-7.195364,-0.36517996,-2.6229553,-6.030826,-14.650728,13.743632,-3.4797294
-4.72225,27.165747,-3.9810317,-4.1491203,1.4586601,-1.9593458,-6.2660275,-15.139828,18.10677,-9.311803
-3.0455303,29.675598,-7.078947,-3.2853189,-1.3641505,0.20823014,-5.427829,-16.226526,20.970415,-13.026138
-2.6688776,32.896034,-6.6288047,-3.6577961,-4.028904,-6.397333,-4.3057885,-12.515928,20.76249,-12.5386715
-4.281809,24.50068,0.45025235,-3.9816713,-4.7329793,-0.43021968,-7.245328,-11.918539,20.480871,-11.662036
-8.207862,24.64323,-6.5051394,4.129523,0.14192289,-5.810996,-6.1535397,-9.083768,13.946956,-6.599747
-7.658972,29.222784,-4.771952,1.1486499,1.358438,-5.4558043,-5.4875593,-12.080419,13.249388,-8.075802
0.61347115,29.720743,-7.127265,-1.4236062,-6.4320593,-4.3673615,-7.9770603,-10.329552,17.458254,-9.868746
-7.5730457,29.257212,-2.4093447,0.91007483,0.1562686,-8.271756,-5.194993,-13.902401,17.72473,-9.822599
-4.7754803,22.749195,3.4261482,-0.24539638,-4.6954646,-7.1466093,-1.9829745,-10.070556,16.090147,-11.887713
-2.542716,28.530365,-2.485171,-4.417609,-3.252539,-3.3565474,-4.305348,-13.978407,16.165804,-9.227698
-17.206263,-12.625321,25.850246,20.4564,-10.710461,5.5587416,-9.519694,4.250366,17.16933,-21.664171
-6.981369,-2.1873722,24.239466,5.871558,-18.625443,1.8021996,-4.220631,-2.4216928,31.45821,-27.30013
-9.544165,-8.802715,21.842241,13.005249,-15.441682,5.9914026,-8.803111,2.82071,18.088448,-17.418768
-17.251736,-10.209077,21.953928,18.968655,-14.334208,-0.43655634,-2.2401357,10.740168,18.154629,-24.721375
-16.139317,-17.030714,29.310612,18.583818,-14.750163,3.562508,-6.0327024,7.68452,20.341587,-22.472794
-11.617534,-10.593655,20.10472,17.609402,-15.359256,-1.3850648,-1.6080153,11.171631,12.82736,-20.178122
-21.637293,-7.560034,26.936962,21.607271,-12.245611,1.7906077,-7.674159,3.8863547,20.209156,-24.80504
-15.822092,-7.6490564,24.8062,17.536875,-13.08582,-0.23920214,-7.884746,3.3309684,25.617369,-25.614988
-21.915222,-11.787229,35.34802,9.4807415,-17.928135,12.37193,-4.5210047,-0.6881952,28.284082,-27.889994
-12.833453,-2.4644156,18.962831,13.916952,-13.099804,3.940005,-8.213173,3.049039,18.231047,-20.22789
-9.953781,-12.667087,27.413683,10.834922,-18.285524,11.346511,-8.17228,2.4561234,17.94742,-20.775038
-8.822525,-4.3471804,22.127073,6.2492027,-16.23204,16.702154,-15.159294,-5.488948,29.18798,-23.975517
-15.002008,-4.6900773,20.657368,7.2450757,-13.382037,12.300499,-6.046339,-1.4088228,21.770428,-21.13344
-9.195412,-12.886552,25.073513,5.335757,-15.010957,14.445676,-6.3036766,-0.17830753,16.662422,-16.797232
-8.902078,-3.6643503,18.824886,2.9758265,-16.601334,17.318932,-8.808563,-2.869056,20.341007,-18.791162
-19.698112,-8.374617,26.048704,10.26207,-14.81818,10.986769,-11.580732,2.0928984,28.25665,-23.187702
-19.716211,-12.582352,32.790688,13.770059,-15.419368,10.614786,-9.2215,-0.35744858,28.406069,-25.998573
-11.859803,-13.97339,29.657207,5.3418093,-21.598934,16.792542,-3.9635923,2.0367868,23.39833,-24.811855
-13.5011215,-14.813862,26.27003,17.83338,-15.519705,-3.2205157,-1.6049771,10.305241,12.144422,-16.44474
-18.95815,-11.816336,26.804564,23.280157,-15.115517,4.748246,-10.39201,7.244065,20.071102,-23.985352
-13.910506,-9.24897,30.31362,15.476382,-21.485893,3.1757832,-5.3782697,4.0700183,19.686491,-22.051233
-11.736275,-9.22734,28.252533,4.227198,-19.322342,15.435598,-10.855079,-3.9032824,26.105726,-19.138544
-6.141658,-4.9119673,16.197289,12.976357,-16.362246,2.6508932,-7.212396,4.538313,19.139238,-19.828806
-18.147259,-9.868695,35.23041,13.314441,-18.443083,1.0705626,-4.284514,6.049211,27.569489,-32.37908
-13.803834,-10.47864,26.443932,14.364798,-19.891499,5.8640056,-7.304291,9.798838,16.047037,-20.087736
-25.58298,3.5043771,-0.27840883,28.671926,6.223572,-1.094659,-13.936743,3.805958,6.324094,-5.3322263
-28.685455,-4.3775415,7.875035,33.693428,3.821626,1.821062,-17.098331,6.5168157,5.441148,-5.491106
-28.578728,-7.061565,-0.06425649,33.27667,9.382421,-0.2633655,-13.309001,12.647272,1.3811991,-7.800081
-25.913284,-4.2754292,3.400281,44.1347,6.100532,-6.5595746,-17.971952,7.795922,-2.686349,-1.8579577
-28.127178,-9.884948,6.7691207,37.102116,3.415953,-3.804989,-11.853563,11.605618,0.34793052,-5.540382
-25.791134,-9.181182,-1.0718287,39.39274,10.177123,-8.931763,-12.060954,14.466278,-5.963439,0.009905934
-28.225393,-9.5702505,13.079294,39.731915,0.7942085,-10.28648,-9.700567,10.353182,2.5651133,-7.15216
-22.023525,-2.7936018,-1.993037,37.688347,4.4038906,-10.221119,-10.524451,13.645431,-6.313005,-0.7354099
-23.22841,-9.183163,4.3618855,40.907772,6.6410937,-5.161417,-19.769905,10.767639,-0.37638336,-4.0413423
-27.673615,-7.2465796,7.608007,37.297897,3.060388,-11.886384,-9.461206,12.929744,2.2826483,-5.6286807
-29.36749,-9.287293,5.797181,41.882942,3.5050206,-4.9966106,-13.834989,11.845056,-0.51007307,-3.7545302
-27.258461,-8.746279,7.5661,42.256565,-0.5610037,-5.078072,-14.444678,14.398161,2.0086954,-8.968918
-27.847734,-7.355953,6.824099,40.774807,1.1172843,-3.3313026,-13.4651985,12.323102,-1.0441872,-5.4181046
-30.58621,-4.9253235,10.181465,38.23743,3.5114634,-2.9839334,-15.201116,7.951372,7.963608,-12.844859
-27.359856,-8.005597,7.2966704,43.420853,0.27121353,-7.1466355,-15.7042885,13.617836,4.7603083,-8.71269
-21.115734,-5.9001174,3.015693,35.78342,5.982772,-5.632738,-17.183685,8.577931,0.7274684,-2.8831518
-28.88136,-8.4937105,11.683775,41.457787,-0.647251,-5.264377,-17.289364,10.616617,7.0253887,-8.468962
-30.427742,-7.300233,7.5350847,45.392033,7.7152853,-5.9063287,-19.455404,8.558899,0.65515566,-5.6341867
-25.36556,-5.0367002,3.392773,46.70608,2.480556,-9.788415,-16.107866,12.218356,2.7156029,-9.558125
-24.979588,-0.29628336,3.2805464,37.918,3.5808775,-7.483866,-15.470836,6.3849554,0.0991174,-2.2638636
-30.485188,-7.959925,4.5551276,41.85649,8.058933,-11.822755,-13.611368,13.839381,2.0122163,-6.602011
-27.914473,-8.442467,6.435631,43.63263,5.3279076,-3.536149,-18.376835,10.086951,2.773156,-8.555131
-27.168316,-5.5596595,8.122772,41.316437,-1.7552559,-9.843878,-11.463578,14.253114,1.2839199,-7.6934214
-32.01113,-7.187667,7.0009966,47.86516,5.0487347,-11.278699,-14.251392,13.153523,5.250739,-12.16103
-28.286572,0.33105397,-0.098186344,40.782944,9.177159,-11.805352,-14.693569,10.211012,-1.2136908,-3.5941138
-23.2816,-13.497019,9.899991,28.42626,-4.961772,-5.957044,-3.2705903,23.167086,0.89552766,-10.385812
-12.809851,-14.53951,9.197894,20.63282,-8.988237,-8.666495,1.0829712,23.967978,6.290786,-14.929055
-17.91021,-12.0626335,14.0798,22.963276,-6.65692,0.3049264,-8.824417,15.418295,9.96267,-15.683348
-21.113165,-14.516267,16.115444,29.963533,-12.1325035,-8.039811,-4.7927938,21.484638,5.484598,-11.649341
-18.571669,-12.820243,10.6152,36.092834,-8.010353,-9.332304,-8.339903,17.8277,3.906348,-11.101938
-27.578136,-6.7393575,7.85728,33.02897,0.77204037,-5.26991,-9.201093,14.4859085,15.227144,-21.377811
-24.87288,-14.499217,14.789641,28.682941,-5.997692,2.9075222,-9.530701,16.035479,7.3863177,-13.269738
-18.767601,-16.387527,16.207018,26.201965,-16.461071,-5.5161247,-2.0789318,24.06585,8.221724,-14.135195
-21.846327,-8.497431,7.2203617,26.63305,-3.931346,-3.2086177,-5.8527007,17.444635,8.536648,-16.086334
-19.265448,-10.362443,10.929303,22.387072,-7.6308236,-4.1226435,-3.9406407,19.756847,9.681163,-16.291168
-25.185535,-12.659625,11.495268,37.553238,-0.7301066,-7.3088593,-9.56155,15.454664,6.5783644,-15.4469795
-19.421938,-12.329268,12.084966,21.226099,-5.9928913,0.84993076,-4.490048,14.924437,3.6280668,-9.092241
-18.455225,-10.352076,5.862629,31.463099,-1.7737174,-4.9587173,-11.068188,17.771626,5.6488066,-13.161133
-20.58268,-8.535983,12.3612585,29.30832,-4.2133827,-3.8131504,-10.341596,11.753542,9.367278,-14.496929
-20.470245,-11.9516115,10.862104,30.95292,-0.54105103,-5.5164523,-12.459372,13.094357,5.1339407,-8.508573
-20.753807,-14.809773,10.745029,30.936838,-4.849625,-8.305857,-4.57379,17.006964,8.683001,-13.026354
-17.407362,-9.955073,9.360981,26.696512,-10.288618,-8.85516,-4.1616344,23.124187,8.2350855,-14.890255
-27.892405,-8.523514,17.4212,34.062378,-5.3484774,-7.79687,-6.769208,11.535332,10.29801,-15.54146
-15.871235,-8.842333,10.996811,16.496502,-5.637959,2.5589976,-6.93828,10.463482,9.007088,-12.4525175
-23.41012,-9.934864,12.380988,24.339752,-4.591968,2.7144666,-8.67784,13.903515,5.2403755,-9.579304
-18.471676,-17.864502,9.77599,26.44429,-3.4563828,-0.82986724,-7.189624,20.148067,6.0306206,-12.948694
-19.523392,-8.628047,12.648763,30.572306,-3.7582915,-1.1486222,-11.279396,10.598498,6.8759775,-15.19084
-18.248657,-14.136721,13.38875,25.095705,-3.482995,1.0754808,-8.044227,10.759006,12.701209,-17.036932
-19.076775,-10.585769,16.893702,24.685709,-12.487699,0.03390026,-5.6164,14.720231,9.516072,-17.610046
-8.835045,-8.885466,20.313295,19.29398,-12.736213,-4.6188087,-5.069268,5.787693,18.168022,-22.134474
-22.225706,6.8156786,-11.19477,13.532693,31.87967,6.534382,-15.716314,-7.8970985,-0.6546317,-0.24085116
-24.091364,5.3104396,-8.05718,17.525629,25.924885,4.8654613,-17.345932,-5.996773,-0.06313813,2.1405747
-23.086,1.6050411,-8.581863,18.92943,25.978722,7.713461,-17.078882,-3.4619513,-5.7488613,5.091572
-22.600803,-1.5541323,-8.972885,17.529514,26.759232,6.528491,-14.664682,-1.6604309,-8.098775,7.766725
-24.49313,4.6802807,-8.839996,15.587533,35.22383,7.846003,-17.004505,-9.122002,-0.32551837,-2.4191213
-27.067568,5.6351466,-16.515741,18.190283,43.640636,4.0136952,-15.845223,-5.0819783,-10.070531,4.0859337
-15.683409,2.4953694,-7.9680495,8.828189,19.015837,11.880215,-15.691966,-5.5212145,-6.066353,9.983204
-28.378685,5.7909703,-11.471474,18.385466,32.067284,6.2184973,-16.676168,-3.5433428,-0.27409816,-1.8921459
-22.580908,5.2617984,-14.879013,14.795438,34.519375,-0.18805504,-12.063107,-3.1145632,-3.088459,2.5892437
-22.605982,7.7718663,-14.810648,12.123079,36.544388,5.1106677,-16.328579,-10.152434,-8.409627,11.710559
-17.230738,5.998163,-12.749849,6.619396,32.54623,8.953173,-16.472626,-7.4071875,-1.9167194,3.1403904
-21.891565,1.4755086,-13.908404,15.064292,38.81837,4.4499445,-18.535217,-5.1183596,-7.373991,7.758433
-20.784208,4.6609716,-11.698772,11.090526,36.951866,1.6517093,-13.938496,-6.704575,-4.3250127,3.5021951
-19.531082,3.2499743,-9.881753,17.295984,28.084572,2.7275481,-20.170565,-7.1062927,-9.443375,14.87957
-26.360933,3.5857453,-13.88472,14.1541605,41.3909,2.7505064,-17.478706,-7.098181,-8.94721,11.34461
-21.845757,1.7437105,-17.41712,13.538783,39.756424,3.346709,-18.580652,-7.5966663,-14.0644455,21.275997
-24.45519,5.5189776,-15.527461,15.316112,43.305275,4.909995,-17.523508,-9.584787,-7.7743807,6.616981
-29.202806,3.6062183,-13.051394,14.470688,43.03155,3.8341188,-14.453542,-7.495432,-8.513474,8.390544
-22.579266,0.66105974,-11.656972,15.253628,37.73321,4.526766,-17.307777,-6.119394,-8.489573,8.860312
-27.531147,1.1251527,-10.790391,16.61971,38.268402,3.3765507,-14.484703,-4.5884385,-2.4581134,1.6898563
-20.360464,3.4349918,-15.039651,12.509942,33.684982,3.4681525,-13.659681,-4.256853,-6.865036,7.537033
-19.252869,5.693816,-16.681099,8.396504,38.02804,6.2859044,-18.806509,-10.232637,-11.273893,18.272614
-23.891193,5.237866,-12.720771,13.879494,35.513737,2.127743,-16.48994,-6.8471437,-4.8888826,8.348241
-15.894208,0.86058664,-11.385367,9.269617,27.881432,8.052488,-17.788258,-5.522046,-4.2926326,9.665617
-23.863068,0.86439717,-16.553686,12.546115,42.607162,7.3879533,-17.441133,-7.008404,-6.8502398,8.855335
10.113345,-0.38143045,3.4051166,-10.71864,-8.030821,32.392365,-15.966127,-10.842825,9.061529,-7.5256767
1.5742832,-11.83128,10.686695,-5.913953,-9.975022,26.688387,-8.608192,-1.8062742,5.5914154,-5.2027426
2.2228036,-4.4923344,6.0761633,-7.4841695,-10.181004,27.027111,-7.4294467,-3.2902222,13.471238,-15.353374
-6.7030683,-10.771599,11.289083,-1.2007754,-9.351354,37.4657,-14.755951,-1.7747626,10.91153,-13.566302
0.26348934,-5.61362,7.5336185,-9.149797,-8.658223,44.805874,-18.369001,-12.419181,12.657391,-10.298158
-0.004429579,-12.027778,8.070936,-3.423809,-9.48732,28.742168,-7.029873,0.29673123,10.401975,-15.198879
0.022743344,-8.939125,2.6127524,-7.824207,-5.7195663,30.412298,-6.6218333,0.78365535,5.011739,-9.041482
-0.70174706,0.122556746,10.289804,-10.641459,-11.911356,27.867926,-13.164906,-4.845036,17.90661,-14.533385
-11.397994,-1.3625299,12.796344,-9.519183,-8.754725,53.12966,-20.865932,-14.228693,12.350546,-12.136753
-12.650259,-13.348478,20.528456,-7.177202,-10.741417,48.451553,-15.375211,-6.71702,16.73622,-19.595533
0.9931067,-7.649289,4.038757,-10.532282,-8.596236,46.50618,-14.151125,-8.772864,7.2699323,-7.639379
-9.319743,-6.2221437,15.08409,-7.480164,-12.73107,49.382767,-16.238419,-9.640604,20.064674,-22.351099
-7.8697205,-9.887946,8.989636,-6.0616503,-7.932228,47.891727,-17.224537,-5.8005643,13.8001375,-15.705161
-2.6198401,-4.283657,9.650183,-6.021878,-11.4053955,32.756138,-12.338192,-2.9783869,17.460423,-18.656206
-7.135483,-12.337782,10.480703,-8.365848,-11.628303,40.94856,-9.008724,0.055635154,5.896455,-8.016748
-8.592421,-3.7182317,13.902734,-9.225856,-7.5001984,50.204563,-19.600101,-11.747538,19.766518,-22.055513
0.06716704,-5.765976,7.283046,-8.983732,-9.131779,41.11609,-12.841852,-8.581928,14.120017,-16.650269
-8.690083,-3.3174207,13.809401,-6.92997,-10.594934,45.877098,-17.959908,-11.33152,17.241148,-17.811344
-0.11779368,-9.371818,10.947706,-7.5977707,-11.330641,32.594933,-9.716329,-3.018587,20.052929,-20.277065
-6.799252,-8.762969,9.295773,-0.8483019,-9.022642,29.332832,-8.500593,0.52687645,13.650466,-17.722738
0.12347829,-9.513767,9.68702,-5.967928,-12.240715,29.129274,-8.264905,1.1811655,21.66523,-25.33945
1.4544512,-6.5729856,9.929864,-4.442845,-12.7288265,25.924051,-9.648943,-2.9306214,11.797876,-12.523962
1.8611109,-3.1112208,6.263851,-4.5948777,-15.005997,30.58625,-14.044441,-1.3807541,19.291851,-19.113125
1.3067544,-7.160994,6.9076343,-5.540823,-9.671401,30.162724,-10.85966,1.5263733,11.69947,-16.31484
6.5753956,-6.0602093,-1.6192272,-5.6031756,-2.7206447,25.57892,-18.331354,-6.3978767,-4.6822624,14.222415
4.160829,-11.76021,-0.5069652,-10.596684,-4.366743,39.078865,-16.129662,-1.004396,0.87332976,0.9946971
0.70823205,-11.524492,0.73641366,-8.234156,-3.3620822,31.49806,-10.894014,-0.007552147,0.63381195,0.87422043
10.482335,-9.746719,2.4954858,-8.68826,-6.238167,21.337532,-12.9156,-1.3098102,0.8570672,5.6505547
-1.0661774,-6.9256597,4.131505,-10.258353,-5.126058,41.678474,-16.485033,-9.143152,2.5806093,1.8679508
6.285887,-11.130309,2.6654406,-9.690755,-9.068402,33.280174,-13.841943,-2.323648,-3.0888166,7.4538217
4.9213476,-3.271168,5.4778523,-10.351995,-10.086413,24.562634,-11.627386,-3.491431,7.4017205,-2.0830095
3.792216,-5.7778435,4.8771863,-9.179757,-9.39779,30.615316,-12.980002,-3.5181599,4.0585604,-1.2162461
-2.6647372,-9.489922,5.5652895,-8.704268,-4.8074923,44.955727,-19.699183,-8.118082,2.0991325,2.093688
0.5301126,-5.785867,9.618198,-8.391558,-10.759159,32.094246,-11.523784,-4.2286873,7.971291,-7.6312585
3.9299495,-1.0523541,0.782949,-7.1852555,-7.9932623,26.878696,-13.400267,-5.8463902,7.3870983,-2.3451433
3.6234174,-5.192056,-0.6193743,-3.9164917,-4.783209,24.571913,-12.262203,0.61897355,2.0305834,-4.035343
4.970896,-13.833628,2.8552608,-9.3327875,-8.645529,33.3505,-11.832239,2.4812071,-1.1877849,2.4287472
-11.926822,-8.935782,5.4525824,-2.1401048,0.68368477,42.567364,-18.653257,-5.2604465,2.0939472,-2.534315
2.400731,-6.416276,2.1801014,-7.8215365,-6.030757,33.932636,-14.943108,-5.5987053,4.2506657,-0.7802615
2.637916,-1.0242634,5.9865193,-8.354644,-13.562861,33.333134,-16.156788,-6.5777426,7.514359,-2.9072483
2.7284956,-6.9703555,6.4389334,-13.52609,-12.395771,38.3047,-12.76278,-1.6437316,7.8162165,-6.0358105
-1.8190775,-8.419737,6.453869,-0.0818944,-9.518239,30.55722,-14.252732,-0.3854996,1.9693305,-1.9902405
-1.3649503,-8.145105,9.417821,-2.248046,-8.975145,33.36929,-14.28231,-3.8753448,8.813177,-10.680324
-8.422965,-8.810692,10.804373,-1.0738527,-7.1523743,41.553955,-19.188591,-4.3806176,4.6607165,-6.332445
-0.57659644,-10.370374,10.718096,-8.64591,-6.9042964,37.877285,-14.642765,-5.17215,3.9084558,-5.3466725
-6.083495,-6.2425933,10.569715,-9.186172,-8.062381,46.10381,-14.426645,-9.289711,6.816104,-8.889268
-3.5687296,-5.973471,7.2469773,-4.6979485,-8.770046,34.9402,-16.511393,-5.524986,10.430405,-8.151871
-5.941217,-10.221548,8.876061,-4.6018305,-8.332891,39.134933,-13.65217,-4.485103,6.568291,-6.1221747
