-1.8611333,5.010959,-0.004477933,0.47780055,1.1742661,-2.710217,-2.9284117,-1.7379254,0.9810742,1.6527572
-2.1268542,3.2203348,0.28451002,-0.38580358,1.8791997,-1.0691481,-2.8154316,-1.6723441,1.5387294,1.1657273
-3.1393163,4.6275005,0.40264767,0.5819291,-0.27672124,-3.354904,-0.21545525,-0.08761118,1.3713408,0.10909097
-3.0034363,4.211567,0.47214848,0.6418143,1.1919576,-2.5174913,-1.2370566,-0.72604054,1.5341679,-0.5344305
-3.0172274,3.6906917,0.17169516,1.3147346,-0.36939555,-3.244021,-0.6357846,0.6256851,1.0466534,0.48023766
-2.7270439,4.1546946,0.44334173,0.8623306,0.90464056,-3.2392461,-1.246791,-0.17752579,1.6959476,-0.7571454
-1.2126464,3.4509313,0.66261065,-0.68100196,-0.4394459,-2.8119683,-0.76447505,-0.92869735,0.022163719,2.8125284
-2.3807704,3.1846192,0.0022708029,0.6503592,1.7718836,-1.089376,-2.5889835,-0.8560029,1.8032463,-0.57142764
-2.341797,4.7371306,0.1205778,0.6349439,-0.15610033,-3.704252,-0.6200867,0.0047761984,1.8601243,-0.5027032
-1.5678595,3.7476203,0.5720804,1.3584487,-0.21350193,-2.2108278,-0.72457105,-1.0466386,1.3838649,-1.2170049
-2.9562833,2.949641,0.12552391,0.9187726,1.1431938,-1.8429725,-0.7552119,0.19474353,1.6004357,-1.3752376
0.026102036,1.931255,0.013228729,0.24480486,-0.6772725,-2.63944,-0.99581164,-0.14486851,0.30782902,1.9108516
-1.8719492,3.9125283,-0.10858522,1.1596476,-0.38096812,-3.2628982,-1.2734414,0.20290737,0.5676668,1.0846057
-3.6478772,3.774941,0.5414039,0.1112643,0.09299854,-3.1260102,-0.40156895,0.35621998,0.18082093,2.1708152
-2.7955523,3.5892541,-0.06212695,0.70998186,0.11006006,-1.9269103,-0.8149367,-0.1345955,0.9459576,0.4707815
-1.8999288,3.184824,1.6171225,-0.17065908,-0.5837937,-3.5957165,-1.4254375,-1.0149018,1.9635682,1.8936721
-1.5948405,3.7847493,0.3018484,1.0305353,-0.33290452,-2.6521797,-1.8046578,-0.5258069,1.3008802,0.4991545
-4.1678886,2.6545308,1.7939104,1.0388438,0.109042905,-2.7465532,-1.4475895,0.5720824,1.5389509,0.6586497
-0.99446625,4.096975,-0.9450274,1.6040375,-0.0073022917,-2.5480237,-1.8543519,-0.21014453,0.7704321,0.14273752
-3.4466512,3.740332,1.4849305,0.4844607,1.481705,-2.9161096,-1.5482643,-0.62957025,1.629385,-0.3342325
-1.5724108,5.21266,-0.5521932,0.49342763,0.775899,-2.9002914,-0.81525403,-1.39942,0.2020991,0.6351403
-1.6148586,3.7448363,-0.51671475,1.2467128,-0.61695826,-2.553336,-1.165139,-0.10205278,0.78631544,0.77644277
-3.2661507,5.6948,0.390858,1.3512101,0.070770435,-4.1721334,-1.8362612,-0.14790563,0.67357004,1.2977258
-2.4395316,2.0071425,-0.55366504,0.8307597,1.5657816,-1.6721693,0.25383633,0.79535526,0.77482116,-1.5759587
-0.8352805,3.9427493,0.7784062,0.4471641,-0.42347196,-3.7509735,-0.67031837,-0.6881615,1.0160539,0.20537336
-1.32673,2.4317358,-0.6806256,0.29620957,4.602217,-1.6643808,-2.6249619,-1.1180527,0.65948296,-0.65159374
-1.0499299,0.660912,0.35174727,1.9247067,0.6083474,-2.310749,-1.2791924,0.28507915,1.3862027,-0.5253087
-1.3592696,0.7511958,0.12057869,0.5320858,2.1089985,-1.3089366,-2.2329152,-0.2627243,0.9035355,0.73538435
-0.8814472,0.38570338,-0.7179608,1.972825,2.92255,-0.89773023,-2.1748922,0.26597878,0.5379338,-1.4477612
-1.0492104,0.32732195,1.2981824,0.60139227,1.9532726,-1.0271913,-1.8030633,-0.8224867,1.7544091,-1.3055958
-0.1083377,0.41790366,1.9263124,1.2393061,0.36162192,-2.3311853,-1.1781194,-1.2390192,2.057198,-1.211905
-3.1827843,1.6215897,-0.18929823,0.60800743,4.5316663,-0.19381782,-3.1583564,-0.89425856,1.6377196,-0.7324325
-2.288479,0.6505482,0.08743596,1.0263276,4.2920465,-1.3289267,-2.6159275,0.1419941,1.5668695,-1.6524024
-1.5449768,0.105407014,-0.49585223,0.88616484,1.2123289,-0.8528247,0.08222775,0.63518834,0.86151946,-0.9129206
-0.7748612,1.0326042,0.90025055,0.45312238,0.920452,-2.6380672,-0.5624122,-0.2015317,2.0333588,-1.2447665
0.54421324,1.2324046,0.85480136,0.5543247,0.23998481,-1.949492,-1.3125743,-1.5915824,2.1310678,-0.74623
-1.244787,-0.89235866,1.5316976,2.3028858,1.190222,-0.28594425,-2.2882087,0.028826136,1.5363111,-1.9251729
-0.33995712,2.3391824,1.0461811,1.4509444,-0.43655425,-3.9946558,-0.53746134,-0.8854817,2.4703906,-1.0349386
-0.46318656,0.8992076,-0.06605746,1.288074,2.695878,-1.6304265,-1.1276448,0.017993737,1.3124404,-2.9278016
0.47299355,0.010638416,0.5181252,0.7937128,0.40830642,-1.3566525,-1.906169,-0.40859863,0.5445091,0.8964893
-2.3166354,2.0801015,0.068716034,1.3551624,3.100136,-1.0862671,-2.3758368,-0.37945926,2.359027,-2.8712635
-1.3986986,1.4684062,0.9716521,0.6279042,1.128106,-3.6369112,-0.37187868,-0.101494,1.8654814,-0.5860088
-2.0464907,4.2884035,0.26191634,0.23765206,1.638582,-3.7878833,-1.8983938,-1.3702948,1.8367428,0.8704065
0.2623573,0.5214085,-0.075206995,1.8809773,0.2490555,-2.205206,-0.41742182,0.46019515,0.9370624,-1.6692351
-1.6524614,2.496983,0.9101719,1.6967056,1.319865,-1.6963905,-1.9614079,-0.64245963,2.0847504,-2.5853636
0.22496472,1.8554413,-0.81042165,0.3207703,2.5911021,-0.7359772,-1.9328164,-0.958184,0.42078114,-1.0313731
-1.5485181,-0.02800177,0.6616165,0.40163875,2.141577,-1.0583551,-2.0306551,-0.6395597,1.6328623,0.48778778
-1.4340703,2.2398171,0.0036066025,2.1128073,0.8188056,-1.7362386,-0.6177278,-0.057587456,1.8788555,-3.1371632
-1.4171255,1.3090771,1.5259498,1.8404646,-0.13515453,-3.1364489,-1.6681478,0.07539429,2.0747497,-0.43723154
0.20516954,0.023477092,-1.6479053,1.8802907,4.022349,0.37120208,-1.8061842,0.18380134,0.36743617,-3.5611506
-1.0730011,-1.7765272,-0.42262995,-0.46036768,1.7547358,4.0783787,-1.2759837,-0.027396899,0.111922994,-0.960032
-1.960032,-0.07231811,-0.5816346,-0.55298805,3.2619376,5.589736,-4.3998613,-1.4513633,0.46885937,-0.2519402
0.0049951077,-3.91162,-0.11941017,-2.8445652,1.9484055,10.333966,-2.4824615,-2.284665,-1.4663664,0.8303188
1.8218393,-2.6595738,0.26736277,-0.94414717,0.5911789,4.278622,-3.1665554,-1.3536214,-0.08866349,1.1878431
0.7549055,-3.840264,-1.4301088,-2.309209,1.4867542,8.564277,-3.1664062,-0.56285137,-1.39285,1.8419594
0.8379993,-2.153641,-2.0363188,-1.3683082,2.3228886,8.758678,-3.0212793,-1.0494937,-2.3512824,0.14040942
-0.68843174,-1.8372797,-1.4996346,-1.3639705,2.6297827,7.4053907,-3.967212,-1.0407051,-0.9163835,1.3123082
0.35799128,-4.1303983,0.20254074,-1.8409159,2.9846463,9.431554,-3.343244,-2.0203326,-0.42471004,-1.308465
0.28184444,-2.8091516,0.2977615,-2.375492,1.7165551,9.199471,-3.2226834,-2.1162672,0.24980183,-1.3030587
-0.089440554,-3.5631967,-0.00629203,-0.8223539,0.81726354,6.591434,-3.2397146,-0.6004853,0.21957703,0.6101185
0.14234696,-2.7088244,-0.48252255,-1.2650933,1.7311349,6.7861757,-2.8086162,-0.5755175,0.012727395,-0.87524164
1.4340024,-1.9718956,0.39235842,-1.5132854,2.0585566,6.8124332,-4.75167,-3.0823545,0.3525409,0.18426602
0.41626143,-1.2044408,-0.15452726,-0.8220716,0.5901324,4.501636,-3.3013945,-1.4903241,-0.59459114,2.0782447
0.13624062,-3.0197203,-0.99923724,-0.81155926,0.49724168,5.854455,-1.0989277,0.2742761,-2.1579137,1.3959173
1.1667802,-3.434819,-1.0609932,-1.5096171,0.23127994,7.751914,-0.61584264,-0.7164168,-0.1827334,-1.6450448
-0.3445167,-3.079499,-0.6722051,-1.8619442,1.7284846,8.743057,-2.0981333,-0.97810376,-0.66503125,-0.87041616
-0.24729253,-1.8390166,-1.1233232,-0.8578159,1.905555,6.6260138,-2.5852118,-0.6952054,-0.17413963,-0.97254455
-0.2237884,-2.0914738,-0.7622975,-1.7893448,2.6781762,6.7036085,-2.6691427,-1.0598633,-1.0373272,0.22916445
-0.5813411,-1.800487,-1.0354143,-1.7779138,1.2332537,8.720675,-2.3101544,-1.3889385,-1.004445,0.0763156
-0.44833213,-1.6773558,0.34216404,-0.58942086,2.6814818,4.707158,-2.723327,-1.5190018,0.67193604,-1.4497564
-0.9631505,-2.109901,1.6004833,-2.162118,2.8177972,6.3903685,-2.7654223,-2.844788,1.8000917,-1.7917886
0.91184497,-1.3343207,-0.4132834,-0.84045,1.150594,5.4383707,-3.4496224,-1.7086421,-0.4500991,0.70934594
-1.516264,-1.083596,-1.0329478,0.52735794,3.5521717,4.5095243,-2.3642683,-0.18472631,0.7810981,-3.258585
-0.4091664,-1.7167902,-0.56491,-1.6062053,1.4887893,6.7212577,-2.033599,-1.6234356,-0.89760375,0.66542333
0.19517545,-3.8666596,0.15528516,-2.2523744,1.5971051,7.6674485,-1.9612976,-1.5877918,0.1260887,-0.058297023
-1.1691241,0.7020025,1.0212501,1.4401605,-0.31902868,-2.3925557,-0.9372815,0.2563728,0.80414844,0.59443724
-0.23427686,1.5950837,0.9234728,0.7540048,-0.25706857,-1.432599,-1.1041629,-0.84026825,1.3653173,-0.7358872
-0.80169916,0.957775,1.1118358,0.8149074,-0.29514214,-2.9070005,-0.65119636,-0.2883306,1.6815784,0.40857476
-1.2483627,3.1519945,-0.6157915,1.8686231,-0.2797484,-3.7023993,-0.24242811,0.47304526,1.207011,-0.64779896
-0.89185697,0.63874567,1.0791519,1.0708407,-0.8769964,-1.8307792,-0.9020565,0.27602777,1.6773915,-0.29820144
-1.4976516,1.6837003,1.2810138,1.1075823,-0.06896908,-3.5413136,0.18109195,-0.0068052076,2.8051453,-1.9067875
-1.323062,2.7981684,0.909352,0.19897069,-0.24427879,-3.250736,-1.669259,-0.60385686,0.9341479,2.2184305
-0.009883717,0.43581635,0.22031875,0.5276699,-0.23849699,-1.0207447,-0.40922922,-0.29918143,0.17313725,0.6530085
-0.20643184,1.3464028,0.38065225,1.3109686,-0.38194394,-2.9787118,-0.6595349,-0.04435117,0.68320656,0.55539876
0.9504823,0.8030896,0.045976013,-0.12775938,0.5886589,-2.663271,0.8054469,-0.56517756,1.0507294,-0.86675334
1.6380674,0.32368904,0.46389216,-0.6400088,-0.8340258,-0.75830984,-0.6226527,-1.3914202,-0.3376268,2.200106
-0.7659927,-0.08057553,0.03322333,1.3790336,-0.31701204,-1.5587496,-0.14489172,0.84463763,0.4043175,0.2109926
-0.10922873,0.8879795,1.7400606,0.95363945,-0.71036613,-3.4799166,-1.083522,-0.78206044,2.084474,0.45200264
-0.5663288,0.6836149,1.2583656,0.9966056,-0.49221903,-1.8843683,-0.8526301,-0.8097666,1.8378655,-0.14918946
-0.91827625,0.73870516,0.7819806,0.6766373,0.5018217,-1.7629726,-0.78304857,-0.33145055,0.87842757,0.23480476
-1.9858303,0.50000244,1.8818717,0.76709294,-0.351684,-2.7214663,-0.850508,0.08780782,2.1328301,0.48968852
-1.9424396,1.3191051,0.36973453,1.4810795,0.87243044,-2.9062462,-0.47335595,0.7988266,1.1591122,-0.7391623
0.45163256,0.2330452,0.76536494,-0.16478412,-1.8957131,-3.3781602,0.38315392,0.22528145,-0.33746558,3.7154188
-1.9146142,0.18786858,0.5228066,0.28681195,2.7899861,0.3384612,-2.1260133,-0.68351865,0.8856545,-0.31653935
-3.0796971,2.2189205,2.4859562,1.0742239,0.19376436,-3.9564593,-1.4491956,-0.50692344,3.250784,-0.26153648
-1.1625819,0.5814491,2.1698382,0.38319653,-0.085128255,-2.3525934,-1.5641072,-0.9310701,2.1551147,0.8024729
-1.1635027,0.9949702,1.611633,0.27143002,0.78919494,-1.3489382,-1.6249459,-0.9216234,1.4366007,-0.04149978
-1.4313045,1.7256757,0.74687093,0.9152008,0.5734438,-2.35185,-0.575367,-0.39294502,2.0437093,-1.3099674
-1.5933905,1.1313576,1.1839937,-0.18686815,-0.034746893,-1.0452935,-1.0092432,-0.71799046,1.6851215,0.59080034
0.71192884,-0.0018596202,2.272944,-0.13561524,-0.43602958,-2.2781546,-1.3552308,-1.6415087,1.9953773,0.773106
-1.3834409,0.60639155,-0.17857717,1.9023609,0.78738487,-1.3099669,-0.46070963,0.969342,0.83196676,-1.7312568
-1.1094785,0.84866905,-0.3096639,1.5844488,0.58437407,-1.9238871,-1.3146415,0.71231455,-0.12753001,1.0127453
-2.0079024,0.8860022,-0.2643125,2.6889212,0.589274,-2.297444,0.14085944,1.6376743,0.35878772,-1.7623464
-1.6597242,0.19084637,-0.2792331,2.214218,1.7947187,-1.1618501,-1.244299,1.2790177,0.3210417,-1.5202597
-2.5784173,1.5831568,-0.9285018,3.0810924,2.6386323,-2.5295236,-2.0400927,1.9357684,0.48160112,-1.6293825
-2.926383,1.1030182,-0.49211532,3.0750103,1.5967612,-1.9025977,-1.3139155,1.9692641,-0.30373043,-0.7504055
-2.6190965,1.7972516,-1.3080219,2.3074727,1.7949333,-1.5966718,-1.0840256,1.6953312,0.32128704,-1.2829553
-2.5898626,1.4999453,-1.4900916,2.1345112,1.3247207,-2.0982628,-0.1686988,2.0915713,-0.50788915,-0.19682114
-0.1705145,0.051235586,1.2610602,1.6271561,-1.0868118,-2.6776302,-0.1960137,0.23250695,1.1261901,-0.23443942
-1.5826066,1.6914587,0.1610003,1.545996,0.10821619,-3.3125765,-0.34912091,0.9171753,0.08851187,0.76301366
-0.97673875,0.13873087,-0.37429547,2.014163,0.5376762,-1.4876561,-0.2913525,1.2381488,-0.14028177,-0.5867872
-1.3190494,1.1520758,0.35858613,1.7407149,-0.1314221,-1.8454107,-0.035985664,0.4686035,0.97980875,-1.403247
-3.2258549,2.4006338,-0.6422,2.3678575,2.4139676,-2.9595346,-1.1401519,1.5302529,0.877292,-1.5678383
-2.4685898,1.1694875,-1.0718453,2.5163507,1.7833618,-1.1387514,-2.1904984,1.6422223,-0.6012852,0.41916192
-2.954602,1.8886535,-0.48634732,1.8035089,0.23039016,-4.4276414,1.4371768,2.318737,1.2181729,-1.0114187
-1.3918201,0.79650396,-1.3827839,1.406479,1.8096792,0.027151853,-0.9938534,0.95118266,-0.35363406,-0.8992529
-2.895233,3.2257643,-1.4233286,1.5855862,2.2310739,-1.8750405,-1.3999931,0.8422197,0.37904048,-0.64736354
-2.2982228,0.44623733,0.69734186,1.6170192,0.2367248,-2.0451946,-1.1623209,0.9392265,1.2380652,0.2641605
-0.0957105,-0.23594664,1.2301846,1.6047232,-0.893786,-1.9090441,-0.87417215,-0.11326723,1.3476378,-0.099453285
-1.6010499,1.2148005,-0.32431108,0.5614056,0.6699918,-1.1435047,0.31743103,0.46328178,0.3835451,-0.5627814
-2.0413399,1.8091654,-0.37206173,2.0001376,1.2765198,-3.1675162,-1.261588,0.82471037,1.0766631,-0.19710894
-2.8974817,0.9544953,-0.7131132,2.9242227,0.7610723,-2.0335186,-0.5902127,2.4443781,1.2272998,-2.1384394
-1.9830706,1.6831311,-0.5206592,1.762191,1.4935377,-2.1814435,-1.3786389,1.0561092,0.2527582,-0.22460277
-2.3581347,0.39436364,-0.8151585,2.1484804,1.1251388,-2.4107459,0.18453564,2.1624432,-0.28520685,-0.08630742
-1.17101,1.0222225,-0.39270335,2.250971,0.5483976,-2.9795134,-0.3989578,1.4007273,0.8542383,-1.1031233
-1.0302368,1.4871553,0.9677584,0.9846051,-0.18236125,-2.099512,-0.29308844,-0.06717473,1.4205508,-1.1244389
-2.6339002,1.735751,1.1196603,1.0542411,0.11936032,-2.887944,-1.562255,0.30899164,1.6514809,1.118201
-3.133166,1.7206701,0.04423602,1.5821614,1.266592,-1.3151063,-0.56757337,0.85628355,1.1010153,-1.5587159
-0.89230734,-0.07350473,-0.22366138,1.7800162,1.4146904,-1.6051863,-1.2711802,1.0900682,0.40358704,-0.6875474
-1.8350424,1.0007938,1.7599485,1.4333514,0.9447093,-3.2904859,-0.19924904,0.08221044,2.604908,-2.5554366
-2.694445,2.2086198,0.76272565,1.1423215,1.256582,-1.9412757,-0.89474934,-0.10466416,2.2419162,-2.0223782
-2.377731,2.633836,0.94240004,0.7560865,1.2458527,-1.2014426,-2.5556557,-0.88191676,1.7826394,-0.3384362
-0.7334682,2.3260546,0.46143216,0.7687723,0.36769882,-2.1942291,-1.0235504,-0.74036914,1.7078172,-0.9150647
-1.9696498,2.1404107,1.5864881,0.9305553,0.4004585,-2.5689964,-0.43065685,-0.6086477,2.3089373,-1.8183106
-0.9577555,0.93485844,0.42029816,1.4705174,-0.12007923,-1.8523809,-0.630381,0.4405509,0.5648937,-0.34237593
-0.60078156,-0.2736858,-0.053790614,1.9644722,1.4617305,-0.97881746,-1.3124629,0.6666075,0.11198127,-0.97077596
-0.14352964,-0.8481479,1.8576907,0.4736647,-0.58783275,-0.45532787,-0.72424936,-0.72869325,1.9079287,-0.7958687
-0.43892592,1.2161882,1.104537,0.6223087,0.8018888,-1.5660908,-0.82874185,-1.0741926,2.011803,-1.833008
-1.5379101,0.2988891,1.3946794,0.6620441,0.07023602,-1.5785873,-1.1077667,0.027961794,1.471414,0.23088269
-3.1287067,2.341748,1.4995772,2.2064817,1.6138303,-2.419141,-1.5722733,-0.30976522,3.2565799,-3.5963726
-1.2947618,1.1851491,0.32041946,0.77250916,1.0575522,-2.0528777,-0.6752004,0.06852858,1.2655637,-0.7334086
0.9666552,1.5105199,0.7540987,0.37833613,-0.14103818,-2.0051026,-0.8585926,-1.4645633,1.3330432,-0.42926174
-1.4237044,0.99786556,0.14029549,2.577338,0.8008373,-3.3911743,-0.56080645,1.1333007,1.3044157,-1.6233109
-2.3224509,1.0071236,1.1604654,1.5646005,-0.48654467,-2.3467197,-0.5420753,0.9514648,1.446037,-0.36442202
-2.469663,-0.32197124,-0.4289168,1.9898522,2.9105303,-0.42426494,-1.4111485,1.2659286,0.9888085,-2.1894937
-2.1539862,2.825569,1.4813364,2.1438565,1.3709738,-3.43357,-1.119985,-0.4161158,3.3864355,-4.1688905
-1.4727498,0.1581529,2.4637892,0.25151747,-0.1204311,-0.7995131,-1.7716526,-1.0029062,2.5880566,-0.33468902
-1.7264712,2.602793,1.7420565,1.2633876,-0.2530475,-3.5216117,-1.8835847,-0.58790785,3.5090697,-1.2644483
-1.4840117,-0.32968658,1.7159328,0.55106103,-0.53315777,-3.2146103,1.192085,0.7493314,1.9645579,-0.57147807
-1.0592132,2.8065746,0.90636605,0.4953162,-1.1225312,-2.4661362,-1.5132182,-0.9287641,1.6448485,1.314551
-0.6942921,-0.74386823,2.4134715,0.5772718,-1.6823785,-1.4940506,-1.2194806,-0.5844396,2.0348475,1.4332793
0.06462543,-1.4891981,1.8406947,0.15528068,-1.1916453,-2.300003,-1.1618416,0.1553561,1.2827721,2.6501663
0.3786065,-0.45309407,0.28151804,-0.24124141,0.79608315,0.24839708,-1.5578996,-1.0875908,0.9524921,0.661525
2.2648642,-0.8639047,0.75090426,-0.63858503,-0.64987636,-1.8010848,-0.85957503,-1.3922044,0.5828205,2.6310816
1.8734809,-1.3896955,-0.035510913,-0.31827933,-0.46283698,-0.19519195,-0.9679473,-0.07762465,-0.7740183,2.354589
1.4414294,-0.023117732,0.34963512,-0.31752324,-1.6314676,-1.2610089,-0.7487879,-0.5366795,-0.78336954,3.5009632
4.613029,-2.5584238,1.0278158,-0.466824,-2.7168174,-2.1887293,-0.46028113,-0.88272506,-1.2412168,4.8525777
1.7471794,-0.8368244,0.71149623,-0.6644172,-0.3667621,-0.33550918,-1.0206561,-0.7560694,0.18457744,1.2620549
-0.12196842,0.43515664,0.718403,0.6422576,-0.04736565,-2.017818,-1.4687397,-0.44167113,0.4598086,1.863328
1.573565,-0.029200733,0.29641455,-0.2840799,-0.17608213,-0.8536049,-2.3404462,-1.0656903,-0.58106995,3.5191207
0.5319271,0.21102045,-0.2918743,-0.49154907,0.609545,1.0652902,-1.7547325,-1.0883619,-0.4330945,1.6652669
0.93221384,0.12669899,0.42081767,-0.021373108,0.14331579,-0.9645622,-0.82316023,-0.9640788,0.63577276,0.55123574
-2.2672412,0.4442839,1.9599628,0.44188106,-0.3063217,-1.6689013,-2.4093215,-0.05061299,0.9655272,2.8691566
0.353728,-0.022418395,-0.11617939,-0.5122334,0.67477554,-0.3901154,-0.06608735,-0.2957031,-0.05523324,0.40059167
1.4009237,-0.8945122,1.7905982,0.46179813,-1.9668782,-2.266285,-0.9277991,-0.7837623,0.9486886,2.2496977
-0.82888335,0.4722647,-0.115124896,0.92775434,1.0773951,-1.2958655,-0.88717324,0.41577718,0.38094294,-0.15228443
-2.6207068,1.1503402,2.0359378,0.9054917,0.2873227,-2.9428015,-0.63987976,-0.22239698,2.7949162,-0.7307284
-1.4456959,0.80212295,0.95912516,2.4407067,0.38647383,-2.3719363,-1.1930276,0.4053842,1.7447668,-1.7417425
0.25983512,1.366616,-0.41238576,-1.2150228,-0.28874537,-1.2302883,-0.2289206,-1.1020606,-0.4727202,3.3320987
-2.1385312,2.4637463,1.0114801,0.93588394,-0.35634825,-2.4464197,-0.9049791,-0.31463197,2.0124643,-0.1949176
-1.6572812,1.5894338,2.0426884,-0.5881373,1.1233475,-1.0958614,-2.667537,-1.7656084,2.2873564,0.6868938
-1.2688363,1.7483314,1.0351193,1.9681354,0.3854273,-2.7435827,-2.296039,-0.21985476,2.4457624,-1.0673493
0.3394456,0.31511986,0.69688684,-0.10536598,0.60189474,-1.9396404,-1.9447767,-1.0598713,0.030704632,3.0679405
-1.0833826,0.3067658,1.0003351,0.52760565,0.13094512,-1.0685945,-1.3007177,-0.15561278,1.0848348,0.5995308
0.7259715,-0.40372044,0.9979828,0.04835576,-0.8228879,-2.137479,-0.28616202,-0.67641556,0.28598714,2.3444324
0.5866788,0.92894804,0.92327994,0.42125326,-0.23895538,-2.1609082,-0.3729177,-0.8410455,0.51686573,0.21955301
2.5426352,-0.26874673,1.3757722,-0.24260841,-0.9139096,-2.5874667,-0.6995887,-1.7650987,0.6114149,1.8920238
3.1088183,-0.39587975,0.99509215,0.30846208,-2.011129,-2.1679423,-0.54563403,-1.3259019,0.37227386,1.6820692
0.6329419,0.78563726,0.5884115,0.78467566,-0.58345187,-1.1975745,-0.38605618,-0.95535374,0.9285052,-0.57158375
2.203485,-1.9066962,1.3466749,0.23224735,-2.3585334,-1.9438142,0.36945873,-0.38621256,-0.4024344,2.8935595
0.81683546,0.89270973,1.8743868,0.55641836,-1.4800568,-1.4557941,-2.5144558,-1.3784548,0.3495782,2.323161
1.4996622,0.06460957,0.75300246,0.8164401,-1.7987751,-2.1321507,-0.45793778,-0.24436562,0.5362956,1.0062028
4.3359,-2.0364194,1.0064467,0.385279,-2.5911329,-3.249926,0.20390753,-0.2184826,-1.3009307,3.4336267
1.0868508,0.82110643,1.4007211,0.2601738,-1.3244399,-1.3020555,-1.5640686,-1.7465637,0.6511704,1.7036892
1.1351774,0.056914553,0.7909393,0.03492531,-0.4979775,-0.82004225,-1.2183651,-1.3053159,0.124060854,1.7034248
0.45205063,-0.53939664,0.3090772,1.8438284,-0.47946465,-1.4676026,-0.28083122,0.32587108,-0.12123178,-0.0036818534
0.9311796,1.4888786,0.8765696,1.0463997,-0.6537211,-2.3544965,-0.363361,-1.1192771,0.5646214,-0.4307943
2.2034776,-0.44592148,1.301884,0.80726594,-0.24867243,-1.4194752,-1.3746616,-1.853562,1.145611,-0.19082962
1.2206696,0.13043235,0.44625783,0.6592785,-0.65171653,-1.8438077,-0.9784591,-0.3682151,0.4083553,0.9406779
3.1721954,-1.418456,0.24338113,0.2207889,-1.9266446,-2.4671707,0.9075297,0.13294001,-0.4634866,1.6040276
1.866713,-1.3595191,2.212674,-0.3878165,-2.343577,-0.7084375,-0.871177,-1.4395608,0.8795619,2.0982547
1.8442628,-0.5527382,0.7363867,-0.7298537,-0.7263975,-2.1866403,-0.02020277,-0.9340705,0.19764665,2.358992
0.71645266,0.6578064,-0.83768797,0.8650768,1.656075,-1.3650314,-1.6550273,-0.71879864,0.10056253,0.6167584
0.88870347,0.040702686,-0.06636678,0.2989012,-1.3115155,-1.5087284,0.17942493,0.06370273,0.48524165,0.95198256
1.1923833,0.46537936,1.5455701,0.25539792,-1.3014557,-3.2402415,-0.915394,-0.94836664,1.520525,1.4448041
2.2927067,1.9884268,0.18141015,0.28154337,0.8020596,-1.7326899,-2.6631932,-2.0266116,-0.028541759,0.8299779
3.568248,0.21175979,-0.653306,-0.6796885,-2.2295282,-1.873559,0.61628795,-0.84711033,-1.3353105,3.2667754
-1.2602745,0.1723542,2.780487,0.23450668,-0.63243204,-3.3164372,-0.38399047,-0.5368631,2.1943676,0.6933391
2.9593933,0.4362796,0.38860327,-0.78884256,-1.5647467,-2.6255736,-0.8180199,-1.478273,-0.71468276,4.1757565
0.675344,0.3076654,1.3534935,0.60438067,-0.78877103,-2.1279817,-1.0505847,-1.0466144,1.5438802,0.5694798
-1.7797508,1.1660248,1.4742973,1.5442317,0.2681453,-2.4697611,-1.4424233,0.3368161,2.3943706,-1.5469322
-0.9210861,-0.42193776,0.22764795,1.4215124,0.29459047,-1.8166088,-0.77022916,0.98931545,0.84489834,0.12123071
-1.3510054,1.5986199,-0.06069833,2.1317925,1.0226889,-1.9034806,-2.0659504,0.32731703,0.51946914,-0.2329446
-0.9106653,1.7828485,0.8400294,1.3092103,0.07267483,-2.4235258,-2.4510448,-0.36975244,0.8040592,1.344465
-3.5822692,-0.09742017,-1.4077191,2.514763,3.1160753,-0.39260998,-0.7441326,2.4882655,0.6599202,-2.4783783
-2.5453246,2.3746097,0.5622876,2.4106166,-0.53123224,-3.653184,0.36132097,0.70422256,2.0980365,-1.7070893
-1.8897034,0.8142149,-0.68026304,2.201942,0.6083443,-2.529984,0.4994303,1.8849348,0.11982019,-0.96375906
-3.2468083,0.7831573,1.9834725,2.850562,0.29825783,-2.5174928,-2.303772,1.082612,2.321707,-1.2920784
1.5917861,1.0227216,-0.90166825,1.5375552,-0.17071086,-1.7135533,-1.3140794,-0.15221675,-1.234162,1.37142
0.7144082,1.0206308,0.22785708,1.7457178,-0.43584624,-3.002531,-1.0100377,0.13721542,0.55912834,-0.01400362
0.91906804,0.5493319,-0.6075188,1.5030715,-0.68109685,-2.0093157,-0.8627204,0.16511184,-0.08211103,1.153273
-1.5349251,0.99184906,0.20560393,2.4564164,1.3556104,-1.0327762,-0.714281,0.017536484,1.6183547,-3.3359065
-0.24184848,0.9129343,-1.1221536,2.8072069,1.1110919,-1.390853,-2.2067678,0.90006596,-0.90913904,0.14871745
0.06276272,0.7809646,0.6670749,0.96332616,0.23270339,-1.6380464,-0.3841812,-0.25587448,1.190449,-1.6020347
-1.5020508,1.5494803,1.1686167,3.108382,-1.8527961,-3.853944,-0.7216048,1.1960765,1.9062334,-1.0209008
-2.917067,2.1433363,-0.21925606,2.548024,0.24295485,-3.221993,-0.8150249,1.5246115,1.5750002,-0.8304735
-0.67172486,0.42471987,-0.06689061,1.9947326,-0.4593221,-1.1632991,-2.4827085,0.54793054,0.967886,0.93491685
-1.4501553,1.3489662,0.7448066,2.0829074,0.37261927,-2.3254344,-1.8000897,0.2134503,1.2790022,-0.49713105
-2.0327158,-0.0661519,0.3150564,2.0518003,1.6420817,-1.3863498,-1.7455002,1.1530117,0.84611446,-0.7686565
-3.0784142,1.0182348,0.17035274,1.573473,2.4047236,-1.8503726,-0.9442177,0.80556333,1.2902908,-1.4110229
-1.3603065,1.5232456,1.4265146,1.4180678,0.031230025,-2.7498972,-1.2088838,0.0055890344,2.0278788,-1.0975804
1.2188531,1.2321578,-0.4871443,0.46473563,-0.11076634,-1.7842816,-1.0866299,-0.99645483,0.4913903,1.0862166
-0.34233207,1.0308803,1.1525803,1.0769603,0.19518158,-2.3703327,-1.6425194,-0.7575768,1.589571,0.08628042
-2.387611,5.314971,-0.15571983,1.1676904,0.79966676,-4.574439,-1.9078947,-0.75667626,2.1366048,0.46296352
-3.2666454,1.1643615,-0.84423333,2.7191708,3.7011738,-0.86606693,-3.2224083,1.1062241,1.2122159,-1.7489887
-0.02756314,0.9324436,0.77049875,0.37318048,-1.062562,-2.9321895,1.9937693,0.20262368,1.0776236,-1.441864
1.2226281,-0.41631836,1.3043224,0.19936164,-1.2395086,-2.6379619,0.74182785,-0.5161737,0.96621275,0.3342269
-0.62666464,1.154942,0.80906254,0.19790538,-0.38875273,-2.6153083,0.5391859,-0.086439475,1.1356492,-0.10391717
0.7214244,-0.40554553,0.6535011,0.6033971,-0.90063906,-1.6211509,0.62101185,-0.079436526,0.18440549,0.22440952
-1.8985513,0.7539084,0.34833103,2.3809218,0.14698121,-3.6305943,0.64957184,1.6070758,1.1410106,-1.5554465
0.25835627,0.5895424,0.9944414,0.64674884,-1.1325084,-2.7481947,0.95688003,0.13168631,1.6253521,-1.2742727
0.20031534,0.45821178,0.51648015,1.082904,-2.208403,-4.5505867,3.7822785,1.1828233,0.2665916,-0.62375414
-0.12428345,0.628947,0.23408651,1.1320728,-1.200606,-3.458162,1.801552,0.7262593,0.46565437,-0.23157118
-0.3767116,-0.20018202,0.5839225,0.3567863,-1.3096006,-3.1561384,2.0129075,0.73247254,-0.04960315,1.4489375
0.059655875,-0.9935792,2.1615956,0.5425984,-1.5222979,-3.5781896,2.0239239,0.080829754,2.358029,-1.192084
-0.21290942,1.0325675,0.71136993,0.073612824,-1.4804497,-4.6432533,3.6790566,0.60648894,0.87448454,-0.6310377
-0.7471903,-0.46899623,0.8116098,0.4883775,-1.2400426,-4.59316,3.358321,1.8440603,0.45353281,0.18739343
-1.2103072,-0.0055539757,-0.46074438,1.6988871,2.2373018,-1.5150326,-0.4128909,1.1363261,1.2773678,-2.8013453
1.3398626,0.29886967,1.1282483,0.6066363,-1.7734103,-2.457274,0.7112097,-0.48702183,0.84846735,-0.2577684
-0.21418633,0.12532848,0.06414996,0.83773285,-1.4832263,-3.1974514,2.8630266,1.5053777,0.2781692,-0.82735354
1.599463,-0.48391318,0.41963118,0.7470907,-1.3843722,-3.014031,1.6149391,0.60280854,0.5576167,-0.5708995
-0.46301472,0.2723713,1.2972243,1.2724936,-0.2758387,-3.1694937,0.08469416,0.17527829,1.9983094,-1.2724264
1.4792126,-1.3422006,1.0594885,0.31484058,-2.5981715,-2.049533,1.5143791,0.6232734,-0.034490988,1.0221941
1.3159566,-0.59127253,1.1254661,1.1664219,-1.6311736,-3.135236,0.7408273,0.16420902,0.8245724,0.06701736
1.9315295,-0.37167776,1.0238305,1.0300913,-0.4774867,-2.4144413,-0.99650735,-1.1233224,0.32225144,1.0105264
0.96205384,-0.15074213,-0.46405464,0.08063702,-1.4003553,-1.6759703,1.8249483,0.6278263,-0.69408464,0.9282284
-0.6038475,-0.4036467,1.0188622,0.3063686,-0.731803,-3.6521177,2.3057113,1.2876031,1.229146,-0.79087937
0.7780486,1.104952,0.31609625,0.727947,-0.9850198,-2.2493534,-0.10790394,-0.3477358,0.42273927,0.38353306
0.39822268,-1.0963495,0.43846178,0.018623278,-1.2329288,-3.3614032,3.367201,0.8972589,0.16468437,0.47395748
-0.4393565,-0.834364,0.5543527,1.8437952,-1.1802975,-3.0147653,0.8628159,1.6825279,-0.32825422,0.91386914
