-0.09595333,2.0317616,-1.1919706,-0.58676475,-1.2925878,-0.5899681,0.2851387,0.23447622,-1.2402706,2.5891633
-0.17738263,-0.6639125,-2.1887867,1.6301188,-2.0079267,-3.4626842,1.6274579,5.6072454,-0.7271588,0.42989916
7.0510755,0.5704454,-1.45318,-3.4898355,-2.2649863,-1.2503939,-0.27007613,0.8616771,-1.9941262,2.4153316
-1.2446924,-1.1416024,-1.2989963,0.4006713,-2.7688906,-2.078709,2.8283157,5.0445056,-1.5569985,1.8964988
-0.06089596,-1.1509464,-0.62507445,0.35351044,-3.1599119,-2.6502783,2.349584,4.9202313,-0.9305204,1.0376793
-3.2934902,0.20157917,-0.65033007,2.8334308,-0.71745086,-1.869401,1.821409,2.2682726,-0.39206496,-0.17694846
1.0133356,4.324799,-1.371688,-1.1581464,-2.0267017,-0.90546846,0.9397928,-0.21137764,-0.22705217,-0.23751563
-0.39176843,-0.5353982,0.46688008,-0.46662235,-2.7454877,-1.6305648,3.2725492,2.3096545,-0.91106033,0.71166897
-0.35791898,-2.388587,0.31896406,0.37747574,-3.5143998,-0.86496043,1.8146616,4.915748,-1.4749503,1.2167712
0.9824017,0.10231279,2.135307,-2.1231875,-2.4689596,-2.533001,3.8790698,0.26943123,1.0379752,-1.1238606
0.5392289,-1.0172569,0.017511055,-1.588092,-2.331578,-2.369226,5.6199822,2.7567325,-0.8115026,-0.7665564
0.19550408,-1.1588727,1.086008,-1.0224321,-2.8637366,-2.4550061,3.1331356,2.713834,-1.6768448,2.1235738
-0.55312264,-2.495395,-0.12246518,0.09936644,-3.4355965,-1.9132886,3.3912563,6.3262315,-1.7765919,0.48834145
0.54231405,-0.83053994,-0.41222602,-1.4400654,-1.3882544,-3.0831957,6.2809877,2.1593254,-0.66751456,-1.0541316
1.7146096,-0.8060676,-0.35368037,-1.5105219,-1.7797568,-2.6267657,4.320809,2.2601995,-1.6960785,0.59848493
0.96630824,0.35146803,0.40755355,-2.0607173,-2.4650795,-2.7105868,5.8954053,1.2454189,0.14492083,-1.6525707
-0.12431967,-0.39678782,-0.6275278,-0.36804324,-2.1020448,-2.4544435,5.874156,2.1619217,-1.2480286,-0.6241158
-1.1198784,-1.5065019,0.08578266,-0.2037252,-1.8420898,-2.8704796,6.121515,3.521228,-2.2647398,0.17887878
0.7818839,-1.3527068,-1.407005,0.40537822,-1.7417983,-1.9391406,2.620319,4.562938,-3.189099,1.348651
0.7742467,0.41374725,-0.23066951,-1.1260333,-1.6386342,-1.5673752,1.9942509,1.4984984,-0.18672433,0.18604034
2.8245487,-0.12003325,-1.2701498,-0.8685633,-0.11185829,-0.51991415,-0.6338504,0.53129697,-3.345965,3.6215506
-0.17763726,-1.026563,-1.1539757,1.5390805,-1.9812076,-1.2749462,0.7078818,4.1712933,-2.5669098,1.9215231
-1.0972849,-0.61927575,-0.62368965,-0.69761777,-2.4194782,-1.442471,4.047551,3.606623,-0.5462494,-0.11095285
0.3698219,-1.4750192,0.3993308,-0.6083094,-1.924567,-2.8666735,4.382247,2.6750834,-1.1979945,0.3486792
-0.058133896,-0.41758275,-0.3143466,-1.8140728,-1.4844229,-1.5413059,6.006987,1.7520342,-0.3559437,-1.7021581
5.1685996,-0.669386,0.12685746,-2.3307915,-1.5436243,-2.0286424,-0.15344433,0.013988435,-0.73615396,2.266725
3.366192,3.2335877,0.38952124,-2.2672696,-1.5338063,-1.4669514,0.47625074,-2.8111632,0.3733234,0.35472086
6.597819,0.8842936,0.063789174,-2.7240827,-1.7397412,-2.284239,-0.4605109,-0.94392717,-0.7806605,1.5889329
2.8537576,0.08217649,0.10342626,-2.4220111,-1.145048,-2.1249719,2.7656746,0.036124766,-1.8671856,1.8748949
5.590938,1.120989,0.31846344,-1.6300992,-1.0521988,-2.0532322,-0.9990552,-1.5691999,-0.4765621,0.9502188
1.1742964,0.026427463,-0.7358488,-1.9630127,-1.811183,-1.3547325,4.712205,2.2867384,-1.2376931,-0.98065746
3.4125376,0.74119276,-0.62924296,-2.0945747,-1.3333293,-1.1158152,1.5891767,0.29960698,-1.8775991,1.1109418
6.0734963,0.2323551,-0.48462164,-1.6165802,-1.7684003,-2.85881,0.3987688,0.023878545,-1.44871,1.6175581
5.3630457,0.77267855,-1.230779,-2.844429,-0.9752204,-1.2154175,-0.49200195,0.5446392,-1.6008893,1.8028145
4.0844336,1.3903142,-0.9817185,-2.4629388,-1.7149339,-1.3390055,1.3356599,0.20817567,-1.6231536,1.2493831
2.3792117,0.87944263,0.025192782,-2.3987372,-1.9052043,-1.9528432,3.054533,0.30067003,-0.24906835,-0.0015278831
5.989061,-0.74036837,1.0250131,-3.8351371,-1.7468534,-1.9655867,2.060616,-0.4840992,-0.6623037,0.5099131
5.7167773,0.5976485,-0.9621467,-2.9944265,-1.2337613,-1.6965134,0.4380379,0.236564,-2.0021682,2.054767
7.035279,0.4425084,-0.5640719,-3.6390836,-2.2408617,-1.9815156,0.18175276,0.116266206,-0.84625435,1.715744
6.255076,0.783243,-1.1258175,-3.057394,-2.1017792,-1.4460499,0.5563254,0.23904563,-1.5360594,1.5848557
6.1332955,0.7924797,0.5918742,-3.0577223,-2.0449836,-2.3412418,0.3625934,-0.7969935,-0.06558469,0.610511
2.839936,1.9968212,-0.71746624,-1.554944,-1.7670441,-1.7326331,1.1509956,-0.34554267,0.37967512,-0.054069333
4.083112,-0.40635914,-0.5606697,-2.6446064,-1.7876775,-0.9372268,2.6685083,0.714653,-2.254544,1.2395912
2.7861598,5.251624,-1.1837025,-2.788438,-0.6377272,-1.1582109,0.83034235,-3.2912567,0.3442693,0.09055387
2.3192813,0.24111275,-0.14534606,-2.5264256,-1.6261685,-2.233316,4.8663177,0.76842093,-1.5337857,0.026166238
1.2092817,1.361222,0.13025773,-2.2830305,-2.4049332,-1.6261244,4.661994,0.35241055,-1.6418238,0.37606874
4.849296,-0.30672598,-0.20199291,-2.816935,-1.7039936,-1.7592645,2.033246,0.481386,-0.09482156,-0.30819112
2.6651886,-0.5017654,0.28207797,-2.2791293,-3.031496,-1.8071115,3.4674678,1.9605469,-1.5682366,0.93600816
6.403817,1.0739323,-0.8565701,-3.321755,-2.2168496,-1.4296914,0.5597026,-0.57866186,-1.5395851,2.0969536
6.3430476,0.99497384,-0.8105267,-2.5911548,-1.9460566,-1.1922915,-1.4724119,-0.049631283,-0.5134077,1.4131197
2.0467873,-0.8133643,-0.11550327,-0.38636667,0.22384094,-0.6948966,-1.8059466,-0.47693843,-4.287669,6.435668
1.0875502,-0.79142314,0.13589266,0.26471716,-1.0369679,-1.3215282,0.4543228,1.2959613,-2.6093266,2.6178594
1.6356789,0.91651636,-1.9474026,-0.72302175,0.99714655,-1.1405506,-1.301733,-0.34350002,-4.834188,6.8722277
-0.1387275,-0.6075447,-0.08274306,1.9004128,-0.084959164,-1.2764368,-1.3827991,-0.037559256,-3.9084494,5.676833
0.961912,-0.41175354,-0.3334331,0.30781245,-0.34530926,-0.9576895,-1.5011503,0.45806783,-3.9764426,5.9274416
1.404077,-1.1880438,-0.4020158,0.9962779,0.025928274,-2.0255709,-0.3709875,0.88587826,-2.8849747,3.66102
-0.08399598,-1.4439766,0.27080995,3.2180777,-0.8706351,-2.3848267,-0.44861874,1.6156226,-1.9173875,2.0999644
0.19795649,1.6039461,0.13017344,-0.19328007,-0.32964075,-1.7731335,0.24766724,-1.17578,-1.8172488,3.276331
2.1294966,-0.32520616,0.15559141,0.2881629,-0.7799911,-1.0993439,-2.0428414,-0.31196898,-4.4476566,6.5350447
2.1013582,0.67757714,-0.7787772,0.33673096,-0.7860123,-1.0124683,-2.0092714,-0.4963615,-4.538438,6.68197
3.364066,-0.10409546,0.019253626,-0.71702814,0.54407626,-1.1545403,-2.6208487,-1.3368391,-3.847494,5.978136
0.6502457,-0.40302855,0.3704664,1.1711448,-0.72367996,-2.2515092,-0.34016028,0.77517235,-2.4362073,3.3278918
1.0626178,0.19422714,-0.29221207,0.41997588,-0.9899911,-2.5743427,-0.118895665,0.64602184,-3.441332,5.217272
3.0541878,0.0005772859,-0.36020356,-0.6156148,-1.7481632,-1.7684624,-0.39101458,0.7568814,-3.378804,4.600814
1.1360217,-0.108445704,-0.68836015,0.73780006,0.056454167,-1.3671746,-1.9171976,-0.038956814,-3.3686845,5.6914597
1.6688628,0.44097394,-1.1093693,0.05461122,0.18541509,-0.2433674,-2.8173807,-0.5124342,-4.293124,6.769774
1.053849,0.47227168,-0.009190097,0.03943397,-0.059514865,0.044898942,-2.2136173,-1.1991802,-4.0398545,6.008912
-1.1841587,-1.7594717,0.06593503,4.5609474,-0.58008796,-3.1617503,0.06865649,1.9086444,-1.5992975,1.6753948
-0.738991,-1.4884119,0.031733617,3.3524754,-0.22633149,-1.7963545,-1.3190061,1.1848739,-2.1084094,3.1633139
1.8860298,0.9222916,-1.1499025,-0.030719563,-0.8917274,-0.2652909,-2.3978329,-0.38424873,-4.8077083,7.2806396
2.0273402,-0.06398119,-0.02288498,0.19066508,-0.9306087,-1.379615,-2.1180477,-0.17669742,-4.36454,6.989792
1.673604,-1.1600997,-0.2666092,0.42498434,0.01487644,-1.5024359,-0.80761766,0.8593821,-4.6282043,5.482424
-0.5431552,-1.0409039,0.08671835,1.8975041,-0.4153344,-1.6360115,-0.15178058,1.1902277,-3.2578697,3.8982959
-0.8718279,-0.74214417,-0.19316389,2.8412127,0.25879905,-1.853616,-1.1159974,0.98792493,-4.7272897,5.4886074
-0.36714482,0.12508707,-0.2754643,0.7726197,0.49467486,-0.895869,-1.8978183,-0.10241787,-4.5136967,6.773326
2.3687646,1.1494766,0.7787456,-1.7376623,-2.4445074,-1.724022,2.6783788,-0.17754103,-0.514085,-0.25372237
-0.4289636,-0.55007875,0.5544534,-1.8116494,-2.3970668,-1.9849327,6.606516,1.6809084,-0.45665258,-1.0878775
2.4173005,0.4550482,-0.41045725,-1.8685839,-1.9154043,-1.946271,2.3796153,1.3063989,-0.88590395,0.65819895
0.8139798,5.109312,-1.0319513,-1.874427,-1.9394119,-0.74300027,1.3431166,-1.6980567,1.9881892,-1.814124
0.12359147,6.560496,-2.0507283,-1.6958861,-1.2413442,-0.69435155,2.097819,-1.9874897,0.85338223,-1.8006704
0.545665,5.1576567,-1.5963073,-0.43070918,-1.8080308,-1.5981762,1.8457636,-0.96542346,-0.248248,-0.76229763
-0.043532666,1.733746,3.179142,-2.0504155,-3.307624,-0.36488917,1.7479814,-1.4847004,2.6392925,-1.9382635
1.4018294,0.7593153,-1.3897403,-1.569278,-2.4610376,-2.1451359,3.5470662,2.3192585,-2.0977824,1.7575608
-0.18025714,-1.0777899,0.13046393,-0.47914213,-1.6313304,-2.025606,5.183675,1.85759,-1.4042283,-0.24968892
-0.21493788,-0.59157825,4.0285783,-1.2905993,-3.1373923,-1.0976434,2.580161,-0.44225448,1.129195,-0.83607817
-0.20670387,0.77166927,-0.60882133,-2.309901,-1.938282,-1.2209232,4.9828777,2.395241,-0.4330405,-1.3414186
1.6590816,1.5980655,-0.044354692,-2.2124326,-2.7224607,-1.0164214,3.8316784,0.35036618,-1.3653367,0.066465996
2.1745443,2.2914302,0.60582393,-2.9589431,-2.2312446,-0.22706541,1.9604522,-0.77732766,-0.82573974,0.18826091
0.06554185,1.2982222,-0.33188087,-1.3610761,-2.2659547,-2.885857,6.137791,1.0628359,0.111046225,-1.6760246
2.4911525,0.997158,0.38299006,-2.0410435,-2.6031587,-0.9902973,1.989801,0.42391795,-2.3859246,1.8917819
-1.3446239,0.2454447,1.8324639,-0.7765149,-2.4987996,-2.7602406,6.866093,1.3651869,0.2265886,-3.0712972
0.37925038,1.482427,0.40368658,-1.5923076,-1.7228146,-2.6738715,5.796242,0.44426876,-0.25589624,-2.1479988
-0.3449529,0.31248075,-0.5260822,-0.62201595,-1.6741879,-2.1681223,6.2083693,1.9450965,-0.7313819,-2.2710428
-1.6454769,0.7724766,0.8725895,-1.3500993,-2.0838354,-3.0316072,7.1693945,1.0863409,-0.846818,-0.8179825
-0.7591154,0.6905416,-0.3615086,-0.75786406,-0.36699855,-2.4560916,5.881942,0.6033411,-0.42510682,-1.9247156
1.2124442,0.6295281,0.83436006,-2.3422928,-1.8260103,-2.0055523,4.98295,-0.10376735,-0.8974757,-0.35615593
-2.225884,0.2758484,1.1120322,-0.06858061,-2.3827918,-3.6366057,6.602755,1.8905264,0.9816351,-2.5117822
-0.74857605,0.05285479,1.4039389,-1.3676529,-1.9275718,-2.6654115,6.3686814,0.67399085,0.79847646,-2.490428
1.6235598,1.0061479,-0.22821756,-2.4826152,-1.627505,-0.9308901,3.1435776,0.61550295,-0.15260547,-0.8241087
-0.7172222,1.2201908,1.166583,-1.7189498,-2.0371878,-2.1064014,4.770885,0.9332082,-0.11561608,-1.2660052
-1.3767148,-1.3593264,0.41896534,0.9045914,-1.6710426,-2.3548412,5.0486903,2.880192,-0.672338,-1.758315
6.6150227,-1.1240716,-0.6909717,-2.4147692,-1.3762438,-1.8306649,0.3831242,0.45626712,-2.152902,2.2878025
-1.5232817,-2.4601707,0.28006738,1.1435616,-1.5373881,-2.3855345,4.4429154,3.785167,-1.6807828,-0.089768045
-0.92164165,-1.5277438,-0.7582854,2.4912899,-1.2905239,-2.885301,1.6164547,3.9839327,-0.55205166,-0.15739968
1.3598075,-1.8458973,0.5714102,0.103154555,-1.29881,-2.43513,2.4230587,1.719763,-1.296193,0.7767372
3.2262568,-0.4382757,0.1164801,-0.70651495,-0.68212813,-2.4010496,1.3182987,0.3354544,-1.6550411,0.94224024
-0.1395504,-1.5545433,-0.21778329,1.201467,-1.5745103,-2.1802592,2.3770812,3.114248,-1.7770236,0.8128946
-0.94677097,-2.8194463,0.8561094,4.035139,-0.4384145,-2.368082,0.16036229,1.6738458,-0.37939605,0.22861102
-1.331551,-1.1836464,-0.8771001,2.5581036,-0.94079787,-2.1927576,1.407878,3.776002,-1.1756982,-0.03598421
-1.2037259,-0.59168565,-0.09000096,-0.13262604,-1.1610988,-1.830282,3.8820074,2.4908977,-1.4163573,0.12812245
0.35388166,-2.693589,2.0504804,0.6878566,-0.24625237,-0.47117898,0.12559192,0.22969358,-1.3684134,1.3552047
-1.970761,-2.3619142,-0.4116482,1.3037558,-2.3207436,-2.0953698,2.9579825,5.598923,-0.7910923,0.115883686
-2.5659025,-2.1035693,-0.93865997,6.2366385,-0.30994648,-3.7535734,0.18596442,3.6893218,-1.0194839,0.628453
-1.5732989,-0.39850348,0.24295996,3.0835855,-1.2377497,-2.3457594,1.565689,1.7101336,-0.66099346,-0.34980732
6.6108136,-0.95027614,0.54662275,-2.286905,-1.8984256,-1.2451384,-0.29328665,-0.2803231,-1.582162,1.5236605
0.26602024,-2.7525258,1.9335434,0.008822158,-1.5688643,-1.7757871,2.817352,1.8865969,-1.5034449,0.7431475
-1.9717408,-1.326845,0.025898471,5.1694207,0.7449655,-2.3751903,-1.6263562,0.9339417,-0.16777858,0.6695565
2.940883,-1.0495906,0.31182474,-0.24281631,-1.2241937,-2.6543045,0.27891025,0.73230094,-0.6684091,1.7043356
-1.0497109,-0.27412826,-0.7236049,1.2073967,-0.7741042,-5.026106,6.8187823,2.4032028,-0.48332718,-2.0236137
-0.8212837,-1.6532304,-1.4596064,1.8821479,-1.7882545,-2.6005282,2.2587242,5.3828926,-1.1184909,-0.03424751
-0.71829325,-2.5202985,0.56737053,3.4402368,-1.0286549,-2.4718962,1.0441877,3.081984,-0.70716715,-0.72146297
-1.1875535,-1.7903192,1.3910748,3.251628,-1.428803,-2.7096143,0.72024333,1.4124607,0.3183812,0.0043596104
-0.5137744,-2.4756975,0.5382728,1.443636,-2.3481202,-3.023992,3.3005598,3.7287705,-0.75591385,0.14080125
-3.283972,-2.2590523,0.28564224,5.7563295,-0.20403214,-2.8493576,0.9291523,2.4510665,-1.1197963,0.28464228
-0.20049693,-0.72583544,-0.94968086,0.7013438,2.879262,-0.4177386,-0.5754604,-0.35937428,-2.44922,2.1562078
-1.0668231,-0.73088354,-0.43734342,0.7770923,2.5145729,-0.37179914,0.07003771,-0.03724426,-3.4024737,2.7452903
-0.7705594,-1.405382,-0.26219642,2.22401,1.9085218,-1.0826931,-0.8528358,0.021745816,-4.529456,4.820041
-0.67688334,-0.8615837,-0.82569313,1.7741458,3.2629218,-1.385412,-0.1089398,-0.81973296,-2.456917,2.1660862
-0.99066424,-0.5408164,-1.0050865,1.6439462,4.230483,-1.0985982,-1.201748,-0.7746632,-2.6287866,2.432754
-1.417401,-0.28749645,-0.9332481,1.5377618,5.123103,-1.1401153,-0.26763126,-2.0272093,-2.133938,1.5827856
-1.7334312,-0.12039999,-0.40870637,1.0292131,2.2886388,-0.36730894,0.03697629,-0.88046765,-2.0296876,2.263898
-0.59517336,-0.107652515,-0.94618946,0.45318037,3.4729831,-1.0594866,0.05481633,-0.8451607,-2.358382,1.9829426
-0.5903673,-1.7300718,0.026321605,1.0742518,2.9826696,-1.2053404,-0.5276544,-0.3994887,-2.7162235,3.1279058
-0.82107306,0.14306007,-1.4138945,1.4783915,2.3866127,0.052197576,-0.59562427,-0.6882036,-3.0320804,2.5559778
-1.4674135,-1.0117309,0.02011107,1.9739678,2.8216834,-1.1345032,0.30270895,-0.64980775,-2.0556772,1.2507575
-0.29496825,-0.48639518,-0.35164642,0.32534832,2.6228888,-1.4015675,0.23647077,-0.590129,-2.1777663,2.1754704
-1.1664544,-0.22248743,0.0004922673,1.1320543,3.1142986,-0.5233853,-0.97026044,-1.3722669,-2.0101752,2.0643032
-0.77001613,-0.14532633,-1.0580014,0.6883316,4.109308,-1.3178079,0.32257482,-1.3993613,-2.405999,2.0469437
-1.3737783,0.2792827,-1.389799,1.7838155,4.290831,-0.15651995,-1.2372955,-1.9147108,-2.3698947,2.1653795
-0.37351233,0.8449747,-0.42651808,0.352646,0.6620147,-1.4070516,0.24240877,-0.5564487,-2.2441776,3.008284
0.78236794,0.1491298,0.3709131,-0.13340482,0.8673553,-1.3178062,0.36689505,-1.3177903,-1.9587796,2.296221
-0.41421646,-0.19383535,-1.726571,1.2527553,5.1438704,-1.481529,-0.3247415,-1.5161978,-2.1205814,1.4562978
-0.069326565,-1.0357653,-0.71091187,0.76684004,2.7939866,-0.31933728,-0.5404387,-0.5503998,-2.617895,2.3358448
-0.06629248,-0.33406767,-0.37153888,-0.016711965,1.7563663,-0.9648669,0.86063576,-0.64501786,-2.282848,2.1236987
0.8397293,0.4725806,-1.5306104,0.36684263,4.333453,-1.5220735,-1.2693434,-2.179142,-1.0631658,1.6476794
-4.2331405e-05,-0.5976891,-1.016331,0.942417,3.7251756,-0.740893,-0.78325653,-1.2992405,-1.8758435,1.7464241
-1.4612082,-0.43516862,-0.50360554,1.5336007,4.3877454,-0.34127226,-0.60012126,-1.7748116,-2.287531,1.5108321
-1.1256789,-0.8629922,-1.1058668,1.6374936,3.8692074,-0.16956744,-1.5630436,-1.115266,-3.0010142,3.511335
-3.0691516,-0.66579866,-0.13800223,3.464903,1.4553312,-0.83558357,-0.00509898,1.0776817,-1.0962136,-0.15565026
-0.7030509,-0.802367,1.8199242,-2.7443435,-1.5000796,6.573902,-2.091351,-0.8403148,-0.36067092,0.64143765
-0.5975153,0.33306402,0.9178224,-1.2492173,-2.127167,6.0916204,-1.5137936,-0.030864313,-1.5599568,-0.31643993
-1.2702495,0.027205065,0.30758172,-1.136637,-0.9747805,7.3341546,-2.3156745,-0.81487316,-0.52941203,-0.6029412
0.3746876,0.8868355,-0.041838124,-2.4903653,-0.28557432,6.3440676,-3.2274923,-0.92760485,-0.331408,-0.25444633
-0.46356237,0.38904864,1.1638007,-2.501035,-1.5976107,6.5326285,-1.5096604,-0.7015346,-0.74296963,-0.57633185
-0.7828343,-0.29080713,0.9045792,-1.8076923,-1.5162492,6.9775424,-1.8267366,-0.2944293,-0.6515657,-0.7127154
-0.43351015,0.20095657,1.0268586,-1.803743,-0.58794373,6.7778683,-2.925632,-1.7760513,-1.0233012,0.5108618
1.0003685,-0.3837474,0.34221107,-2.8304665,-0.9129099,6.0952225,-1.829482,-0.118571624,-1.3003693,0.014520235
-0.05472791,0.635282,1.4790289,-2.7630901,-1.3767934,5.6436634,-1.2481989,-1.1428705,-0.36397195,-0.783556
-0.39162454,0.9522627,0.6324555,-1.5254533,-1.8430772,5.683899,-2.6966932,-0.5896437,-0.7506558,0.58856666
0.8046781,-0.85490125,2.091871,-1.851612,-2.4015589,4.32462,-1.1499537,-0.319053,-0.7670835,0.19414926
-0.29217353,-0.34206098,1.5167259,-1.686904,-2.1031158,5.7865467,-2.1167436,0.09116539,-0.35698754,-0.46566612
1.3428751,0.2758624,1.1471374,-2.3383086,-1.8758414,4.9879236,-2.3657126,-0.9565468,-0.20612705,-0.00997328
0.610073,0.02529554,1.2781899,-2.183385,-0.9501938,5.388236,-2.6632802,-1.3427745,-0.5781082,0.42497277
-0.33935225,0.45897287,1.0621109,-1.5936496,-1.8374208,7.4721775,-2.7830899,-0.5212142,-1.4474623,-0.419496
0.6924703,-0.033873126,0.6999869,-1.9529114,-0.9719382,6.063895,-2.4517975,-1.6032444,0.24758908,-0.6285803
0.07702197,0.3845315,0.9384311,-2.305795,-1.4305906,7.252798,-3.1876903,-1.0448962,-0.42026836,-0.25392497
0.16294114,0.6415954,1.0290056,-1.9736303,-1.8238983,6.0463905,-2.4298582,-1.075513,-0.57303524,0.005536057
1.1540967,-1.6182116,2.0097582,-2.489545,-1.4096149,4.786318,-1.4306446,-0.31691867,-0.9450846,0.2976597
-0.28637403,-1.1625763,1.6417193,-1.8114142,-1.558247,5.096901,-0.70736384,-0.35703176,-0.30657053,-0.5081401
0.5254611,-0.97699624,0.46685678,-2.3063166,-1.1933124,6.965062,-3.080741,0.24157067,-2.532601,1.9035122
1.3522795,0.28795362,2.1975644,-2.919809,-1.7107778,6.4811883,-3.1407626,-2.0291982,-0.81323695,0.31924775
-0.48280823,0.5860693,1.7702961,-1.4259727,-2.0242412,5.9680643,-2.9535074,-0.88917786,-0.53093266,-0.024216495
1.0688046,0.2565322,1.858169,-2.7467144,-2.0947528,4.6658854,-1.0804963,-0.8784573,-0.9340892,-0.045006044
0.44450405,0.16506593,1.3649472,-2.5180757,-1.0394951,5.1739674,-1.9293034,-1.8102629,0.39272907,-0.17673686
0.39443216,3.2984953,-0.043211833,-2.0139775,-3.0319514,2.7143888,-0.35604694,-0.13900974,1.0162857,-1.7527179
1.3215033,1.2481393,1.4152853,-0.61982936,-1.7965171,-1.5438793,-0.3706202,-1.3980758,4.509853,-2.7099595
0.60408294,-0.07721797,1.4921874,-1.2702719,-2.1621091,-2.6025536,4.8977337,0.17914075,1.1369786,-2.0737972
1.0163778,3.593938,1.0724018,-1.5838041,-1.885077,-0.33993748,-0.6008228,-2.1848595,3.864018,-2.8174295
-0.02789421,1.0298101,2.8138819,-0.60415906,-2.3975017,-0.2357007,-0.875501,-1.7011747,3.0600562,-0.9857205
0.060298655,2.1167896,1.1856477,-0.7166921,-0.3961323,-1.1024556,0.86772317,-2.7510679,4.001225,-3.206155
0.6520226,-1.5241735,5.5927477,-0.23570694,-3.5874937,-1.438439,0.035560627,-1.1156123,2.976292,-1.2712672
0.26769727,0.43393737,3.694208,-1.0160384,-2.3510377,-0.6872741,-0.2195401,-2.1297698,5.484947,-3.424965
0.90464604,0.15027158,3.778349,-1.50215,-3.4209125,2.9243932,-1.7395799,-1.8803922,1.9899368,-1.1505142
-0.09969337,1.9225118,1.962628,-0.3581949,-2.7946417,-0.3877757,-0.04681087,-1.8551785,6.0119214,-4.274452
-0.08920644,2.1394796,1.9220163,-0.7401576,-1.9799733,-0.5583073,0.05045815,-2.5031054,7.335437,-5.497341
0.69187135,4.176768,0.073525116,-1.6735431,-1.4531411,0.41605222,-0.9488682,-1.8877546,3.2409527,-2.5938523
0.8117116,0.5632153,3.0615928,-1.813495,-2.6284575,-0.9423635,0.039127428,-1.9675163,6.4271526,-3.4778543
1.7481945,1.2683043,1.4700432,-0.95238614,-1.8287574,-0.30605432,-1.2500528,-1.776873,5.5835075,-3.8917165
1.6997446,-2.0144536,6.6360116,-1.7004836,-3.2813165,-0.14548129,0.15801854,-1.5961488,2.4076827,-2.0870645
1.1074984,2.649619,1.0202827,-1.2138342,-2.8023942,-1.2375307,-0.3164367,-1.3508822,6.8528547,-4.6416407
0.9186585,-0.17751952,3.376995,-0.7778329,-2.8075712,-0.9284208,-0.29038572,-1.1904888,4.376691,-2.4296858
0.26735047,0.38094956,2.4575334,-0.05638008,-2.4976916,-1.369257,0.17696632,-1.3247844,8.235544,-6.2455435
0.6215117,2.722448,1.5631521,-0.93597734,-2.2288702,-1.2589767,0.08662973,-1.9442338,6.1425495,-4.603972
0.2951922,1.5281565,1.9455472,-1.6793078,-3.4114063,0.81492746,-0.2152126,-0.8915134,6.1371484,-4.434395
0.90645456,1.9037459,2.614241,-1.4696634,-3.0882783,-1.8634195,0.81885666,-2.0565493,7.744739,-5.3979764
1.3141153,-2.5206609,7.442113,-1.4460669,-4.150584,0.21628115,-0.5107805,-2.4919856,2.3635898,-0.1546644
-0.37308884,-1.0152473,4.8942137,-0.22922127,-3.5974772,-0.5486156,0.033951957,-0.48246598,4.6012626,-3.2243865
0.77215457,0.05294563,4.132471,-1.1126318,-2.970287,-0.86904407,-0.14526431,-2.242713,3.1525342,-0.6682591
0.68445164,-1.7017956,6.23962,-0.8334692,-3.3993514,-1.1887288,0.55634075,-1.4289881,3.3971674,-2.2538476
0.49657333,5.3973966,-1.1857823,-1.8229053,-0.94075376,-1.4902507,1.1333878,-2.1933634,1.8695346,-1.0732695
1.7562088,4.9252477,-1.5843072,-2.1318338,-1.7665532,-0.7338724,0.055012394,-1.2514216,0.3894396,0.49408945
-0.32105577,4.5188503,-1.711599,-0.29131323,0.32245934,-0.726859,-1.1185147,-2.093351,-2.3331974,3.90527
2.2629106,3.846394,-0.72677594,-1.4625807,-0.8363791,-0.97235394,-1.1122626,-2.0810897,0.69379556,0.5785584
-0.071302846,4.734768,-1.7096078,-1.0364735,-0.056732133,-1.4195223,1.1873559,-1.7615422,-0.8301718,1.1627395
0.88454294,1.7254789,1.6651124,-0.27524555,-1.7449074,-1.7746012,-0.116533384,-1.8498474,3.5223913,-1.9005878
1.7707797,6.451155,-1.723227,-2.8059173,-1.3879015,-0.5841867,0.11016734,-2.6077125,1.7787595,-0.87257886
0.6888341,2.313314,-0.696912,0.09032728,-0.9320722,-0.73255134,-1.6793174,-0.6550805,-1.8327496,3.5915852
2.032803,5.8149147,-1.5422832,-1.89055,-0.43189043,-1.6261662,-0.024390887,-2.9375913,1.2896707,-0.50662297
0.54978323,2.1669064,0.44908816,-0.067576155,-2.004456,-1.7094126,-0.0125162415,-0.5169871,4.0336723,-2.809955
0.2206723,6.2650533,-2.15172,-1.3885295,0.6092894,-1.7457936,0.31235605,-3.0773323,1.3441255,-0.18219405
0.5361181,5.621143,-1.8420027,-1.7808815,-0.26684827,-0.8334193,0.3149589,-2.697169,-0.3563165,1.4750174
0.49908453,5.289616,-1.8136555,-2.0187848,0.4119326,-0.7389331,0.46559623,-2.2840018,1.0594606,-0.7528369
0.09257911,6.079764,-2.408759,-1.7477328,-1.0842581,-0.027793556,0.06976174,-1.1336261,0.31797725,-0.04265856
0.42464733,5.9034314,-1.6534785,-2.1249259,-1.0893197,-0.8139776,1.2979498,-1.9595011,1.0704571,-0.8635066
-0.26782787,4.459454,-1.1487511,-0.6056204,-0.16869016,0.47892073,-0.9051419,-2.5445988,-0.1349571,0.98088914
1.0150639,5.1047916,-1.7509723,-1.6587156,-0.54060954,-0.27409005,0.33968636,-2.3687727,-1.0313408,1.3736936
0.41246462,4.111447,-1.4318672,0.0761119,-0.74083525,-1.0050194,0.110984445,-1.5763855,-0.7603842,0.9344146
-0.3980466,7.055674,-2.3242588,-1.6664287,-0.54948634,-1.0577152,1.2213736,-2.4488869,0.7383834,-0.3778653
1.3324285,5.708031,-1.1886529,-2.248525,-0.5102532,-0.9406984,0.45191893,-3.766465,1.6500825,-0.34419146
-0.23649521,5.048,-1.7702647,-0.94807714,0.6444715,-1.1546273,0.5738872,-2.2742512,0.46621308,-0.1891076
0.80027765,1.6142224,0.36062354,-1.3379822,-1.1612608,-0.6796813,1.0559074,-0.90149754,-0.11872575,0.49035135
0.296552,4.4680786,-1.0574518,-1.1203195,-0.9065494,-0.32216898,-0.25896898,-1.9327759,1.2205065,-0.21286404
0.733867,3.8659558,-1.6513482,-0.2340853,-0.8935024,-1.0888033,-0.99041915,-0.7941394,-1.9465244,3.1869366
0.9645983,4.999913,-2.7774577,-1.3198022,0.32671428,-1.1121786,0.21302135,-1.4675454,-1.8390445,2.2022147
-1.9190285,-0.52382725,0.122568116,0.78360057,-1.7751442,-3.1083636,5.204335,2.326069,1.209424,-2.2293034
1.8268726,0.44106078,-0.0018772632,-0.44184977,-0.94587857,-0.89568627,-0.8189765,0.06806813,-4.784386,5.7119675
-0.7644101,1.9676538,1.2586288,-2.056285,-2.230139,-2.7777042,5.989299,0.52960014,0.36867926,-2.1354568
-0.44719887,-0.75371563,-0.2502764,0.20086874,-1.4444473,-1.2583425,2.037478,2.9524603,-1.7038779,0.7303958
1.0604863,-1.743921,5.7757626,-1.613212,-3.6054676,-0.71466744,1.6984775,-1.1434273,2.3926725,-2.0190938
-0.20657976,-1.69172,6.1387935,-0.37992656,-2.4279935,0.88996255,-0.84295624,-2.5021653,2.0617514,-0.9421301
-0.62051755,-1.8333591,1.7421205,0.08572085,-3.15169,-2.4906733,3.377663,3.037504,-0.2459574,0.162382
1.2382585,-0.7873692,1.5233332,-1.9397041,-3.1434884,-2.495957,4.66643,2.2500575,0.15010038,-1.3369857
3.809346,1.9940343,1.5252503,-2.7531667,-1.8203505,-1.0674094,-0.57556105,-2.3226702,1.1964171,0.1969614
-0.100189894,0.8675657,0.031993464,-1.7334782,-1.5881245,-2.695735,5.178593,1.0472473,0.029171288,-0.9818977
-0.69067645,-0.4176851,-0.20540752,-0.8445909,-1.488452,-3.636318,6.6272035,1.9579195,0.87326384,-2.1278992
1.009789,-0.2144881,-1.2099061,-0.09294866,-2.7080374,-2.1813576,2.0639837,3.7081783,-2.1328676,1.8642014
2.3164473,-0.22723201,3.488113,-1.9791883,-2.0309937,0.16295663,-0.62849754,-2.495529,2.5312302,-0.99856937
1.0900804,-2.5583718,5.009072,-1.2171305,-2.6171412,1.0267226,-0.55354345,-1.396511,0.4291933,0.8470386
0.2569142,0.9827009,2.9160905,-0.8086538,-2.7869384,0.18320546,-0.5773595,-2.0995796,3.9019363,-1.8345803
0.8576402,-0.6123944,3.4036887,-1.8853852,-2.9262028,-0.31777826,1.6040984,-0.895882,1.6627063,-0.77055657
3.7771227,0.5413125,1.913073,-2.2642245,-2.6239645,-1.7131155,1.3227898,-1.1169616,1.8283302,-1.5304636
1.9166172,-0.50009876,2.1408398,-1.993031,-2.0614207,-1.657357,1.2501247,-0.1560866,2.8726873,-1.7004975
1.2657772,-0.22577782,2.6141515,-0.9081454,-2.678039,-1.5227412,1.4701269,-0.73091567,3.5209482,-2.6935408
0.1967742,1.4311699,0.7625308,-1.4087634,-2.888512,-1.561666,2.9536757,0.826393,2.5182688,-2.789404
1.221413,-0.70259416,3.3799064,-1.147853,-2.6185713,-1.0187111,1.3338529,-1.2776371,1.4609886,-0.5345823
1.9647306,0.35736698,1.4227325,-2.4513729,-2.3711226,-1.498159,2.1934383,0.029361114,2.3954294,-1.9043487
6.1426053,-1.2926581,0.42787415,-2.9089837,-1.4301168,-1.9827747,0.89039445,0.90348125,-1.3516945,0.74513566
-1.0263532,-1.0510381,2.4913597,-1.1826514,-3.5589542,-2.939665,6.8349977,2.132793,0.8995844,-2.4650676
0.37958673,-0.7311139,0.4410662,-1.474379,-1.6371642,-1.8700049,3.8898623,1.5285748,-1.348525,0.93059593
