0.3726161,2.4010007,-0.62801737,-0.14957269,1.7103906,-3.2386599,-0.41417053,-0.8803482,0.08557949,0.7128841
1.847781,1.0038688,-1.5730587,-0.84256923,0.51724786,-2.093442,0.81819224,-0.38156664,-0.856092,1.673471
0.6979774,0.96621233,0.25082055,1.2724506,-0.58835214,-3.3806784,-0.36641777,-0.2715634,-0.70292234,2.0758026
1.4307752,1.7449666,-0.055432603,-0.09543732,-0.5175999,-3.2038443,0.090650305,-0.31092307,0.014309745,0.8019594
1.1780754,0.20917399,-1.2348249,0.4714622,-0.7571301,-2.6118727,1.1393085,1.0780452,-1.3922344,1.9482735
1.1070335,1.3647282,-0.1325589,-0.085171774,0.14581446,-1.6628537,-0.3398556,-0.81392807,0.09050944,0.2896688
1.9446863,2.1018815,-0.5038026,-0.15507115,-0.12237637,-2.9540064,0.16214809,-1.0521389,0.14036809,0.41573077
0.7150012,1.7835205,-0.37571263,0.18238434,-0.5113965,-2.611541,-0.25142753,-0.91153306,-0.7305282,2.7144394
0.15285426,1.7726942,-0.55964285,0.710272,0.49947786,-2.874163,-0.23738731,-0.20529246,-0.28008717,1.0308257
0.47089612,3.8705904,0.5875401,0.8508372,-1.2521782,-4.6984406,-0.4378211,-1.4679655,-0.62274086,2.610065
1.5188187,0.68752927,-0.35080862,0.03388323,0.58329433,-3.0675855,-0.09287746,-0.49935514,-0.12676293,1.3118192
0.49423933,1.5211143,0.33298317,0.26874834,0.10867266,-2.7805808,-0.0384403,-0.5907877,0.16831884,0.41687718
2.7574773,1.3039777,-0.60719264,-0.40119553,-0.768953,-2.5565386,0.09737541,-0.97119683,-0.8819408,2.0392404
1.0785712,0.7386406,-1.2034951,-0.3823939,0.31383884,-2.525822,1.7209511,0.55481076,0.2535887,-0.53595316
0.7248943,1.8839545,-0.9518997,0.22423585,0.09785719,-2.8478825,0.93899584,0.18761164,-0.08067287,-0.19915128
0.5734767,2.649607,-0.28104213,0.27774054,-0.41172147,-2.911611,0.11291431,-0.6798242,-0.011827845,0.6511615
1.1596333,0.9622887,0.3481435,0.098946854,-1.2535027,-2.739118,1.0643759,-0.51424545,0.31736416,0.56005454
1.250067,0.5658118,0.74761117,1.1398917,-0.30852836,-3.6072667,-0.8800706,-0.39264476,0.2941569,1.0677212
4.943613,1.2377205,-1.3844604,-1.6444486,0.10431789,-2.3056285,0.059748698,-2.3016171,-1.3980368,2.7183785
2.7944877,1.0787183,-0.023198247,-0.39709586,-0.6757041,-2.5527453,0.33071113,-1.279562,-0.43174946,1.1043621
1.8962197,-0.23192357,-1.027864,-0.119507566,-1.9408463,-2.0381606,2.8073707,1.5370692,-0.55328876,-0.30258328
3.2332733,0.8428642,-0.10086893,0.1388566,-1.4476773,-3.5422304,0.2396857,-0.60373026,-0.7986428,1.9685018
1.3626163,1.3664275,0.07340715,-0.38004673,0.6879226,-2.1549125,-0.22045329,-0.95508415,0.97111017,-0.8839538
1.6427479,-0.8098841,0.9181257,-0.15615349,-1.0648317,-1.8515244,0.50750315,-0.1092399,0.52032423,0.36256775
-0.17559265,-1.1281683,2.4994175,1.2996272,-1.6653507,-1.7818401,0.4945386,0.503471,2.0096555,-2.1941895
2.3812761,-1.1991205,1.5171615,0.18691097,0.24613754,-2.3872788,-2.0598748,-1.0277565,-0.07397973,2.2838893
3.441184,-1.1858683,0.65025336,-0.1589366,-2.0499547,-2.8543315,1.0640149,0.025964953,-0.27808654,1.2484206
0.9017771,-0.8407082,1.198257,0.20551972,-1.8817995,-2.1318989,1.9262625,0.64051884,0.9589696,-1.0341825
0.7025676,-0.52927035,1.0267439,0.1321609,-1.3645872,-1.6944408,0.90612054,0.19435644,0.5311246,0.0791995
1.6002054,-0.4074239,0.7553449,-0.46649468,-1.0076035,-0.5398979,0.62148684,-0.50138324,0.12976117,-0.19286129
1.9368641,1.9921105,-1.0040071,-0.79523456,0.4928916,-3.8313446,0.94478464,-0.17663214,1.0329467,-0.6248129
0.22393584,-0.30475485,1.6477292,0.60359365,-0.9696593,-1.5052829,0.18037842,0.036533274,1.8453795,-1.9443022
2.482843,-1.6428168,0.92484075,0.01797527,-1.9237729,-2.442396,1.0242484,-0.008574717,-0.29589134,1.7663156
1.0050597,1.2545655,0.10117172,-0.17093326,1.0679233,-1.9627736,-0.91778755,-1.2530715,0.96762437,-0.16751164
0.7345466,-0.6098932,2.476961,0.9282067,-1.698675,-2.046995,-0.28370816,-0.4685253,1.5760651,-0.76741207
-0.70579165,-0.8874503,1.9147145,0.9466328,-1.8463422,-1.34986,1.1259387,1.1475737,0.9887165,-1.4755306
-0.0907758,-1.8421845,2.0301538,1.439103,-1.7473749,-1.6174603,-0.043437596,0.6878492,0.5065635,0.6034392
1.7964175,-0.8635221,0.5705992,-0.27667928,-1.0847462,-1.5718575,1.1205279,-0.22494009,0.5180255,-0.07279617
3.3023837,0.29992723,-0.25670075,-0.54287803,-0.5329584,-2.7218597,0.76145303,-0.8252159,0.03787714,0.43857887
1.7702032,-1.1866347,-0.09588073,0.18569009,-2.8898358,-2.9909337,4.846151,2.2891912,0.09613305,-2.0393443
5.606309,-2.2892396,-0.7812088,-1.395024,-0.29328597,-1.7876389,0.32927403,-0.047699563,-0.29756907,1.0598018
3.5246325,-2.2877562,0.014264123,-1.6110659,0.8507279,-0.8445812,0.7335826,0.3042728,1.0975147,-1.7905102
0.5491539,0.25977713,0.03478741,0.17474747,0.2770937,-1.7566419,-0.23478691,-0.21096599,0.10345576,0.76164925
3.817276,-3.1435637,0.16928954,-1.0854115,0.27921122,-1.3758342,0.4540035,0.55267626,1.5774826,-1.3012432
4.6275907,-2.284569,-0.41480273,-1.5127891,-0.028245568,-0.6423828,0.1387261,-0.43076128,0.08413529,0.3988008
2.0915685,-0.9863632,-1.5791225,-0.14156319,0.41191268,-0.9194376,0.3792478,0.6105946,-0.90261114,1.0445693
3.2946148,-1.2482603,-1.1794508,-1.2195448,-0.13424166,-2.2383692,1.7015507,0.89090675,0.11759893,0.008827321
3.980132,-2.1590621,0.6953706,-1.1525553,-0.9128564,-1.6043799,0.8283988,-0.6788338,0.06086075,0.88555217
3.814791,-2.1498017,-0.6829944,-0.99969107,0.33915794,-1.2657824,-0.0035459977,0.2167544,-0.34337145,1.1824113
1.4832984,0.056683913,-1.1809506,-1.1352392,1.3434516,-1.0651841,0.035952587,-0.34114027,-0.43030202,1.2724148
3.3433108,-2.1185176,0.41525453,-1.3782787,1.2818058,-0.9786254,-0.7100011,-0.27128562,0.99975216,-0.63228893
4.322037,-1.9255278,-0.8855426,-0.7938754,-1.0273763,-2.166563,1.1505125,0.44138694,-0.5198134,1.3734548
2.0324214,-2.026741,-0.47420835,-0.029016674,0.016100533,-0.34692678,-0.10522993,0.95469785,-1.5321101,1.49944
4.550127,-1.7887061,-0.06841399,-0.33948427,-0.21462236,-1.7661443,-1.1771544,-0.40438598,-0.43809918,1.6177496
2.505845,-0.79334086,-0.5364167,-0.03224942,0.46240604,-2.2176855,-0.20453638,0.46648383,0.41238332,-0.09006003
3.4452558,-0.89327484,-0.79725176,-1.3164674,0.125244,-2.3354995,1.0836664,-0.013311274,0.09032752,0.5507418
4.6908565,-1.8055553,-1.0944926,-0.5036926,-0.8453269,-1.9810843,0.7956152,0.383879,-1.0501958,1.3235488
2.775021,-1.0365758,-0.5159329,0.10431944,-0.66482854,-2.2781112,0.5812982,0.6719398,-0.22969224,0.51875323
3.3846579,-1.4854696,-1.0172284,-0.35233253,-0.60989696,-1.7245297,1.358023,0.94572556,-0.5555445,-0.026117347
2.2027903,-1.0994817,2.4172518,0.062446967,-1.1150087,-2.3694308,0.47343633,-0.58848673,2.4020948,-2.5696363
-1.0285116,-1.0853734,0.3700411,-1.5009207,3.0238037,4.4271383,-2.1193244,-1.1636403,1.3968177,-2.274193
-0.9911734,0.30207914,-0.877994,-0.8833522,4.51991,1.6496422,-1.5940652,-0.34078217,1.2369328,-2.918792
-0.816974,-1.3188906,-0.14387171,-2.0228944,4.2105117,4.0266614,-0.9415461,-1.6920837,0.11979168,-1.1570723
-0.5459942,-0.55498874,-0.530987,-2.0944602,2.033981,5.838599,-1.6997094,-2.037138,-0.15650713,-0.11620463
-2.3398774,-1.4989517,1.4329811,-0.8122861,3.4701066,2.7027502,-1.6936189,-0.8221825,1.9249595,-2.311252
1.0475135,-1.3464566,-0.98786753,-3.1807818,2.8353398,6.3330984,-0.7086968,-1.8993965,-0.7671814,-1.0048252
0.82451195,-2.4231102,-0.6238593,-2.7642517,2.5006123,5.2967386,-0.39043313,-0.9470512,-0.33741993,-0.846934
1.1588814,-2.5726912,-1.0666728,-1.5884866,1.4426885,6.29248,-1.2363499,-0.48198432,-0.34189212,-1.3394703
-1.2151139,-0.45618063,-0.7025121,-1.529431,5.7909684,3.0225174,-1.4169228,-1.5448338,1.2569612,-3.100701
-0.17188634,-0.31976855,-0.679545,-1.2824981,1.2865717,3.4076078,-0.11069776,-0.5779382,0.13390538,-1.4603595
-2.6258473,-0.4259895,-0.37092596,-2.7639544,4.2728267,6.359374,-2.8463383,-1.5297511,0.45884395,-0.33713013
-1.2235664,-2.5225523,0.60890114,-1.7459058,1.0608684,7.4064503,-1.4280324,-1.3533531,0.392048,-1.0748221
-1.2773762,-0.9081995,0.85015553,-2.4612303,2.0346456,7.7409573,-1.0585586,-2.2676697,0.99231136,-3.3585463
-1.4915655,-1.6109937,-0.7885491,-2.6887789,4.1702657,7.4807224,-2.3465004,-1.1968212,0.1754414,-1.3853463
-1.6393418,-1.3094915,1.0386022,-0.4953587,2.6287289,1.5192795,-0.2958182,-0.1411972,1.6098095,-2.8342707
-2.0676959,-1.0646104,0.48390627,-2.1586728,2.4320722,7.98386,-1.3944627,-1.8447288,0.95801187,-3.0918927
-1.0823113,-0.29249048,-0.8942311,-1.3783022,2.3773766,4.1276255,-0.30891293,-0.84419584,-0.15209247,-1.32854
-0.9084035,-0.5726706,-0.09663445,-2.5152798,2.4621825,4.9273796,-0.87953305,-1.8342754,0.4282645,-0.87481326
0.33243442,-1.940344,0.8066014,-2.3103685,1.4954137,6.3075867,-1.6041733,-2.2552807,0.4300754,-1.1490445
-1.260831,0.56222874,-0.37803367,-1.9837748,5.657797,2.1423028,-0.5765117,-1.8516315,1.4792999,-3.679312
0.101330176,-0.81991965,0.13095999,0.38523662,-1.1735524,-2.2852635,2.5559895,1.5315242,0.5832828,-1.0271173
0.1986392,-1.4539206,0.3511186,0.10555683,-1.977917,-1.7901092,4.030431,1.8755742,0.5471545,-1.8709296
2.1417766,-2.0465424,1.3924351,0.91288966,-2.7430778,-3.042036,2.374357,1.3980038,0.91843593,-1.4571917
2.3155875,-2.2833347,-0.10404746,-0.2094724,-1.8608164,-1.823719,3.6618617,1.926172,0.03758363,-1.6608583
1.6234673,-2.6906679,-1.0928645,0.44792366,-2.2177334,-2.3888583,4.573076,3.6109617,-0.6141142,-1.2881088
1.874038,-0.3360321,-0.8740621,1.2483003,-2.468381,-3.4211361,2.165617,2.6586611,-0.4397182,-0.40718174
1.7495546,-2.4252336,0.096824035,0.3863356,-2.5912488,-2.69781,3.8420568,1.9904435,-0.40781477,0.031096987
1.6277592,-2.3427927,-0.24724396,-0.33061814,-0.52687836,-0.89881414,1.2518946,1.2215282,-0.82233906,1.0481163
1.7556095,-1.4050896,-0.2843761,0.43606,-2.3444514,-2.1977234,2.6966875,1.5317599,-0.46761626,0.28799146
1.1096678,-1.2508407,-0.50900966,0.1822011,-1.3252417,-2.3116014,2.6908796,2.0338619,-1.0539023,0.4665174
2.205947,-1.9225376,0.23374845,0.40953982,-2.3265705,-2.635198,2.5947256,2.0519953,0.49488616,-1.1655627
0.032357916,-0.6425423,-0.536124,0.96707094,-2.5097437,-3.2937913,4.7266474,2.9863572,-0.1722532,-1.5641037
1.151824,-0.36138725,-0.52868885,0.90303427,-2.5151443,-2.0119405,2.6587925,1.7019855,-1.0965872,0.14099362
0.31270856,-0.8394094,0.60215855,0.9283987,-2.069117,-1.6366906,1.5912154,1.6832291,0.21502371,-0.85840213
0.56008047,-1.4450843,0.12335934,1.1438856,-2.5117803,-2.504962,2.5089197,2.3269782,-0.17778717,-0.06588469
2.164264,-1.3922704,-0.7229709,0.2012863,-0.7321738,-2.8817904,1.1088698,1.3856167,-1.233458,2.0638578
2.6924596,-2.5352085,-0.018648107,0.7296399,-3.2406778,-1.5201337,2.9248967,1.9259421,-0.99252915,0.008082293
2.2836614,-2.5997107,0.42090926,-0.09789623,-1.2030848,-1.9366081,1.9858122,1.1976511,0.58764106,-0.69942456
1.6560376,-1.4774054,0.04112427,0.9832254,-1.6294577,-3.2625883,1.7402184,1.7962266,0.15919814,-0.08954313
1.8067677,-0.94280225,-0.9847248,0.29536575,-2.3080957,-2.4013917,3.9119902,2.0821185,-0.93804216,-0.4254005
0.24485557,-0.48225188,0.88725686,-1.1802746,4.0004997,0.6086815,-2.538517,-2.041707,1.4576148,-0.86583495
1.0379803,0.3540563,1.4637641,0.53991425,-0.26512235,-2.3344173,-0.38336504,-0.07097369,1.7271191,-2.1738305
-0.34120047,-0.8309168,2.9987087,0.57648265,-0.9884244,-0.3718262,-1.0453726,-0.66173625,2.2663324,-1.686604
-0.20553927,0.27262586,1.6790586,0.5759283,0.5127248,-0.79175246,-1.6672492,-1.0235296,2.0171478,-1.453218
-1.0608376,0.725518,1.3937395,0.543393,0.36234152,-0.9215989,-1.1314538,-0.74076265,1.2453467,-0.51394266
0.33028075,-0.92334914,3.1602044,0.6770435,-1.7933873,0.060452253,-1.2003804,-1.5633118,1.3849748,-0.23516113
-0.19787483,-1.3099647,3.1655185,0.029586658,1.5925854,-1.7903507,-1.8884716,-0.91458124,3.1285875,-2.0246398
-0.63929605,0.18544593,-0.1424136,-1.5879347,5.0975866,0.375122,-1.5657604,-1.6326488,1.0985657,-1.1248527
-1.071874,-2.0654073,3.285809,0.8731139,-0.956339,1.0622923,-2.1285453,-0.09408709,2.969056,-2.0653577
-1.1128339,-1.7457986,1.7663708,-0.50839007,2.1159196,-0.31033927,0.2331302,0.072054066,4.454594,-5.154052
0.37634945,-0.13280022,1.8181547,0.14098975,-0.11058187,-2.3618379,-0.6510271,-0.77584606,1.5604008,0.114117794
0.7796361,-0.38367963,0.11096344,-0.8417794,1.227441,-0.4145082,0.32859266,-0.7051189,0.6504346,-0.76131904
0.26587903,-0.8931809,2.4598138,0.4165154,-1.4987239,-0.56978935,-0.4720709,-1.0078593,1.3608606,-0.13334918
-0.4488477,-0.87080556,2.1043725,0.9451973,-0.8529146,-1.1614833,-0.72212243,0.44354275,2.252668,-1.7609879
-0.23619033,0.26518315,1.8492861,-0.5439251,1.648305,0.02509743,-2.080428,-1.6322968,2.0725188,-1.4258708
0.03959082,-0.09833194,1.3803458,-0.9307294,3.5045695,0.9408124,-2.4071357,-2.4307365,2.1982841,-2.28646
-1.1062788,-0.14153683,0.8336721,-0.7045556,3.2659354,-0.20726362,-0.22938739,-0.36467636,2.6067045,-3.9680545
0.5475834,-0.024554536,2.2409656,-0.15756418,0.680413,-1.3620605,-1.2043846,-1.5454265,1.8374418,-1.1439599
-1.650856,-0.33797908,1.6090503,0.0948873,1.255869,0.39555466,-1.9834722,-0.52077454,1.4049038,-0.3929568
2.9231172,0.47136873,1.0114995,-0.5091264,0.28003192,-3.4553401,-0.07691011,-1.4814441,1.8945309,-1.2531515
-0.9527042,2.423113,-0.736678,-1.8758072,5.1252165,-0.44977695,-1.9812212,-1.7500392,1.233211,-1.0269951
-2.0618985,0.22905146,-0.38141775,-0.89625484,4.6086655,1.1063697,-1.3845845,-0.7295551,1.1163877,-1.5003142
-1.1460526,2.5669274,-0.41797206,0.1917434,1.892262,-2.2159345,-0.38415742,-0.25774884,1.1817224,-1.5179039
-0.9309007,0.24623655,0.16227038,-1.1533291,2.6662953,1.4661345,-1.3419973,-1.3877233,0.63987726,-0.30017236
-0.5428535,1.6519234,0.51254296,-0.23626639,1.206817,-0.95948774,-0.57584286,-1.1386894,1.2957505,-1.2687756
-0.798905,2.140006,-0.635559,-1.4690489,3.9991436,-0.6130152,-1.8208448,-1.7619522,0.7323412,0.16923368
-0.57730675,4.7732944,-0.42269072,-0.017233744,0.9433918,-1.4161527,-1.7723465,-2.336593,-0.6957075,1.4877856
1.4279919,-1.2634909,-0.5335094,-1.8833753,2.930726,0.2553926,-0.7269089,-1.260861,-0.3318748,1.5402488
0.5152586,0.45081264,-0.077577785,-2.0269299,4.2525196,1.3854358,-2.1945167,-2.5377553,1.5959808,-1.3364354
1.6055294,-0.26106572,-0.40395108,-1.398188,2.602905,0.20981503,-1.721159,-1.2987323,0.77448016,-0.03754387
1.4585742,-1.1296077,-0.23179956,-0.6863776,0.92392206,-0.6668105,-0.60465205,-0.16427448,-0.4641172,1.6209166
0.10068022,2.100692,-1.3505899,-0.73352283,3.767497,-2.775461,-0.8089772,-1.0356106,0.22335659,0.4848344
-0.8424554,2.7492495,-1.3230565,-2.2483556,6.385255,0.11012033,-3.011762,-2.4915297,1.1242906,-0.4154123
-0.12265293,0.9091119,0.30324787,0.11306408,0.65996295,-1.1089904,-0.8242482,-0.59439796,0.31158024,0.32017747
0.43510205,1.4063159,-0.3339698,-2.0996804,5.935273,-0.5324382,-2.4034352,-3.1071353,0.2500739,0.47269374
-0.16331525,0.3661903,0.6585297,-0.3716352,1.7419878,-0.5052935,-1.2835197,-0.8764513,1.7310119,-1.4008533
1.22343,-1.6820457,0.9524177,-0.0717334,-0.12908791,-1.790524,-1.3184711,-0.06139659,-0.2848416,3.1760552
1.8814657,-0.88868225,0.33867413,-0.43219256,0.7378023,-1.4410675,-0.78467906,-0.12179058,1.1307801,-0.5303337
0.63838327,-0.31820238,0.56563205,-0.86932904,2.1689491,-0.65837604,-0.6881464,-0.6853834,1.2635368,-1.4408244
1.9272691,-1.5286652,-0.56120425,-1.472355,1.3561846,-0.09911415,0.010184744,-0.04484362,0.18532103,0.29687083
1.748476,0.3762347,0.10765241,1.0420403,-2.1393936,-2.9045703,-0.26686975,0.32359564,-1.0367689,2.6983123
0.67643994,-0.8188993,0.98674405,1.2581497,-2.7366776,-3.0384603,0.97656846,0.92885476,-0.8243429,2.4576924
1.0306854,-0.9159816,0.07060625,-0.49297208,-0.5211956,-2.7669013,2.1398067,0.6218751,0.30610928,0.48275104
0.37270522,-0.3949563,0.4647809,0.36960483,-2.1714084,-1.9149106,1.1298966,0.34965616,-0.8351885,2.663496
0.72205704,-0.13343906,-0.09240389,1.1612911,-1.6922351,-3.2158966,0.58642715,0.73634696,-1.2893404,3.173429
-0.04065983,1.1899335,0.5677623,0.86077136,-1.3671374,-3.2586339,0.092307106,0.046304546,-0.099458866,1.9561087
-0.99794245,0.59227806,-0.6274042,0.6664486,-1.1920333,-2.592861,2.6137888,1.8410432,-0.44282767,0.10694941
0.38330907,0.026332572,0.13687994,0.886645,-0.7841159,-1.8012776,0.016029583,0.044728093,-0.866771,1.9404176
0.8758786,0.46561855,-1.3984529,0.78120285,-0.81315506,-2.5975025,0.006112879,0.46133575,-1.8598807,4.0927935
1.5925615,0.2663238,-1.3046638,-0.35410058,-0.7665877,-3.1307728,2.2226748,0.39683598,-1.0882903,2.1983202
-0.5475525,1.2387226,-0.5028129,0.91337943,-1.6618491,-2.5835984,1.1553005,1.2290927,-0.19918688,0.89835685
0.5371835,-0.14310156,-0.21542467,1.0486711,-1.8098785,-2.819247,1.2369506,0.966503,-0.9895311,2.1876938
2.302169,-0.42729485,-1.8683946,-1.230494,-1.4089512,-2.042995,4.192458,0.9414667,-1.2385777,0.86268127
1.2435532,0.0501747,-0.5547394,0.59690064,-1.1838844,-4.409073,1.6111125,0.87501377,-0.88972175,2.596476
0.30030257,0.5143875,-1.347179,0.49777967,-0.17531824,-2.0481918,0.5554087,0.7005942,-1.0425979,2.0500495
-1.1615908,0.3062545,-0.2953432,1.102299,-1.0063397,-1.8399003,1.357927,1.4586868,0.020105671,0.033761017
-0.03279142,0.3892309,-0.5500373,1.0334864,-0.74957883,-2.2133114,-0.6142206,0.33182618,-1.83646,4.2833376
0.73065925,-0.36397433,0.27821213,0.4393472,-1.4875852,-1.9058268,1.2067757,0.6079126,0.08544897,0.32849276
-0.5098046,1.4253427,0.906063,1.5324345,-1.1144987,-2.8422072,-1.4817467,-0.68142086,-0.96690047,3.6707375
0.38796133,0.75852114,-0.9412994,0.27256715,0.16372871,-2.0552683,-1.1847908,-0.15222767,-1.5546721,4.339776
0.7445725,-1.1457567,0.9807952,-0.81988865,1.5745794,-0.13814741,-0.7278558,-0.5989491,1.0381094,-0.86513877
-0.24119587,-0.35867685,-0.4292896,-0.8430757,4.029812,0.67472774,-1.6949637,-1.1471972,1.6384624,-1.7026426
-0.79931,0.5725377,1.5046325,-0.6727465,1.8672585,0.83061844,-1.7571084,-1.3533632,2.4264405,-2.7221215
0.1012979,0.40021574,2.5087676,-0.44326025,1.1038677,-1.4961026,-1.5405905,-1.4367126,3.467935,-2.862078
0.91692126,0.14261706,1.6689918,-0.03445947,0.026461735,-1.43308,-1.1499939,-0.9400764,1.8985499,-1.2163764
0.10022773,-0.32166606,0.72449416,-0.92184234,3.3135855,0.10059455,-1.9056864,-1.2151421,1.9834328,-1.8627974
-0.74428064,-1.1784992,0.72721046,-1.973581,5.0015807,0.39345956,-1.7781897,-1.8438722,1.4692739,-0.019492209
0.86449736,-1.6666946,1.5829597,-0.7837601,1.73272,0.075840175,-2.0770018,-1.2082165,0.9095769,0.55924773
-1.5669762,0.3133676,2.8481817,0.78691226,0.60034335,-1.0630527,-1.7503088,-0.3601154,2.9224465,-2.9218206
-1.4764382,0.044153824,2.3073769,0.86602986,0.63004404,-2.3216703,-0.7996571,-0.8203463,2.6126413,-1.2290045
0.6396257,-1.6727079,-0.028624237,-2.3545558,3.6632917,1.0170279,-1.573682,-1.0101286,1.6880829,-0.33345377
-1.9577906,1.0530475,1.8105654,1.4095992,-0.053838417,-1.8250239,-0.23323023,0.10943111,2.6139216,-3.1381226
0.14106451,-0.049057916,0.33710584,-0.19290574,1.1456722,-1.167068,-0.36894664,-0.029927768,1.0786961,-0.89517176
-0.985458,0.07506882,1.833909,1.3198963,-0.06494807,-3.183432,-0.8505847,0.275254,2.0442693,-0.59396267
0.3673662,-0.66961503,1.2045515,-0.13228716,2.743387,-0.5565647,-2.554768,-1.4836792,2.0890336,-1.117829
0.10537167,-2.0665174,2.1034284,0.8755516,-0.77377754,-0.48339763,-1.6306473,0.17448121,0.47378018,1.1385678
0.03834954,-0.028812215,1.6560297,0.13950203,-0.04848978,-1.675978,-0.018965056,-0.3486453,1.9753891,-1.756214
-0.92927504,-1.0763651,0.59509337,-1.1602582,4.443372,1.121661,-2.5669882,-1.5851747,1.0794768,0.06833612
-0.39550233,0.5057127,0.6123952,-0.45933396,3.1535318,-1.1585232,-1.1101015,-1.2130429,1.5422405,-1.5439206
0.37693924,-0.7571329,3.031786,0.57911205,-0.48805517,-1.8859534,-1.223768,-0.92604727,3.0148168,-1.9181892
1.6049168,-3.6476734,0.91805094,0.6084686,-3.0016403,-1.1333649,2.233227,2.5701263,0.1857967,-0.4003698
-0.9759445,-1.4640751,0.41871357,1.3606457,-2.1403627,-1.4509265,2.1790962,2.3876452,0.21292464,-0.6011139
0.7792158,-3.1389234,-1.244928,0.5943982,-1.9042438,-1.2551439,3.9559176,3.7830913,-1.2449716,-0.2046611
-0.038710132,-2.4450858,0.36725196,0.4582513,-1.060088,-1.650552,2.6341977,2.231009,-0.026908208,-0.42473656
-0.5492841,-2.033321,1.5795125,1.7528197,-1.7456497,-1.7949953,0.95328283,2.0943606,1.1723006,-1.5329592
0.6100524,-1.877334,-0.38302803,0.9819395,-2.1363368,-2.1624234,2.5516043,3.847459,0.45177123,-1.9723283
-0.3483498,-2.7405076,1.5135226,1.1744517,-1.1576805,-1.4864407,2.1891038,1.9073488,1.5864693,-2.7965858
0.3304376,-3.2906601,1.6271434,0.884577,-1.8434377,0.38275236,0.828042,1.7237818,0.6866436,-1.3879567
0.13547735,-1.2394797,-1.4048263,0.15203112,0.066755325,-0.6372503,2.2511375,2.3245873,-0.19422315,-1.3885227
1.2049375,-1.3884584,0.10621987,0.88401264,-2.4155564,-1.3993926,1.8351035,1.7339157,-0.6584801,0.04598535
-1.0681827,-0.72152054,-0.268944,1.5393654,-1.5440775,-3.4354866,2.8580892,3.217851,0.34914008,-1.0443178
0.5856111,-2.0978832,0.7611005,1.4981213,-2.7618942,-2.264265,2.1596997,3.1725245,0.4376709,-1.6212627
0.025454685,-1.6379693,0.32234165,0.9891817,-0.3970697,-3.066885,1.4045852,2.680159,1.3897213,-1.8584081
1.829168,-2.7275102,0.44357187,0.47687292,-2.13441,-2.5122926,2.39319,2.324221,0.40523562,-0.5831982
1.2245204,-1.806407,-0.5719641,0.10868527,-0.8944293,-1.5739329,1.52318,1.8641326,-0.37176457,0.4878942
-0.21651407,-3.7717364,0.9162205,1.28973,-2.2407913,-0.76800853,1.9240177,3.3047173,0.91786754,-1.4828161
-0.11927424,-0.77979666,-0.11867289,1.1973526,-1.8848222,-1.6972718,3.2292342,2.1060379,0.17361496,-2.075579
0.41870958,-2.1815047,0.02289544,1.0220041,-1.977704,-1.6584361,2.3123343,2.6245425,-0.19316182,-0.4080903
-0.28857124,-0.6034255,1.244795,1.4385356,-0.4326477,-2.6192212,-0.03508563,1.2225286,1.6958066,-1.7833084
1.4349395,-1.4522555,0.41952837,0.8856665,-2.22978,-1.8673034,1.2499417,1.288158,-0.7263349,0.9884766
