-0.79565036,-0.49621946,1.387922,-2.7224224,-1.2851043,5.670181,-2.2361457,-0.40240252,1.186007,-0.34537214
-1.8348049,-0.8198208,0.8407941,-1.8639715,-1.0304205,6.663476,-2.938247,0.43452114,0.098566785,0.45032936
-2.5727055,-0.42235357,1.4285184,-1.7233133,-1.4695344,6.5868716,-2.8812354,0.101088464,0.6096742,0.297172
-1.4105524,-0.7763633,0.67960775,-2.3238666,-0.8456186,5.7543406,-2.277831,0.16076204,1.3935014,-0.42798924
-1.0754943,-1.0903479,1.3588291,-2.1272357,-1.5314951,5.828847,-1.6726831,0.05038702,-0.71501017,1.019616
-2.0063233,-0.2945165,1.1349223,-2.284725,-1.932862,7.302213,-3.0615704,0.18867543,1.7483294,-0.84299546
-2.986447,-0.0067348033,1.1507438,-1.4753253,-0.70063484,6.876962,-2.7701967,-0.96412027,0.95256853,-0.10190458
-1.6281579,-0.7771398,2.4910343,-2.0897782,-1.9085226,6.2994747,-2.6913075,-0.8944266,1.4184552,-0.3032331
-2.2433455,0.038053676,0.55302954,-2.195757,-1.6600347,7.245469,-2.5197465,0.410787,1.1006523,-0.7482013
-2.0034602,0.39238423,0.92240226,-1.017782,-0.95015347,5.2783847,-2.6003375,-0.6100187,0.79238987,-0.25128943
-1.3251052,-0.37690377,1.4877616,-1.9443283,-2.0101676,4.660836,-2.3684406,0.21991378,0.7482831,0.8703713
-2.370185,-0.44681597,1.456588,-2.1107388,-1.8900826,6.5206647,-2.6457393,0.5700091,1.2564373,-0.33425993
-0.39496797,-0.52964336,0.6805946,-2.4973214,-1.4210808,6.2471337,-2.6829512,-0.5018853,1.6514825,-0.6096967
-1.813284,-0.74641484,1.255573,-1.2960763,-1.0393053,4.4994035,-1.6478685,0.401611,1.6539689,-1.317436
-2.2104871,0.49350595,1.1644776,-3.078013,-1.4002383,6.334573,-2.6969202,-0.2555654,1.4780205,0.15234935
-0.45753697,0.06879203,1.5368992,-2.2459936,-2.078822,5.674966,-3.135506,-0.8157669,1.5741323,-0.18449688
-1.235945,-0.6051182,1.4307272,-2.489308,-1.2480245,5.594825,-2.2131283,0.267133,1.0547738,-0.5769972
-1.352892,-1.290106,1.5566031,-2.1221223,-1.3037035,6.081867,-2.089624,0.2247158,0.27270913,-0.013518162
-1.4903723,-0.83648086,1.2277325,-2.614841,-1.4339623,6.511422,-3.0998785,0.2448054,0.5653343,0.90368116
-1.8117151,-1.1109258,1.1507503,-2.2619786,-1.1861075,6.492389,-2.6389363,0.542844,0.8488405,-0.022578664
-1.3264982,0.47826493,0.4385021,-1.4478109,-1.0632577,5.515775,-1.9274031,-0.16522628,-0.74827945,0.2785946
-1.3229443,-0.93973154,2.060125,-2.788311,-2.1168656,6.609557,-2.6514878,-0.0976336,1.363482,-0.1624136
-2.5600097,-0.6081558,1.4336177,-2.1723065,-1.3762064,5.8167844,-2.6447291,0.60571784,1.1682768,0.34136432
-1.4890201,-0.4731189,1.1920835,-2.117098,-1.0733962,6.9983063,-3.0817425,-0.059410382,0.91423094,-0.8461328
-1.343227,-0.5008271,1.8295509,-1.8691881,-1.983381,5.210494,-1.9594039,-0.08584237,0.8883946,-0.1799174
-0.78252864,5.818252,-3.19465,-0.21265937,-1.4772892,-0.7106843,-0.008395717,0.37553358,1.4934186,-1.2468739
0.059823006,4.897861,-1.1371092,-1.0280747,-0.7180908,-0.41441128,-0.9468442,-2.0696487,0.71658885,0.676508
0.5086782,4.473472,-1.8925723,-0.5355176,-1.2601194,-1.3444183,-0.16251603,-0.4283854,-0.66556424,1.3765779
0.46229598,5.285564,-2.0771382,-2.3636236,-0.2816609,-0.04645309,-0.10451172,-2.2632487,1.0366006,0.33651584
-0.6105815,7.022056,-3.0398805,-0.46614262,-1.0755963,-0.46974728,-1.4327319,-0.96716756,1.3631738,-0.2656324
-0.01551947,8.099206,-4.5800185,-1.1251633,-0.25595182,-1.4916986,-0.49873376,-1.5402821,1.13783,0.30357224
-0.02636993,1.7688528,-0.70180285,-2.7906086,-0.65240717,-2.1163805,4.098404,0.3807973,3.4060352,-3.3539839
-1.5688454,8.003037,-4.1260877,0.4330731,0.06542097,-2.3669221,0.88070506,-1.5941037,2.002569,-1.7104926
-0.10915145,6.2279015,-3.1807635,-0.45512295,0.038954034,-1.0909348,-0.13141094,-1.1311165,1.0687989,-1.1582431
0.9433181,4.8485045,-2.2550733,-2.5504375,-0.99916553,-1.5055519,2.0836241,-0.6127257,1.9350511,-1.8396515
-0.34584162,7.25149,-3.272195,-1.5745242,-1.3534477,0.055330485,-0.6610276,-1.2623593,0.4427867,0.82771635
0.16439226,6.4384227,-2.9337962,-1.1062992,-0.8427091,-0.66522014,0.79153633,-1.818908,1.8687569,-1.8650936
-0.70792174,7.57138,-2.8932033,-0.7404722,-1.3413793,-0.83905613,-0.061870858,-1.7940227,2.3575525,-1.5136434
-1.1983173,6.9751706,-3.1845968,-0.67717046,-0.51199293,-2.039781,0.83429,-1.0910798,1.8578533,-0.8809081
-0.10863152,8.071109,-4.242887,-0.6252601,-0.6903077,-1.6579338,-0.29206115,-1.1206552,0.9119103,-0.12763089
-0.86054623,6.1867905,-2.71128,-0.8930365,-0.93774307,-1.1582118,0.38716918,-0.8813855,1.5329198,-0.607085
0.18795416,6.018524,-3.1125112,-1.2803497,0.22994985,-1.6266155,0.48830962,-1.9856145,1.7361909,-0.6051356
0.6967608,6.58802,-2.8247979,-0.7562821,-1.145859,-1.7378756,-0.60423297,-0.9822698,0.064703,0.78498775
0.15521964,6.427629,-3.1002464,-1.5269184,-1.1484934,-1.1156312,0.11445911,-1.0754992,0.77517545,0.58729714
0.21072921,6.3109927,-3.1743255,-0.36436796,-0.6074575,-2.2644765,0.5966542,-1.1446139,0.7924676,-0.2636124
0.36342624,5.4000754,-2.83425,-2.4125912,0.23124762,-1.2615536,0.46168208,-1.1374295,1.4555442,-0.2458084
0.61575615,6.360363,-2.4319382,-1.7555556,-0.39745533,-1.5837189,-0.7069321,-2.2596338,2.228144,-0.09382177
0.20244887,5.211024,-2.1067402,-1.5240023,-0.5480934,-0.86586666,0.18273742,-1.5477597,1.8426489,-0.8751108
-0.7314551,7.5707603,-3.5441756,-1.1793342,0.12494375,-0.89069545,0.3595854,-2.245043,1.4222184,-0.848705
-0.657879,8.419038,-4.502368,-1.2625287,-1.0172971,-1.0188056,-0.12031619,-1.5116174,1.7642577,-0.046985872
-0.35106245,-3.6512923,5.7860494,1.5190299,-2.625951,-1.0399721,-0.21347897,-0.08601062,2.6216834,-2.0795555
-1.2604469,-2.715354,5.2937098,3.0340004,-2.0094252,0.018526942,-1.8125234,-0.58276063,0.9315431,-0.94414777
-1.6347018,-3.1689308,7.3169827,1.0306647,-4.103845,0.67496336,-0.5465542,-0.9451947,2.4134238,-1.1030974
-0.65428066,-3.7936854,5.349085,1.7588205,-1.7672513,-1.1544062,0.3499803,-0.11265415,2.4644306,-2.5668468
-2.193695,-2.986074,6.102747,2.9332492,-2.664806,-0.3132001,-1.80978,-0.32632056,2.0867803,-0.9628746
-2.5660172,-0.4459743,2.0308886,7.740336,-2.2550101,-4.0337687,-0.3740139,1.5545156,0.48701102,-2.071815
-0.30363724,-3.4624062,5.1806073,1.8019156,-2.383304,-0.52798724,-0.4443053,0.3020101,0.3967129,-0.61597747
-0.2034497,-2.702627,5.0165944,1.3690145,-2.5050976,0.54945326,-1.6631657,0.29673824,0.17691644,-0.40212524
-1.3362764,-4.01116,6.2399435,2.771795,-3.1727712,-0.24087688,-1.8248957,1.3002583,0.81123734,-0.55894125
-1.0145708,-2.6322606,3.9919868,3.0503554,-2.6471484,-0.6003226,-1.4628103,1.2763401,0.065611556,-0.02154883
-2.0972774,-2.5965667,2.7382276,6.87081,-1.6565962,-3.363448,-0.005421862,2.1119812,-0.2615121,-1.7331045
-0.81737065,-3.2804413,6.4620266,1.5484228,-2.3027353,0.057572514,-0.8445849,-1.5406314,2.4700072,-1.8749385
-1.0493674,-4.0456357,6.8371325,1.9195843,-3.0618322,-0.70046663,-0.80417925,0.40450585,1.3410989,-0.8956951
-1.4279236,-3.3634634,5.498521,2.3816717,-2.128893,0.076865226,-1.2641557,-0.43296024,1.919036,-1.338705
-0.56553805,-4.780171,7.2162623,0.8838803,-2.878919,0.86919177,-1.198644,-0.5018224,2.2400596,-1.3681172
-1.6610994,-2.7239623,3.8665888,3.2671409,-2.4714806,-0.7301793,-0.35609317,0.6003234,0.75794035,-0.5918525
-0.7741724,-4.8066697,6.7453732,2.7558446,-3.5603838,-0.326372,-0.6059299,1.3543836,1.0645558,-1.8425021
-1.5664824,-3.8953264,5.56965,1.7757587,-2.0794692,0.4712279,-1.0270014,0.36434045,2.2001224,-1.8815045
-0.46211323,-4.869491,7.2525296,1.1928427,-3.6524446,-0.025361449,-0.8749405,0.2659523,2.370999,-1.2877462
-1.2314819,-3.103479,4.726957,0.36976877,-2.2692668,0.6352109,-1.092686,0.428716,1.8441662,-0.37732214
-1.632114,-3.7360682,6.3959928,1.3440742,-2.7494617,0.5677327,-1.1719674,0.034401562,2.0522003,-1.1619008
-1.6323284,-3.8849115,5.901939,1.1755519,-2.9157612,0.5939517,0.10583015,0.23550305,1.9781889,-1.6090047
-1.2298663,-3.4481072,7.0036416,0.96896666,-3.5483105,0.53921115,-0.9592816,-0.26210502,2.426967,-1.609256
-1.3044201,-1.6541245,1.1519353,5.6139894,-0.10248272,-2.3633642,-1.0643795,1.6841881,-0.92886376,-0.9660649
-2.7514336,-3.503787,4.876063,3.2197933,-2.3146074,-0.3632246,-0.478041,0.8891151,0.9739846,-0.57138175
-0.033792928,-1.4062397,0.93013173,4.490598,-1.6568861,-2.6798007,0.062166646,2.1250255,-0.45356333,-1.3393121
-0.5286875,-2.8984284,0.29646477,1.6839039,-2.8278234,-1.174889,1.3669008,6.0169387,-1.3085778,-0.41372946
-0.8185952,-1.2881203,0.032111086,3.6765785,-1.0018684,-1.5665976,-0.9474106,2.7195911,-1.6827601,1.0172466
-1.3866222,-1.9640836,-0.6039907,1.5486748,-1.1857594,-1.0034646,0.75827813,4.859416,-1.9051749,1.0983826
0.039755493,-2.1753294,-0.96194416,2.0367923,-0.70947397,-1.9964498,0.34325498,4.340031,-2.9943857,2.228114
-1.9343456,-1.9819287,0.086325146,2.36526,-2.127735,-2.8347652,2.1400235,5.037131,-2.1864936,1.6741607
-0.07985753,-2.9931536,0.1446713,1.8307776,-1.748555,-2.0081456,1.2256898,4.6337857,-2.244934,1.4012818
-0.6886232,-1.6461831,-0.7551132,2.0821047,-1.9281583,-1.8057095,0.18682615,6.0344157,-2.2664883,1.0314801
-1.2564281,-1.9535205,-0.095525794,2.1275358,-2.6305108,-1.6148292,0.5824651,5.483465,-3.0056882,2.6294708
-0.9680098,-3.24894,0.9143077,1.846612,-1.1670189,-2.1713202,1.0377165,5.113236,-1.539557,0.3392615
-0.76710296,-1.5714846,-1.3198906,1.2649727,-1.6609626,-1.4201242,0.5652334,5.655536,-1.7061144,1.2075016
-0.510365,-2.4767022,-1.1891307,2.0806355,-2.8190598,-1.5767657,1.9803652,6.9985456,-2.345051,0.15102023
0.84629,-1.8141022,-0.86898524,1.4031878,-2.117206,-2.5966198,2.158188,5.3475313,-1.6586102,-0.47206837
-0.964362,-1.6278822,-0.0108522475,1.9243145,-0.83098656,-1.0169982,-0.72559154,4.2193546,-2.095005,1.3095871
-1.1834378,-1.5089417,-1.7559689,1.8135293,-1.3074852,-1.7093251,1.1216197,5.805756,-1.6416051,0.60791653
-0.69893265,-0.4675809,-1.0953664,0.4200052,-0.43105447,-1.7661569,0.63019997,2.1862833,-2.274337,3.6652017
-0.8961525,-2.1535904,-0.01637473,1.8460677,-0.6821204,-1.4126831,0.37039858,4.23919,-2.6297026,1.524048
-0.37886003,-2.6261516,0.5643765,1.9579098,-2.009248,-0.3888773,-0.7015238,3.9847543,-2.108632,1.883245
-0.90162516,-1.2680539,-1.2064328,1.3712018,-0.41147113,-1.7922972,0.4589309,3.895954,-2.2553914,2.2900538
0.3924158,-2.2746232,-0.6951307,2.278937,-2.1570415,-2.1474485,0.77498704,5.3249917,-2.1775203,0.8779977
-1.2510254,-1.3825985,0.35690394,3.9029994,-1.1004986,-1.8529419,-1.0871608,2.9201882,-2.518322,2.1978397
0.9502373,-2.62811,-0.20790842,1.4296274,-1.6091229,-1.6081249,-0.50351316,4.836714,-3.7544305,3.322778
-2.1329062,-1.885602,0.6103641,3.4777348,-0.52903605,-1.2273611,-0.30008137,2.7287147,-1.7900652,1.1883225
-0.5285497,-1.6194711,-1.2350305,2.570087,-1.5747337,-2.378966,1.2929937,5.5885534,-1.8789021,0.0108111575
0.07627906,-1.5916297,-0.51375014,1.1972322,-1.8352897,-1.5677692,0.6564791,4.923905,-1.8684651,0.7406146
1.9912401,-1.3645717,0.25190648,-1.3123543,-1.6968507,0.2760215,0.25475442,2.1428063,-0.9889191,0.5503546
3.7545106,0.06763823,-0.20027563,-1.9273438,-1.1443235,-0.57052815,-0.33624566,0.33203205,-0.86663127,0.94067323
-1.0682571,-2.1110685,-0.024229176,0.90191936,-2.6177132,-1.2830422,1.4921626,5.4397483,-1.7040802,1.1913838
6.299949,-0.6657067,0.7436653,-2.2997653,-1.1558394,-2.0415094,-0.5078951,-0.4667469,-1.8514932,1.9972333
5.2605014,-0.09145565,-0.39943656,-2.0540419,-0.853769,-1.644473,0.9424625,-0.43194276,-0.96316534,0.26806837
4.6022673,0.32929748,-1.1360476,-0.85403657,-1.4358304,-2.109142,0.7134995,1.029842,-1.2231191,0.19122219
5.509869,-0.27444583,0.024042733,-3.128323,-2.214907,-1.4107002,0.803278,0.43557733,-0.66188854,0.9983389
5.458187,-0.5386086,-0.09955662,-1.9529483,-1.2542136,-0.74770725,-0.9929335,0.371691,-2.2072895,2.0613675
5.535916,-1.0487682,-0.4592342,-1.7367008,-1.2492644,-1.6181601,0.08730915,1.384241,-1.8961256,1.1117661
4.3620415,-0.78203887,0.40102413,-2.3198566,-1.4281945,-0.36349046,-0.111086085,0.39952257,-1.5475945,1.4591438
4.8194733,0.7104835,-0.96438617,-1.1809499,-1.6006155,-1.832131,0.40888166,0.85615546,-1.4055486,0.2865606
6.3838463,-0.6005296,-0.48485884,-2.093343,-1.2878457,-1.9323503,-0.054219797,0.5849847,-1.7353214,1.3539038
4.0914445,0.2924407,-0.015839666,-2.1685112,-1.1634134,-0.60562587,-0.43215597,0.48488188,-1.0854778,0.6430269
3.187081,1.6931264,-0.85399115,-1.7134659,-1.512426,-1.463238,0.23686387,-0.3875823,-0.13944788,0.9449449
4.151198,-0.6742585,0.6806639,-2.1073987,-1.8317252,0.8160151,-1.7737671,0.50496775,-1.7224978,2.0039995
6.443854,0.007835075,-0.7194821,-3.0990677,-1.0140246,-2.536925,1.1932312,-0.24375457,-0.115159675,0.10526257
5.7985406,-0.22925739,0.3129298,-2.6158705,-1.9627964,-1.7920798,-0.5128122,0.3857523,-0.67846775,1.3573526
5.92244,0.48148406,0.21510676,-2.2810326,-1.9327791,-2.1316607,0.1528055,0.18983385,-1.0891911,0.577778
5.4729667,-0.1687652,-1.2422315,-1.4580727,-1.4593844,-1.7972358,0.8738332,1.1325196,-0.56533396,-0.6819645
6.019736,-1.0213078,0.84082645,-2.4393125,-1.4418417,-2.069588,0.35150903,0.118968934,-1.1778741,0.8158524
3.4548,-0.45111853,-0.82562447,-2.292193,-1.1309718,-1.1478778,0.18052752,1.730465,-2.491291,3.1350408
6.323715,-0.45530373,0.06692115,-2.4697974,-1.0347304,-1.9286522,-0.4481877,-0.25549063,-1.1070282,1.3592712
6.542831,-0.56047755,-0.23926666,-2.1750834,-0.7298164,-1.8535937,0.052423745,-0.55128103,-1.1789962,0.70043194
4.9153895,-0.6643351,0.14953238,-1.57566,-2.6639488,-2.092334,0.761867,1.248328,-0.7044853,0.7359864
6.176911,0.30761188,-0.4258844,-1.9913661,-1.5708998,-3.080495,1.0710685,0.38018805,-0.50581205,-0.26095718
-0.5125886,-0.32807505,-0.8534497,0.40938407,0.638429,-1.1051826,-1.1154137,0.14315784,-3.5737345,6.42576
-1.4100078,0.19268928,-0.7929504,2.19651,-0.21157072,-0.8302636,-1.7348462,1.4391832,-3.4367547,4.7564645
-1.4009238,-0.6046106,0.059287526,1.8566921,-0.7025892,-0.8736192,-1.3726887,1.517989,-3.190201,4.932717
0.70488524,0.17703967,-0.34597412,0.570279,-0.26921165,-2.1502843,-0.30482912,-0.05008221,-4.0620556,5.8551497
0.3263819,-0.13524051,0.051205285,-1.2327247,-1.3000815,-0.1860381,-1.4756545,1.1905026,-2.7472184,5.65478
2.3647242,-1.2745605,0.70928824,-0.008019447,-1.3806149,-0.95640135,-1.6728247,1.1584413,-2.9023368,4.0676527
0.55649793,-0.917574,0.53801894,-0.5710015,-0.29329413,-0.53742373,-1.4132094,0.46358526,-4.20788,6.5187583
1.8218337,-0.5151161,-0.020395808,-1.0559406,-0.7430816,-1.3244349,-1.3622704,1.0410882,-3.6842654,5.9643474
1.6539031,0.21040319,-0.61421883,-1.0128343,-0.23210023,-1.0101728,-1.8957313,0.48903066,-3.8242424,6.39428
0.72976506,-0.96406233,0.67894125,-0.089783095,-0.3933003,-0.7783221,-1.8406805,0.38840634,-3.6663377,6.0619683
0.644624,-0.202208,-0.49313578,-1.506465,-0.5787429,-0.86786413,-0.542264,0.6066416,-4.714299,7.819018
0.402981,-0.295547,-0.49816975,-0.1282193,0.76787174,-0.5766901,-1.959088,0.24881583,-3.695876,5.81461
2.100968,-1.1873868,0.65585124,-1.2740414,-1.0179205,0.00534603,-2.1828644,0.96043617,-3.5835643,5.6051555
1.4463564,-0.50048757,0.5185919,-1.8497274,-1.7096713,-1.1761677,0.039007887,0.8299765,-2.786908,5.3575177
0.04396531,-0.33401236,0.90500444,-1.8512642,-0.84680295,-0.4494001,-0.37549394,0.24732098,-2.9996345,5.771595
0.41181067,-0.25842747,0.51994956,0.23234451,-0.3522578,-0.13103923,-2.231293,0.0057203434,-3.7736833,5.6958632
0.043385237,0.48931015,-0.47921762,-0.8611084,-1.0017383,-0.8443636,-0.8960545,1.1876123,-3.409302,5.8968353
0.63449323,-0.7580663,0.4861596,0.45960802,-0.573193,-1.1463658,-1.2630891,1.19501,-3.1446552,4.25192
-0.3732982,0.48624653,0.18903893,0.45955145,-0.98872733,-0.78081834,-1.6365296,0.9308302,-2.7609706,4.612888
0.670122,0.37552136,0.60995287,-0.8607495,-1.335183,-1.3390986,-1.5239414,0.31516,-2.510454,5.668141
0.3371062,-0.73148584,-0.11213528,-0.3059235,0.013409957,-0.83650446,-1.4203694,0.67129487,-4.147429,6.695229
0.09417704,-0.44857568,0.07277497,2.0487425,-0.13606183,-1.6445072,-1.2970383,0.17901713,-3.2904937,4.5352063
2.1099527,0.42676246,-0.9519499,-1.3008018,-0.9192449,-0.79744387,-1.5904208,0.82861215,-4.5924587,6.985328
2.3650706,-0.8754668,1.0230678,-0.6950546,-1.1261462,-1.0298476,-1.9267758,0.41554946,-3.833249,5.831892
1.2657095,-0.08071263,-0.54998124,-1.0505791,-0.5487456,-1.2038187,-1.4643451,0.2655372,-4.002523,7.5534196
-0.9364345,0.73772883,0.7009997,-2.1677725,-2.393297,0.22929421,2.5138116,0.27023065,5.590353,-4.6695
-1.6255547,-0.79127675,-0.5583667,2.0122304,2.197062,-2.3633566,0.9640288,0.72611535,0.78172135,-1.336731
0.22733027,-1.1789792,-1.0625496,-0.5363034,5.0895247,-0.70909154,0.45330137,-2.189873,0.08821657,-0.23277926
0.6562109,-0.4250735,-1.754147,-0.9847478,5.510991,-1.1106833,0.2221093,-2.1232855,-0.007103458,-0.014011815
-1.2073816,-0.0004297495,0.060686983,5.0994506,-1.0828269,-2.424476,-0.8625545,1.092098,-0.044955775,-0.5517921
0.33978862,-0.48568898,-1.7628754,0.64920866,4.7064276,-2.2080846,0.9428684,-1.5413908,-0.75441533,0.11068759
-1.1417376,-0.2470965,-0.65371585,4.454428,2.9159396,-3.0246208,0.4306355,-0.70613515,-0.2796315,-1.7247913
-0.071326345,-0.9009924,-1.7672039,0.43272328,6.9197345,-1.5038966,-0.22029983,-2.2274964,-1.3930584,0.7298022
0.13350165,-1.0501733,-0.4093869,-0.35343155,0.56057066,-2.077226,4.3560724,0.6479667,0.95270705,-2.7145908
-2.1797779,-0.2660066,1.6825548,1.6212738,-0.78994673,0.3043442,-1.0368366,-0.4742876,1.8857347,-0.78782856
-0.2644793,3.8940854,-3.168742,0.025296912,1.1032873,-1.3246015,-0.5532381,-0.313583,1.1336471,-0.4674855
0.42444754,-0.51811296,-2.1550877,0.38085136,5.480488,-2.284899,0.9146508,-1.8586417,-0.66633844,0.28081584
-1.4793679,-0.55093056,0.11580489,4.793136,-0.25312757,-3.0591366,0.7292476,0.9029531,0.5862969,-1.7379706
-1.0466042,-1.2194939,0.39589635,-0.33772022,-0.87505245,-2.509436,5.19807,1.9942881,1.2277447,-2.7296832
0.08642122,-2.8932176,3.489273,1.4550369,-0.7463617,-0.75030565,-0.11092161,-0.56779647,1.1939065,-1.2592106
0.18165442,-0.7767015,-1.8258349,-0.62934804,5.0085773,-1.1895369,0.49999744,-1.0841552,-1.3512121,1.1647007
-0.28455684,-0.5090795,-1.6260443,0.39317223,4.915597,-0.9592726,-0.5321941,-1.082922,-0.3968832,0.06301134
-0.74574983,-0.19686712,0.20717749,-0.973211,-0.8812703,-1.743352,3.4485612,0.7650204,1.3102161,-1.1498499
-1.2759011,-0.24689399,1.0322801,0.63940203,0.9957355,-1.7726542,2.0444417,-1.9106117,2.1002984,-1.6230531
0.2998275,-0.47634494,-2.0725968,-0.10989174,6.1188865,-1.0628638,-0.15177095,-1.7666489,-1.3457855,0.53875375
-0.978176,5.4043727,-3.250988,-0.3734442,0.82853836,-0.3603442,-0.31528944,-1.3381883,0.990618,-0.57825464
-0.78264177,1.0301931,-1.0224811,-0.3981549,1.8761706,-1.3307878,2.0371826,-1.3998846,2.4895985,-2.537646
-1.5886674,-0.826273,0.15147677,3.016846,-0.9041065,-1.8736691,-1.0766636,2.5219834,-2.746997,3.4938188
-2.8616273,-1.6515958,-0.019385837,6.1469407,-0.86476564,-2.5818772,0.73749906,2.3135898,-1.4597614,0.37800682
0.15220433,-1.1185184,0.3198441,3.341634,-0.5156794,-2.689582,-0.30599165,2.2196486,-1.8243433,0.5655181
-0.7262616,-1.7162048,-0.08302482,2.0666268,-1.623137,-1.046467,-0.48700345,5.013346,-2.5843556,1.3655133
-1.3796946,-2.2805433,-0.4945214,2.179809,-1.3456548,-2.3409948,0.7004572,5.107367,-1.4958159,1.5545847
-0.9406291,-1.9785368,0.18583855,1.740035,-2.6383865,-1.3544847,0.638408,5.565548,-1.3202087,0.30394882
-1.150416,-0.90181094,0.2664375,4.234509,-0.70654035,-3.2574437,0.17341052,2.1743622,-1.7824436,1.0745823
-0.3245278,0.023124322,-0.407778,4.0873137,-0.2922237,-3.0909774,-0.94893426,1.4989303,-1.4344438,0.9679187
-1.4055895,-0.34363198,-0.570516,4.607213,-0.8776664,-2.6941543,-0.5867781,2.418915,-2.2057903,1.8359061
-1.079439,-0.42752087,0.0026725307,5.0575347,-0.7194364,-2.970731,-1.1243218,1.8289915,-2.326817,1.8943489
-0.9784931,-1.6258152,0.14711222,3.365803,-1.5464199,-1.9796518,-0.37870044,3.8292525,-3.04692,2.4415462
-1.449804,-1.2213556,0.9648859,5.529916,-0.74982953,-2.954139,-0.35153997,1.7560154,-1.1706463,-0.2676695
-0.692783,-1.5606716,-0.4256064,1.4057407,-2.0549548,-2.1880553,0.3997872,5.270867,-3.3209436,3.4212286
-1.0667268,-1.3975186,-0.23891822,2.610394,-2.2508285,-2.1429052,-0.13178988,4.4445105,-2.30978,2.7157543
0.1670807,-1.3536576,-0.81742203,2.6568217,-2.3097599,-2.2132094,-0.11804715,4.9407606,-2.9104378,2.1823993
0.26506135,-0.9291823,-0.05259689,-0.13674007,-0.69797856,-0.6074945,-1.2010173,1.2697426,-4.647587,6.9517145
-2.1453495,-1.5239775,0.8021874,4.5902762,-0.4883809,-2.8991363,-0.04735367,1.981599,-1.7944053,1.6156759
-0.1908944,0.9458309,-1.4621099,1.2504251,-0.3753376,-1.882309,-0.5573262,1.5743458,-3.1094277,4.0109816
-0.5896045,-1.3387026,0.24127096,2.955782,0.08106038,-1.9057056,-0.9121246,1.7665974,-1.724031,1.5148287
-1.7962817,0.31455976,-0.47348258,4.6212564,0.2582574,-2.7457035,-0.58481157,0.862231,-1.667354,1.3023086
-0.83128524,-2.1927748,-1.1767193,2.9172363,-2.7804596,-2.9484544,1.4414948,7.4625936,-3.0897667,1.5128858
-1.2150743,-0.51352423,-0.85684407,3.9446077,-0.6823152,-3.2584913,0.18002422,2.422185,-2.3354812,2.4610183
-0.9159732,-1.6634744,-0.33115822,2.4559283,-1.106472,-1.6158686,-0.12376718,3.5162086,-2.7698314,2.717185
-2.017423,-0.9194551,-0.8808796,2.2434642,-1.8622452,-2.0696352,0.7051188,5.443427,-1.1060189,0.6746906
-1.5334486,-3.4066088,0.683016,3.638572,-1.8303676,-2.7195098,1.0282222,5.8667665,-1.1403067,-0.40275723
-0.51060796,-0.2871942,-2.0426488,0.2443099,5.7935896,-1.3583333,0.21975227,-2.2164598,-1.070603,1.2057521
-0.7482462,-0.10545425,-2.5310867,0.29297388,5.371472,-0.44578126,-0.5662456,-1.0246826,-0.8871065,0.63168824
-0.093321115,-0.8854671,-1.4560665,0.21070209,5.3256435,-0.3468106,-0.9670306,-1.7204671,-1.942324,1.9088777
-1.0328794,0.05362384,-4.0977883,0.29750305,8.240505,-0.6671243,-1.0247078,-1.6522946,-2.4242647,2.371525
-0.62723815,-0.45716828,-2.2932606,0.71955895,6.059865,-1.2582244,-0.6694146,-1.5912911,-1.7166582,1.8270886
0.56840837,-0.61020887,-1.651339,0.33053178,4.8514194,-0.8951405,-0.6181447,-1.4310669,-0.9662152,0.35243636
-0.29082814,-0.31722814,-2.5179715,-0.57617915,6.2458353,-0.546749,0.37159067,-1.8617529,-0.6532789,0.10671022
0.49949834,-0.9046691,-2.22858,0.13324611,6.083025,-0.8904855,-0.8213428,-1.9268428,-2.142044,2.1927192
-1.310398,0.22761779,-2.570513,0.4532081,5.967759,-1.3768882,-0.45716125,-0.8444553,-1.4041293,1.3455836
0.026512384,-0.9279665,-1.673145,-0.06587237,5.3271956,-0.61675763,-1.1853093,-1.2949959,-1.6443594,2.0440254
-0.46905747,-0.6490802,-2.0885184,-0.0055120587,6.3285027,-0.93555367,-0.2819857,-2.2465653,-1.7031195,2.0342042
0.38541475,-0.49846846,-2.0659177,0.7604288,5.2398257,-1.5325302,-0.5107309,-1.0902145,-2.0358942,1.3729757
-0.34119776,-0.2410412,-2.1528938,0.7072736,5.683856,-1.2380098,-1.1273148,-1.4474193,-1.3857028,1.5169566
0.36639458,-0.2995671,-2.0075068,0.45444125,4.771655,-1.0956701,-0.4912609,-0.93309957,-1.5882851,0.8289906
0.0647378,-1.0223544,-1.5906092,0.80260897,6.5146117,-1.0472528,-0.31021062,-2.016798,-2.0168805,0.62417513
-0.6000227,-0.10169701,-2.274975,0.7169062,5.0986624,-1.7980795,0.189433,-1.4358866,-0.68809515,0.8531167
-0.2544156,0.06133543,-2.6431587,-0.29257548,6.908251,-0.83309615,-0.21775459,-2.6310723,-0.5927595,0.44484413
0.3269833,0.1731429,-2.1087978,0.60313076,4.603474,-1.5257894,0.1350854,-1.2778436,-0.80420935,-0.13455048
-0.22827116,-0.022102937,-1.7581602,0.83176833,4.8620787,-0.52680886,-0.6255428,-2.1039836,-1.3324296,0.89119864
0.49241522,-0.2579766,-1.9914292,0.7570574,4.8462505,-1.235437,-0.62290424,-1.2607399,-1.4074609,0.68068117
-0.4597573,-0.020352855,-2.0362928,-0.46276346,6.139868,-0.95985425,-0.7762043,-1.856322,-1.1204336,1.5522656
0.6424825,-0.20770963,-2.6692357,0.7930647,4.3318744,-0.9819988,0.03846988,-0.55033547,-2.2957127,0.96190256
0.06628618,-0.09902458,-2.0854635,0.4508757,5.6339316,-1.7060608,0.0512868,-1.3534592,-2.0777636,1.1223664
0.98897755,-0.4851938,-2.174721,-0.27801812,5.2465286,-1.7051514,0.53567636,-1.8760136,-1.0283016,0.78434676
-0.0951477,-0.57048297,-1.5317049,0.5204166,4.175592,-0.5241164,-1.447773,-0.6701691,-2.1894298,2.3520885
-0.22750124,-0.7061753,-1.156902,0.07942386,-0.81095576,-3.4324908,4.382249,3.031914,-0.6664905,-0.34553874
-1.6700615,-0.9614566,-0.089029066,6.4155216,-0.7570784,-3.8587048,0.03932412,2.7784111,-1.917638,0.1589163
-0.1078026,-2.3233826,-1.4205197,1.5037074,-2.505419,-2.0314765,2.0156786,7.1369777,-1.0077387,-1.013595
0.19905685,-2.8170063,-0.29992217,1.3253264,-2.2465372,-2.3266742,1.6696165,6.4085555,-2.765629,1.1266835
0.13944009,-1.0967089,-0.82314545,2.3491364,-2.0737922,-2.88266,0.81089497,5.156604,-1.566241,0.196796
0.7326968,-2.7372708,0.6194319,0.76968354,-3.37892,-2.4666266,2.4591496,5.9184737,-1.7479031,0.06791263
0.32285944,-1.042516,-0.6890454,0.16037399,-1.7936529,-2.5661097,2.837042,4.1275935,-0.093244925,-1.1103128
-1.6485845,-1.8021704,0.10296235,4.628459,-0.93519723,-3.0282772,1.040785,3.3772593,-0.49323434,-1.1272935
-1.266132,-1.020819,-1.5724449,2.1671293,-3.297682,-2.522844,2.3417,6.658008,-1.9493489,0.71728516
-0.06584591,-1.6340995,-1.4367288,1.3699083,-1.2859321,-2.9728873,2.538655,5.192473,-1.5749091,0.05037982
0.7184719,-1.7502445,-0.13053769,2.5776944,-1.9436607,-2.6449935,0.5397988,3.4903672,-1.1545475,0.43775624
-0.35449934,-2.3432038,-0.3162041,1.9190657,-1.462734,-2.0628674,0.9620773,5.131187,-2.3612177,1.1077752
-1.1556984,-1.1698265,-1.105076,2.813843,-1.2180209,-3.0215237,0.9572721,5.165397,-1.2994711,0.23263377
-0.86713326,-1.6141374,-0.60791105,3.3351474,-0.7694004,-2.7975738,1.7794476,3.6995926,-0.9390357,-1.0840646
0.18195495,-2.4013453,1.8435963,1.0048239,-2.0663927,-2.7531374,2.8890476,2.2486045,0.574577,-1.463088
1.4455746,-2.5949373,0.71730036,1.2687235,-2.7594743,-2.3982303,1.3343645,4.344931,-1.1110916,-0.0773092
-1.207889,-1.4596939,1.621933,6.03476,-1.743977,-4.103409,0.9040052,1.4603776,-0.22682016,-1.2222847
-1.6991969,0.25268066,-0.54999304,6.983213,-1.1317928,-3.7997851,0.102999106,2.1420581,-1.5535654,-0.62195045
-1.6361034,-2.9253209,1.5460664,2.723587,-0.92712855,-2.503896,2.888779,2.2820134,0.15444992,-1.5496062
-1.895512,-1.6901686,-1.1145827,0.0075109303,-1.1885691,-3.0770762,5.2747483,4.9914713,-0.50866413,-0.6309969
-0.52857447,-2.4826593,-0.2336773,1.0612648,-3.0960324,-1.2749999,1.1638218,6.1211443,-0.868157,0.3357962
-0.074983805,-1.4779673,0.54559606,2.7164748,-2.3589063,-1.2533748,0.32315904,3.5256,-0.8439578,-0.96404976
-0.42116025,-0.45875275,-0.31738806,3.563668,-0.9054837,-3.6151056,1.3759271,2.0892904,-0.5535272,-0.6231015
-2.2690463,-0.9675984,1.0019293,5.6278586,-1.9860296,-2.6012275,0.76909286,2.3166957,0.21309061,-2.021654
-1.7583045,-0.8817945,0.851987,6.3228927,-0.91470194,-3.2674487,-0.8539768,1.1794151,-0.6430177,0.013164751
