-2.4067006,-0.012434311,2.9986465,-0.54392195,-0.81928664,-0.90163577,-0.2614637,-0.57038796,3.687934,-1.0713296
-1.9605464,-0.0325268,4.986393,0.87014,-1.1976527,-0.2099565,-1.4298337,-0.9084844,2.3302417,-2.4253905
-2.4014902,-1.5707586,5.3820586,-0.3188547,-2.0619256,-0.6311337,-0.6916503,0.024867885,3.4343312,-1.0575951
-2.522868,-0.47470772,4.765398,-0.2212311,-1.3097287,0.08625387,-0.6731484,-0.061439402,3.3798306,-2.8680022
-2.912204,1.5049224,2.7417002,-0.9107083,-0.6216404,-1.0518516,-0.76284534,-1.4461079,5.5674186,-1.9524559
-2.5436628,-1.1219409,5.998807,-1.4238671,-1.8758634,-0.8052225,0.19591218,-0.4399587,4.511282,-2.3790085
-1.8537714,1.6163315,0.032215767,-1.2106714,1.2601011,-0.115970075,0.5204342,-0.31539437,2.5515988,-2.4013784
-2.9528782,1.8736049,0.9797858,1.0603538,0.47990832,-1.4822799,-0.5991831,-0.77088183,2.8496165,-1.3559833
-1.9069778,-0.5610836,2.071232,0.6613196,-1.5870284,-0.6437199,-0.13004625,0.6737131,2.9321249,-1.4067407
-1.6414129,-0.5281696,1.1559246,4.336525,-1.0322562,-1.5018803,-1.4029031,1.129321,1.8915539,-2.4327962
-1.6816133,-1.7506106,3.929456,-1.658531,0.051063083,-1.0452338,2.2427778,0.42257446,1.6939421,-2.096548
-3.1329794,1.3958187,1.7958032,-0.76362365,-0.4557822,-1.5568687,0.7063708,-0.24430087,5.103405,-2.6963842
-1.3125721,1.7151093,1.3074515,0.3227598,-0.096881025,-1.1523744,-0.85461956,-0.44991297,2.679931,-2.1014395
-1.7664407,-1.0525098,3.3623073,-0.26555312,-1.8911781,-0.88987947,-0.8636894,1.3750888,2.396541,-0.32627338
-1.1942946,0.62765527,2.9493742,-0.38527304,-1.7165799,-0.39985833,-1.2341181,-0.52657086,3.9648974,-1.9690126
-1.5414616,2.1954744,0.28454474,-0.87981945,0.10093131,-2.2382143,0.7427391,-0.69717264,3.213722,-1.0221128
-2.0023508,0.50290346,2.9111116,-0.2724931,-1.6177692,-0.82206297,-0.59339994,-0.12654251,4.4177713,-2.2446494
-1.7190213,-0.9333118,3.2141285,0.046686098,-0.9884128,-0.8914274,0.3541564,0.8892288,2.6305602,-2.5353055
-3.244749,-0.34529316,4.2221203,-0.8306029,-0.83435464,-0.59512997,-0.82085216,-0.07584173,4.060359,-1.4006554
-1.8409518,-0.3152845,1.5531522,-0.5112177,-1.122343,0.01914984,-0.4419536,0.15091696,3.1895552,-0.62048405
-1.4040776,1.1013814,1.0928401,-0.61480254,-1.0314147,-1.4670662,0.2794738,-0.1438407,4.126614,-1.77289
-1.0640575,0.14781386,3.301543,-1.0877515,-0.14533049,-0.81855536,-0.77093506,-1.6114223,2.9365528,-0.8313238
-1.7937726,-0.10500903,-0.1630196,2.94888,-1.5559683,-1.1829487,-0.3011304,1.4281396,0.15176617,0.6523561
-0.8496094,-0.38275278,2.4476507,-0.42129606,-1.4737259,-1.6604973,0.046094567,0.17671147,2.4223123,-0.1827976
-3.9718888,-0.67288184,1.600351,4.0709653,-0.34204438,-1.2946618,-1.3194042,2.5434954,1.8563592,-2.4652267
-1.3549448,-0.7308164,0.35146752,-1.7313378,-0.54254794,6.405451,-1.8577052,-0.20283487,0.32011116,-0.6954349
-0.6114676,-1.0993812,-0.05287499,-0.42626658,-1.900118,4.009304,-1.309809,1.2010918,0.17493956,-0.018164113
-0.20989037,-1.3892465,1.3263323,-1.5439906,-1.20638,5.780379,-2.2140007,-0.062251024,0.18972208,-0.705143
-0.87203217,0.79824305,-0.31683227,-0.1808795,-1.5644484,6.1044803,-3.693623,-1.1331385,1.0338825,-0.19477881
-0.48976165,-1.0369729,0.78553605,-0.60963696,-1.0671717,5.288483,-2.946806,-0.3425939,0.73820907,-0.39212775
-0.24752876,-1.4503459,-0.32311386,-0.92492545,-1.4939319,5.285583,-1.428763,0.7817874,-0.16256359,-0.10218318
-0.76241696,-0.70539045,0.41783634,-1.1586175,-1.3382534,5.643767,-2.415681,0.14074525,0.16575067,0.006987497
0.06412802,0.21704826,-0.09127158,-2.1748707,-1.8120543,2.5281055,-0.30069584,-0.41350842,0.7254664,1.3581085
-1.0985667,-0.25207433,0.29924324,-1.2105529,-1.1668655,6.553568,-2.8911319,-0.43719333,0.50206286,-0.33829242
0.26412994,0.112730615,-1.0175875,-1.7366372,-0.33288535,5.2791286,-2.2750835,-0.3360946,-0.7640729,0.7949743
-1.0630468,-0.7769114,0.7070987,-1.3325007,-0.8639006,4.262595,-1.2981684,0.26658624,-0.046490327,0.09563671
-0.5500707,-0.528971,-0.16532075,-1.3216467,-0.78904635,5.711676,-2.4168997,0.0006561205,0.5858862,-0.5477963
-1.388581,-0.1780847,0.34236452,-0.21207061,-0.86786556,5.7848477,-2.3605084,-0.34090418,0.86290807,-1.6841797
-0.73993385,-0.44219238,0.81944513,-1.4037282,-0.7938025,5.2456546,-1.9716669,-0.22461247,0.07127105,-0.5582213
-1.1006149,0.20619905,0.39814258,-0.58395475,-0.5545043,5.7431016,-2.263175,-1.06902,0.62024385,-1.4324198
-0.9709141,-1.153392,0.07492032,-0.37383056,-0.80989265,5.134407,-2.5837579,0.48281562,-0.9266836,1.0377825
-1.2362522,-0.32595962,0.16761874,-1.1873119,-0.63628787,5.254967,-1.9083687,-0.039095648,0.77832586,-0.87222093
-0.8232978,-1.0402184,0.15685458,-1.0715841,-0.55834323,5.683151,-2.127112,-0.12422305,-0.41597515,0.26911795
-0.5409231,-1.6044948,0.5785564,-1.1104385,-0.8010342,4.9585214,-1.2584155,0.726683,-0.7369762,-0.21690403
0.32703978,-0.4139132,-0.31500074,-1.1325283,-1.6507531,6.3115067,-2.7058897,-0.28766152,-0.75654113,0.595534
-1.1743511,-0.5504391,0.64527667,-1.3105488,-1.2006292,6.32501,-3.2246208,-0.013032295,0.28831744,0.16411822
-1.7141412,-0.1345684,-0.19570285,-0.6185343,-0.8024246,5.2310696,-2.3968244,0.31854534,0.29464334,-0.004217997
-1.116707,-0.3573538,0.13711506,-0.77059495,-1.3414639,5.6216636,-2.3925872,0.32611582,-0.0004467517,-0.14645709
0.09401602,-1.5615028,1.3990991,-1.8797408,-0.6392829,4.7197404,-1.5809836,0.29679605,0.21561594,-1.1269896
-0.94159496,-1.8662243,0.8650146,-1.8310289,-1.1179897,6.3317137,-1.2653913,0.4658779,-0.6774231,-0.04483719
-3.8072047,-0.14253306,-1.0043845,0.4518001,5.3100133,-0.774423,0.28855318,-0.3277383,0.68571734,-0.7914259
-2.8222165,1.5933106,-1.3468924,-0.41250885,5.479549,-0.8736398,-0.24910685,-1.8847697,0.90931636,-0.4783283
-3.0092447,0.8988408,-1.9746207,1.069499,5.24998,-1.8656901,0.37188494,-0.7612934,-0.21358357,0.17729251
-2.2712042,-0.5049716,-1.6475074,-0.14760804,5.1448846,-0.7005322,0.94216,-0.619287,-0.7314613,0.4548753
-1.1126934,0.38634846,-1.4254467,-0.51585436,4.938281,-1.6523192,0.7364232,-1.1203892,-0.49479592,0.22638635
-3.4718146,0.71011066,-1.9055438,0.5465978,6.351804,-0.88333356,-0.003024444,-1.7027868,-0.37497732,0.61678517
-2.4232771,0.76730627,-2.2139902,0.9983064,5.4885516,-1.1236253,-0.3216781,-0.9472171,-0.7011222,0.36256742
-2.328455,0.74384797,-2.3529317,-0.06769317,5.4353743,-0.54911673,0.37807268,-1.0234196,-0.57817477,0.19111107
-2.3247046,-0.36033487,-1.5188253,0.16855466,5.9981184,-1.1842164,0.35038754,-1.2267879,0.17547409,-0.19916476
-3.0401337,-0.2228379,-1.7503002,0.106699385,5.9712324,-0.7137569,-0.3003851,-0.46454787,-0.08049218,0.36677718
-2.3630137,1.4981846,-1.3775505,0.3193941,3.787575,-1.0104544,0.3150623,-1.8013936,0.4166062,0.20182358
-3.4199555,0.4720661,-1.4961528,-0.36916977,6.1147375,-1.2981659,0.13510735,-1.0959513,0.19474311,0.6682022
-3.0975773,1.1151589,-1.5811048,0.7599302,6.0654774,-1.9971086,-0.10272336,-1.9843541,0.23809107,0.5212892
-2.4580095,0.7454692,-1.4835899,-0.36305648,5.966234,-1.9216768,0.8412311,-1.8866855,-0.23998232,0.77646244
-2.7677796,0.3365463,-0.9867501,0.5987641,5.6227794,-0.39716414,-0.8538631,-1.7468774,0.31232405,-0.23471172
-2.1209035,0.71059096,-2.156365,-0.04242655,5.6777315,-0.8780149,-0.16966075,-1.2781509,-0.49114448,0.6823421
-3.427324,0.09745372,-1.0848156,0.7047108,5.323408,-0.7599268,0.13047186,-1.3741928,0.14105587,0.18100469
-2.697876,0.8278835,-2.058897,0.8905956,6.0601454,-2.057408,0.6811897,-1.2871374,-0.7573316,0.30089855
-1.7116756,1.1201701,-0.36682317,0.46474424,4.766411,-0.48919424,-1.2897044,-1.8876523,-0.4776147,-0.19863822
-1.5508287,0.91343087,-2.1718194,-0.27030665,4.5777736,-1.6209456,0.5984238,-1.0351158,-0.10336575,0.60224646
-3.3331947,-0.24504977,-1.4615988,0.64159834,5.4007416,-1.7954048,1.4020722,-1.2012852,0.017953262,0.49762213
-1.9213761,-0.5742851,-0.8096513,-0.25178105,4.9661202,-0.8552042,0.68267703,-1.0454875,-0.22998159,-0.08283192
-2.2887466,0.28493077,-1.539978,0.52882624,6.041003,-1.4925414,0.66016984,-1.4572911,-0.1939845,-0.6666724
-2.5868182,0.6164192,-1.0254008,-0.47341228,6.3807917,-1.7240362,0.22273588,-1.503532,0.4186868,-0.38714296
-1.5241814,0.44011712,-2.124578,-0.14546591,5.901414,-1.7306713,0.20847934,-1.5685079,-0.09332736,0.52205604
-0.29984754,-0.9410195,0.57116777,-2.9167297,-0.2876853,-2.3456604,5.7031546,0.5210374,1.4292547,-1.2797351
-1.0320907,0.3896822,1.1718798,-1.9507856,0.75796646,-2.0180528,1.7308227,-0.22729433,2.5460968,-1.2058207
-1.1694089,-1.1492695,2.8205068,-1.810127,-0.17109275,0.0950757,0.14843631,0.19832265,3.0867121,-1.9949888
-0.93310225,1.1540956,0.065620504,-2.2971156,0.32001203,-1.8031522,4.2899556,-0.7308132,1.1237402,-1.0184697
0.045926623,2.4601266,-0.8301785,-1.197773,0.48659393,-0.89714074,2.5163689,-1.5695274,1.5031826,-2.3685303
-1.1989731,0.60086983,1.670718,-1.1456772,0.23309237,-1.7948364,2.3616276,-0.70503235,1.9669442,-1.8449961
-0.6417464,1.317267,1.1429237,-2.0195847,0.23472983,-1.0051346,1.5086744,-1.4784795,2.8745584,-1.8247303
-0.73486954,-1.1028602,-0.10906664,-1.6911054,4.5877485,-0.3828765,0.46428072,-1.820711,-1.7809238,2.4868238
-0.67159796,-0.75471044,0.54796684,-2.7957835,-0.053340264,-1.9896706,6.9608464,0.39152074,0.07435821,-1.5924572
-0.4352165,1.70516,0.43177062,-1.0160207,-0.4567981,-2.2673063,3.308313,-0.66626453,1.6641963,-2.1124
-2.1098578,3.5604255,-3.2138183,-0.3579405,4.019641,-1.3368326,2.5052357,-1.3773196,0.45841712,-2.1385007
-0.16380301,1.7802678,-0.56855756,-1.8224906,0.6172919,-1.264596,3.5626965,-0.86515164,2.1914432,-3.3067048
-0.46434093,0.8711013,-1.2141392,-2.116419,-0.179241,-1.9482478,4.1355467,0.018749736,1.4271097,-0.36885726
-0.7357133,0.44405776,0.45436904,0.19106877,1.3662163,-0.45436987,-0.6775451,-0.9183128,0.6614629,-0.29720134
-2.192548,-0.0015192106,3.6585987,0.03160704,-1.854401,-0.93859184,0.1564931,-0.6034914,2.7031868,-0.81171465
-0.4415214,-0.87921095,-0.4477438,-0.9892603,0.7720135,-2.8628592,4.8063774,0.782828,0.25240654,-0.9590433
-0.7859859,-0.44702396,2.817835,-0.6089479,-1.1326877,-1.3102658,0.7501584,-0.19447255,2.34811,-1.3252462
0.10391059,0.62784785,-0.95519376,-2.3189502,-0.12071336,-2.561484,5.6249695,-0.020081706,0.11829965,-0.3633961
-0.14266998,0.2808612,2.1828046,-1.8104879,-1.0305531,-1.2879205,1.1590606,-0.30853462,2.2008288,-1.1126937
-0.48175466,4.155066,-1.838398,-0.39580637,1.0866158,-2.0303657,1.947173,-2.2184129,1.4274647,-1.45866
-0.49485493,1.6962459,0.83565664,-0.9187062,0.22132489,-1.0344856,1.1007519,-1.411667,1.78788,-1.6427791
2.1497135,-0.9466673,0.21985033,-2.0231366,-1.5838717,-3.0831788,5.191945,1.0601485,-0.39667046,-0.47662836
-0.8946916,1.4694371,1.1234697,-1.1131862,0.458016,-1.3216391,1.9944285,-1.3305424,1.8505535,-2.120591
-1.3045303,1.1586905,-2.1093833,-0.025516711,5.6146684,-1.7119131,1.397269,-1.6614043,-0.3869685,-1.0267497
0.81364274,0.10082292,-0.22346221,-2.7566385,-0.98279136,-3.0876608,6.471454,0.71676725,0.3711354,-1.2304138
0.40087637,1.6769179,0.9930037,-2.0095007,-2.0649884,-0.5477259,-0.41390604,-1.626723,3.9017446,-0.11362453
-2.2297337,0.2621035,2.7185755,-0.85342,-1.8634188,-1.1728455,0.06464973,-0.53504866,5.4132376,-1.6592923
-2.44327,-0.1930376,2.5662038,-1.5446188,-1.3612186,-2.0548272,1.104791,-0.048428066,5.7194033,-1.5614845
-2.1056118,0.025053255,2.4427662,-1.3327755,-1.7277578,-1.8234673,0.9394517,0.13078219,5.053052,-1.4342811
0.34055012,5.0225143,-0.23867387,-0.06526967,-0.65973574,-1.2240211,-1.2310323,-3.619302,1.6142586,0.22490922
-1.84012,2.0944695,0.71397007,-0.36634487,-0.95768887,-2.3869555,1.0853623,-1.0070533,5.2007346,-2.3268266
-0.9371716,1.9265034,0.80174124,-1.7230113,-0.87068766,-1.9206694,1.2038993,-1.631002,4.622287,-1.2857939
-1.0788835,2.2263594,2.2425222,-1.5762124,-1.8476411,-2.5460122,0.7544879,-0.99550307,4.7679625,-1.729215
-2.7006464,-0.5746242,1.8695704,-0.2221613,-1.1880902,-0.95294535,-0.42770284,1.9047302,3.528874,-1.1531934
-2.3350866,-0.011010833,2.649374,-0.7096137,-1.3458854,-2.3774037,1.7585952,0.19337499,6.0508537,-3.6672983
-1.6008513,2.9678092,-1.3261852,0.77982396,0.86662465,-2.468016,0.67640555,-0.5303681,2.6078188,-1.9007846
-3.1330502,1.3489889,1.5958025,-1.0329405,-0.8508955,-1.7860228,0.5970856,-0.8982669,5.8566437,-1.4851542
-0.89586985,-1.3643303,4.306964,-1.3254155,-1.8253614,-0.70485234,-0.50517774,0.7118566,2.7354138,-1.011309
-1.421161,2.8375452,-1.0475607,-0.7038783,0.109662734,-2.5465286,2.286377,-1.2989632,2.0602608,-0.08546592
-1.1223896,2.8674772,-0.92047477,-0.9306727,-0.9993312,-0.88686407,0.83763087,-1.1584324,2.7449782,-0.25426346
-2.3670268,0.8681766,2.3421528,-1.483548,-1.150298,-2.2066953,1.7037846,-0.8144138,5.926684,-2.617901
-1.5518072,1.2109077,1.8087041,-1.4321203,-1.0501653,-1.964044,0.62652063,-0.7765584,4.991106,-1.6783432
-1.3463719,2.474227,0.30031317,0.2650861,-1.0097065,-2.1477768,1.5827372,-0.8686369,2.9857981,-2.0952554
0.6039146,-0.98352444,-0.8272388,-2.676926,-1.1221437,-2.2709796,5.73844,1.3074349,0.17414828,0.20130171
-0.9772142,0.18159527,-1.0355645,-1.2882028,-0.36852512,-2.0511558,4.247273,0.57064056,1.1690357,-0.33038503
-0.6216439,1.5056901,1.5356185,-1.7428988,-1.4944308,-1.3664986,1.0889157,-0.7150995,3.9507506,-1.9144875
-3.103695,0.908008,2.6950316,-1.0047487,-1.4937342,-1.9620548,0.21577168,-0.3949472,7.1760573,-2.8073878
-0.7659276,0.5747799,0.9265614,-0.54716337,-1.2799953,-1.5993441,1.1130518,0.06622159,3.9378765,-2.3352556
-1.3317603,0.038581617,2.8786085,-1.4978468,-0.97045094,-2.675349,1.8873416,-0.7812437,3.868757,-1.2648066
-0.7155416,1.1813903,-0.26395032,-0.8497642,-0.66178817,-2.3884952,3.6957502,-0.5726886,1.3765469,-0.6306188
-0.35985062,5.251814,-1.1942397,0.17279303,0.33543304,-1.1519634,-0.55376,-3.4986346,0.43079478,0.6935745
-0.15121871,5.993067,-2.00364,-0.116515316,0.7184635,-1.6657703,0.12581922,-4.3386135,0.8493555,0.80828816
-0.17491916,4.6459885,-2.0572095,0.70599204,0.16675466,-1.0231332,-0.9520611,-2.842359,0.6880844,1.0422773
-0.5905777,5.2214527,-0.9405135,0.73584026,-0.13353029,-2.013007,-0.7660498,-2.7610571,1.3573935,0.07296237
0.5457983,6.280648,-1.4798254,0.25706667,-0.06454844,-1.5781139,-0.118095875,-3.9808483,0.116692826,0.22279222
0.18527684,5.92043,-0.4939557,0.26847678,0.69754297,-2.555052,0.115217775,-4.1552143,1.040027,-0.86382514
-0.7315965,4.806455,-1.5937192,-0.21330196,0.020939551,-1.6721658,0.055662632,-2.3146827,1.1828238,0.6557574
0.25335267,6.2732778,-2.44595,0.40002814,-0.13001555,-1.893052,-0.7439718,-3.2337813,0.94155544,0.76336664
-1.044663,4.775223,-1.9910874,0.43942767,-0.06308732,-1.0314904,-0.9312769,-1.9331332,1.1455073,0.80574083
-0.43514156,5.4594154,-1.781693,-0.47697544,0.13141048,-1.5127321,0.21968058,-3.4824793,1.0319954,1.0398421
-0.58179766,4.868847,-0.18752132,-0.16380712,0.12707984,-0.86024606,-0.5371583,-3.0108786,1.3067379,-0.79365885
-0.13045067,6.2717295,-1.5431298,0.7149028,-0.5039214,-1.7880645,-0.8137778,-2.646294,1.1749898,-0.49845195
-0.94792354,6.906297,-2.034477,0.1308651,0.7949258,-0.93173397,-1.1312408,-3.9808524,1.4306793,-0.04907264
-0.36954546,6.341935,-1.1055219,0.6691583,-0.007699944,-2.2108443,0.10724267,-4.264644,1.8892877,-0.8119986
0.13715017,5.2538614,-1.1944295,0.29098204,-0.35413024,-1.6834832,-0.42059815,-3.487919,1.8975918,-0.23593183
-0.23055926,4.981269,-0.8548066,0.007993288,0.084120475,-1.3837398,-0.27464586,-2.1345038,0.6377913,-0.688493
-1.3225765,4.1895204,0.4520938,-1.0568421,0.40851644,-1.5544446,0.9748248,-2.7320771,1.7841804,-1.0184962
-1.919736,6.194248,-1.4003935,0.8916302,1.0023514,-2.8172781,0.27542725,-3.0285928,2.0473237,-1.0743691
0.5970074,6.090863,-1.6675667,0.19209623,0.48570842,-2.0842488,-0.7687448,-4.0842175,1.144197,0.25985605
-0.51399267,6.035001,-2.279444,1.1777308,-0.38301793,-2.498949,-0.45621789,-2.618689,0.9038672,0.8364857
-1.7025787,6.143322,-2.0203564,0.58940434,0.5694849,-1.0750715,-0.3264677,-3.2254882,1.7751638,-0.5893423
0.44324732,4.8807235,-1.8881764,0.4366049,0.31259966,-1.9704462,-0.04024726,-3.2497325,-0.00050860643,1.2241027
-0.92360973,5.9372063,-0.63755345,0.94527686,0.18487099,-1.8992809,-1.4644395,-3.7168972,1.1008153,0.63805616
-0.00944116,6.203678,-1.8342521,0.41274813,0.34481868,-2.345207,-0.01919794,-3.6339126,1.630996,-0.5520256
-0.4463324,5.3609304,-1.4913422,0.016097136,-0.2858934,-1.8040174,0.24434882,-3.897377,2.265809,0.25323665
-2.6712434,-0.2425344,0.49218938,6.2568917,-1.5825776,-3.0203464,-0.091532975,1.5321797,0.9532235,-1.585831
-1.6460614,-0.3467466,0.21447638,4.4942193,-0.2300339,-2.1980646,-0.6572164,0.8775901,0.13077025,-0.68081045
-1.6952469,-3.5574505,-1.3870178,2.0627,-1.1503421,-1.9693741,3.526771,5.709247,-1.0368252,-0.5438693
-3.0886738,-2.3759308,-1.6081183,1.9532131,-1.379516,-1.6655949,2.1767178,6.019961,1.3737005,-1.3712994
-3.0589635,-1.4210308,-0.76112497,4.843534,-0.7936775,-1.2968632,-0.46958214,4.143849,-0.31926554,-0.8739472
-2.463348,-0.0040732995,-0.29344577,5.3887525,-1.4931616,-2.5689921,0.031573325,1.3536047,0.630827,-0.50565225
-2.141227,-0.21919477,0.65555996,5.4492345,-0.26739702,-2.0280979,-0.286033,0.5793454,-0.59004396,-1.1420748
-3.0242436,0.91502607,0.18148842,7.5389957,-1.8300072,-1.7302023,-1.9403421,1.2224752,-0.47902608,-0.80082995
-2.044945,0.9479817,-0.22455096,6.9565306,-1.4014095,-2.0959837,-1.2321702,0.688565,-0.13294764,-1.4223243
-3.0505564,-0.47207263,1.4357628,5.9343257,-0.67999524,-1.4567099,-1.7828993,1.3733846,-0.3356883,-0.98126644
-3.1639197,0.5668609,-0.42550102,6.5599275,-1.1133529,-2.6130102,-0.79688394,1.9823195,-0.18580182,-0.80942506
-1.0953414,0.50985366,-1.3370732,6.089145,-0.95000905,-3.1337526,-0.77997625,1.2294544,-0.36426926,-0.11728646
-3.9577973,-0.21279153,-0.4322236,8.633632,-0.17839178,-2.5364192,-1.2038807,2.6033325,-1.0401119,-1.7154654
-2.3972363,-0.103989504,0.96065813,5.172148,-0.59630996,-2.1337447,-0.23955482,0.8224734,0.18127857,-1.6150101
-2.664193,0.26611245,1.1607621,6.5446754,-0.35583368,-3.0881875,-1.5335561,1.7063442,0.82048255,-2.8563414
-2.065849,1.1460851,-0.61638105,5.1263466,-1.1696379,-1.3657296,-0.8615786,-0.19118273,0.118672356,-0.056545824
-2.347302,-0.082703464,-0.51446664,5.7219067,-0.63655585,-1.4316055,-0.62489694,0.6702883,0.08235611,-0.82799655
-2.9011326,-0.55396837,-0.1849981,7.7966056,-0.7088646,-1.6324955,-1.6970497,0.92278564,-0.09839387,-0.97316223
-3.3159032,0.01757487,0.32667965,6.403624,-0.17461339,-0.8387047,-1.9216597,0.71299744,0.16298942,-1.4062314
-4.0674386,-0.70637846,1.0216485,6.3351727,-1.1539648,-1.8179958,-1.186772,2.2497919,1.270658,-1.9207839
-2.6945624,-0.37836182,0.48436412,5.9753757,-1.45355,-1.0950414,-1.9783378,1.3560208,0.7844503,-1.0292612
-4.2234526,-0.0026305392,0.25096336,8.777237,-0.7218945,-3.0867174,-1.0723248,1.9640793,-0.18408008,-1.7428116
-3.100808,-1.2222067,0.61695796,5.460293,-1.0729797,-0.4121084,-0.8723348,1.3172568,0.051471874,-0.81801134
-1.6827826,1.8823793,1.3190308,-0.31439137,-2.382437,-1.9733735,-0.27132103,-0.2810019,5.6426373,-1.6779433
-2.797188,1.1151353,0.1933181,5.555827,-0.64740807,-1.9675797,-0.9045118,-0.30826515,0.9239176,-1.1408097
6.53633,0.8277213,-0.78196746,-1.9619392,-1.5903571,-1.5420123,0.9204657,-1.2958359,-1.9647546,0.8761512
4.5241227,0.24416572,-0.8745246,-0.7608564,-0.75388426,-0.7703295,0.13003914,-1.597001,-2.340132,2.2072315
4.501296,3.5405526,-1.3140342,-1.2584345,-1.2662159,-1.7368592,0.43518573,-2.583697,-1.2840918,1.1132383
5.101044,-0.46323332,-0.63139683,-1.7886573,-1.2055707,-1.3376848,0.8437084,-0.4451577,-2.138677,2.1298287
4.298267,-1.1633767,-0.16764608,-1.3129615,-1.0675311,-1.5561036,1.2711576,0.05796548,-2.2303321,1.878797
4.3686595,1.3980324,-0.3579298,-1.6797974,-1.3857031,-1.3697203,1.1022362,-1.4929359,-1.25897,0.7540715
4.3463745,0.53092706,-0.08507887,-2.2538338,0.20001134,-0.30594018,-0.32024753,-2.350299,-1.6714149,1.9664563
6.1653447,-0.7076907,-1.7706139,-1.1227963,-2.239484,-2.2885354,1.7583469,0.48481917,-2.7810402,2.5809836
5.685053,-0.22482792,-0.30930611,-1.6701717,-1.9649473,-1.6788998,1.2701008,-0.8878732,-2.2406342,2.0942087
6.767529,-0.19515878,-0.7463052,-1.1294388,-1.693007,-1.7970349,0.5877543,-0.6059238,-3.4875624,2.3445165
4.0364013,0.018963784,-2.133007,-0.79234004,-0.94767445,-1.5805272,0.99787605,-0.3757482,-2.1272764,2.9292297
6.4245324,0.45566702,-1.3478472,-1.4560835,-2.0142498,-1.0104347,0.1904048,-0.80626994,-1.8860695,1.5151093
4.772362,-0.068012916,-0.28338078,-2.3158274,-1.4386607,-0.1520882,0.31165218,-0.6006384,-2.329927,2.1890006
5.271302,-0.3835306,-0.7622721,-0.4915145,-1.0213937,-1.2589861,-0.2246925,-0.68561614,-3.3272295,2.928276
0.63239515,1.1710904,-2.079025,0.45996028,-0.18236968,-1.2324048,-0.35777426,-1.2672981,-2.9143806,5.849345
5.3995957,-0.44339833,-1.0247676,-1.3112103,-1.1475402,-0.706622,-0.25250277,-0.7810118,-3.3103166,3.6387672
5.9910026,0.2009877,-0.96426445,-2.1353624,-1.4581037,-1.2597599,0.8262602,-0.1802144,-3.2240071,2.2853494
4.8093214,-0.47916448,0.21393618,-0.6160277,-1.3182813,-0.6680341,-0.72088134,-1.008118,-3.2186859,3.0474632
4.3536983,-0.35974494,-1.8119693,-2.3248982,-1.1297753,-1.2142292,2.3782258,0.12364035,-2.2870035,2.3568902
2.7267866,-0.80643964,-1.4280992,-1.430378,-0.44687757,-0.0202007,0.29355687,-0.62602687,-2.3600912,4.1210165
4.9492707,1.5689542,-1.0112364,-1.1192385,-1.1832721,-1.0635374,-0.9430703,-0.9408606,-1.5771434,1.3847941
4.684745,-0.69306993,-0.629413,-0.5268339,-0.28293887,-1.3887261,0.5855809,-0.3615763,-2.8814569,1.4989069
5.218935,0.57183623,-0.61195683,-1.7101228,-1.2951945,-1.7309908,0.29636765,-0.28267613,-2.0289867,1.6490153
5.0230927,-0.17548817,-1.2277355,-1.2385535,-1.228288,-0.7178297,-0.016071558,-0.7125488,-2.0507379,2.437395
4.7147684,-1.0541174,-0.97234154,-0.5048414,-1.1531848,-1.4150648,0.9120208,-0.50001496,-3.1790724,3.1992114
-1.2719452,1.9603624,-1.267083,0.6989156,0.5239168,-1.8444706,-0.7201445,-2.085201,-1.5052917,5.6424108
-0.069498785,0.20277953,-1.2650818,0.2702058,0.08354802,-2.397836,1.555414,-0.5635093,-1.1229478,3.4203525
-2.2761402,-0.27341187,0.061658822,1.3723379,2.3388197,-0.5154904,-0.6586125,-0.57445955,-0.8809588,1.3464295
-1.0862023,1.5454558,-0.49310097,1.3902543,1.5250591,-1.8630673,-0.2480197,-1.9752007,-1.0054964,2.3024042
-0.28108585,0.8164862,-0.54695266,0.91443557,1.7604526,-1.0360419,-1.4526983,-1.7615215,-1.4212162,3.0118914
-0.4537325,-0.11936409,0.2088262,1.2830408,-0.45195362,-1.4445826,0.10997018,-0.8047413,-1.7219644,3.4349408
-1.5098299,-0.0074369684,-0.6998584,1.5707388,0.4484808,-0.43144354,-1.6533277,0.113060586,-1.975089,4.1832623
1.0386763,-0.80220556,-0.5824056,-0.084057264,0.080066435,-1.2826194,-0.73819625,-0.18864268,-2.8807094,5.5241313
-0.22420013,0.88524956,-0.87903094,0.8485105,1.6136638,-1.9274639,-0.84607375,-1.5589265,-1.347501,3.510145
-4.0406384,-0.74729896,-0.49051735,3.2525754,2.6999962,-0.4030672,-1.8035086,-0.045351513,-0.30907732,1.8143145
-1.8232521,0.18204448,-0.65958416,1.3701296,-0.04682765,-1.7207015,-0.0033658743,-0.5214772,-1.4402078,4.7593513
-0.046561845,1.286854,-1.6109445,0.07222576,0.49946144,-2.3603868,0.76088613,-2.0504706,-2.4256244,5.964377
-1.8354814,-0.63169926,0.3708103,3.6868258,0.3038012,-1.1072804,-0.9386651,0.13214129,-1.1414111,1.169722
0.6971717,0.69405997,-1.2686387,-0.45531094,0.7858115,-1.1112794,0.35697746,-1.760471,-2.5206234,4.6856704
-1.1709983,0.55290186,-0.330806,0.6267482,1.136946,-0.8753958,-0.76606107,-1.4822805,-1.1685185,3.5134187
-0.8965119,0.61486685,-1.1386973,-0.1108342,2.4008036,-1.091986,-0.031425074,-2.085146,-1.1772566,3.542427
-1.0000051,-0.2628433,-0.6327139,1.3008113,0.12372904,-0.4226686,-0.64216816,-0.013444878,-1.4270511,2.9840045
-2.672543,-1.3811947,0.7991387,3.7964947,0.8999269,-1.1980445,-1.4642419,0.5237503,-0.17487915,0.8405764
-0.59244806,1.7570217,-1.1007669,-0.096233666,1.9889473,-2.290539,0.80257595,-1.9545462,-0.23679557,1.790646
-1.1816233,1.595601,-2.8279145,1.5834392,2.7201977,-2.5325189,-0.25226012,-1.0295795,-1.2248157,3.150641
-1.578147,0.16443193,-1.9837935,-0.3896953,3.3661115,-0.024958938,0.7578348,-1.0107238,-1.315357,2.0011353
-3.31181,-1.0704328,-0.17580959,5.1134067,1.7145672,-1.6397247,-2.0855637,0.9407855,-0.9883687,1.4501164
-1.1318346,-0.2668717,-1.3049881,1.7861576,2.3520954,-0.94271815,-0.67350084,-0.609761,-1.9533011,2.6999211
-0.50547826,1.9847708,-1.6767046,-0.33530065,2.2971098,-2.0981317,0.7439372,-2.6092377,-2.0740304,4.3525815
-1.6632632,0.6767509,-1.182364,0.698187,3.2744753,-1.4256339,-0.46159238,-1.8350828,-0.9796058,2.926031
-2.5196364,-2.7111726,2.6570213,0.7284142,-1.5299193,-2.747187,2.028079,3.1620083,2.1624799,-1.1223848
-2.1638055,1.4040132,-2.297231,-0.6232374,4.7590647,-0.8501961,2.0335135,-1.005889,0.31331277,-1.5728563
-3.7206695,-2.5362232,0.6912161,4.318997,0.42877135,-1.3119316,-0.21842434,3.226035,0.29534435,-1.1673344
-3.5560253,-0.11188043,0.68066347,6.809447,-0.42850688,-2.1684902,-2.0030699,1.5647118,-0.67957056,-0.10898335
-3.515521,-2.34659,0.17127767,3.3520033,0.8263407,-1.4688683,1.0405155,3.5548377,-0.08108272,-1.5680751
-1.4916147,-0.6226386,-0.7954598,0.5540181,0.00040804595,-2.2915428,3.0465798,0.63216245,-0.2341003,1.2421541
-0.7388406,0.84834963,-1.6558833,0.18282697,-0.48689768,-1.399273,-0.10626766,-0.6120147,-1.0718946,5.1635365
-2.7132363,-1.3216048,-0.76849866,3.7928505,-1.1361405,-0.9871565,-0.3117724,3.2390518,0.111458555,0.09210865
-1.8929482,-3.046277,4.0889807,0.15294892,-0.21740824,-1.6942542,0.6679573,1.022884,1.7529495,-0.7883807
-1.4254357,-2.177757,-1.4302621,1.3790709,-0.57835335,-0.84050834,1.7019762,4.574761,-0.84132946,-0.37033814
-1.1767347,-1.6399937,-0.30199102,-0.25446692,-0.49961653,-1.4849561,2.048472,3.201519,-0.44537604,0.5920143
0.66906583,-1.1605886,-1.0547523,-1.6110595,-0.16996506,-2.5396633,5.670866,1.1265365,-0.9267891,0.06689115
-0.25375503,-0.5619325,-2.2147057,-0.42979336,-0.046086162,-2.4750402,1.7748629,2.8774352,0.143838,1.2396911
0.43906888,-2.2521672,-0.47922796,0.77332026,-1.3305026,-1.7995071,1.4506246,4.1732845,-0.11507784,-0.8647383
-2.750388,-1.8974955,-0.44888258,2.6848948,-0.52889615,-2.562799,1.4739066,3.3518598,1.0231084,-0.3260308
-1.9210018,-0.2877295,-1.1084826,4.194773,-0.84434736,-0.86773384,-0.9060812,1.6829627,-0.70312685,0.7815219
-1.6447071,-0.25275892,0.26372567,3.5014288,-0.598785,-1.3086319,-0.2952537,1.1260456,-0.48162907,-0.30410188
0.8346853,-1.7116336,-1.0732876,-0.41388804,-1.1891433,-1.6140956,4.7627444,2.080597,-0.43243814,-1.2021939
1.4556231,-0.24126643,-1.1440392,-1.7586585,0.4328784,-1.4580814,2.6217508,-0.31744498,-1.2205435,1.7169825
-0.42312413,-0.64185554,-1.72998,0.035547026,-0.46103922,-2.9164608,2.8302245,2.1297252,0.012828365,1.2519726
0.43922782,-1.8118643,-0.14039415,-0.21257901,-1.8099908,-2.02821,3.5996647,2.3167255,-1.2009438,0.9079991
-0.5287889,-1.2438052,-0.14644435,0.66133916,-1.2859353,-1.0261525,0.45378685,2.5949135,-0.9758154,1.5264063
-1.9167458,-3.9209285,-0.4457617,0.6827884,-0.46449688,0.048262566,1.870416,4.997505,-0.37891078,-0.478397
-1.3349867,-3.3494048,-1.4754579,1.7095892,-0.61886805,-0.15358868,-0.29201245,4.744741,-1.3955106,2.151221
0.09976133,-0.8761786,-1.358694,-0.75764894,-1.0214822,-2.005171,2.0032487,1.3703251,-1.6392045,4.283667
