1.3785528,5.806567,-2.902091,-2.487275,0.0034607798,-0.62770575,0.58885384,-2.925299,0.86667866,0.40353948
1.8251305,5.1584187,-3.5070388,-1.5441723,1.3247371,-1.2014889,-0.8915521,-2.7305486,-0.28510362,1.8208988
2.0305927,3.805445,-1.0806998,-2.070256,-0.74234366,-0.66457874,0.35446274,-2.2327242,1.5086918,-0.7424231
3.0980666,3.0319178,-2.4144542,-2.848572,-0.16388379,-0.24955636,0.47025383,-1.2509085,-0.11883416,0.5112214
0.73208773,5.8585825,-2.356256,-2.0743992,1.1083987,-1.8541306,0.25276124,-2.7833858,1.1565418,0.049108908
1.6540368,6.1685424,-3.6022477,-3.0896225,0.564827,0.16170585,0.12018339,-3.941084,1.2241027,0.52310604
2.1710095,5.2841034,-2.475983,-3.239795,-0.2683829,-0.45208687,1.3095889,-3.1183822,1.3754029,-0.56578743
3.5313723,2.839701,-0.7594555,-3.2412035,-2.1574655,-0.3228066,1.2454752,-1.2493541,1.1805878,-1.0613487
1.5820385,5.679512,-3.1196442,-2.6382933,0.6534037,-0.29715002,0.2531113,-2.9427006,-0.070661984,0.8551237
1.4103246,5.3500185,-3.3523731,-1.8987505,1.520743,-2.4154234,0.8055368,-2.567338,0.13475564,0.9522326
2.0183012,3.2925222,-1.0575134,-2.3352559,-0.39419532,-1.1913239,1.918038,-1.4013375,1.5821581,-2.3462965
0.9021338,5.9840646,-3.9754415,-2.7833803,2.3673544,-1.2532877,0.26071566,-3.0028965,0.71301156,0.81278455
1.9535662,3.1974509,-1.0677476,-2.3787467,-0.95219743,-0.7943268,1.384537,-1.521317,1.5465536,-1.3489105
1.7493814,5.501785,-3.9765644,-2.7422752,1.4400393,-0.89399016,0.16585754,-2.8098202,0.52274555,1.1078855
0.23718531,6.2977095,-3.0031948,-1.9454637,1.9027374,0.06624198,-0.7354278,-4.036739,1.2238106,-0.10809995
1.0060467,5.631857,-2.4761822,-2.4241297,0.59963715,-0.61333853,0.27403593,-3.1673598,0.77370673,0.57653916
0.9124801,6.3801904,-2.4569938,-2.6291988,1.070472,-1.0825223,0.21130545,-3.4266987,0.8072062,0.22913702
2.0687454,5.948679,-2.5894337,-2.9923868,0.2542808,-0.68016875,0.17463468,-3.0792632,0.027300455,0.85739595
1.2099739,5.9912195,-2.3119345,-2.7836337,0.53290325,-0.7580974,0.73405266,-3.2480865,0.82679325,-0.1835703
1.1775508,6.1650953,-2.111135,-3.1508076,0.48936534,-0.8089026,0.4059732,-3.2892976,0.6251479,0.4797402
-0.59189993,-1.9200869,3.7712295,1.6320208,-3.4965155,0.49586004,-0.11076765,0.48649323,2.685802,-2.5792365
1.2410967,-1.0640944,0.1617739,0.06469351,-1.4975605,-1.0895468,0.9293803,1.5766436,-0.6221742,0.48284513
-3.4954004,-3.050868,2.2528243,4.242136,-0.69780505,-0.67911303,1.0068108,2.0404003,2.0881653,-3.131148
0.6327813,-0.93645465,-0.25424385,0.24295609,-0.93599993,-1.4491477,1.7761767,1.9028949,-0.8322045,0.16558771
0.28786495,-0.46602708,0.8449176,0.067668766,-0.5564618,-3.2826986,3.761763,1.6276252,0.44480982,-2.3413603
-0.30357996,-1.4568754,1.4027485,1.0351148,-1.5343165,-0.9740472,1.1760387,0.7880335,1.3776805,-1.2440636
-0.3927014,-1.5950456,2.4296975,1.1506687,-2.72454,-1.8277205,2.3058147,1.8831036,1.9462287,-2.6981382
-0.29052547,-1.5444508,0.54804355,0.721792,-0.46226704,-1.6341418,2.6973963,2.006552,-0.12630692,-1.65708
0.7307331,-0.69799626,0.019783631,0.5475055,-1.2091147,-0.6987413,0.23847224,1.000515,-0.58847517,0.8216267
-1.1695973,-1.9312062,-0.55381006,2.2979918,0.07686813,-0.5221444,-1.3411736,1.7883751,-1.099513,2.6572123
1.2101862,0.8107406,-0.6100495,-0.60540986,-1.294868,-1.8126723,1.9297446,0.7515201,0.662836,-0.8412549
-0.017223433,1.1446846,-0.478733,0.5031431,-0.49800694,0.14144965,-1.0229778,-0.68019605,-0.1418355,1.2840295
-2.3934681,-3.1862652,1.3456074,3.7279928,-0.17928274,-1.0000858,-0.1432759,2.4019465,0.14693198,-0.35193855
-2.1209872,-1.8439876,2.4331555,2.0244522,-0.40895367,-1.0046495,1.4601122,0.97928387,1.6184858,-2.7981462
-1.9284569,-0.923108,3.605368,2.429406,-1.9618702,-1.423381,0.21999909,0.12309952,3.369421,-3.0005524
-0.08511664,-1.6704763,3.9755812,1.0435307,-4.3520794,0.80596185,-0.5141494,0.47496676,1.9139615,-1.2299588
0.19503735,-0.81654704,3.9738755,0.61609626,-3.471209,0.8013302,-1.0108374,-0.6871072,2.4881883,-1.81903
-0.9274784,-0.8947668,1.0411971,1.6591308,-0.88729656,-0.8490468,0.3844145,0.44271106,0.9301149,-0.61555535
-0.5412031,-1.3294576,2.0848773,2.0373976,-1.9228158,-0.42043567,-0.5004649,0.806775,0.8738552,-0.696099
-1.0323174,-0.8762268,4.0079956,1.3838844,-3.8119905,1.9367304,-1.1888331,-0.44751704,2.5771036,-2.1394293
0.07283948,-2.2872105,0.1446502,1.3610127,-1.6052053,-1.7797714,1.8768348,3.20469,-0.61783713,-0.009092376
-1.064492,-2.4961286,-0.36274856,3.023035,-0.49757195,-0.8334353,-0.6748151,2.2189665,-1.333796,2.36371
-0.37762207,-2.0422993,0.12464011,0.7422208,-0.4417519,-1.7476939,2.5191255,2.9787457,-0.80125445,-0.7273546
1.1360495,-0.558162,-0.38122785,-0.40950152,-0.96669924,-1.5774637,1.6430781,1.9772545,-0.31343892,-0.28408056
-1.1755748,-2.6664238,0.14235549,2.7370818,-0.19210242,-1.271406,0.57314765,3.1456735,-0.73003167,-0.18126895
-3.1267612,-3.192043,1.6987185,5.075524,-0.43406105,-1.3276907,-0.80408514,2.5814512,-0.04894734,0.116377875
0.14630972,-2.4312663,-0.5115275,1.0236843,-1.1564385,-1.6589171,1.9229578,3.780404,-1.2189238,0.4153651
-0.65496033,-2.4382536,0.34574604,1.7689139,-0.7828031,-2.0005512,1.7322226,3.6620398,-1.0778129,-0.08720343
-1.9327536,-2.2068698,0.89183056,3.975691,-0.89678586,-0.96870565,-0.89979684,2.3794894,-0.13836804,0.36699045
-0.35856915,-2.8442314,-0.2157584,1.8043027,-0.33797455,-1.3531842,1.3267772,3.6122139,-1.4739778,0.2454968
0.19181967,-2.1615849,0.710416,0.9594629,-1.9016017,-1.3850613,1.8533505,2.7760015,-0.1805664,-0.52806526
-1.3534893,-1.7871857,0.23231776,2.7289886,-0.8420828,0.5403749,-0.91550344,2.0869155,-0.7385048,0.30770427
2.4350023,-0.84009075,-0.5401169,-0.8204179,-1.987822,-0.21598554,0.97212064,1.6867195,-1.3172542,0.911839
0.07408546,-1.6947707,-0.1475843,1.1009957,-0.8103663,-1.1740671,1.226561,2.2385635,-0.5902001,0.024244472
0.86298764,-0.8371713,-0.23865215,0.04518296,-1.7995452,-1.0028222,0.7361884,1.8570727,-0.40262368,0.98189646
-0.7846115,-1.259026,0.3406823,1.6204997,-1.1401151,-1.2267517,0.80658203,1.9699951,0.3242286,-0.25852114
0.54592097,-3.2920716,0.718204,1.8064462,-1.8005048,-1.0315143,1.2437251,3.6010776,-0.81498075,-0.51191384
1.3854806,-1.7030861,-0.8363196,-0.028542131,-1.5655174,-0.87691534,0.6144013,2.4839215,-1.5092385,2.2865732
0.4250531,-2.3252528,-0.124604285,1.1486233,-1.7521157,-0.5516191,0.3103242,2.8714876,-1.8186094,2.1334097
-0.27962354,-2.3451622,0.10776846,1.5355107,-0.6743137,-0.80850136,0.5899297,2.7136047,-0.29612073,-0.41404605
-0.27176797,1.8696268,-0.7606121,-0.58103025,0.045599177,-2.1742935,1.5615965,-0.21410133,0.4747515,0.26934355
1.1587015,1.870898,-2.3152528,-1.2996943,0.4971174,1.0398247,-1.6551238,-1.3004227,-1.0999091,3.1104348
1.0865877,2.9350145,-2.866577,-1.8679016,0.28154564,1.1339642,-1.6085576,-1.8840331,-1.6231076,4.2810864
2.2687283,1.5194557,-2.2992258,-1.4191309,-0.9742235,1.1992521,-2.2200158,-1.2216347,-2.35506,5.425513
1.937342,1.1558571,-2.3008118,-1.0264062,-1.2483329,0.57670647,-1.3849674,-0.45799702,-2.1189194,4.8487916
1.2036217,1.3772861,-2.3011174,-1.251811,0.13378896,-0.3101998,-0.3774559,-0.44190007,-1.586147,3.543736
2.5108345,0.9819181,-2.0835986,-1.2649498,-1.9161943,0.92501587,-1.8846245,-0.60197014,-1.8025002,5.034448
1.5556934,2.9035,-2.4995828,-2.0872507,-0.24330352,0.73079103,-1.6360742,-1.896801,-1.0061111,4.0762534
1.2308477,3.3876789,-2.9356575,-1.3361443,0.20004322,0.06545448,-1.2916164,-1.8411784,-0.81868887,3.4527667
0.9331448,3.3726227,-2.2235317,-1.7038589,0.08186193,-0.8346354,0.353774,-1.3913913,-0.7978366,2.267512
0.89873224,0.2612513,-1.8723146,0.18135956,-0.33349812,-0.7143502,-1.5430766,0.35818243,-2.2020962,5.0290008
2.136569,1.3242426,-2.0789948,-1.6581665,-0.6136712,0.73345315,-0.6257371,-0.9934347,-1.8582451,3.5882275
2.680607,1.9025922,-2.1446233,-2.1121588,-1.4613295,0.89409137,-1.549501,-1.1218511,-1.9912694,4.799751
1.9063537,0.9528111,-1.0346853,-1.3448958,-1.7992146,1.2120441,-1.2218351,-0.51450527,-1.6411839,3.4941885
2.2398887,-0.08190708,-2.2127132,-0.97456455,-1.3272909,0.684867,-1.1815853,0.40758914,-2.284639,4.7294536
2.2450287,1.421411,-1.5918236,-2.1958313,-1.6149936,1.0667298,-0.28004318,-0.7302715,-1.6166198,3.1941109
1.4814664,0.23669907,-2.167697,-0.03352797,-0.3592745,0.6796004,-1.8941693,-0.31861478,-1.7827817,4.144418
3.0952728,-0.72457314,-0.6681687,-1.200361,-2.682647,-0.23312646,-0.08873765,1.2369577,-1.6921115,3.127455
3.2526314,0.6427444,-1.003231,-1.4459853,-1.9787186,-0.23370624,0.27185732,-0.020443663,-0.8541074,1.5078708
1.1764987,2.6835878,-2.5435865,-1.9041502,-0.07603441,1.5161082,-1.4462827,-2.0253203,-1.3960392,3.8763812
4.9624486,-0.9727174,-1.522201,-2.201216,-2.8076117,0.25521916,0.5697299,1.5083996,-2.0809765,2.4207873
3.9669359,0.39021876,-1.1279558,-1.5986675,-2.6108236,0.27968994,-0.7558416,-0.5223568,-1.691143,3.65472
2.388336,3.6180694,-3.1533275,-2.2210386,0.1393524,-0.4528724,-0.0012016743,-1.8097947,-0.94335705,2.5012538
1.9114612,1.2748727,-1.748456,-1.6105804,-1.4122227,0.2582165,0.32535636,-0.1952207,-1.522087,2.7617462
2.3922246,2.2507281,-2.555399,-1.7685502,-0.21820013,0.0053654313,-0.49257404,-1.4309901,-1.1961458,3.0179176
3.2876241,0.0497126,-1.1282833,-0.6349863,-1.7818918,0.19018745,-1.2702361,-0.04068078,-1.3277758,2.7570243
2.2327263,2.8191767,-1.8912045,-1.6606159,-0.4820767,-1.5704618,0.35003698,-0.95858926,-0.47427332,1.7743478
4.0016594,-0.3860461,-0.6681416,-1.5962876,-3.365112,0.13243943,0.39343905,0.93404204,-1.0007995,1.6277568
3.4002078,-1.1064141,-0.24600802,-1.4371353,-3.3534248,-0.62231386,1.5675884,2.125104,-0.621605,0.5668631
1.6539379,3.6823492,-2.670623,-1.3487372,0.28589702,0.01634118,-1.5495204,-2.6614568,-0.81687105,3.3753083
3.1679106,0.17603236,-1.1453658,-1.6158032,-1.6421878,-0.13172564,-0.0025045723,0.2305728,-1.3601964,2.3936024
4.201854,-0.7593765,-0.6384508,-1.347609,-3.0004392,0.5942787,0.12721498,0.6391875,-1.1706097,1.4830043
0.61723727,4.444646,-2.2685444,-2.3571332,1.292037,-1.1748037,0.38405633,-2.345953,0.7613844,0.58008075
3.2443626,0.58285034,-1.5185946,-2.110898,-2.1976364,0.37529022,0.027208284,0.16753529,-0.7984818,2.2708433
2.2519743,1.6598574,-1.4595728,-0.96111834,-1.3302568,0.3945835,-0.93700635,-1.0725427,-1.023939,2.5314105
3.3769119,-1.1188883,-1.4417192,-1.3878592,-1.9999132,0.030789375,0.15535052,1.3993886,-1.2383053,2.3604858
4.2628293,-2.2654126,-1.1984262,-1.560529,-3.5184631,0.37552157,1.2000118,2.4938362,-1.593158,1.9107746
3.5006416,0.27223524,-0.8657091,-1.4095215,-2.65533,-0.29532784,0.6742021,0.68513465,-0.43977353,0.68814117
3.1305687,-1.651895,-0.54285616,-1.6056013,-2.5215664,0.938095,0.6888708,1.2575437,-0.98860854,1.3887541
3.9516747,-0.53288865,-1.1757132,-2.498173,-3.2891674,1.0165915,0.92196083,1.0570515,-0.97993964,1.5718976
0.0142691275,1.4524996,-0.9385596,-0.715073,-0.11843079,-2.3487973,2.987421,0.92676455,1.4981284,-2.3949683
-0.5682396,-0.9028454,0.5056595,0.83703864,-0.9466729,-1.5398751,2.706315,1.5994426,0.49351415,-1.780364
0.5468338,-0.64416957,0.50603914,0.17510709,-1.1365162,-1.8110739,2.6268663,1.6984892,0.46156862,-1.9797093
-0.24227393,0.65116477,-0.39068228,-0.61626005,-0.47754163,-1.978959,3.1111648,1.4259701,0.34397608,-1.5583743
2.0125234,-1.3123667,-1.1602505,-0.6653559,-1.6160071,-0.51938736,1.3067915,2.6360211,-1.8917494,1.3852103
0.5628246,1.0222685,-0.7603757,-0.23274294,-0.100098655,-1.9476796,2.366075,0.57174903,0.9035321,-2.045629
0.97465426,0.6546799,-0.584175,-1.0742191,-1.0405434,-2.8655972,3.8427243,2.0417447,0.43515757,-2.0017164
1.0571772,-0.48381495,-0.7419983,0.4224035,-1.2624731,-0.72545147,-0.0062810034,1.233481,-0.8795815,1.664164
-0.39158848,0.8134924,-0.7498949,0.31653368,0.39197916,-1.9608904,1.908862,0.62550044,0.1582636,-0.8232434
1.4308982,0.8826847,-1.267482,-0.88184345,-0.67620003,-1.2313118,0.30356747,0.3259068,-0.635759,1.7698244
1.584206,-0.19632804,-0.7061813,-0.80528164,-1.5278409,-0.95955,1.4823352,1.419095,-0.89361197,0.79069865
-0.042599067,-1.0223588,-0.82352895,0.21829006,-0.32651806,-2.125279,2.877068,2.2447705,-0.7235549,0.04044132
2.2056193,1.58362,-1.061363,-2.390875,-1.2871481,0.36235762,0.88287723,-0.5833347,-0.29862,0.62409955
1.323267,-0.506137,-1.239261,-0.5729414,-1.1126862,-2.3489618,3.2786198,2.261825,-0.5909155,-0.2244577
1.1688339,0.2456617,0.2873209,-1.3167784,-1.1450899,-1.9977914,3.5468163,1.2446913,1.0473653,-2.8736603
3.1111991,2.7396095,-2.35412,-2.5581477,-2.000838,0.31534356,0.34560305,-1.1096277,-0.19282776,1.6633927
2.9691126,0.8724556,-2.0591152,-1.2433583,-1.3108208,-1.0193602,0.6607276,0.4756881,-1.3077196,2.088633
0.47429505,0.49040374,-0.35251242,-0.46261796,-1.070581,-3.076324,3.8908067,1.7964323,0.5525989,-1.7895482
2.093834,-0.9006754,-1.5993447,-0.28781655,-0.95094407,-1.575699,1.0528356,2.0110517,-1.3700529,1.6294503
2.129576,1.9785345,-1.7466286,-2.03747,-1.0745158,-0.29661423,0.6655504,-0.42692178,-0.6185152,1.5938954
1.049165,-0.24755684,0.50842917,-1.9657056,-2.8819911,6.4855957,-3.140658,-1.6072218,-0.8881666,2.4464996
1.1080353,-0.2730796,0.4689256,-0.8329308,-2.4507813,6.508666,-3.0935657,-2.5475638,-0.9973721,1.9615614
1.0703405,-0.31346563,-0.013687715,-1.0185838,-2.2958043,5.710444,-3.3914547,-1.7829759,-0.7395106,2.6127083
1.4643294,-1.0592325,-0.06494789,-0.46026078,-2.7863278,6.0851316,-3.864713,-1.6029598,-1.2451129,3.3271406
0.7021169,0.5929998,-0.5539592,-1.1366088,-2.023465,5.9380884,-3.3970237,-2.2937825,-0.7857264,2.8239176
0.8668486,0.11258885,0.1658174,-1.2185047,-2.4835312,5.579667,-2.9321733,-2.0663733,-0.18236145,2.0721738
0.4327912,0.6467761,0.6614228,-1.1581914,-2.318631,5.6855307,-3.3948781,-2.5971222,-0.33578736,2.2333176
1.421549,-1.440425,1.543253,-0.7453444,-3.7959142,5.693735,-2.7611728,-1.2974703,-0.41560397,1.6970128
1.4017035,-1.4472032,0.7574369,-1.2017655,-3.304694,7.09435,-3.1605403,-1.1649969,-0.74622005,1.6783426
2.0246296,-0.98892033,0.37976706,-1.4357497,-3.6533458,6.9089212,-3.5324512,-1.6870697,-1.2157087,2.9869657
-0.7275955,0.9316858,-0.73691684,-0.6378931,0.33069128,3.7434115,-1.7364105,-1.7229522,0.06586314,0.45657933
1.2063147,-0.8191192,0.41220206,-1.0965223,-3.0670137,6.412437,-3.543314,-1.6733466,-1.0700513,3.1346822
0.96718544,-0.35518765,1.2944362,-1.0768658,-3.4569156,5.08272,-2.5598786,-1.5144807,0.29895714,1.287503
0.56759584,-0.5063623,-0.0701084,-0.51652586,-2.4067342,5.2189155,-3.116178,-1.3062955,-0.8509013,2.9937727
1.5011555,-0.2541042,1.0219378,-1.9556477,-3.0958655,5.662488,-2.4033372,-1.9021016,0.2432481,0.9392
1.4794738,-0.42298713,1.0784256,-1.5084037,-3.3751686,6.3589983,-3.2729983,-1.813802,-0.6926722,1.9977183
1.4614381,-0.37742043,0.5718072,-1.1674626,-2.4267006,5.1155467,-1.6469634,-1.4359368,-0.6150954,0.3884461
0.35898134,-0.0990608,-0.040145934,-1.3334489,-1.9207034,6.29858,-2.1480658,-2.1776586,-0.5107641,1.317247
1.0497838,-0.65949976,0.90978485,-1.7079549,-3.1314225,8.001784,-3.6770592,-2.4400067,-0.45178798,1.9640164
0.0225095,-1.9566616,1.8835733,-0.5425725,-2.964823,6.9364347,-3.1774526,-1.3569313,0.41720513,0.64724547
-0.2741824,-3.1712716,0.9655404,2.7217839,-1.7061534,-2.1254683,1.4262295,3.3373017,-0.73854333,-0.005091876
-1.725296,-1.8934093,-0.99301904,2.1983366,1.1592901,-0.36958885,-1.1349403,1.7532314,-1.2496669,2.4606586
-2.6960096,-1.9327545,-0.9642131,3.858893,1.5302852,-0.12702972,-1.8516961,1.6273397,-1.0853659,2.0064487
-1.8395689,-2.4178104,-0.023347378,2.8478172,-0.4139157,-0.519456,0.15206881,2.8422372,-0.16061583,0.030520603
-0.1170878,5.436343,-2.7555695,-1.8713808,1.3911452,1.3539224,-1.6475025,-3.7914298,0.45125648,1.4777685
-2.086859,-1.9485319,0.41827303,4.452061,-0.6175646,-0.51121783,-2.1821525,1.4530829,-0.23885122,1.6235486
-1.2725128,1.7578464,-0.885679,1.4795389,-0.033162102,0.24239622,-3.049645,-1.6332074,0.039630182,3.5163
-2.4783356,-0.50738525,-1.3536541,2.922428,0.65674305,-0.022376299,-2.0949037,1.0922064,-0.8834189,2.9230654
-0.43150166,3.761453,-2.3093758,-0.17897525,1.088659,0.024131685,-2.1952474,-2.53131,0.37071252,2.411113
-2.5786986,-2.4185812,0.112863675,4.111973,1.3280106,-0.74794066,-1.6045676,1.9407779,-1.6080767,1.7885697
-1.7947712,-1.3821065,-1.1864152,2.976125,1.0112853,-0.98727655,-1.1293757,1.7564138,-0.8183564,1.8243601
2.179049,0.046804577,-0.24501373,-0.2731401,-2.2628138,-0.43447602,0.4784668,0.44755536,-0.009693004,0.29643977
-1.5583212,-2.8034458,0.495979,4.226927,-0.24868253,-1.1320838,-1.055965,2.20042,-0.6302546,0.949133
-2.2367096,-1.8761245,1.6726516,4.1636515,-0.20379381,-2.0014853,-0.23698281,1.6695762,0.5294079,-1.0704544
3.2893176,-1.0692989,-1.4703449,-1.2026829,-2.143536,-0.51895726,0.5470154,1.6152468,-1.5104222,2.4739418
-1.4284618,-2.5392148,1.010826,3.926669,-0.3449955,-2.0631704,-0.5551322,2.244512,-1.0079073,1.1923304
1.7430615,-1.2213105,-0.2583766,0.76875675,-2.3441415,-1.2618524,0.12895001,2.0203001,-0.9097107,1.6736233
-2.0638258,-2.844066,1.0034428,4.484818,-0.5440484,-0.3578022,-1.6826209,1.8844965,-0.32322434,0.83491373
-3.1317372,-2.874112,-0.26307392,4.744625,1.0300871,0.0337601,-1.9890115,2.49425,-1.8761588,2.3438685
-2.4388595,-2.7196887,0.17880286,4.259635,0.63749343,-0.88643026,-1.343115,2.1544232,-1.5134184,2.0355656
-0.236643,-2.3953545,0.20560552,1.3287126,-1.1124519,-2.181746,2.4493313,3.5628748,-0.75317895,-0.4552222
-2.7867742,-2.71778,-0.74026066,4.2429895,1.2284614,-0.73995554,-1.2928612,2.0995293,-1.9842358,3.0188787
-2.152806,-3.1422842,0.45511252,4.177202,-0.0888084,-0.4765314,-1.436499,2.3687086,-1.061866,1.7146512
-1.2206281,3.115742,0.90955216,0.5206467,-0.85684913,-0.37519062,-0.7741137,-2.5371535,2.7810366,-1.2741854
0.19066028,0.5402229,-1.4350663,1.2645,-0.025255427,-1.29479,-1.4733006,0.46068197,-1.75015,3.7689831
-2.8554235,-0.06570703,-2.0061977,2.4449055,3.0861835,-1.8835694,0.89187324,0.91244894,0.109510235,-0.33669072
2.0447855,-2.2229116,0.00487715,0.60603136,-2.913757,0.37784442,-0.43342978,2.0998304,-1.6709918,2.2784398
0.66143304,0.3088294,0.18492223,0.685287,-1.3367428,-0.37434334,-0.50332093,-0.29350913,0.32450992,0.60172015
1.7510526,0.15701893,-1.0045588,0.036003053,-1.5969213,-1.0552943,-0.7370998,0.9308954,-1.161121,2.8696086
-0.0775454,-1.2831444,-0.07033993,0.67443156,-0.6312438,-1.8535122,2.7243156,2.223661,-0.15344006,-1.2139537
0.6409135,-0.9779415,-1.5688118,0.49550512,-0.380426,-0.64538896,-0.8520793,1.4824134,-1.7526169,3.7016933
-0.9388606,-0.152053,-1.9712349,1.536439,1.540459,-1.2919309,-1.1425021,0.6893936,-2.0926986,4.0016875
-0.10220422,-1.9740552,0.13809507,1.8574998,-0.103489876,-1.6823059,-0.0016698092,1.8238385,-0.96071225,1.289312
-0.06570585,0.68053234,-1.5805974,1.0631039,-0.022996768,0.119359046,-1.970101,-0.7508748,-1.4373901,4.0545077
0.79088634,-2.5701618,0.39288914,1.1780479,-1.9473968,-2.1092305,2.1504416,3.3828254,0.07131744,-0.925657
0.61446995,-1.4219053,0.9664958,0.8010453,-1.363263,-2.714849,3.5391636,2.4064667,0.97471243,-3.3097136
0.26234803,-1.4786425,0.73587555,0.5570612,-1.6214249,-1.4565728,2.02815,1.6881205,0.5496779,-0.9351692
-0.42767745,-1.829304,1.2698091,1.4798759,-1.4197979,-1.7331549,2.0702708,2.047059,0.60293096,-1.6924433
-2.5525424,-2.3761332,0.15421757,3.7497818,0.21949561,-0.116861045,-1.4835864,2.1509888,-0.9556346,1.5836637
-2.2563183,-3.1262827,1.2600887,3.8579555,-0.5388804,-0.8202115,-0.07600249,2.5611234,-0.08938529,-0.4048096
-3.0449739,1.0949819,-3.3486567,1.355943,5.5859756,-0.84883964,-0.34495974,-0.44220823,-1.3015772,1.2896113
-2.1311133,2.0303922,-3.656578,1.042814,5.1515555,-1.2298751,-1.3619249,-1.331241,-0.8488265,2.1992066
-3.015478,2.1001196,-3.5939035,1.8027054,5.7776575,-2.2044048,-0.26518828,-1.0150585,-0.58899736,1.112171
-3.5205543,2.394678,-4.4852166,1.5412819,7.160282,-1.2416828,-1.3302805,-1.529548,-2.0420306,2.945552
-2.7059062,0.60564303,-3.5912693,2.2935529,5.320503,-0.7752421,-1.2636455,-0.2778057,-2.0590148,2.4530797
-3.7002096,0.8256035,-3.3754067,2.0687637,6.37774,-1.4015005,-0.58508694,-0.493999,-1.6223458,1.8926541
-4.0499616,1.0428597,-3.7059426,2.5770085,7.1330414,-1.6436003,-1.7446265,-0.6233393,-1.832546,2.822508
-3.5527558,0.6797831,-3.3800976,2.3786757,5.969457,-1.853392,-1.651007,-0.13749121,-1.8203447,3.355982
-3.394241,1.1187392,-4.0336123,2.0504115,6.631583,-1.759791,-0.63647085,-0.46769345,-1.2286544,1.6211476
-3.3182807,1.9689238,-4.110472,1.7387694,6.4453115,-1.1183437,-1.0717008,-1.1428074,-1.762973,2.350909
-3.921545,1.4965479,-3.091826,1.8532403,6.5557666,-1.2194723,-1.4968215,-1.0379547,-1.6071472,2.4929101
-3.201126,1.2279366,-3.305981,1.9357479,6.2976046,-1.7925407,-0.63888365,-0.71852666,-0.88579327,1.0610313
-3.4942443,1.093277,-2.9112887,2.319186,5.3436184,-0.9277159,-1.4964062,-0.5275829,-1.9291637,2.599402
-3.3818758,1.4037198,-4.064246,1.6604228,6.132801,-0.8190961,-0.84121233,-0.7046669,-1.2552195,1.7438767
-3.920172,1.9716778,-4.33504,1.9228915,7.062642,-1.1687063,-1.5697374,-1.3608694,-1.7611214,3.0228474
-2.9258215,1.3786789,-3.1564782,1.5987542,4.522915,-1.3492082,-0.3062147,-0.48142415,-0.58714473,1.3956356
-3.895871,1.7127819,-3.5548573,2.6651733,6.18048,-0.5444378,-1.9322419,-1.4483744,-1.4905221,2.2582877
-2.75287,1.5332353,-3.9844656,1.9206882,5.621383,-2.8181033,0.45604897,0.19883062,-1.7402992,1.7613089
-4.046663,0.9546187,-4.1858783,2.679819,6.9488993,-1.7798415,-1.7544167,-0.4982915,-2.2005434,3.8095596
-2.7197683,1.9060776,-3.6043625,0.9970505,5.1939373,-0.9348402,-0.79021204,-1.0705857,-1.2769872,2.2168422
