2.2786884,1.7498074,-1.6637275,-2.0724535,-1.2471614,0.37868518,0.42444602,0.034935653,-0.40073127,0.7301369
3.0488358,2.4596353,-2.413378,-1.6610502,-2.2293215,-0.99464166,1.6335273,0.87938046,-1.0740578,0.55279243
2.396945,0.75290525,-1.4359702,-1.6120721,-0.68760806,0.9756408,-0.24399045,-0.38794386,-0.30623215,0.66004694
1.7989627,0.43884933,-0.7486676,-1.7443823,-2.1795046,1.797193,0.3637316,0.21012682,0.18692937,-0.034603715
1.9557766,0.32844374,-1.0777091,-1.3508525,-1.3964403,1.1125021,1.0362574,0.009202614,-0.13172096,-0.25488698
4.0016494,0.096725404,-0.8257912,-3.1489236,-3.392156,2.127624,1.1047794,0.020068824,0.06006372,0.18192542
1.6300856,0.24204533,-0.87816256,-2.0265958,-1.6330602,2.9358978,-0.3711,-0.5230939,-0.057716966,0.7421429
1.6374034,-0.8371913,0.06613096,-2.2324367,-0.91606706,3.3747287,-0.027437737,-0.96203053,0.86296904,-0.95215744
2.094101,-0.23758972,-0.863815,-1.7665275,-1.485667,2.7936282,-0.38530663,-0.46763337,-0.058018953,0.6361047
1.8376805,0.9456113,-1.31684,-1.7185298,-1.180512,1.8858459,-0.24995106,-0.4444921,-0.30616534,0.64162505
2.753386,0.17625809,-1.1779927,-2.5174882,-0.98151165,1.9024903,0.5342775,-0.38688564,-0.28044993,0.18145287
0.73456776,0.14108004,-0.1936559,-1.4555615,-0.8933901,1.3955301,0.44873044,-0.0130580515,0.79274195,-0.82898843
0.47862148,0.074873164,0.33243877,-1.3698105,-0.7356221,1.4394228,-0.19260752,-0.2555799,1.4948692,-1.1728176
1.1360651,0.5055437,-0.8891229,-1.7914333,-0.04042229,3.150826,-1.299329,-1.0210651,0.5120195,-0.09362501
0.7991705,0.8621338,-1.0842811,-1.9637262,0.06573871,3.6232343,-2.0281692,-1.4172837,0.40173417,0.8515173
2.8408947,-0.03531754,-0.8038483,-1.8938621,-1.8556032,1.6976266,0.43759966,-0.2166791,-0.12807143,0.08816135
2.4378695,-0.69920546,-0.26594344,-2.486658,-1.6346979,2.3368344,0.31447557,-0.36843613,0.47882783,0.044171095
1.5099245,1.0781896,-1.1139475,-1.6580995,-0.94405156,2.6381273,-0.6327279,-0.8638083,-0.37490857,0.45332307
1.5036298,0.32306838,-0.6667205,-1.8101274,-1.509166,1.390881,0.34130752,0.18351343,0.18389176,0.1762861
1.2320706,-0.1920312,-0.1442771,-1.4972249,-1.8607085,1.449097,1.35027,0.14592016,0.45873186,-0.77113706
1.377638,0.76526815,-0.8237784,-1.804016,-0.8042324,1.6179633,-0.22768381,-0.32302454,0.5294409,-0.24298564
1.6378726,-0.044201538,-0.003990224,-2.004575,-2.2308645,1.7698628,0.45256096,-0.06871137,0.7066355,-0.022320092
2.5113115,-0.22721481,-0.832503,-2.340814,-2.416102,2.4652371,0.5708114,-0.066267684,-0.37217653,0.9263787
1.1238302,-1.1126266,0.09228762,-2.1070411,0.2983849,4.5287266,-1.679938,-1.3834465,0.41951758,-0.10538003
1.9300507,-0.25662425,0.068274505,-2.060362,-2.3992975,1.0916145,1.7272379,0.30193824,0.5034422,-0.7091585
2.7346969,2.320744,-2.7535155,-0.8315952,-2.6572983,-1.2730373,1.2265116,1.329387,-2.4235075,2.5503535
0.0860309,0.14450206,-0.363821,1.3286532,-3.0299182,-2.1019216,2.6381009,2.712023,-0.5537075,-0.72902656
1.4654897,1.1371856,-0.53663665,-0.6611625,-3.024296,-1.6913372,1.9779356,1.7451015,-0.3190996,0.029278755
0.9016768,0.987426,-2.5001452,0.9937734,-1.6798017,-0.75038946,-0.30298966,1.5309477,-2.669148,3.740327
0.5505811,0.21561271,-0.025227522,0.8294423,-2.5993369,-2.7320013,2.291101,2.2670677,-0.06506494,-0.55561054
0.4515022,1.0464917,-0.36011752,0.6791611,-2.348673,-2.7546802,1.5048884,2.0894232,0.10728267,-0.17027572
0.17443737,0.29231003,-1.1739353,1.8325679,-2.5298035,-2.8475757,2.8947787,3.2639213,-1.2905798,-0.4113493
1.5461904,1.3673549,-1.6538175,0.648098,-3.1369412,-2.1359987,1.5289307,1.8950701,-1.5732718,1.5868832
3.2148738,3.9961588,-4.011046,-0.6404964,-1.1032543,-2.4030633,0.16461638,0.6088812,-2.3607597,2.646606
1.2824429,3.5505176,-2.8429968,-0.31447905,-1.0512483,-0.87107795,-0.78510565,-0.022853643,-1.405288,2.7405558
2.1449409,2.6876166,-2.8370874,-0.53992105,-0.19301248,-0.90349793,0.09258448,0.027537525,-1.3881488,1.0326693
0.97290504,0.41349077,-1.7662908,1.4116586,-2.0751462,-1.8361381,0.7632249,2.0837445,-2.3281102,2.433663
-2.6764016,0.42304376,0.09664758,3.4046829,-2.0095084,-2.9453177,1.4367377,2.9886541,-0.14844847,-0.48524177
3.5149703,2.1821811,-2.3646677,-1.0775691,-2.473737,-1.9105028,1.2583404,0.59332544,-1.0758634,1.5526577
1.5926235,0.48738322,-1.2349913,0.7115407,-1.3471861,-2.3883724,0.9528841,1.6488333,-0.91397315,0.6408235
2.5191712,4.97358,-4.706734,-0.17709877,-0.14801434,-3.163062,0.13319921,0.9638488,-2.6777089,2.452592
-0.25048906,-0.011842012,-0.055977322,1.2539624,-1.6686237,-2.2196407,1.83171,2.1592956,-0.035882056,-0.7587625
1.7866062,3.5168176,-2.9041116,-0.33847904,-0.27229637,-1.839136,-1.4054662,0.20694962,-1.6577184,3.0423312
2.365079,3.7052538,-3.5434148,-0.08606002,-1.4717577,-2.6706724,0.19911237,1.4089656,-2.3753712,2.7996492
1.7928132,2.2349575,-3.3038983,0.40583953,0.04278946,-2.1822395,0.23804086,0.8408638,-2.2191236,2.276342
2.3233595,2.9242015,-3.293328,-0.6032973,0.47638667,-1.6204551,-0.6070994,0.23499286,-1.5660076,1.9012364
0.2813208,0.46732023,-2.1970963,1.6382713,-1.2318938,-1.286389,0.4695005,1.960361,-2.2586548,2.2817502
1.6682307,2.0740047,-2.105344,-0.756594,0.25613058,-1.3347719,0.08726365,0.45148188,-0.5431543,0.36902368
1.7059261,3.0433846,-2.903811,0.06906319,0.72946715,-2.810892,0.6622147,0.6033855,-1.1683743,0.24491066
1.4073089,2.2312655,-2.5508742,-0.1808694,-0.17659688,-0.63228375,-0.26804477,0.3042608,-1.2272365,1.3296739
0.16175178,1.7702386,-0.75127417,-0.4836552,0.6636938,-0.899058,0.12548846,-0.26595312,0.8712715,-1.22075
1.5363322,2.6504169,-1.5899081,-1.0038763,1.4796216,-1.2921011,0.19747415,-0.49905473,1.2499812,-2.6437945
1.1151824,3.0834217,-2.4500425,-0.39207387,1.2913098,-1.6656061,0.13359557,-0.084572926,-0.073346615,-0.83903354
1.6260636,1.8443365,-1.6453265,-0.22672936,1.0705053,-2.030016,1.0298599,0.033929497,0.28728327,-1.8925151
1.8053011,2.7665117,-1.6145896,-0.8741237,1.0009576,-1.9017788,0.5608695,-0.34611335,0.8570409,-2.3383796
1.9562455,2.0972147,-1.2471124,-1.2800531,0.52418774,-1.1682901,0.9362407,0.015283823,1.4649065,-3.219427
2.0290112,2.3918104,-1.8784366,-1.0322179,0.9542774,-1.4399475,-0.1591003,-0.30511367,0.549297,-0.956902
1.3398533,5.077796,-3.2509916,-0.75414836,1.8541124,-2.0491295,-0.66052765,-0.8277745,-0.24302834,-0.47966588
1.4274951,3.0644732,-2.0090053,-0.96203816,1.0395211,-1.0712321,-0.022070775,-0.33753198,0.35380828,-1.4462504
0.5767526,3.2606716,-1.7478577,-0.47350335,0.14389023,-1.6146256,1.0544493,0.15125477,0.26090562,-1.5327113
-0.07491806,1.4021044,-0.6153859,0.10254437,1.4947958,-1.2115732,-0.44450775,-0.37318826,1.2492073,-1.490933
1.352971,2.050145,-1.3506074,-0.67978716,2.1360698,-1.753719,0.5449365,-0.4075272,1.27733,-3.2117906
1.2035325,4.400635,-2.92832,-0.81085396,1.441009,-1.5554782,-0.81498486,-0.81844485,-0.18130875,0.11948812
0.42353034,3.935977,-2.9852118,0.38156563,0.9609303,-1.6237942,-0.39491475,0.11132252,-0.82990617,-0.023577064
-0.2554888,1.1516256,0.026911149,0.4313248,0.0054055154,-2.095663,1.2965722,0.517789,1.2245638,-2.2717953
-1.2916896,3.1525633,-2.1147103,0.8288562,2.6386395,-1.3415585,-1.458969,-0.6456132,-0.28262407,0.44718438
1.4047748,2.1314588,-1.2166823,-0.845157,1.120308,-1.2634218,0.47634327,-0.44413847,0.9753901,-2.5025659
0.90314186,3.0295691,-1.8426191,-0.4824379,1.0018164,-1.218144,-0.33462933,-0.397716,0.32937944,-0.9755968
1.1561478,1.9886482,-1.5089532,-0.68118864,1.902199,-0.84475005,-0.49550787,-0.79111993,0.68948567,-1.3954928
1.6036767,3.3699944,-2.013211,-1.023433,1.2903535,-1.7308953,0.3514934,-0.372928,0.7027339,-2.1268039
1.7813915,0.8792416,-0.32544345,-0.9499283,-0.8722696,-1.5228738,1.9083896,0.67093456,1.3863323,-2.892951
1.5316799,1.7400594,-1.2874899,-0.4077267,1.3608639,-2.3823357,0.9407936,0.19063762,1.1302683,-2.8252578
0.6607767,2.7336113,-1.9724394,-0.58073175,2.435012,-0.9977112,-0.32861137,-1.0080798,0.3555803,-1.364805
0.94751155,1.5358651,-0.8864948,-0.6512325,1.5435536,-1.2088084,0.44893816,-0.13854523,1.4447696,-2.940114
-0.043306053,1.4686947,-0.5068638,-0.05900069,1.3762105,-0.8038684,-0.4864894,-0.55101633,1.3171582,-1.7384831
-0.36534995,2.2654886,-1.0023977,0.20311728,1.1341999,-1.4778707,-0.30886307,-0.33203512,0.7452928,-0.8569588
-0.72092146,0.94362056,-1.2355584,1.2677313,2.8108752,-1.2345477,-0.2940657,-0.12535685,-0.038342386,-1.5394549
-0.87388784,1.6956348,-1.6017175,1.3769397,2.630975,-1.3731637,-0.45921823,-0.17985344,0.034511566,-1.3659813
-1.4037501,-0.5032764,0.35815808,2.0479772,2.0065808,-1.676432,0.34653446,0.13909394,0.8759643,-2.3000221
-1.4922518,-1.0952163,1.8576016,0.8942694,0.42168564,-0.5575728,0.11767157,0.050796807,2.140755,-2.3442903
-1.0553143,-0.9453717,2.9139469,0.24111536,-3.3790586,-1.8964733,1.9634049,1.8584735,3.3804896,-2.9924536
-3.154408,-1.1471875,2.299915,2.0426183,0.7828938,-0.9430305,-0.525789,0.7061324,2.196704,-2.3842359
-0.42775536,1.2554297,-0.6307361,0.81639385,0.6398849,-1.5597397,0.39866492,0.39704865,0.39383122,-1.1962814
-1.2412817,0.037532255,1.0193781,1.1720328,-0.33774883,-1.6925447,1.1775205,1.0234319,1.4688926,-2.7337255
1.9514896,1.4420459,-0.76197666,-1.2566907,-0.39892787,-0.9748999,1.4023856,0.41871756,1.215045,-2.8922925
-1.5556763,-1.8791845,3.3611832,0.9990924,-0.8644671,-1.2571661,1.0763897,0.6437477,3.1203346,-3.6153579
-0.7641858,-0.0506742,0.6625751,0.97144043,0.5631323,-1.4012293,0.76564854,0.54715526,1.4859152,-2.851119
-0.8707952,-0.242066,0.89720136,0.7596897,-0.53687644,-1.5068558,1.5094258,0.8689861,1.5072451,-2.4140286
-0.70094484,-0.911964,1.4086797,0.83179086,-1.3136144,-1.4496093,2.7293892,1.4379548,1.5183892,-3.5235062
-2.0334072,-1.6508312,2.5249155,1.7616841,0.52800614,-0.8046776,0.32363567,0.1826998,2.6990547,-3.5236459
-1.3618295,-1.572818,3.0915835,0.30691665,-0.4805258,-0.49962395,0.8137475,0.12515432,3.5784814,-3.8909488
-0.36950484,-0.4820152,0.928911,-0.029131833,0.8123201,-0.5473541,0.5618781,0.03005889,1.7942464,-2.6832247
-1.0912563,-0.092498004,0.10066628,1.0782446,2.4778168,-0.8089542,0.039105155,-0.2503816,1.1819518,-2.645361
-1.0083089,1.1391459,-0.8881488,1.1516929,3.716157,-1.3559365,-0.313278,-0.8248402,0.85092145,-2.4958186
-0.004146397,-0.18807343,-0.19164753,0.5242951,1.200371,-1.0480145,1.0916533,0.25421894,0.70907694,-2.33888
0.17029929,0.41520858,0.25845072,0.1629662,0.99920994,-1.3855834,0.9959582,-0.17105764,1.7270005,-3.144971
-0.72122836,-0.36045176,0.46990374,0.9002246,-0.3791517,-1.2518404,1.3400663,0.8415798,1.1321964,-2.0020704
-2.3581738,-0.5225664,0.96442086,2.488102,-1.0336084,-2.3951902,1.9013703,2.0671322,1.3302794,-2.4206061
-0.37027514,0.12635171,0.031446837,1.3205521,-0.21279895,-1.7371399,1.8475598,1.1515425,0.81982684,-2.971877
-1.4348952,-0.89270395,2.2101464,0.434489,0.20886785,-0.6844382,0.16112253,-0.0192132,2.793279,-2.8496957
0.09933227,0.37821406,0.17352131,0.57752,-0.2968529,-1.8740526,1.7074323,0.8960998,1.0208845,-2.6201987
1.9204861,1.6903076,-2.5193725,0.20805994,0.0027516186,-2.0606952,0.9510112,0.6457002,-1.6020958,0.74740875
0.6733918,1.7891455,-1.0855118,1.2171887,-3.0631778,-3.8399034,3.273439,2.7008653,-0.778061,-0.71640134
0.021136642,0.5223573,-0.6190939,0.23844598,-1.6673803,-2.7599344,3.8977597,2.4745297,-0.29842174,-1.7712269
0.3861301,0.8893333,-0.63695925,0.5569365,-3.2497485,-3.627933,3.639564,3.1058917,0.38591063,-1.2855947
0.48233247,-0.63047224,0.59751296,1.2487241,-4.4363728,-3.47791,5.0071716,3.9230409,-0.42669874,-1.9516693
0.20710468,-0.5905867,0.9851927,0.7802648,-4.108358,-2.528327,3.6722236,3.0034075,0.35085016,-1.8963464
0.47265905,0.5649686,-0.7291573,1.4086844,-3.2998898,-3.5880089,4.190551,3.3504941,-0.8460892,-1.2467728
1.8114363,1.2634187,-0.819477,-0.7130774,-1.8647873,-1.7294147,2.537125,0.9228747,0.13184208,-1.516047
0.27639568,0.58001804,-0.6658808,0.39142638,-1.6043401,-2.5280566,3.1859624,2.1716747,0.20037717,-1.8280137
0.24273968,0.604668,-0.8131525,0.62626755,0.41969562,-2.6173792,2.3014662,1.3491366,0.4428629,-2.450076
0.90956175,0.8035827,-1.3123126,1.1748332,-1.8393528,-3.2768097,3.3257122,2.5461562,-0.8494552,-1.2591443
-0.33301654,0.34985635,-0.16229847,1.4926016,-1.2816372,-2.8546848,3.18456,1.859438,0.16452,-2.3103843
0.3459922,0.50360805,0.18576594,0.08428764,-2.6629913,-2.5514398,3.0283098,2.1095357,1.071974,-2.0479698
1.1549906,0.4240566,-0.75818616,0.15670447,-1.2790482,-2.9000945,3.435658,2.0948763,0.2569735,-2.4849644
2.0161347,1.48579,-0.6179728,-0.5010977,-2.2153602,-2.9034643,3.1231995,1.5474468,0.4901495,-2.243154
0.41767997,1.7633841,-1.1818936,0.68003356,-1.2508938,-2.5617929,2.0297918,1.6293361,-0.15548402,-1.4378719
1.3934996,0.77695554,-1.0929244,-0.18271026,-1.2550528,-1.6067041,2.5388489,1.5524225,-0.045257866,-1.9050142
2.033599,2.1244833,-1.7179309,-0.36238086,-1.6921678,-2.9074874,2.6131527,1.5905569,-0.30680358,-1.0956005
1.3508986,2.3515244,-0.90333384,-0.053644124,-2.7522235,-3.3281627,3.4020772,2.1072054,0.30509543,-2.2748551
1.4340985,0.7730211,-1.0395746,0.032727297,-1.3301554,-2.919972,3.4390259,1.8715706,-0.23206568,-1.8535529
1.8021053,2.9282575,-2.661542,-0.65645427,-2.0725315,-1.7487987,1.7039424,1.4826801,-0.9368368,0.33617777
0.6350176,-0.046751186,0.01954093,0.34538138,-3.0062292,-1.8549708,3.8501024,2.646279,0.113298774,-2.4995418
1.1698117,0.66681284,-0.080879964,0.49922565,-4.11221,-3.5674472,5.253282,3.0179434,0.30935127,-2.9263792
0.9722636,1.3601964,-0.565453,0.23669046,-2.1038935,-2.3415651,2.4590201,1.3586881,0.26948667,-1.5482866
0.8339304,0.66480887,-0.648598,0.36130375,-3.37056,-2.560964,4.019584,2.8721123,-0.52035505,-1.6505193
-0.98171127,-1.5241401,2.6618805,0.09339534,-1.6576793,-0.5138705,1.5812036,0.257882,2.9971159,-2.7186265
-1.6584823,-1.3382678,3.186056,0.13181648,-1.3875403,-0.10806084,1.3259816,0.38596165,3.279663,-3.6841922
-0.52408,-1.4589484,3.2837017,-1.2596248,-1.9845445,0.07929683,1.1892767,0.50648034,4.2579203,-3.8022137
-1.4388881,-2.9977481,4.503852,-0.54159355,-2.407563,0.8862791,1.3931623,0.13308305,4.5903044,-3.9509506
-0.7416189,-1.3579609,3.6188357,-0.8519825,-1.9945505,-1.1561985,1.0578922,0.6193032,4.171158,-3.2941203
-1.2648562,-2.0869389,3.6277997,-0.6984884,-1.8362639,0.51844656,0.40432262,0.47012627,4.0806293,-3.0662847
-1.9336289,-2.6798384,4.778033,-0.5685616,-2.7437313,0.3485062,0.7773655,0.4072224,5.0917683,-3.375647
-1.4714419,-1.5976782,3.4059925,-0.80360043,-1.8333542,0.50475276,1.3520175,0.23472768,3.4969025,-3.111413
-2.3442607,-3.3576472,5.2487154,0.059075173,-2.21647,0.5561224,0.32548195,0.52910453,4.8514733,-3.5009537
-0.91153073,-1.825028,3.3506165,-0.24079722,-2.1037335,-0.06159115,1.0620875,0.604526,3.6514745,-3.634129
-1.4981552,-1.5419803,3.3648095,-0.6558964,-1.6893055,-0.15920722,0.81836516,0.5250068,3.98096,-3.018197
-1.3460667,-1.871594,3.9513855,-0.7305131,-3.1239662,0.14415002,1.3764691,1.1141748,4.332118,-3.6186533
-1.6658361,-3.1998289,5.2336197,-1.0766848,-2.8080232,1.2035202,0.93333834,0.25945735,5.2235417,-4.028784
-1.866967,-1.3257914,3.4246352,-0.5496597,-1.2836068,0.19571954,-0.054388747,-0.17108,4.040392,-2.2785597
-1.3486743,-1.0932136,3.3664935,-0.6258191,-2.4386833,-0.04540071,0.3920622,0.7612374,3.9071834,-2.6005478
-1.0097256,-1.5620596,3.0324023,-0.4410293,-1.3343561,-0.26055235,1.2434298,0.17452824,3.1951644,-3.0958166
-0.6037392,-1.5726657,2.877333,-0.7025937,-1.16821,0.27720755,0.80388635,0.21785825,3.3007464,-3.3378987
-0.98402107,-1.8045185,3.465451,-0.91153735,-1.2353771,0.3284304,1.2405398,-0.15340063,3.5891159,-3.392489
-1.126936,-1.6105211,3.5978475,-0.92164004,-1.632932,-0.12079978,1.4401771,0.30423474,3.9481018,-3.8431716
-1.575309,-2.3188975,3.9155872,-0.33433247,-2.6672018,0.22296727,1.6573446,0.67482966,3.7254846,-3.0841556
-0.81953335,-1.3813448,3.6452003,-1.0814286,-1.724879,-0.6420566,1.6233628,0.35144025,4.122577,-4.035905
-0.4740501,-1.0593939,2.6653802,-0.0996058,-1.8081272,-1.1688652,2.2036514,0.65417385,2.803939,-3.6089854
-0.7294399,-2.1741762,3.7162917,-0.07438728,-3.1611187,-0.44778848,2.354853,1.0438806,3.3940256,-3.918147
-0.26189625,-1.3177726,2.215679,-1.0781249,-0.6983512,0.4592654,0.9887001,-0.06449664,2.796827,-3.0142398
-2.1863012,-2.8352828,5.102148,0.2898301,-2.527984,-0.3056593,0.20294142,0.57504785,4.907686,-3.192305
-0.47796243,-0.3394254,1.7967006,0.22340813,-3.214337,-2.8526435,4.0112443,2.2686028,1.8673728,-3.189931
0.41176248,0.48327973,0.7861069,0.054539647,-3.090236,-2.5800343,3.9286528,1.9065323,1.3039371,-2.9263692
0.0906288,-0.81066257,2.3973918,-0.87434024,-2.8306153,-0.81587553,1.9622993,1.1073123,2.6126337,-2.7208362
-0.40429467,-1.9277773,3.2712858,-0.8325982,-1.740834,-0.07454407,1.6835016,0.090946615,3.574728,-3.381917
0.09697011,0.40457332,0.41318247,0.3998084,-2.2571585,-1.8752117,3.1658127,1.4364616,0.7827075,-2.3238869
0.98466444,-0.2045238,0.6542857,-0.34555593,-2.805204,-1.9164037,3.5804658,1.5821497,0.8277589,-2.3176508
-0.012443662,-0.65723616,2.0019717,-0.045537386,-3.3394063,-2.2162948,3.5452645,1.8174105,2.148172,-3.0552878
0.29594886,0.07350314,0.89274985,0.1285603,-3.5435371,-3.152296,4.997884,2.4971972,0.7356658,-2.7453775
0.20144504,0.35169852,1.1114726,0.14111426,-2.8384705,-2.8924766,3.8099122,1.4994566,1.4316041,-2.7872853
0.66367525,-0.12269691,1.3729693,-0.6262419,-3.1858265,-2.448606,4.0591044,1.7008767,1.7155364,-2.9830189
1.4704472,0.558953,0.05236017,-0.70509297,-2.5508149,-2.2022228,3.2621784,1.3945017,1.1175206,-2.1047254
0.6195,0.4850713,1.2067343,-0.35566247,-3.1464977,-2.8545933,3.4944715,1.7751381,1.8656127,-2.9554462
0.5706939,-1.5401912,2.422682,-0.78198093,-5.015557,-2.487064,5.9188433,2.5126724,2.5867095,-3.9250236
0.064738005,-0.32247955,1.4198139,-0.15751779,-3.9205,-1.936401,4.0211086,2.1768627,2.003037,-3.092682
0.7181238,-0.41547287,1.2305818,-0.39688423,-3.6540778,-1.3822556,3.9938447,1.8986335,0.90188056,-2.6990705
-0.017463684,-0.79034734,1.8873363,-0.47577786,-2.1051512,-0.5319369,2.3453631,0.45132005,1.8769293,-2.5035386
2.2574787,1.0698562,-0.3436595,-1.1186455,-2.434267,-1.744862,1.9342593,0.8189621,1.0090401,-1.137066
0.2738515,0.9150501,0.85238856,-0.2938036,-2.4267414,-1.6560942,2.3044567,1.2476821,1.5079095,-2.5963511
0.46319294,1.1724644,0.24750564,0.15406689,-3.8416927,-3.7661524,4.414912,2.7659059,0.6427933,-2.084085
0.8900293,4.198429,-2.7209814,0.25096276,-1.3531592,-3.2911434,2.161725,1.3416381,-0.9450756,-0.4195394
0.42180645,0.46838146,0.5211175,0.27506945,-3.1621225,-2.9631815,4.592923,2.0511274,0.63068295,-2.4595118
1.5943841,2.133433,-1.2286562,-0.010270406,-1.9846265,-2.8023105,2.610737,1.0464768,-0.54266256,-0.47586498
1.0500367,1.3370485,-0.8462934,-0.057414804,-3.1168723,-2.4550023,3.8718686,1.9611058,-0.2389217,-1.2063168
1.8157865,3.0852382,-2.1145968,0.5566945,-2.9436867,-3.8432245,3.3147764,1.9228623,-1.5349541,-0.26102197
3.7217965,1.8819025,-1.9293789,-1.225391,-3.1961954,-2.7176723,3.2308462,1.5456777,-1.1446908,0.073251605
-1.217555,-2.567179,3.9091625,-1.0327861,-2.9279788,1.3628131,1.59738,0.43261594,3.7694814,-3.23422
-1.3566676,-1.4322648,3.4951708,-0.90524983,-3.0109832,-0.2901801,2.1764817,0.8045275,3.6530187,-3.17865
-0.10636309,-0.07546419,1.5376934,-0.8545775,-0.98955053,-0.009340763,0.4597037,-0.01400888,3.129732,-3.056985
-1.8035617,-3.0451295,4.6648602,-1.0406991,-2.927531,1.6034346,1.4003851,0.28388906,4.6272836,-3.6764607
-1.9383948,-1.6678467,2.8807485,-0.28732103,-0.5936538,1.3712676,-0.53158236,-0.39454666,3.2932618,-2.2256534
-1.7144339,-2.7178245,3.9066808,-0.3705357,-1.6030324,0.5356065,0.95527893,0.2366015,3.905033,-3.1287518
-2.4024434,-2.2007322,3.9430668,0.26163507,-3.0000212,0.3099227,1.2974613,1.1527307,3.8640826,-3.1992173
-2.3826246,-2.6477349,5.3794203,-0.4693734,-3.869561,0.94342124,1.8582264,0.70727915,5.16495,-4.3084893
-0.9350184,-0.76121724,2.1416957,-0.43487972,-0.66233546,0.48692977,0.4706469,-0.0889774,3.4759276,-3.5447488
-1.0339386,-1.7584965,3.9746678,-1.1153766,-2.0149095,-0.08014929,1.4597026,0.3305844,4.381498,-4.023548
-1.0003597,-2.4342906,3.7153826,-0.8321606,-2.0197637,-0.3888651,1.9289595,0.9377272,4.126059,-3.9851527
-1.0870215,-1.2389951,2.538029,-0.22202808,-2.309111,-0.0020353496,2.052741,0.77346814,2.6862345,-3.1002736
-0.8929049,-2.024755,3.7506063,-0.6304287,-2.6448314,0.30208528,1.0069888,0.5158503,4.087638,-3.3623729
-1.4708184,-1.7827983,3.352883,-0.1667071,-1.3521984,0.11032784,1.3802751,0.59107673,3.8470972,-4.2881775
-0.87534755,-1.5719945,3.2609248,-0.36368558,-2.3104975,-0.042360663,1.3794094,0.49821353,3.7121341,-3.645732
-0.8837474,-1.7466872,3.0684469,-0.733553,-1.1921856,0.26705545,1.136005,0.115059674,3.581406,-3.7607088
-1.042311,-1.92507,3.901719,-0.9856882,-1.8802488,0.42712128,1.0996541,-0.0018924028,4.467968,-3.808745
-0.28480965,-1.3763194,3.0196788,-0.9564625,-1.2674956,-0.6664864,1.0979093,0.5110926,3.610871,-3.662405
-0.24386671,-0.73705876,2.0678134,-0.7777917,-1.2026353,-0.5848092,1.4934653,0.37745237,2.6960413,-3.0158453
-1.7720929,-1.2080889,3.0544226,0.25977486,-2.6906161,-0.7892444,1.915435,1.1196764,3.2565339,-3.0206432
-1.3666983,-1.778805,3.5310705,0.039994713,-1.7162387,-0.9265841,2.0379686,0.6984881,3.5956953,-4.024567
-0.6590553,-0.67799175,2.3248868,-0.7379286,-0.84450144,-0.2593307,0.8695177,-0.016016915,3.2872038,-3.2797422
-1.8769528,-1.3697827,3.3265297,-0.033325527,-1.5739136,-0.35905755,0.85168684,0.24660948,3.8078053,-2.9790163
0.34446454,-0.9140653,1.9588996,-0.53799856,-0.624279,-1.1442043,1.9548961,0.31852424,2.8937395,-4.18351
-1.0237856,-1.3696845,3.058039,-0.8083563,-1.3149474,0.16007864,0.8368107,0.25119537,3.8222902,-3.6790848
1.6995384,-0.13149369,0.6636216,-0.8981589,-2.086182,-1.152079,2.850987,1.2126536,1.4740448,-3.3015037
1.5922422,-0.14868116,0.6998834,-1.2519373,-0.98051256,-0.53602916,1.5403308,0.43850064,1.8990095,-2.961082
2.362628,2.0609927,-1.9298362,-0.9738809,2.1826816,-1.4066159,0.18074977,-0.6524695,0.9042494,-2.7551208
1.6928488,1.2348101,-0.70231366,-0.9611038,0.89489174,-1.3547542,0.1960727,-0.043499827,1.789628,-2.6198988
2.5115929,2.3063512,-1.5517746,-1.4012637,1.1671311,-1.6586547,0.56727654,-0.44265687,1.209746,-2.6181192
2.4786863,2.252968,-1.4308175,-1.0195328,0.87127995,-2.0971866,0.23864196,0.13493252,1.4159911,-2.7814813
1.5219511,0.41283128,0.60202485,-1.2363487,-0.4192943,-0.84459215,0.87643915,0.09938815,2.445583,-3.3944483
1.2381228,-0.4088027,0.6020172,-0.98455095,0.18649067,0.25130266,0.08195572,-0.265166,2.0311744,-2.6256046
1.104864,1.1539171,-0.010812795,-0.64057326,0.66246504,-1.6959201,0.6350897,0.038767993,1.7882879,-3.0813003
1.0144361,1.2058904,0.15553701,-1.1235808,0.095332384,-1.1016313,0.75763744,0.11150655,2.258196,-3.306841
2.0197554,2.037933,-1.402233,-1.1967531,1.0731359,-1.732922,0.73155504,0.021642566,1.2102013,-2.6314096
1.3112047,1.0169812,-0.7163895,-0.42682517,0.790553,-0.66930676,-0.009150496,-0.48624218,1.2196994,-2.0287447
0.981159,-1.2267692,1.7045552,-0.9537505,-0.75961035,-0.68144375,1.7796365,0.37877923,2.473707,-3.6063943
1.9470686,1.9221072,-1.2752842,-1.0688913,1.1500883,-0.93977,-0.32376266,-0.34254107,1.4944594,-2.5380263
1.7053264,1.5641234,-0.31975052,-1.013439,0.09589514,-1.4403309,0.66446257,0.1004031,2.177496,-3.458695
1.8566962,1.0379076,-0.2467624,-0.49247915,-1.2166374,-2.5006723,2.667406,1.1483305,1.4084778,-3.5467582
1.349049,1.2719743,-0.62508214,-1.1011328,0.88275826,-0.8871272,0.53911954,-0.43164915,1.5144603,-2.3720157
1.2665678,0.86475194,-0.40663454,-0.0031295903,0.23000857,-2.000404,1.3454008,0.4871434,1.3270898,-2.9450707
1.7193323,2.031662,-1.1728727,-0.64015746,0.9540481,-1.8560656,0.5285196,-0.0057231337,1.5295537,-2.9563909
2.165791,1.4692657,-0.6436586,-0.96908844,-0.121586055,-1.7630992,1.3435111,0.28029275,1.2681043,-2.9442277
1.9845985,1.2435756,-0.642656,-0.9838425,0.08572744,-1.629531,1.3762538,0.3254906,1.5997589,-3.3444033
1.2823435,1.2976453,-0.20953518,-0.7288962,0.4602353,-1.1078442,0.66345596,0.03552121,2.0524008,-3.629548
2.2146325,1.9334946,-1.223492,-0.9069633,1.6745541,-1.3767954,0.017618025,-0.8783328,1.4993448,-2.964447
1.4426607,0.47686654,-0.17004845,-0.48098135,0.34042576,-1.4586937,1.4417268,0.26469558,1.0141308,-2.8202486
2.7969966,2.0480623,-1.236492,-1.5165373,0.43823057,-1.4718896,0.6793319,-0.092847794,1.5670767,-3.1275377
2.2442427,3.3174171,-2.6509173,-0.5071189,-0.6435751,-1.3275741,1.1009384,0.4056731,-0.865457,-0.99414456
1.7542073,3.0493574,-2.2217057,0.3062997,-1.8081074,-3.418405,2.8977785,1.3643507,-1.0566449,-0.8705702
2.7368803,3.7691875,-3.0961707,-1.1924881,-0.8958581,-1.3951517,0.2000859,0.3465392,-1.2916408,1.0513719
2.5648074,4.0052867,-2.8239737,-0.83088076,-2.0551288,-2.9705443,2.304749,1.1968999,-0.74131304,-0.4912377
2.738522,1.6002157,-2.3035407,-0.6143321,-1.3543398,-2.21984,2.0306728,1.252468,-1.1781054,0.1530937
4.3925447,3.2594495,-3.1964364,-2.5983276,-1.2703679,-2.2190104,0.59172475,0.6099589,-1.4366486,2.0534039
3.3290267,2.2231908,-2.293972,-1.1443561,-0.96797746,-2.1561375,1.1193814,0.690452,-1.0392084,0.3381719
1.9375602,1.7157316,-2.4169734,0.07465555,0.399615,-2.1751628,0.6897927,0.7965133,-1.172338,0.3525722
2.5840588,3.6453218,-2.742892,-0.6859369,-1.56777,-2.5944839,1.4935104,0.9282646,-1.126869,0.13310432
2.5651712,2.1724548,-2.738713,-0.34918374,-0.5326447,-2.209721,1.5150152,0.7369033,-1.468267,0.31763148
2.4164915,1.2820189,-2.301679,-0.41851047,-0.6855561,-0.79304475,1.2718854,0.70333534,-1.251673,-0.07597652
3.5150628,2.5568717,-3.044165,-1.2672817,-0.3924408,-1.7558119,0.9398247,0.3761617,-1.4032519,0.5358418
1.2459434,1.5158668,-1.5512753,0.68154347,-1.8416474,-3.3344874,3.0481787,2.5176353,-0.8551461,-1.302717
2.3617063,2.6943896,-3.0938697,0.37667283,-1.5994692,-3.186408,0.71472967,1.8907924,-2.2536516,2.2246947
2.170576,1.2173674,-1.233203,-0.9077157,-0.14721587,-1.9269227,1.3716348,0.42343187,-0.14221036,-0.7116563
3.2010074,2.5527353,-3.5366902,-0.7802149,-0.9864225,-1.6141425,0.6881276,1.6351374,-2.2752526,1.241146
3.4247794,2.3557377,-2.9574351,-1.1044466,-1.1813235,-1.2541813,0.32186604,0.6988014,-1.9836466,2.0258121
2.2224388,2.3693078,-3.3672318,0.15982826,-0.08055955,-2.8707867,0.64936715,1.4390587,-2.1388533,1.8289818
1.7678736,1.0909681,-1.478422,0.086581215,-0.7625235,-2.737362,2.2094145,1.6563716,-0.64989084,-0.98588276
2.824933,2.536417,-2.7551267,-0.6082953,-0.95261496,-2.2346878,1.9738616,0.883005,-1.5325336,-0.12866828
1.9286236,2.1977131,-2.052949,-0.24385858,0.35478902,-2.4264746,1.1316967,0.12640959,-0.70130366,-0.17276528
2.4269814,1.6818211,-1.6406609,-0.5093655,-0.8802578,-2.616363,1.8714515,0.9011276,-0.48688698,-0.526066
2.2796102,1.679862,-2.9132497,0.19141906,-0.41335273,-1.377635,1.4314331,1.2407341,-2.4813201,0.42273343
0.26946795,0.6196133,-1.2354069,0.4550969,-0.40969425,-2.4155774,1.793631,1.6774975,-0.19536453,-0.5555246
2.805655,1.8953037,-2.4135742,-0.6114068,0.090776265,-2.3647366,1.6100599,0.5412218,-1.4536147,0.06765932
1.7018334,2.088781,-2.2787766,0.3339366,0.59894574,-2.4468017,0.12870757,0.47393537,-0.8807376,0.45541388
