-0.37760743,4.656301,-1.1212685,-0.51516575,0.63148594,-1.9884164,-1.2158693,-0.9768849,-0.26316416,1.1577243
-4.4527893,-3.1646905,1.7263292,5.4364,1.9874983,-2.9000127,-0.086441875,2.882778,-0.39673835,-0.85576916
-2.6184082,-0.06914939,2.0574346,2.8025978,-0.05950308,-1.1134514,-2.2111201,0.529459,1.4423407,-0.5056267
-1.6284032,-2.0299184,3.445442,2.0931976,-1.667088,-1.6381854,-0.34301597,1.7275865,1.8349175,-1.6191962
-0.58740234,5.7631226,-0.6597205,-1.8525434,0.20164518,-1.106096,-0.7881368,-2.1857176,1.441924,-0.25933376
-0.39381325,-0.0048901737,3.4887044,0.14380667,-3.0583296,-1.297137,-0.22607362,-0.51200694,4.726874,-2.7571065
0.010156572,0.15575305,1.7616582,0.31725198,-1.870663,-0.29691535,-0.83941376,-0.30480847,2.3080213,-1.182049
-0.73129004,4.0766115,-1.4787723,0.17051277,0.9387573,-1.4940902,-1.3912528,-0.8256378,-0.4731534,1.234774
-0.36783832,3.3981616,-0.6959514,-0.50227535,0.09211646,-1.7017677,-0.21140927,-0.65399116,-0.23708132,0.96227384
-1.1288161,3.45166,-0.56232655,-0.7792564,0.49807775,-0.6694745,-0.20795551,-0.6108717,-0.08398248,0.1841354
-0.5841297,-1.9647675,1.3166364,3.181382,-0.97380483,-3.2703176,0.13081145,3.1303058,-0.56766105,-0.1570223
0.6735859,-1.3023049,0.5159122,1.9281682,-1.2833626,-2.367806,0.5329789,2.6498094,-0.38682342,-0.8287591
-0.036378056,0.26195753,0.8729498,1.1576166,-1.5827638,-1.7294257,-0.9463184,0.9076732,1.0931078,0.0431761
2.0899036,-1.1057466,1.4482757,1.7349358,-2.507732,-2.87265,-0.38537556,1.7545629,1.036558,-1.2133731
-0.3325438,2.058161,-1.2533603,0.85010594,0.5364137,-1.9449751,-0.76229036,0.5165925,-0.53096926,0.8573259
0.8713708,-1.202148,1.507038,1.5734204,-1.7021525,-2.0459306,-0.754868,1.5419658,1.1311733,-0.88622594
-0.9184202,-0.8643707,1.0876533,1.8988724,-0.53401124,-2.5736494,0.38438812,1.8352417,0.4176674,-0.5404488
-3.7479844,2.3134985,0.27417225,2.5142906,1.0392052,-1.8619123,-1.0597541,0.44628698,0.44270742,-0.18014362
0.0073241293,-0.2884703,2.020421,0.79446864,-2.3528967,-1.2773306,-0.045671403,1.033401,1.9424533,-1.8467867
-0.115770325,-1.559641,0.7878391,2.6209838,-0.31544828,-2.5641136,-0.21690357,2.10891,-0.3618641,-0.30331865
-1.7367296,0.14122601,0.6336799,1.8573173,-0.6887698,-1.2481486,0.121632874,1.5713463,0.6442716,-1.09392
0.15576771,-0.025125831,0.67463034,0.8708354,-0.6503682,-1.039589,-0.767268,0.62564725,0.3828435,-0.15800121
-0.59731406,1.2709068,3.1156971,-0.4186005,-2.6877522,-0.646458,-0.80053496,-1.3560637,4.702972,-2.3935854
-1.9320042,-1.4046401,2.5287035,1.4682733,-1.0960532,-1.7993387,0.11901587,0.938956,1.5691724,-0.3479276
-0.4720231,-0.13711889,2.29724,0.6666377,-1.9900942,-1.6583036,-0.38742924,0.10905391,2.7684448,-1.1154323
0.30179676,-0.9236213,-0.13517839,0.89672244,-0.15006267,-1.1597233,-0.6049148,0.9754082,-2.251104,2.934307
1.5920129,-1.6109012,-0.4615414,0.62758213,-0.87077373,-1.2268846,-0.8487468,0.86317015,-2.6248415,4.451999
-1.0514216,0.07791582,-1.0483556,0.7458754,1.814838,-0.67863107,-0.7716527,0.11237126,-2.642773,3.388438
-1.2989237,-0.97641575,-0.67377037,1.5997738,1.3962708,-1.2189232,-0.8949468,0.708126,-1.4758358,2.8674903
3.3909054,-1.9405091,-0.05081262,-0.15269095,-2.0813112,-1.401729,0.13217822,1.5808948,-1.652814,1.9393444
2.484476,-0.36544707,0.014375653,-0.24526021,-1.3613465,-1.319149,-0.9535588,-0.11467842,-0.8618002,2.513514
1.9023068,0.047153324,-0.17527796,-0.45401612,-1.0056865,-0.9204376,-1.6372747,-0.09169466,-1.6745051,3.8711636
3.7408724,-1.4119289,1.2669517,-0.72519004,-2.7239752,-1.5574192,-0.2511515,0.71852666,-1.2368423,1.9946799
3.57627,-1.50318,0.6183195,0.4207773,-2.197195,-2.5249681,0.27199143,1.8741838,-1.0941219,0.47413298
3.336639,-1.6756886,0.3729503,-0.77562356,-2.1362817,-0.8491522,0.33826122,0.811873,-1.544797,1.9056315
1.4592652,-2.0529788,0.4209401,0.44380644,-1.2729139,-0.6889081,-0.49678266,0.9339966,-1.6431311,2.7290223
2.591699,-0.9262878,-0.23652835,-0.105998226,-1.2786045,-1.5972637,-0.3354705,0.74941844,-1.1712713,2.1704962
2.948458,-1.5573865,0.9194894,-0.37438264,-2.095729,-1.8333381,0.6401278,1.1565633,-1.1447128,1.3338059
2.1015878,-2.582286,0.2914545,1.2100451,-1.1645751,-1.3678887,-0.6338335,1.678752,-2.7498972,3.0938795
2.9214375,-1.2005967,1.5964286,-0.7386495,-2.8049371,-1.0378332,-0.4516573,0.29530567,-0.8321801,2.1586094
3.588745,-2.2170327,1.0427961,-0.63715297,-2.417172,-1.0949032,0.10479432,0.74007475,-1.4395112,2.1499743
1.12614,-0.33200288,-0.66690975,-0.022616304,-0.6041226,-1.053336,0.17947969,0.99052656,-1.8345023,2.1590874
0.51391506,-0.83249426,-0.30392146,0.0454972,0.21284516,-1.1846695,-0.58730066,0.62315744,-2.2319705,3.6125703
2.3852482,-0.78713274,-0.31847668,-0.25050715,-1.3753157,-1.2032211,-0.4250847,1.1225401,-2.4189718,3.2412455
1.5784947,-0.7678968,0.3244739,0.46528724,-1.7576017,-1.7698352,-0.050443977,1.4687325,-0.77296,1.2266929
2.493669,-0.46262625,-0.48095754,-0.10002568,-1.9922237,-0.8710984,-0.022874653,0.6845484,-1.2186965,1.8879907
3.9189796,-2.18426,1.0686228,-0.72308695,-2.56614,-1.289851,0.3523097,1.1243643,-1.3687774,1.4849597
0.4504346,-1.7224602,-0.9826189,0.7216233,0.33532155,-1.4420781,0.43439957,2.0633903,-3.018139,3.193286
2.920144,-2.210138,0.3264862,-0.38454115,-2.3892286,-1.3988744,0.67229205,1.254614,-2.011557,3.0929213
1.7678049,1.2757386,-1.1751704,-0.5677648,-1.0476669,-1.3210983,-0.4071625,0.10624903,-1.5105895,2.8116844
-3.8226917,0.40427682,-1.6452968,0.9962474,5.0695577,-1.6693244,-0.25229114,0.67410636,-2.3789866,2.6333008
-4.124484,1.3555248,-2.683929,1.5263425,5.821708,-1.6756405,-0.75569767,-0.14241034,-2.5756698,3.0701082
-2.339137,0.00379619,-2.2791886,0.8183138,4.3327594,-1.0114794,-0.46725947,0.09674858,-3.067003,3.8826177
-2.9299972,0.793272,-3.2357423,1.4285313,5.458807,-1.4382296,-0.5056239,0.2696481,-3.3373528,3.1903813
-2.8244143,-0.032559007,-2.5933745,0.9144339,3.8836102,-1.0130084,-0.5093844,0.36119226,-2.9250944,4.850642
-4.175673,1.4347308,-3.0142894,1.4361047,6.9249015,-1.0072682,-0.7422598,-0.88463527,-2.6956022,2.5621493
-4.354329,0.8926228,-2.7922063,1.5008279,7.3875704,-1.4001977,-0.7883107,-0.6715431,-3.3897488,3.6059928
-4.0999055,0.71159005,-2.9438226,1.0344758,6.0161943,-0.2493417,-0.7498308,-0.019065328,-3.519911,3.8954723
-3.594492,1.1644754,-2.617727,0.42034176,5.0798154,-0.6293212,-1.0545014,-0.3411721,-3.4365752,4.9784517
-2.826459,0.7951236,-3.0213366,1.07562,4.0202103,-1.1855385,0.43489605,0.7457019,-2.6452787,2.8088799
-3.3625994,-0.12944624,-2.7063587,1.9938904,5.4910126,-1.3294095,-0.90116715,0.6666327,-3.8972576,4.1515355
-3.2460675,1.1218551,-3.3916028,1.6081556,5.0326047,-1.8474643,-0.230768,1.1055275,-3.9563506,3.7342741
-3.7729154,-0.3729906,-2.0685494,2.3564112,4.9910727,-1.0225552,-1.4532709,0.225191,-3.041918,4.1667953
-2.2318497,-0.116975695,-2.347649,0.50150824,4.774532,-0.9855418,-0.2846505,0.24412543,-3.4427264,3.8327696
-5.178917,1.2509359,-3.2344809,1.4895695,6.047602,-0.7680706,-0.47497582,0.4493903,-3.0503283,3.6051807
-2.11479,2.0643907,-3.5844338,0.5443355,4.8529067,-1.1179197,0.349653,0.15982723,-3.4691918,2.169651
-4.518139,-0.1678082,-2.2757597,2.6904652,6.2240806,-2.1101966,-0.2571562,0.5858271,-3.1491125,2.995457
-4.804361,1.3827984,-3.1454396,1.665016,6.919704,-1.5370651,-1.2187928,-0.07535244,-3.4755418,4.291145
-3.8834305,0.9267076,-3.2559297,0.8997699,6.7778153,-1.2824599,-0.24469644,-0.24958628,-3.3811886,3.484662
-3.7920156,0.119138926,-1.9202935,2.966046,4.7534423,-2.1028068,0.2762077,1.1548975,-2.9926193,1.5959227
-2.8972974,1.7242181,-3.6761677,0.603264,4.985601,-1.0419065,0.28551376,-0.12718093,-3.1366389,3.2870948
-3.0847905,0.77000487,-2.5735643,0.933468,4.579946,-1.0405939,-0.7458958,0.4763772,-3.2827137,3.8966072
-3.4146762,0.6956819,-2.5103626,0.6836166,5.5601735,-1.5075742,-0.048941374,0.33378178,-3.2413757,3.3744004
-4.8883276,0.97403634,-2.00201,1.4387769,5.2773156,-0.8581215,-1.2623003,0.08889156,-1.913512,3.3691356
-4.6221247,0.10427132,-1.0826622,1.6434817,4.9924226,-0.61173964,-0.85231197,-0.24674916,-1.6821189,2.2559335
-0.8210695,0.30798012,0.161108,1.4718617,-0.16961615,-3.120423,1.2572881,2.2018058,-0.6318084,-0.492582
-0.69905794,1.7842675,-0.9871498,0.48815277,0.33197623,-2.0872095,0.4719947,0.70591915,-0.8664197,0.993876
-2.060617,-3.3098373,1.0017617,4.316121,0.04451932,-2.5909472,0.2293849,3.6788805,-2.182482,0.89908886
0.63322246,-1.4147761,2.5545862,1.9577574,-2.0047257,-3.2935274,-0.21226877,2.074478,1.1476723,-1.4711825
0.3715472,-1.7035309,1.6818798,1.6196512,-1.3933989,-2.2133825,-0.09047836,1.8089052,-0.29706687,0.34628415
0.3947216,-2.0681698,0.63505507,2.8294442,-0.97022635,-2.6532173,0.055873036,2.6578672,-0.84389704,0.035592556
1.6149615,-0.14379355,0.48519343,1.1916807,-1.6532683,-2.8758228,-0.11123812,1.5112408,-0.056725577,0.13571662
3.4229238,-1.2692014,-0.074595496,1.3955897,-1.5370646,-2.702515,-0.55552137,1.7515258,-0.9859577,0.42327595
-2.6792307,-2.5841014,0.46418554,4.008015,1.1806989,-2.2429948,-0.48699313,3.008338,-1.752112,1.2790291
-0.0038480163,-2.858323,2.149952,2.300941,-1.6075094,-2.2982347,0.36907262,2.8588648,0.34946084,-1.2393687
-0.30568123,-2.4008017,0.6069589,3.0726278,-0.9966604,-2.0977356,-0.14205903,2.5919204,-0.13359411,-0.14567289
0.25006977,-1.8108197,0.9600145,2.3451214,-0.7687601,-2.1846883,-0.6494653,1.9648229,-1.1890095,1.0074922
-1.7615514,-2.2631452,0.052675556,4.320048,0.38824028,-2.884384,-0.37948835,3.1497114,-2.4056401,1.8361902
1.2448592,-2.1315165,0.7196676,1.1461691,-0.95057297,-1.6734316,0.44681787,1.7806345,-0.5054027,-0.048246026
0.46910152,-1.4067165,0.58276886,2.1832013,-0.9565926,-2.9804175,0.14526302,2.6516595,-0.7383635,0.050290808
0.008571297,-1.9491446,1.550185,2.2829883,-0.88991284,-3.165294,0.37835377,2.3489714,0.28424633,-0.77937484
-0.7222315,-2.1804006,1.1033659,3.072076,-0.34522164,-3.3628995,0.7720407,3.1232429,-0.54788697,-0.74988246
-3.775065,-3.8332622,1.715347,5.248738,0.8451389,-2.5785801,0.054967552,3.6068583,-1.0196543,-0.0060376823
0.5528668,-2.1640425,0.4279126,2.5637076,-0.8030151,-1.9256203,-0.4002272,2.4769197,-1.0010074,0.12578721
1.2658544,-1.6152072,0.6525571,2.0330055,-1.4100193,-2.7969205,0.10122192,2.2392282,-0.2829016,-0.12262061
1.6409023,-1.6358467,0.7127414,2.0457313,-1.2622714,-3.0586855,-0.066673756,2.1723895,-0.4027477,-0.22102097
1.057827,-1.8017282,0.45207804,1.5786908,-0.62417483,-2.5162983,-0.01069808,1.6711468,-0.77376294,0.9344715
1.6261947,-1.2688102,1.682413,1.5573472,-2.25624,-3.2239125,0.27591342,2.2625864,0.48732913,-0.9936216
-0.40673292,-1.6963445,-0.60141593,2.4808972,0.25432003,-2.193706,-0.34862643,2.4656162,-1.7770451,1.823686
1.511767,-0.19694826,-0.38267928,1.0839227,-0.9379509,-2.9009268,0.24316132,1.6664529,-0.43777424,0.3536425
-3.951721,-0.45356545,-2.5691037,1.954816,6.390405,-1.4994507,0.21841818,0.9250143,-3.3912182,2.3544748
-6.0876594,1.2194815,-2.2723074,2.3509574,7.4873004,-1.7196236,0.14205706,0.34809798,-2.407338,1.0046003
-5.969117,0.9315083,-2.114929,2.9416485,7.004402,-2.7502725,-0.10019028,0.17635262,-2.5766456,2.4064796
-5.2801676,1.7889785,-3.1384308,2.5217352,7.8848863,-2.1999996,-0.69422,0.23344511,-3.1285307,2.065516
-5.2727547,0.71332717,-2.7174659,2.5346217,7.6622086,-2.4088032,-0.41454196,0.35341525,-3.0703516,2.6114929
-4.9241095,0.6109469,-2.3185995,3.2147248,6.923825,-2.2737958,-1.0798961,0.047043793,-2.1078289,1.9428807
-5.654255,0.62773573,-1.7670245,2.35415,6.9067,-2.545771,0.46787345,0.7318169,-2.7489364,1.6425264
-4.8734274,0.174636,-1.4482989,2.8728704,6.1045837,-1.4685211,0.24027538,0.6801441,-2.7314155,0.44255236
-3.9982786,0.16565976,-2.9650254,2.29895,6.1214786,-2.6773438,0.53140867,1.6037962,-2.8487992,1.8318524
-4.8530273,0.47618783,-1.4282962,2.2651055,6.28641,-1.8890073,-0.9041331,-0.14677328,-1.4534755,1.5891168
-3.6881595,1.0760765,-0.8253238,2.3006916,5.423778,-2.0197089,-1.4519018,-0.053808756,-2.0535228,1.139832
-3.0318785,0.71954,-2.2146978,0.92337406,5.5885777,-1.4769478,-0.042024672,0.32126296,-2.726217,1.7365175
-5.3031554,-0.7897074,-2.1089609,3.3558836,5.90729,-2.0322852,0.80529857,1.6071677,-1.9162238,0.5326326
-3.7274122,0.533609,-2.949217,1.7900957,6.5412936,-2.2983549,0.37276465,0.16292667,-2.2944956,1.7740161
-5.429023,1.8832873,-3.1496177,2.7931411,7.694443,-2.3813183,-0.34055638,0.03158938,-2.8756063,1.8682715
-4.1848807,1.4395021,-3.0517213,2.3791409,6.5169425,-2.2609456,0.045330107,0.5529339,-2.9088526,1.31914
-4.4507256,0.99088204,-0.3704629,1.0724276,5.0479617,-1.0987973,-0.7926635,-1.2704469,-0.6246802,1.3817183
-4.8196774,0.50114965,-2.2540784,2.0210218,6.700129,-2.5949078,0.24394226,0.7469941,-2.50942,1.9115669
-5.659438,0.9964167,-2.360395,2.9328563,6.3235607,-1.7249217,-0.073785186,0.76810354,-2.2711728,1.1308159
-4.72686,1.5298512,-2.4487536,1.1408064,6.2450576,-1.8194482,0.9146045,0.30089027,-1.6683935,0.5234581
-4.991336,1.8167273,-2.6956277,1.0784765,6.9687304,-1.3414452,-0.6010638,0.1531477,-2.5368543,2.072854
-4.226099,1.4151945,-2.6529949,1.6410556,7.1000285,-2.0964913,-0.24911332,-0.2369799,-2.7892237,1.9115373
-4.559222,2.6273386,-3.5264618,1.4255396,7.3774714,-2.3122718,-0.18722123,-0.7847957,-2.8826776,2.6896005
-4.3233914,0.88112843,-2.9081867,1.3221539,6.22568,-1.247301,-0.3606876,-0.11460287,-1.8886311,2.3561747
-5.122178,1.871455,-3.6080105,1.9775289,7.6051936,-2.059803,0.53696287,0.12603831,-2.832552,1.6015968
-0.62634575,-1.7734945,-0.70082015,1.3875633,-0.06691648,-1.8887362,0.5986395,2.749686,-2.032681,2.5678732
-2.1676433,-2.662588,-0.08633446,3.2867463,0.38145941,-2.525593,1.5712111,4.2906594,-2.1154497,0.3350399
-1.4664657,-3.760784,0.98725504,3.6062307,-1.074827,-2.4308403,1.1750784,4.3345537,-1.0622717,-0.10233918
-0.49052158,-2.2641103,0.8546469,2.0423167,-1.0658796,-2.6118243,1.2588859,3.5611606,-0.63175285,-0.42819914
-1.011611,-3.098726,0.05778302,3.2986448,-0.33991945,-2.869766,1.2100284,4.3299146,-1.6364511,0.30204973
-2.301834,-3.842053,0.5069335,3.8693373,0.2640118,-2.624538,1.2737758,4.7850056,-2.2264206,0.5698284
-1.3984281,-4.1034427,0.6734323,3.7658062,-1.039942,-2.6602101,1.1039807,4.7002306,-1.2355111,0.46077
-0.7316896,-3.0173557,0.34948605,2.6830406,-0.9835919,-2.8571844,1.4451519,4.597143,-2.1104646,0.8226454
-0.262181,-3.540314,0.93829393,2.4528732,-1.9853568,-2.3777635,1.7866049,4.231663,-0.5431383,-0.43380293
-1.8861935,-0.37175003,0.07332896,2.2813885,-0.20474002,-2.3113906,0.3653764,3.1884475,-1.5318578,0.61804616
-1.6636064,-2.3481517,-0.0812944,2.852841,0.0075184256,-2.7510028,2.1357284,3.7004368,-1.5247942,-0.055565506
-1.5252813,-2.115484,-0.80981606,3.217666,0.7933008,-1.886059,0.27059573,3.2943118,-2.596728,1.4169769
-2.4826918,-1.6163657,-0.071052834,3.4109735,-0.05763933,-1.8550004,0.8185435,3.5412104,-1.183955,-0.08355695
-0.122243315,-3.0494409,0.32190043,2.9137099,-0.98811525,-2.218962,1.2590957,4.047365,-1.5871574,-0.44078967
-0.66160595,-2.561714,0.5582055,2.4623306,-0.192215,-2.671531,1.326037,3.0519433,-0.8188392,-0.33118644
-0.6173756,-1.8123641,-0.44428182,2.677575,-0.7461121,-2.437865,0.31835982,3.273406,-1.4814109,1.4011991
-2.09903,-2.9492168,0.30744463,2.9503658,1.0344532,-2.0802863,1.362806,3.5072982,-2.3880503,0.64479
-1.2367873,-3.1547039,1.0871549,2.4047003,-0.51799273,-2.370473,0.7708955,3.3022838,-1.371839,1.2718321
-1.4083924,-2.085306,-0.24971434,3.4964795,0.27374434,-3.4711635,0.8139723,3.61349,-1.6890737,0.86291385
-1.9732606,-3.02174,0.15899177,3.5790813,-0.4078126,-2.2853124,1.1916426,3.635394,-0.92379886,0.39471865
-0.9333954,-2.9118598,0.115320355,3.7599835,-1.1005603,-2.7899573,0.33217686,4.165901,-1.1075782,0.6676229
-1.7268412,-3.2715697,0.3971451,4.0317845,-0.57374585,-3.2882729,0.88181317,4.597439,-1.8699889,0.9981812
-0.7606523,-2.6032012,-0.1854454,3.1108937,-0.38899368,-1.6190321,-0.3762092,3.1302595,-1.9163653,1.7213166
-2.605193,-2.7887676,0.0517396,4.0698485,0.9317303,-3.0188844,0.82530814,3.9950466,-2.1174371,0.77005374
-0.85249186,-4.196639,1.4661913,3.6024048,-0.95090014,-2.916735,1.3860375,4.040592,-1.6282705,0.1395168
-2.3931875,-3.4107208,1.8181014,4.4725475,-0.47528553,-3.0530133,0.21005616,3.135515,-0.7799785,0.66653
-1.5291759,-1.0900955,3.8327034,1.5704058,-2.2770581,-1.4990878,-0.3600911,0.979973,3.7492049,-3.0299473
-1.8829849,-1.6552846,4.36864,1.4187912,-2.5932922,-1.0054532,-0.46832746,0.58642435,3.9320824,-2.4813178
-0.7658514,-0.91690695,3.4007432,2.1206362,-2.196653,-2.3283026,-0.9249611,1.2205113,2.2559373,-1.7129965
-1.0082574,0.025931418,3.3991058,0.7335975,-2.1844292,-1.0331715,-0.6214583,-0.24713975,3.8727105,-2.7765284
-1.0182858,-1.2099127,3.3828597,0.7732697,-1.8016472,-1.6199865,-0.12722093,0.9070917,2.6304429,-1.8048971
-0.95990133,-0.97856617,4.0736284,-0.16231331,-3.0601969,0.36857694,-0.66380143,-0.47210628,4.9815087,-2.9522731
-1.0487946,-1.2509074,2.3396742,1.8784833,-0.94344556,-1.4032671,-0.75265956,1.5349227,1.0841984,-1.2098274
-0.49906033,-1.518032,4.460062,1.0154206,-2.835713,-1.6430756,-0.4436757,0.76184213,3.0209398,-2.130725
-2.3606665,-2.1914136,2.561485,2.7102315,-0.8643451,-0.7064724,-0.6520409,1.3070606,1.7256218,-1.3269172
0.3468972,-1.1431787,3.3452628,-0.513753,-3.2917433,-0.27045432,-0.2519596,-0.02811072,3.5624545,-1.6705493
0.09850845,-3.033555,2.2014165,2.8591113,-2.1932096,-3.2760322,1.3717829,3.7587135,-0.4302932,-1.4711618
0.42672083,-1.3457091,0.26501536,2.310352,-1.0340579,-2.5433452,-0.09681994,2.180086,-0.27892572,0.265639
0.70037353,-0.056239337,0.11850695,1.3338346,-1.0044646,-2.6870775,0.09114534,1.6456982,-0.23754133,0.14106166
-0.5692947,-1.392005,0.5570069,1.8612654,-0.9759251,-1.5481147,0.254449,2.1052918,0.06330091,-0.20980325
1.8283865,-2.6162312,1.967386,2.0304377,-2.549305,-3.0559309,0.31265002,2.7352529,0.5635387,-1.2426307
-0.038224876,-1.671921,1.6717001,2.2000976,-1.542999,-3.20945,0.10404521,2.6242976,0.6898875,-0.73010087
1.5416592,-3.3964016,3.3613703,1.7674557,-2.8218672,-2.5568507,0.68417007,2.4742775,0.29764062,-1.3290668
0.94740605,-1.640347,0.9868081,1.9257339,-2.1430624,-2.4944725,0.045736074,2.2426276,1.0014491,-0.8452642
1.3107343,-0.20728055,0.7390091,0.1966162,-1.2909749,-1.864841,-0.43844527,0.5396151,0.033286333,0.90614057
-0.9977349,-2.2843583,3.773342,2.0413344,-2.4791336,-2.3383899,-0.3118909,2.200337,2.542012,-1.9270096
-2.912027,-3.682216,2.45578,5.1512275,-0.8213173,-2.743145,0.2719857,3.5087266,0.48765022,-1.4962678
-1.3516339,-2.7914493,3.0306318,2.486367,-2.0417824,-2.2741978,0.95805484,2.4302335,1.4665905,-1.6400253
0.11189982,-1.6956364,3.3752644,1.3156779,-2.6152205,-1.3934016,-0.53440356,1.2081529,2.2785618,-1.9891889
-0.9295398,-1.0392933,3.8960445,0.6353992,-1.6659651,-0.9986832,-1.1437414,0.6777783,2.826965,-2.22666
-4.3426743,-1.5595645,-0.85525495,3.872027,3.827832,-2.314561,-0.04737118,2.1984134,-2.2086644,1.6287661
-5.517354,-0.809801,-0.16614628,4.071749,3.6995175,-1.4716417,-0.55072486,2.0128891,-1.2742889,0.2780622
-3.8777075,-1.3908864,-1.4694998,3.3160975,2.9316413,-2.475016,0.66175276,3.0651367,-2.519947,2.084023
-4.976878,-1.24128,-0.7389682,3.6349885,3.6637466,-1.7659322,0.25457633,2.0495055,-1.8240441,1.0308256
-6.871728,-2.6287224,0.18739153,5.872131,3.7056298,-2.7115703,0.6995283,3.3234553,-1.3344027,0.02357325
-6.253377,-2.1431487,-0.36568686,5.574637,4.2090516,-3.6019087,1.1395524,2.9571242,-0.9957991,-0.19744232
-4.573091,-3.0021884,-0.32696456,5.902269,2.1676693,-2.579098,-0.27443355,2.6895247,-1.1026313,1.3669252
-4.4609785,-4.272031,1.51223,4.897146,1.9180245,-2.2221792,-0.11347717,4.205307,-1.6884762,0.4978837
-3.911366,-2.8757567,0.03381596,3.8450298,1.7186404,-2.4595149,0.6474639,3.8282769,-2.2109838,1.6836958
-4.714646,-2.0698638,-0.55868566,5.4169307,3.5165555,-3.664841,-0.029949844,2.640251,-1.815362,1.4540652
-5.1596336,-2.3522449,-0.70419544,5.6437645,3.2635193,-2.9014196,0.4064055,3.0839338,-2.3730185,1.4308968
-5.1952715,-3.1222045,0.3523569,4.805292,4.2006345,-2.64906,0.81382316,2.540466,-1.5049413,-0.11357483
-5.65942,-2.5483005,-1.3963456,5.243747,4.5094256,-2.5286744,0.15914094,2.7481618,-2.3342507,2.2295787
-6.2067976,-3.7234862,-0.30078194,5.816515,3.1005335,-2.2755406,0.7989228,3.4672332,-1.4585944,1.1107637
-6.3341665,-2.0991886,-1.3243865,4.464836,4.9682117,-2.1212955,0.5605296,2.111656,-2.2746794,2.4501746
-4.986476,-1.937032,-0.58318007,4.035557,4.4514337,-2.799298,0.2543344,2.563521,-1.7885622,0.9536922
-5.3158236,-1.3257715,-1.5741793,2.6837404,6.2919006,-1.6950877,-0.05894649,0.3155198,-2.093402,2.8321736
-4.3016233,-3.6690617,1.330446,4.861683,1.846821,-2.8604128,0.27041286,3.190249,-1.06663,0.6036141
-5.034798,-0.5137305,-1.8073493,3.4398525,4.7789927,-2.094219,0.54137725,2.2887146,-2.6778586,1.1649413
-4.862497,-4.1385775,0.017801564,6.175501,2.445059,-3.3875422,0.5339526,3.994822,-2.0781794,1.3856173
-5.6565533,-3.7806723,1.8366423,6.3537064,1.2444034,-1.5384793,-1.1729958,3.7800918,-0.89763033,0.32805714
-5.6038957,-2.9513958,0.23493342,5.1108828,3.278768,-2.8450918,0.8206013,2.9328318,-1.1507844,0.64108217
-5.52779,-1.6804774,-0.55886585,4.41629,4.3606057,-1.9430411,-0.17872047,2.4318042,-2.5402975,1.4320402
-4.000016,-2.4229314,0.09375572,4.8810363,2.118264,-2.397789,0.06750649,3.4015284,-2.036776,0.59903055
-4.951394,-0.19791663,-3.5547376,3.1435049,7.5539536,-1.5013686,-0.74893254,1.3059318,-3.9278324,2.821296
-0.1166482,5.420825,-1.1768211,-1.7313768,-0.100246325,-1.2124703,-0.24418491,-1.7999169,0.14097826,0.7879636
-0.3661381,4.9183574,-0.99576724,-1.7377801,-0.05512935,-0.23841092,-1.2148585,-2.113534,0.73668176,1.0897636
-0.15345275,5.7529154,-1.3102188,-1.5544705,-0.13273065,-0.74359286,-0.9218025,-1.7494724,0.2115631,0.7200191
-0.31404847,4.9423532,-0.7772315,-1.7067702,0.17464365,-0.34400302,-0.90499175,-1.9679738,0.93907344,0.061080843
-0.33026958,6.822261,-0.71551675,-2.0896766,-0.06846617,-0.56776905,-1.5521641,-2.8758018,1.1685051,0.35623047
0.014473826,5.408407,-0.8168059,-1.9433169,-0.2551875,-0.6872976,-1.1990091,-2.3030653,1.0659798,0.579703
-0.62807316,5.8581076,-1.0136032,-1.6110562,0.65710336,0.09201439,-2.180483,-2.5815358,-0.2178135,1.4570444
-0.2820722,6.7922688,-1.568506,-1.8418674,-0.074728355,-0.820053,-1.2132809,-2.4311895,0.53400165,0.8429593
-0.5172757,5.134658,-0.6202717,-0.8757614,-0.21159624,-0.7745198,-1.6467777,-1.6717485,-0.3965677,1.44156
0.56993926,5.452265,-0.8532304,-1.6873653,-0.5004648,-1.1095709,-1.1139671,-1.853571,0.8818635,0.25964788
-0.21784064,4.866683,-0.6885157,-1.30557,-0.58625495,-0.4147924,-1.224726,-2.0914783,1.3385496,0.30766186
0.06404951,4.588152,-0.59675014,-1.3729638,-1.1409278,-0.809646,0.022723734,-1.1464075,1.2709275,-0.6484803
-1.0471433,6.5867276,-0.43020013,-1.5097052,-0.19112991,-0.80647373,-1.5216441,-2.634678,1.0797333,0.46750614
-1.0191014,5.8706594,-0.7722787,-1.5056144,0.37900054,-0.61129737,-1.5941691,-2.471651,0.8220227,0.7843188
-0.7585021,5.123061,-2.0002308,-0.962469,0.5023914,0.30319533,-1.7227768,-2.0860124,0.2622457,1.3534598
0.46235564,5.7652206,-1.9016213,-1.7615919,0.18180104,-1.1582665,-0.51406026,-1.7556329,0.22762482,0.28278548
-0.86141145,6.518214,-1.3115717,-1.4597625,0.094029084,-0.41943344,-1.1422347,-2.279662,0.77005273,0.06920597
-1.4429778,4.7171946,-0.42385638,-1.4543573,-0.06844391,0.44432697,-0.8477093,-1.5295943,0.61354136,-0.063815355
-0.32515976,6.076439,-0.819521,-1.2532517,-0.8048554,-0.70528007,-1.4111394,-2.1991267,1.5355603,-0.066860706
-1.0239785,6.3505235,-1.2205985,-1.516963,0.7041146,-0.55210483,-1.698022,-2.625468,0.639091,0.98456144
-1.0060902,3.9708412,-1.3525407,-0.9839816,0.7506036,-0.7378261,-0.5910337,-1.0430706,-0.5938051,1.561126
-0.33034694,5.0796785,-1.6379918,-1.4889213,0.34290934,-0.748006,-1.1689657,-1.4875035,0.101309314,1.3015548
-0.47759733,3.8055494,-0.5560819,-0.90320164,-0.09272955,-0.68037736,-1.1073943,-1.2057134,0.53962123,0.6356001
-0.8324766,4.598977,-0.022269648,-0.9307674,-0.2348312,-1.0618863,-1.0888904,-1.2721531,1.355634,-0.42470124
-0.86807275,4.575012,-0.7209017,-1.5604818,0.060065612,-0.44795462,-0.66191113,-1.3688189,0.5630299,0.31262705
2.5379543,-2.6406982,1.203135,-0.43768713,-2.96729,-0.2193363,0.5180032,1.4536564,-1.1916362,1.7012444
-0.5186764,-1.8391198,-0.26244235,0.6286526,0.16569562,0.07437062,-0.070233166,1.4775753,-2.0582407,2.4065015
1.0211036,-2.0453746,-0.34051883,0.1538479,-1.6527572,-0.6592748,1.3109796,2.3679757,-1.7001911,1.5488842
-0.5239625,-0.17471835,0.104342535,-0.42010978,-0.84291315,2.0914679,-1.362967,-0.40975982,-0.38408995,1.7844883
0.97928643,-2.0563958,-0.24732532,0.12977585,-1.3748167,-0.3166857,0.8340198,2.2110658,-1.7071452,1.562368
0.6718681,-2.2556417,0.07191022,-0.17985132,-1.3644347,0.043704703,1.1758862,1.6743368,-1.303869,1.4774655
-0.8199332,-2.6465251,-0.6389036,1.12847,0.16756536,-0.3390356,1.1308603,2.5485792,-2.543407,2.0628874
-1.4961991,-0.59699106,0.13893981,-0.24767616,0.04122038,1.6642575,-0.051757246,0.114659205,-0.73721194,1.191564
0.80909336,-1.5177679,-0.09708093,-0.6246308,-1.6245589,1.4923036,-0.83006364,0.58958894,-1.558425,3.265888
-1.2560459,-1.8761935,-0.33047822,1.6452154,0.8120713,-2.073651,1.4701638,2.477892,-1.3454318,0.5507939
-4.5457087,0.51611865,-2.7000341,1.9284142,5.0615573,0.28833702,-0.7060789,0.72698486,-3.1115084,2.727251
-3.6886458,-0.12440047,-2.080419,2.1169243,4.2938786,-0.66882503,-0.82452875,0.15239501,-2.377083,3.1616228
-0.36027214,0.108650595,0.48700625,1.0139321,-0.73182017,-1.8208243,-0.12897521,1.1219392,0.06399275,0.32023138
-4.5512805,-0.04205787,-2.222118,3.0189636,5.1663413,-1.5311836,-0.8058236,1.2134331,-3.1966488,3.0133622
-1.2148548,-1.5101323,-1.2622453,1.0984694,0.8528582,-1.0719767,1.4920466,2.645486,-2.403669,1.4307085
1.3292639,-1.5114553,-0.10670884,-0.050661594,-1.7490749,-0.6909435,1.0274565,1.7882124,-1.4692545,1.4835398
0.21163794,-1.6824086,0.061059903,0.020422302,-1.2555625,0.79288936,-0.24652871,1.3358411,-1.7119427,2.3688192
0.2204648,-1.1062832,-0.58865863,0.30211726,-0.27038717,0.27303037,-0.11774966,1.0209275,-1.63242,1.7573467
0.1626583,-0.6407858,-0.021222476,-0.48329374,-1.2505536,1.4629138,-0.7466036,0.23911777,-1.0353565,2.2667222
0.6754228,-0.8230579,0.46904445,-0.85219556,-1.9001122,0.6739826,0.36082208,0.8493219,-0.79714906,1.3382263
0.28337494,-2.5966485,0.5136331,0.7581812,-1.1292578,-0.42401978,0.7850134,2.13274,-1.5544204,1.2234266
-4.364626,-0.7074988,-2.255338,2.3181074,5.000091,-0.87046826,-0.29502025,1.3108891,-3.057432,3.07707
-0.5506593,-0.63703585,-0.47475818,0.42211196,0.28047258,-0.741429,0.1628372,1.2627932,-1.4248352,1.7000859
0.27939025,1.0406255,-0.4940757,-0.8233566,-0.6072813,0.5969715,-1.3407571,-0.6976122,-0.17436859,2.0819855
-2.148045,-2.880087,0.49462605,2.9459047,0.6704756,-1.6229218,0.5677836,3.079421,-1.4250052,0.41237992
