-1.6263982,-1.2009197,5.006859,0.20485929,-4.934907,1.036312,0.59159243,1.1517227,2.610632,-2.6656697
-1.9255818,-3.2554235,5.0628424,1.2799647,-4.0245705,1.2217574,0.08343732,0.6541091,4.2252445,-3.255949
-3.1179495,-1.620053,4.6137104,1.580557,-3.6414735,-1.3598578,0.36891282,0.55045617,4.904256,-2.5633795
-1.966246,-2.2707849,4.921955,1.1167095,-4.2617865,0.16164136,1.2188917,1.0832293,4.1002483,-4.051926
-2.676035,-1.1679968,4.8425407,2.2987158,-4.286727,1.9337959,-1.890272,-1.089538,5.6751876,-3.843465
-0.83487093,-1.6211995,4.506797,-0.78919077,-4.256435,1.3400605,0.9535748,-0.15288827,5.141573,-4.0045896
-0.91419196,0.33119386,2.3333838,0.43890354,-2.1265616,0.07261653,-0.20588106,-0.48795477,3.6101673,-2.926746
-1.3486105,-2.2937303,4.513218,1.2230417,-5.268965,-1.0288434,1.2719547,2.0537813,3.7362883,-2.947756
-2.0203266,-1.5352241,3.3751416,1.8858128,-4.8454943,-2.6977298,1.7397171,3.2912993,2.3002272,-1.6521792
1.2883023,-1.3093648,2.5792146,-1.4634444,-3.7582018,1.9021344,0.27424163,0.62628746,2.42828,-2.5071297
-0.6126089,-0.3457054,2.9788055,0.3617656,-2.4252715,-0.111261606,0.39243698,-1.0985546,4.3862715,-3.644092
-1.4640554,-2.2981217,3.4903977,0.06603369,-2.9787443,-2.7454588,3.3166015,4.0878673,0.27903664,-1.6915329
-1.8969799,-2.6410885,3.5683408,1.1705514,-2.878333,-2.5891778,1.7166234,2.706044,1.8785372,-1.1379864
-1.1022911,-1.7505788,5.667553,-1.2249137,-4.345393,0.11446923,1.2882036,0.17725284,4.395374,-2.9879634
-0.53719807,-2.3023355,4.2795186,-0.11603062,-3.6053164,-2.5491672,2.1345356,1.9836695,3.2309034,-2.802315
-0.6782061,-1.7897204,3.4269524,0.8570186,-2.2432737,-0.15516928,0.4751868,-0.21857232,3.4857812,-3.4088976
-1.5173522,-2.0569043,3.7988482,0.8378886,-2.5733883,-1.2337673,1.1184391,1.682261,2.4183002,-2.8695486
-1.7155808,-1.9475026,3.8809803,0.65040445,-2.2760663,-1.9090097,1.2052585,1.9884591,2.0059905,-2.2091262
-2.9410462,-1.165288,3.4883897,1.1908994,-3.7924511,-0.0425812,0.056267023,0.96047246,3.0341885,-0.93727136
-3.1620736,-0.76596045,4.561985,1.4294094,-2.2428827,0.8755997,-0.7458317,0.072563246,4.60375,-4.777712
-0.13447274,-2.7228303,3.7090712,0.3407341,-3.543739,0.07550843,0.49281532,1.1779432,2.6150587,-2.118474
-0.6413993,-2.9622746,3.5021462,-0.82753384,-2.4854896,-0.7843012,1.9271003,2.0284772,1.2410026,-1.0887947
-1.6162819,-2.3841681,2.6551044,0.9507005,-3.4897196,-4.282316,4.2082753,4.5763617,-0.23638633,-0.6576607
0.7904881,-1.5158706,2.0659542,-1.2637581,-3.627632,-2.454006,4.202106,3.497182,0.25281745,-1.9003828
-1.5832593,-2.0153503,4.3169346,1.5521061,-3.877102,-0.1932252,0.6063904,1.2585009,3.7778661,-3.7767067
-0.13985653,-0.5979157,1.6842763,0.01759699,-1.8457775,1.3900254,-0.5477592,-0.4545016,2.5242074,-2.0994031
-0.18530776,-0.23292673,1.2019317,0.067381084,-1.2500052,0.41937354,-0.41112918,0.12786543,1.3597667,-1.0892764
0.065245286,1.1989423,0.32474953,-0.41588137,-1.4459908,2.7677023,-0.89274824,-1.1052413,1.2022016,-1.5356452
0.053652868,-1.0418725,0.38560325,0.061950892,-0.13154267,2.5530062,-1.5227697,-0.7802155,0.73295367,-0.41832262
0.54685766,0.16052246,-0.66567475,0.30406758,-1.3437935,3.4682317,-1.6824569,-0.9070866,0.6943052,-0.61675334
0.10505696,-1.227385,0.17607167,0.25955436,-0.5613563,4.399525,-2.8627396,-1.3426392,1.6197443,-0.6504904
0.25709963,0.008598387,-0.35273987,-0.4756656,0.26254955,4.2803893,-2.6967309,-1.1688544,0.540578,-0.49583584
0.687251,-0.062197685,0.038609758,-1.2569189,0.21639118,5.3737526,-3.0255704,-2.3691194,0.82148623,-0.27934128
0.47918642,0.17762703,-0.35603797,-0.31727082,-0.35927776,3.7721179,-2.279392,-1.5349634,0.7188581,-0.18784262
-0.70290506,-0.38311946,0.84273684,-0.42804462,0.5178565,3.5209527,-2.151834,-2.033564,1.7658737,-0.89906555
-0.16270523,-0.727157,1.0396428,-0.7910985,0.06516801,3.6760986,-2.11318,-1.3659332,0.9060941,-0.49281663
0.81894976,-0.02081275,0.1662102,-0.9450619,-1.0364444,3.0829623,-1.7856148,-0.85023415,0.06698832,0.50741315
-1.3791648,-0.20859641,-0.09895128,0.60428023,0.10161196,4.4547625,-2.6323006,-1.3719966,1.7852483,-1.2444644
-1.6593436,0.32218468,0.39366436,0.58472455,0.18329366,4.1698675,-2.8842788,-1.3176278,1.368571,-1.1156192
-0.96865857,-0.25558063,0.34636888,0.11554411,0.959725,3.4318984,-1.9562675,-1.797891,1.6559951,-1.4455361
-1.6230531,-0.17139456,1.6106882,-0.53603125,-0.51159626,2.7990117,-1.6131212,-0.85040903,1.8516834,-0.9375603
0.8008319,-1.7939185,1.2541108,-1.2187752,-1.2023538,4.222867,-1.2932262,-0.9056276,1.3127855,-1.0581521
-1.0094639,-0.9576322,1.0539947,-0.34989214,0.15211955,2.5570855,-1.2662202,-0.44706497,0.45127472,-0.11107735
1.1475397,0.09341496,-1.4864197,-0.3200815,0.255089,0.84997267,-1.0894085,0.5235245,-1.071567,1.1816552
-0.40793347,-0.33710447,0.64568216,0.41113433,-0.41985342,3.6675298,-2.2686195,-1.3984288,0.78759384,-0.7681122
0.22130589,0.6314223,-0.94107914,-0.14140901,-0.8185612,5.1388264,-3.407997,-2.252187,0.79313755,0.8060236
0.36869413,0.12700218,0.055372447,-1.2406558,-0.079688564,4.7586026,-2.6635501,-2.2070284,1.1838136,-0.04889141
-1.7217535,-1.0645716,1.5716572,0.6582844,-1.0514297,3.8980165,-2.5238748,-0.57212234,1.9057992,-1.0499341
0.7727092,0.6126789,-0.6822608,-0.49941933,-0.16806553,3.5265112,-2.1637456,-1.370131,0.2120069,-0.08624853
-2.35587,-2.393528,1.988359,1.9082866,-0.5541901,-1.465687,0.4231202,2.2631898,0.5576619,-0.7800009
-3.0525362,-1.1337717,-1.4004979,1.5130824,6.0521393,0.5187451,-2.8057346,-0.02896157,-1.5733647,1.6787155
-3.7987738,-0.07787326,-0.17254473,3.9291809,0.20586844,-3.460028,0.5700228,2.6371179,0.59636533,-1.079898
-1.1239842,1.206642,-1.3914311,1.0885448,0.894408,-1.884341,-0.18813044,0.8255409,-0.7210628,0.98378575
-0.8991991,-0.83900726,-2.0168917,0.18021896,6.2045994,1.2235272,-3.321988,-1.3854713,-1.7322849,2.3667433
-2.6967409,1.8472761,-2.183298,2.9816096,2.4667723,-0.60957694,-2.6608884,-0.15466776,-0.6088096,1.3415179
-2.7394931,0.15212351,0.22805917,3.676933,-1.5726928,-1.1942179,-0.31210494,0.7781464,0.85197186,-0.5455286
-1.0514933,0.61930573,-1.5248861,0.32785186,4.845645,0.74647427,-1.9371688,-0.70219564,-0.877838,-0.5234679
-3.6228533,1.7099975,-3.592359,2.737583,6.916312,1.1629419,-3.1728241,-0.86171114,-1.9035758,0.14320312
-2.0711322,2.208724,-1.3862023,2.9650865,-0.31742886,-1.4625173,-1.2612767,0.15253785,0.8637421,-0.0049677044
-0.42475307,1.0286715,-2.2031543,1.0633993,1.9229983,0.16215008,-1.3601353,-0.6542362,-0.89325655,0.9036751
-0.627756,1.2198406,-2.0693464,1.2751352,2.107286,0.046227157,-1.9163252,-0.69438946,-0.020638973,0.4200958
-3.8454137,-0.44055685,-0.97176915,4.91363,1.5990541,-0.8871462,-2.3590896,0.6713606,-0.7551981,1.544463
-4.1938286,1.1159989,-0.93026155,3.363108,3.3899891,-0.7005128,-2.6275878,-0.2529194,0.57265985,-0.00414674
-2.5397778,1.9200071,-2.252673,3.297619,1.4840146,-0.44101137,-2.3924932,-0.16882029,-0.14050874,0.6538013
-1.447388,2.1944036,-3.791586,0.10708505,5.921292,2.3621588,-2.7783015,-1.5792089,-2.4247258,1.4173471
-2.8496864,0.7118815,-2.3294785,1.2813894,6.3521442,1.3480704,-2.3936613,-1.9017377,-0.7189131,0.2432291
-3.3220398,-0.21757269,-1.4061968,3.5510628,3.430013,-2.429467,-0.5220188,1.5080059,-0.88327384,-0.4273085
-2.3522413,1.5388275,-2.7541084,2.8283627,3.4210124,-1.5657508,-3.071839,-0.5700742,-0.47324905,2.2739809
-4.718301,0.42253685,-1.68781,3.3120577,6.0823703,0.9417848,-3.9713304,-1.4704849,-0.093732744,0.5600687
-2.7187726,-0.026771188,-1.6266873,4.6478424,2.0773633,-3.4305544,-0.6065678,1.8668587,-1.0886654,0.15109007
-2.6224198,1.2312435,-2.1565092,1.9673865,4.331478,-0.2894495,-2.1383355,-0.17883554,-1.7479278,1.1764181
-5.283179,-0.096046805,-1.6042707,4.4157357,3.8958704,-2.5736427,-2.236633,1.806118,-1.4371494,2.4820044
-3.4371047,1.5579454,-1.8160803,1.3736185,5.50365,1.491574,-3.08469,-1.5820812,0.37362114,-0.52545166
-2.2267866,1.4608687,-2.4783401,2.0075114,5.367262,-0.08646771,-3.0548356,-0.97140956,-1.0675304,0.7979752
-2.170714,0.6991329,-1.3093588,1.2670664,5.01416,1.1617789,-3.5093205,-1.3427653,-0.30988643,0.36919641
-0.25348008,1.9660598,0.35156247,0.895802,-3.7887428,-3.6799576,3.1672144,3.1294649,0.950891,-2.7651026
0.16713677,-0.45961177,1.9006808,0.3914636,-1.8910593,-0.13190514,-0.33181244,-0.5254879,3.1564908,-2.4293833
-2.24665,0.5099458,3.4222193,1.0363158,-3.000952,1.0077579,-1.2332046,-0.66730714,5.1654286,-4.0864525
-1.2933375,-1.350671,2.8664286,0.8865378,-3.2989612,-1.1318371,1.5088912,1.391726,2.9963102,-2.6944654
2.4134498,-0.7625469,-0.0033910237,-1.0575001,-4.5109897,-3.710821,4.6477904,4.622627,-0.76607716,-0.6094793
0.90945375,0.19179672,0.41707605,-0.42777896,-2.1286654,-3.1307807,3.1385577,2.6922657,0.26498052,-1.8289413
0.5316152,-0.7255995,0.6638776,0.77624786,-3.854389,-3.310024,3.322062,3.3607147,0.07846004,-0.89777243
-1.4538524,-0.57112604,2.5060103,0.46147558,-2.6954157,1.6786349,-0.5118204,0.27286375,3.9643967,-3.774369
-0.21554889,-0.5457214,2.7796128,0.75719535,-4.128872,-1.9659202,2.0287206,1.4341264,3.9749286,-4.1839848
-0.12598337,-1.4851242,1.8267767,-0.4880552,-2.5993063,-3.3834388,3.8607411,3.5380838,0.114661425,-1.2176925
-0.95791364,-0.3622431,2.0310705,1.3220648,-3.7525325,-2.0582688,1.7807513,1.5739818,3.654253,-3.4282677
1.3340576,-0.8358858,1.3394823,-1.4872605,-3.6313627,-3.6747296,4.78384,3.5960588,0.47630736,-1.8242242
-1.0192369,0.7219771,0.97880775,0.9146271,-1.6095548,-1.8178113,0.9612376,0.9629562,1.4601183,-2.0034964
-0.45442915,-0.7638606,1.727421,1.1738611,-3.1978178,-1.9835503,1.6766226,2.0932941,1.632207,-2.109366
-1.3682868,-2.5792365,3.8794234,1.7769177,-4.1842203,-1.2985382,0.59160787,1.561801,2.722226,-1.4437166
0.6065947,-0.6657839,0.948505,0.4258459,-3.9108894,-2.5947716,2.8214571,2.8339765,0.48327515,-0.95143604
-1.3238331,-1.8337867,3.487298,1.3398612,-2.7764657,-1.316787,0.62989175,1.0676345,3.5618944,-3.0207713
0.25020614,-0.64545465,0.62364244,0.07619253,-2.702576,-1.1126368,2.0770593,2.123618,0.21279237,-0.7665456
1.07951,-1.5423803,0.3725449,0.05165884,-2.7328467,-2.0514345,2.7320244,2.8199005,-1.0169721,0.27836478
-1.9857587,0.30380905,2.0648408,0.96862507,-2.8560424,-2.0016048,2.1429574,2.5245697,1.7387195,-2.7559164
0.8187896,-0.8201961,2.9841237,-0.22083923,-3.033119,-0.07100752,-0.10699096,-0.65534234,3.9823477,-2.9160397
-0.48977417,-0.19640046,2.3086824,0.33581468,-2.6035626,-0.8018784,0.8277556,0.62183857,2.5710902,-2.7184956
0.15145291,-0.33158565,0.68205553,-0.024939656,-2.6092436,-3.4666684,3.6923711,3.1326149,1.2015152,-2.4175737
0.6920681,-0.9533467,1.3203478,0.14310488,-3.702664,-2.8569129,3.4796445,2.32851,1.0506792,-1.5900182
0.19341229,-0.6878725,1.1275947,0.7818457,-1.7019848,-0.6695396,0.69108015,1.2933117,1.7243019,-2.8171365
-2.090145,-0.51032597,2.9277136,1.5271257,-1.8816867,0.7490831,-0.8766084,0.4173897,3.552471,-3.9844472
-1.2188077,0.26587605,2.2232776,0.30494687,-3.7724586,1.2477442,0.43732867,0.16676214,4.5552063,-4.222776
-1.6434327,-1.6058638,3.8347192,0.67605436,-2.8435514,0.34540406,-0.19705176,0.5816747,5.1448555,-4.35643
-3.296122,-1.0659276,3.7723196,1.7000087,-2.242289,-0.8958915,0.035858363,0.6461127,5.4644895,-4.5137196
-1.4337866,3.3016577,0.7846107,1.2231524,-2.4323814,0.5036705,-1.0868529,-2.0404575,5.4844356,-4.5350695
-3.3282733,0.28675866,3.5890737,1.4822991,-2.1656158,0.17504197,-0.08438748,0.36933982,4.675268,-5.0635967
-2.5876799,-0.918308,3.8388307,1.5695426,-2.302992,2.3059485,-1.3217744,-1.6858082,5.6114306,-4.67855
-2.5939765,0.8568958,0.41627502,2.1564777,-1.9001582,0.87590593,-1.1386687,0.041051716,4.0700364,-3.0311203
-1.6856552,-1.9692279,1.9947598,1.1353437,-3.8045013,-3.491402,3.3274224,4.586248,0.40443614,-0.801073
-3.1864836,0.9345063,2.0684652,1.9282691,-2.1413586,0.44651133,-1.4406723,-0.07837397,4.4296556,-3.2921906
-1.530268,0.95123935,1.3471377,-0.124456674,-1.0220499,2.2200778,-0.49087143,-0.81915045,3.4272602,-3.7115462
-3.713303,1.3222963,0.94993055,3.5128338,-0.0496306,-0.8057082,-0.90371937,0.41022453,2.2958748,-3.4538703
-0.07667692,-1.7141212,3.5265203,1.272702,-3.8105767,-0.47142446,0.6244425,0.17142825,4.1506715,-4.012845
-1.6964103,1.8784691,1.7364812,0.8494735,-1.9459661,-1.1922758,0.47193554,-0.5952616,4.003079,-3.659993
-0.91985595,-0.08479786,0.7571174,1.3019958,-2.0786538,-2.242192,0.9736242,0.9769943,1.5847322,-0.7504417
-0.13704558,0.12550008,2.5090144,0.124314636,-2.6359818,1.6243353,-1.7448698,-2.0963652,6.664029,-4.656522
-2.1134615,-0.47964507,3.4836314,0.7269591,-1.6872976,1.5443368,-1.34261,-0.77639115,4.1664844,-3.4898298
-1.6130792,-0.0061618686,2.2337632,0.8241687,-2.8427098,-0.69959456,0.9796194,1.4544387,2.6235495,-2.853156
1.868519,-1.3957992,1.0758524,-0.62624186,-2.814339,-2.759035,3.6439,2.5317771,1.1622199,-2.7962554
-0.5343674,-1.0168576,2.7112188,0.6240202,-4.4347463,-2.8118875,3.7111118,3.1115382,0.90761745,-2.3405056
-1.7097466,-0.72660685,1.7879181,1.2427155,-2.8256872,-1.9229872,1.1470373,1.7168977,1.7799962,-0.64394593
-1.1708862,-0.9193758,3.6903694,0.8832507,-3.4871676,-0.8854901,-0.20635363,0.34158558,5.216329,-3.5534396
-1.9183992,-2.105558,4.2838306,0.90779173,-3.5116842,3.0324135,-1.7925991,-1.3538815,5.200456,-2.7873814
-1.3328327,-1.0059321,2.5313783,1.4590054,-3.4807549,-0.054345757,0.061639264,0.48354527,2.9703162,-2.012874
-0.03368871,1.5276561,0.45353803,1.1089284,-3.4426053,0.6139998,-0.09584528,-1.2389398,4.584827,-3.5599537
0.12602909,4.653845,-1.8574216,-0.021402746,-0.61835134,-0.3814215,-0.7097005,-0.940722,0.2966996,-0.69184667
-0.055919245,5.918577,-3.0223985,0.46586522,-0.18656118,-1.4196417,-0.5047947,-1.0632579,0.20662948,-0.38010633
0.26445776,5.5611,-3.5186377,0.2775285,1.3132197,0.6017629,-2.0270803,-2.3268256,0.7351713,-1.0110214
0.38890707,5.5315332,-3.2389,-0.18163294,0.47490284,-1.4898453,-1.625175,-1.2846222,0.4570581,0.91969365
0.32251465,5.2405972,-1.3243318,-1.3492342,-0.41588035,-0.44179833,-0.56072205,-1.0728554,-0.6184188,0.5122896
-0.6065519,5.1626043,-3.8694532,0.8276267,0.8035313,-1.5481105,-0.6044133,-0.02917412,-1.5166214,1.0915644
-0.776837,5.136563,-3.9212718,0.6002929,2.0335925,-1.4993389,-1.5171543,0.01749669,-1.2613498,0.97958875
-0.11355229,5.762574,-3.4678664,-0.16216484,0.5908669,0.20004857,-1.8543043,-2.2933872,0.65869784,0.39273918
2.1381974,5.0762343,-4.189768,0.60735524,0.2497636,-2.7392688,-1.5273429,-1.5504171,-1.3065277,3.0061553
-1.7214152,6.31846,-1.3097308,0.82664347,-2.1348355,-0.46897453,-0.9356053,-0.7730787,1.2365069,-0.75649333
-0.4637372,7.60135,-4.1187253,0.3693656,0.39869308,-1.2503145,-1.7665023,-1.9237258,0.50731254,0.43159616
0.026313946,5.2892785,-2.4870067,-0.27971306,-0.3206769,-1.2355602,-0.8366244,-0.7674701,0.0042763054,0.31252545
-0.22642367,5.1683464,-2.5943036,0.3139648,1.2706528,-0.53574944,-1.4000611,-1.7606597,0.09243539,-0.7451014
-0.11396758,7.612645,-4.7267833,0.941416,1.6707784,-1.724201,-1.7847804,-0.87856483,-1.3796284,0.5432042
-0.08590935,6.167714,-2.877906,-0.42011872,-0.18189849,1.2997301,-1.7062197,-3.559714,1.8066471,-0.8917629
-1.910823,4.325509,-2.7922053,0.9970174,1.9414983,1.3712158,-2.0155876,-1.9034514,-0.38473865,0.2957092
0.36925805,5.412327,-4.5563793,1.3917397,0.85149276,-0.35012347,-2.372772,-1.2136556,-1.3536701,1.6759545
1.0499855,8.417571,-5.285485,0.3143445,-0.6637207,-1.3812072,-1.9902726,-1.9640739,-0.1471372,1.48247
-1.4368441,7.831403,-3.1845307,0.6622938,-1.5176436,0.14385015,-1.1647692,-1.4171126,1.2242105,-0.751879
-0.17328502,7.388627,-3.6258483,0.50702333,-0.020375747,-0.56973773,-1.3465203,-1.6865802,0.522254,-0.70099175
0.99131405,5.0997257,-3.8191705,0.27216163,-1.3175222,-0.5054402,-0.3041867,-1.1289904,0.94718397,-0.54767454
-0.2257867,4.8294253,-2.2681952,1.2367035,-1.0255895,-1.2043116,-0.5168698,-0.75543416,-0.1428614,0.031115685
-0.27469766,5.210942,-4.0874805,1.3438091,-0.18035318,-1.0455377,-1.7112148,-0.6806792,-0.7235426,1.7868503
0.1894487,5.1266484,-3.3231182,0.5634899,-0.115476176,-0.36423784,-0.4143677,-1.3731819,-0.21300763,-0.20707618
-1.5620358,7.363015,-3.3217096,-0.22417584,0.7035124,1.8720522,-1.906712,-2.2607274,0.875679,-1.2473763
-3.931335,-0.56104696,0.9259954,6.052276,-3.0807092,-1.6938887,-1.1975976,2.300313,0.6597918,0.058368087
-3.58978,-1.74044,1.2528334,4.1266956,-1.0728642,-1.780781,-0.80282867,3.176811,-0.40395436,0.53545946
-6.2967253,-0.44562423,-0.64910907,7.7250485,1.4604979,-3.0261405,-1.7582204,3.8517592,-0.18957587,-1.2089108
-2.7704954,-1.3863392,0.702746,4.772021,-1.3094944,-3.7141783,0.74950874,3.061809,0.08832097,-0.8349422
-5.1514874,0.9459363,-0.77598625,6.3505583,0.27102143,-4.1198206,-0.7869016,3.2875192,1.1234436,-1.960911
-2.4690123,-0.9477714,-0.6321104,5.1848526,-0.28655007,-1.1327088,-1.4018749,1.0599265,1.5798218,-1.8425555
-3.4331112,-1.3354458,-0.702706,5.1148963,0.7227489,-0.771311,-2.1094568,1.7710117,0.21132788,-0.10717295
-3.595971,-2.178175,0.9128748,6.255332,-0.3778539,-1.7634883,-1.4657947,1.9459713,0.43308017,-0.98068297
-1.5915192,-0.73239726,-0.00901562,4.3537946,-3.400507,-0.80371064,-0.14996618,1.8391783,0.5956007,-0.50684094
-1.9659778,-0.41352105,0.005600095,5.2241855,-0.096624985,-2.000761,-1.9983906,0.27929682,1.8907259,-1.9678025
-3.5773418,0.82555676,-0.12159285,5.1730533,-1.049464,-2.5204003,-0.19000706,2.4530597,0.6120423,-1.9314699
-3.2957687,-0.122857094,-0.8245439,6.469665,-0.44893044,-2.5988374,-1.3752075,1.9181241,0.13050327,-0.6123431
-5.560808,0.6444162,-0.0854955,5.40308,0.0965669,1.130399,-3.3227034,0.034192413,1.8161128,-0.75809485
-5.205795,0.28872097,-0.88099927,6.5074725,-0.6779926,-4.137318,-0.5253299,3.558815,-0.237899,0.5739013
-3.754197,-0.87823886,1.0730765,5.6549067,-3.3640645,0.47731978,-2.0474985,0.8737141,3.1154454,-1.6967864
-4.1090164,0.92015016,0.26618123,5.3613973,-1.1174133,-3.5488026,0.13545057,2.033919,0.76087594,-1.3580366
-1.2232283,0.027332008,-1.076932,4.3103356,-1.5311536,-2.378188,-0.6275194,0.6296289,1.544866,-0.61980546
-2.2308135,0.6595936,-0.9865864,4.687685,-1.470214,-1.7604516,-1.7194732,1.6345812,0.15560958,0.48299527
-5.4838114,0.012842655,-1.076231,6.2554483,1.4413477,-3.1475427,-2.3198564,2.308396,0.17579567,0.97101605
-5.7721806,-0.43323278,2.3298779,5.572348,0.35777134,-1.8277447,-2.8636959,0.4590206,3.2470832,-1.4834061
-2.0668106,-1.0770514,-0.53151256,4.075623,-1.0166303,-2.1341407,-0.40533954,2.490072,-0.70081735,1.0467623
-5.6419578,0.073326945,1.537312,5.700024,-0.029824037,-3.1207066,-1.6470317,1.9190347,2.2780719,-1.8693997
-3.8081136,1.5417076,-0.588142,5.027101,-1.4533722,-1.7950454,-1.4298247,1.0280579,1.5657578,-0.8375628
-3.5659187,-0.8740834,0.9765613,5.2054186,-0.7580451,-1.259052,-1.1857383,1.846797,1.9585197,-2.8539593
-1.9138178,-1.2053852,1.1625388,2.21741,-1.6915588,-1.9357111,0.94789946,2.6376464,0.6664989,-1.1767579
3.485151,2.1179576,-2.8920455,-1.2109365,-0.5096104,-1.301857,0.6594346,0.61650836,-1.3272188,0.3055327
2.5958724,0.14785343,-1.1396163,-0.63747257,0.25143456,-0.7442972,0.10172931,-0.52952313,-0.5331571,0.18201567
1.8589492,0.19232309,-1.1960964,0.90697145,-1.4216138,-3.5010812,0.7818798,1.9488571,-1.654986,1.4928801
3.755546,0.8159312,-2.2238202,-0.8654852,-1.4850035,-1.751111,1.0140568,0.8699558,-1.5214065,1.2803075
4.2904563,1.280356,-2.061552,-0.8217269,-2.1485918,-1.6953976,1.38553,0.45932233,-0.7730957,0.010093316
3.9886608,0.3472457,-0.6956298,-1.4017236,-2.067789,-0.5478123,0.51935434,-0.008825988,0.5952581,-0.73371226
3.8808408,-0.26098463,-2.4983997,-1.1369108,0.13651025,-1.4438705,0.077842906,0.3889861,-2.3373845,3.0611942
5.056465,0.7709178,-1.7058053,-2.3299482,-1.6779433,0.007358998,0.24940288,0.10647023,-1.2427964,0.9199517
3.8321035,0.8519839,-1.9616153,-1.0075903,-1.6549715,-2.810989,1.9132568,1.2442766,-1.5261157,1.0557193
4.640647,-0.27044058,-2.2677116,-1.1366353,-1.034244,-0.66076535,0.43489,0.44931215,-1.733293,1.5860207
2.177996,-0.12429702,-0.37647644,-0.66907704,-2.6491382,-3.798447,4.1548734,3.257616,0.24907312,-2.2377875
3.071401,-0.46000636,-1.5056746,-0.46220142,-2.107241,-2.2154896,1.4405388,1.9419318,-1.9364096,1.9619051
5.5240045,0.037581563,-2.0408487,-1.5720539,-2.7472851,-3.1086004,2.4833767,2.2876217,-1.8363385,1.0533448
3.2835999,-1.3186572,-0.9236681,-0.8096893,-2.0747797,-0.7337616,1.3886293,1.5913715,-1.037398,0.36644554
3.574337,-0.23368835,-1.2015584,-2.0143325,-1.9292486,-1.0386024,1.6139823,1.5057716,-1.5396819,1.294892
4.036234,-0.082499504,-1.9355175,-1.3024572,-1.4020369,-0.7631956,0.47470856,1.3276014,-2.301461,1.9373006
-1.1727567,-2.090137,-0.07126659,1.5800838,-0.588211,-3.1317036,2.3245354,4.4011183,-1.6306443,0.13203466
3.0016813,-1.0261331,-1.3450174,-1.1536996,0.07624166,-1.3901758,1.146221,0.95303667,-2.1739395,1.8567314
3.8511581,0.98200023,-1.2416363,-1.645738,-2.1945555,-1.4229131,1.230658,0.60129166,-1.2981789,1.2312298
3.733522,-0.45744017,-0.8244104,-1.8236287,-1.6805483,0.70667934,-0.14917353,-0.027270958,-0.5750689,1.2543379
2.9533076,0.142048,-1.5917315,-0.9809897,-1.030282,-1.5179954,1.1884897,1.5213109,-1.8498406,1.0860221
2.6317437,-0.31138265,-0.7505794,-0.42393765,-1.6990666,-2.0166063,1.0605648,0.99788034,-1.0387727,1.363548
3.6861348,-0.16070071,-0.9807965,-1.1045641,-1.3574768,-0.4671685,0.40783623,0.26070595,-1.0025653,0.6398225
4.8023467,-0.90985364,-0.51955473,-2.669199,-1.9200377,-1.229506,1.4419864,1.2863637,-0.8042991,0.5675355
4.4088583,0.96947217,-2.1098979,-2.5677395,-0.2672285,-0.3714671,0.46771392,-0.054405957,-1.7347424,1.3147097
-3.0290308,0.089155555,-1.6085052,2.015012,4.0165114,1.6306221,-3.8934658,-0.64181364,-2.0355964,3.3535016
-0.3867284,-1.7808411,-1.3534808,1.9864726,0.20573564,-2.286107,-1.5768228,1.7314973,-4.458778,7.2962017
-1.2321061,0.34460258,-2.1051393,2.5501654,-0.18022688,0.43216878,-2.767704,0.057904392,-2.4122248,4.652452
-1.2265629,-1.2072988,-2.369914,1.6746647,2.804377,0.023105145,-2.026008,0.4841524,-4.079763,5.5510535
-2.5248885,-0.5583148,-1.987854,1.6385307,4.0875015,1.0664382,-3.1906812,-0.6143105,-1.80354,3.5751667
-1.6988102,-0.27825844,-2.1655653,0.8248067,5.045271,0.85648584,-2.861323,-1.1260171,-1.29494,2.5210674
-0.9304936,-0.70759565,-1.4150608,1.8001955,1.4916155,0.005696088,-3.49257,-0.5566397,-2.4092913,5.4208336
-1.7233332,-1.1637061,-1.4306419,3.2997046,0.64167225,-0.91551036,-3.2276194,1.097056,-3.5537064,6.3984656
-0.7081517,-3.074378,-2.4872565,2.689977,2.6097403,-1.5324969,-2.3147328,1.6959887,-5.1187773,7.4218397
-2.6403677,0.31091303,-2.563794,1.4999708,2.8572803,-0.28929877,-3.1405737,0.36825636,-3.7883747,6.8633776
-0.33341652,-0.6245939,-3.4882982,3.1140087,1.6429749,-3.3780954,-2.46239,2.0003586,-4.518992,7.460306
-0.3135841,-0.3166552,-2.0736115,1.848594,0.2081273,-2.6915917,-1.868673,1.4584589,-4.2627745,7.445322
-3.872589,-0.24196863,-2.6036866,3.6530218,3.3230321,-0.0457142,-3.5741458,0.12936245,-3.0732954,5.76578
0.00419119,-0.6651728,-1.2795846,1.8818634,0.30723664,-1.6251581,-2.240472,0.8883476,-2.0793748,4.5061717
0.18105759,-0.38183755,-2.7487993,2.6858552,-0.5409272,-1.5663953,-2.523347,1.5348686,-4.5645366,7.142026
-1.1934727,0.55183446,-3.4436653,1.149584,2.3917592,-0.5049631,-2.7458715,0.5573145,-4.668101,7.614876
-0.45793396,-0.95645213,-1.7558641,1.4863725,0.5017643,-1.6454608,-1.1999954,0.43708104,-2.4382448,5.2601438
-1.5498437,-0.9298966,-1.1304324,1.2306838,1.1719083,-1.4117198,-1.9839039,1.0648972,-2.088657,5.188941
-1.4276129,-0.9176426,-1.3600788,1.9321697,1.0171078,-0.30855423,-1.7374989,0.86407685,-3.3813145,4.769046
0.47510856,-1.642348,-1.2897332,1.3223234,-1.197453,-2.4670818,-1.4627981,1.5346671,-2.6590178,6.824411
-1.6594485,-2.4369059,-2.7340975,2.6538038,2.8056276,0.18140328,-4.019284,1.1184639,-5.611187,9.163685
-0.90428746,-1.6504179,-0.47072828,0.52167916,-0.0056042112,0.4682536,-2.551552,0.3169628,-2.31022,6.1899137
-1.1827209,-1.0721937,-2.1653383,1.0800484,1.855876,0.15255527,-2.2719111,0.54273856,-4.1845584,6.6339254
1.0902792,-2.8170414,-0.8178527,0.25537434,1.5527658,-1.0086904,-1.9579002,0.29045275,-3.2275376,6.0078883
-0.3907858,-0.8251593,-2.622962,0.6154132,2.6965706,-0.6707834,-2.1286957,0.28260237,-4.1790495,6.863936
-0.12580474,-2.5391617,2.0081105,0.48900202,-2.9508893,-2.1191714,1.8927783,3.3494227,-0.17304441,-0.052797303
0.38716573,-2.321225,1.3055017,0.58371377,-3.0283315,-3.5776577,2.363569,3.8864505,-1.3262017,1.558105
-1.0688583,-1.6255922,0.6206166,1.5850823,-0.36602303,-3.069035,1.9298546,2.9664695,-0.04825081,-1.2982398
-1.5030988,-2.5608106,0.551928,2.7084336,-1.8863094,-3.7005212,2.052151,4.1754174,-1.7489008,1.3537415
-0.48667812,-0.7424995,0.13975564,0.78985226,-1.8863928,-1.7408428,1.9260892,3.1016943,-0.6310425,-0.57917637
-0.1686738,0.37151074,-0.7628831,1.5418248,-1.1937139,-4.1492195,2.1755874,2.4143145,-1.6809386,1.1075498
-2.7981942,-1.5129527,0.6094907,3.260881,-0.3010035,-3.4533174,0.92781353,4.2512407,-0.27004498,-0.91580796
-1.9897133,-2.115059,2.703758,1.8672788,-4.1142097,-4.204001,4.2778406,5.643421,-0.32826343,-1.8602507
-1.0578994,0.05305016,-0.06725049,0.833794,-1.0522394,-2.2573786,2.107696,2.9688256,-0.15748523,-1.3775749
-3.0547516,-0.26236984,0.85780287,1.9531038,-1.4193032,-3.82294,1.0769154,3.5510159,-0.29887345,1.1725048
0.97679776,-1.260239,-0.05489403,0.2719241,-1.8879935,-2.8602045,2.1742501,3.5627487,-1.2748394,0.18118261
-0.22235228,-0.74544394,0.41390312,0.93126523,-2.3107302,-2.2482316,1.5781574,2.8126762,-0.35090795,0.030468777
0.2576805,-0.18571007,-0.5526677,0.41703007,-1.5806886,-1.7861655,1.825905,2.583269,-1.2407793,0.1360841
-1.9689752,-0.9309632,-0.5564194,2.5642421,-0.64754343,-3.6781745,1.6490644,4.193738,-1.4901984,0.52113146
-2.3160417,-0.6930509,-0.39771307,3.807042,-2.196214,-2.7618997,0.75930166,3.7280927,-0.1936984,-0.015594557
-1.6574966,-1.5058155,1.5332477,1.5764812,-2.536604,-3.3495433,2.542063,4.4155464,-0.49973843,-0.70919394
-2.2603092,-2.1939492,0.64783835,2.932037,-1.0845451,-5.116099,3.0212486,5.595291,-1.268245,-0.6557208
-0.051803634,-0.7962761,0.27093554,1.4975063,-2.4922998,-3.4083223,2.7991943,3.4311829,-0.7557703,-0.7393697
-0.9818605,-3.0373821,1.0149953,2.5247948,-0.973428,-4.6772346,1.931023,4.770425,-2.0399919,0.937521
0.1170923,-1.5202141,0.85664725,1.1603937,-2.2074583,-2.808242,2.2555006,3.1473162,-0.31371006,-0.89428943
-0.9052106,-1.0281107,0.44258595,0.5882298,-1.4363623,-1.0060539,1.152774,2.8145416,0.40462592,-1.1225598
-1.0827757,-0.7990816,-0.12989338,2.2466335,-0.8204789,-3.2837265,1.5854268,2.8277695,-0.76230776,-0.23843648
-1.0469458,-2.8704243,1.1287606,2.5249593,-2.5304441,-2.976027,1.7298743,4.6911793,-1.3322929,0.23047946
-1.6115999,-1.3662627,-0.61492014,2.5647693,-1.377253,-5.082601,3.4554572,5.8253746,-2.1382244,-0.02110757
-0.96762216,1.2479365,-1.9771981,0.99398017,-0.3529413,-3.5835676,2.7349217,3.999387,-1.5821385,-0.55526876
