-1.8407441,0.25282547,0.801566,-1.9413908,-0.6106619,-1.4784425,4.8547664,1.1841817,4.326036,-5.5358987
-1.5014039,0.8583683,2.588918,-2.5253882,-1.5873755,-2.135772,5.188708,-0.18504466,2.625718,-3.1935205
-1.6649655,-2.4772122,1.9860264,-2.841145,-0.12958157,-1.2035602,5.9302053,1.9440084,1.9617267,-3.2739232
-2.039758,-1.9733378,2.621869,-1.731212,-0.6158162,-0.81003,4.629555,0.8970662,3.8113966,-4.7136965
-1.6259831,0.6942588,2.2316499,-1.8665205,-1.252246,-2.408599,5.491776,0.519662,3.3835316,-4.9293404
-0.49835843,-1.4756143,3.505405,-1.1009693,-2.5526347,1.6152992,0.46985832,-0.4050608,4.6844893,-4.1486588
-0.9304241,-2.6867592,0.64731705,-0.3190224,-1.4984604,1.1949288,1.1713175,3.9813347,-0.09420774,-1.3561157
-2.4700239,-0.3697144,2.4842122,-1.8130119,-0.7598237,0.48876318,2.8622816,-0.15130337,4.2571077,-4.4662905
-2.5856621,-2.6475306,-1.9684869,0.66487515,1.9428991,-0.07436999,1.849308,4.627008,1.422582,-3.1524348
-2.9647157,-1.8888749,1.5386736,-0.4671382,0.17635705,0.19418916,2.1995418,2.3208897,2.3013744,-3.306893
-0.12210133,-3.045333,-0.18511266,0.7876037,-0.14055553,-2.2627633,2.6258042,4.051171,0.42515385,-1.8529454
-3.3040793,0.35632148,2.3393955,-2.0181968,1.0853608,-1.2037185,4.770842,-0.6891981,3.1609564,-4.299828
-0.5073067,-4.238131,-2.02566,-0.22639519,1.3356683,1.3904094,1.4642923,5.018213,-1.4686348,-0.832103
0.10367472,-3.3844478,0.62706596,-1.097868,-0.627385,1.4258238,1.124483,3.0462873,1.3349504,-2.3883734
-3.2207282,-0.58184767,2.6476312,-1.656995,-0.26453787,-0.6176934,4.409414,0.8607858,3.2938898,-4.7965
-2.4188855,-0.944069,3.2774744,-1.5869708,-0.42089623,0.5837624,2.798722,-0.055968124,3.053282,-4.020735
-1.3173794,-1.0129,-0.18850067,0.58388114,-1.583876,-1.5050662,2.0596592,4.220646,2.4452887,-3.5405412
-2.7179153,-1.6732394,4.5880976,-2.707956,-1.1679856,1.927071,2.368569,-0.23559763,3.4880652,-3.9181545
-2.8258903,-0.60704875,1.5464516,-0.59715784,-0.35072327,-1.0373119,3.7625651,1.6652639,2.1425335,-3.3971345
-3.287933,-3.0859756,1.3641154,0.263052,0.08433896,-0.672369,3.8238485,3.658681,2.4943283,-4.4720073
-1.1878933,-2.589098,0.85875446,0.6959915,-1.2016805,-0.9147041,1.8996713,3.5963793,1.0948695,-2.1217701
-0.63968617,-1.142526,0.14151457,-2.3323987,0.11950976,0.6057248,2.9613621,0.7058303,2.4787393,-2.8642588
-1.734107,-0.8238971,2.4522512,-3.071688,-0.96701705,-1.7392905,5.5210743,0.9860715,1.8936934,-2.1975768
-0.7476296,-1.3658184,3.076682,-1.9819089,-1.1897534,0.008973248,3.0927289,0.0072185956,3.294717,-4.000477
0.05009816,-2.4548166,0.10878098,0.09201378,-1.1714529,-0.44828877,1.5797719,4.0065246,0.35157582,-1.9376718
0.46295846,-1.8553933,0.0011990061,-0.9544976,0.33171758,5.937041,-3.4753911,-1.136348,-1.5568433,2.403759
-0.3664366,-0.6989651,1.5504419,-1.3218889,-1.2736768,4.869583,-3.2538588,-1.8267024,2.6762638,-0.36475247
-1.5950669,-3.010999,3.8971996,-1.6659927,-1.3331512,7.134096,-3.0736916,-1.2084503,1.7890447,-1.0416096
-1.8126966,-0.35953507,0.54665446,-0.6209837,0.95959604,5.9354744,-2.768162,-1.2019322,1.7101738,-2.2537906
-1.1797578,-2.5625105,2.1462343,-1.6393433,-1.0422232,4.522827,-0.7547338,0.18129043,0.7623749,-0.29669517
-1.2840279,0.91250527,-0.11335707,-0.8364972,0.2626534,4.708332,-1.9533757,-1.79549,3.430126,-3.293664
-0.808096,-2.943102,0.13850063,-1.1945359,-0.39018893,5.400322,-2.1824958,0.91478986,0.11434578,1.0651153
-0.41112453,-1.1674975,1.640905,-0.50423133,-1.9801522,6.282195,-2.836743,-0.5748705,2.7190318,-3.0853217
-2.1984336,-3.3416567,3.6178083,-1.2484791,-0.77358264,5.5216,-1.1768111,-0.033413786,1.5976132,-1.6319131
-1.1104451,-2.945269,2.95804,-0.96612823,-0.370277,7.435032,-4.7392173,-1.4670252,2.1906724,-0.9420234
-1.5845951,-2.4247308,0.04111445,-1.2187129,1.4969734,9.697622,-5.471146,-0.9885829,0.6089881,-0.09155061
-0.6084648,-0.6147194,0.92840946,-1.8579102,-0.07137865,5.194705,-2.758052,-1.474012,2.3956866,-1.318334
-0.1330775,-0.67254937,0.5109296,-1.0264649,-1.7948724,7.0023274,-4.502265,-0.9842593,1.103304,0.713264
-2.266141,-1.9395741,1.130621,-1.9374855,0.05536732,7.0353775,-2.0387151,-0.49202827,1.6436074,-0.97837394
-1.8007739,-1.0973297,1.8543216,-0.36211506,-0.44624722,6.3790283,-3.655221,-1.618951,0.9585716,-0.3149906
-2.6322434,-1.1846724,1.0010109,-0.9004018,1.0334032,6.3955364,-4.097861,-0.9291497,2.683916,-1.3605624
-1.2873884,-1.9489758,1.2847867,-2.0848374,-0.48854125,6.8153343,-2.781826,-1.1409402,3.9306505,-2.3140483
-0.510124,-4.4967203,1.8064469,-2.3661304,-0.7486222,7.718672,-1.8636464,0.9164003,1.2076629,-1.7813202
-1.155948,-1.9071829,1.6438309,-2.0095625,0.12684631,5.6407404,-2.1923134,-0.20130222,1.6666585,-1.5124434
-1.3135267,-2.6427183,-0.4784812,-0.8278479,0.16819751,4.621368,-1.5571465,1.5209314,1.4295033,-0.75567925
-0.72044617,1.0991206,1.0783409,-1.293716,-1.9083074,4.265763,-4.0759015,-2.1411915,3.6321237,0.036385365
-3.2286146,-1.6794657,3.549197,-0.9181529,-1.4225366,5.3769016,-2.609876,-0.56479836,5.179294,-3.564774
-2.3363445,-1.4995095,1.244722,-1.5639503,0.100770354,6.1304903,-3.5989053,-0.6197668,3.2816021,-1.1934403
-1.9732409,-1.3723911,1.1419185,-3.0031,0.14367431,7.112683,-1.5787841,-1.6582018,2.370945,-1.23811
-1.0498178,0.68134296,1.6071994,-0.47099677,-1.5599828,4.094371,-2.5625918,-1.5747005,2.9715781,-1.9538325
-2.860428,-0.3486127,1.3313434,1.1405466,0.14083543,0.053110994,-1.2044737,0.17237319,7.4666014,-5.80119
-1.7676,0.01541844,3.6298926,-0.00982043,-1.4909378,0.87475014,0.026459605,-1.5428846,6.3938217,-5.8749757
-4.0585275,-0.41999903,3.9174237,1.1115918,-1.8706359,0.6794444,-0.56079805,0.7288519,7.2931223,-6.5782437
-2.143046,-1.1766137,3.9574466,0.76712537,-1.8770136,-0.00033485144,-0.5884335,0.42247128,7.4695945,-6.687838
-2.2323263,-1.3553537,2.812326,-1.2867221,-2.0274768,2.217913,-0.43679777,1.0556308,5.610981,-4.2656484
-1.2216158,-1.2815832,3.8184032,0.2539553,-2.956585,0.6503925,0.104881495,-1.1146742,7.2307014,-5.438566
-0.26834595,0.062148005,2.5339642,-0.7835936,-2.6091752,1.6811204,-0.43620315,-0.9408443,5.9070396,-4.9088864
-1.7121288,-2.7368808,2.2398286,0.08323988,-1.1248063,1.744378,0.100434214,1.2460983,4.3384724,-3.8531115
-1.4729153,-1.8324304,2.3139338,-0.42682645,-3.196673,2.405391,-0.18239903,0.4015886,6.3038754,-4.1550164
-0.22629017,-0.21459097,1.2136735,0.5478474,-2.7439384,-0.47894886,-0.0861257,0.9485027,7.4972677,-6.292736
-1.1287171,-2.8094022,3.2438726,0.57141757,-2.5301266,1.3630337,0.13639382,0.38169506,6.8242226,-5.679089
2.2586143,-1.1253074,3.5995126,0.074694246,-4.950479,-0.023806475,-0.48793182,0.047032814,6.4654627,-5.776279
-2.0763412,-0.7819073,1.3996497,-0.57656705,-0.5406426,1.7449383,-1.3630182,0.96015674,5.8440895,-4.5298915
-1.3229226,0.48136505,4.082486,-1.6975988,-2.1701102,1.1903064,0.052224547,-1.3576915,9.21948,-8.2714
-1.3406788,-1.5895393,1.6125296,-0.10145512,-1.0767242,0.97412217,-0.12115422,1.2468587,6.5759006,-5.925241
-2.6103997,0.4560347,1.8624593,0.9484998,0.32354265,-1.0348215,0.6819229,-0.59413135,4.3688526,-4.2177854
-1.7434634,-1.1113052,3.1792784,-1.7487911,-0.8455479,1.3030206,0.9462607,-0.85897034,6.417739,-5.4714656
-0.37138337,-0.27182978,1.78143,-0.90294826,-2.6514034,1.347965,-0.27111384,-0.622418,7.102648,-5.108549
-2.528,0.87294686,3.0064082,0.66860086,-1.0148686,0.59552765,-2.0349147,-1.6563417,8.9300995,-6.7114096
-2.0890224,-1.4633878,3.4750392,-0.8579588,-2.957047,0.40417644,1.8013045,0.46430776,6.5515947,-5.139099
-2.3505285,-0.67390525,3.9611073,0.87320596,-2.0073085,-0.041459836,0.914083,-0.2055784,7.1584864,-7.3731704
-0.76592076,-0.15606093,3.2102695,-1.0991005,-2.6828098,0.2267957,0.70350564,-0.09623951,8.165196,-7.2770386
-2.8756015,-0.13482402,2.7588944,-1.2579613,-1.4046047,1.165926,0.41266057,-0.3452425,8.170901,-6.122631
-1.2916254,0.7743046,2.099711,0.83041507,-3.6854177,1.0408125,-1.5288252,0.35713428,6.1661396,-4.402847
-1.9827914,0.6337354,1.4829979,-0.9632405,-0.82918775,0.91257083,-0.10269722,-0.54519385,5.9022093,-4.4647117
-0.9753715,2.4800336,0.10201153,-2.2944314,-0.207324,-0.83074456,3.0466404,-1.2525488,3.015965,-2.9328878
-1.7292323,2.697137,-1.9848901,-0.0798122,2.157679,1.0254817,-0.87526,-2.5502334,5.3068013,-3.8775082
-1.2467462,3.9892626,-2.0763507,-1.6284258,0.5998852,0.09822104,-0.259411,-1.8050338,5.763911,-3.3406003
-2.2184205,2.2387419,-0.24530399,-1.2360225,0.4158418,0.41130656,0.5605521,-2.0156808,3.8695755,-1.7867676
-0.46870095,3.5658486,-2.9177995,-0.059608404,0.76562613,-1.6094888,-0.15643033,-0.24802776,3.1541324,-1.9177222
-2.6007545,2.666544,-3.1297376,-0.95408034,2.1000836,-0.921329,1.7599126,0.7873164,1.8312626,-1.3774515
-1.6916858,2.7618046,-3.2722588,0.51224715,3.3323116,-1.3768914,-0.48555693,-1.1225375,1.7668595,-0.29430518
-1.3657727,2.5134072,-0.2799313,-1.4858394,0.84707403,0.13756233,0.93429005,-1.6374733,2.7472615,-2.3059871
-1.6239861,3.554575,-0.3711167,-1.2561288,0.6391009,0.22523108,0.09850611,-2.739024,3.37325,-1.6624409
-0.8760177,2.3403125,-0.5143802,-1.4432893,0.08441675,-2.407368,3.3224843,0.35317966,2.9609528,-3.6906846
-1.3755041,4.258144,-2.349699,0.093928844,1.3185834,-1.2680204,-0.49892786,-1.9252899,4.259674,-2.3529582
-1.1021516,0.91026306,-1.9957443,-1.197781,0.7746724,-1.1445309,2.0568557,2.3479192,0.86157656,-1.5017406
-1.7578461,2.550948,-0.48400488,-0.725312,0.14616123,0.24914235,0.07643743,-1.8984115,5.311869,-3.3086731
-0.5266626,1.4489006,-0.37674105,-2.2750134,0.79533964,0.7810725,0.90123105,-0.96795183,4.2816744,-4.0252333
-0.64279395,2.3164206,-0.13458143,-1.7369269,-0.8018594,-0.19706687,1.2074054,-1.3489002,3.7103095,-2.0696104
-0.6846218,3.6786628,-2.180871,-1.1170168,0.38032532,-0.09616818,-0.92302096,-1.7483289,6.610233,-3.804739
-0.7614875,3.7172859,-2.058834,-0.07682899,0.31292987,-0.760495,0.31272775,-1.7423714,5.2139096,-4.030341
-2.0553708,3.712603,-2.4990988,0.16425523,2.0638504,-0.78525376,0.35610452,-1.1310241,3.8032675,-3.529769
0.015344299,4.2822905,-0.27542555,-1.227948,-1.7182,-0.6565427,0.26819026,-1.8606399,4.283654,-2.9948993
0.48905432,2.8854585,-2.6136746,0.33499482,0.17810255,-3.1231136,0.9783013,0.011614006,4.5356226,-3.4171028
-2.448454,2.8213298,-2.0223174,1.051312,1.4736454,-2.178256,0.44106257,0.90115124,2.0002015,-1.8211544
-0.68698424,2.6262815,-1.1483473,-0.05101427,0.05314444,-0.9663913,-0.55235803,-0.9919887,5.5739384,-3.7385051
-0.6311553,4.445976,-1.0603106,0.04116148,0.3406304,-1.7503401,0.76187146,-1.9182687,4.5633645,-4.671209
-0.9619221,1.797756,-0.23494217,0.10626134,-0.111019194,-1.4190897,1.2857869,0.15949236,1.5858675,-1.9506036
-0.7060515,3.0422118,0.130402,-0.30766097,-0.7011007,-1.2442868,0.42403212,-1.5728676,4.696478,-3.5739706
-1.0493723,-0.688182,2.1284778,0.5817522,-0.84416974,-0.16176903,-0.58140445,0.5725082,5.551179,-5.527533
-0.842241,-0.36128733,0.25345916,0.032279704,0.08292961,0.8941348,-1.0789747,0.0976965,6.7053366,-5.516276
0.74687433,-1.1369787,1.356061,0.51224655,-2.4521952,-0.016794346,-0.90670204,0.8066724,5.066545,-3.880964
-1.4273924,-1.7803937,0.7467856,0.9981843,-0.27984804,0.43905208,-0.1298394,2.1219697,6.0982814,-6.36499
0.10236967,-1.6122802,3.4519472,0.29539886,-2.2041144,0.52811635,-0.17081009,-0.33482108,7.632367,-7.6356816
-0.82261604,-3.1354537,-0.014758945,1.7047064,-0.221225,-0.49095222,0.3357183,3.4813418,3.2898593,-3.9208415
-0.6692304,-0.12769249,2.5231962,-0.48890325,-1.6886462,-1.1833918,1.6949451,0.67574924,4.233058,-4.8380384
0.8030751,0.42195287,1.02328,1.2721622,-2.6696076,-1.2631402,-0.93266237,-0.7890045,6.4600725,-4.305045
-1.9855391,-0.62122273,3.1709523,0.55875164,-1.5744008,-1.0853184,0.51564777,-0.46421614,7.1531134,-5.4346933
0.032731958,-0.97227216,1.1206948,-0.1136789,-1.195058,0.59347814,-0.45763835,0.7147824,4.3551273,-3.9851363
-1.7859946,-2.05674,3.4358628,1.4122138,-1.2565886,1.5556188,-1.5743035,-0.3479919,6.0758705,-5.245075
-0.48524123,-1.3509742,2.8268785,-0.15812984,-2.5415373,1.3378874,-2.294032,-0.34937283,6.748535,-3.6144922
-1.8263931,0.8681023,1.5157025,-0.024774102,-0.20123109,1.2202473,-1.2295438,-1.1646761,4.6861057,-3.628743
-1.1016674,-1.2496849,0.7743641,-1.4975697,0.9334433,4.904895,-2.6312222,-1.0299411,3.3858132,-2.5200024
-1.5813261,0.042028815,2.135404,0.07559499,-2.2491684,0.033327125,0.006923318,-0.10317868,4.8133745,-3.1382449
-1.4565204,-2.1541843,1.3935126,-0.6488334,-0.6694262,4.8503904,-2.7199671,-0.35294792,2.9529872,-1.2145103
-1.1277791,-0.10499573,1.6704143,0.99488664,-2.6711845,-0.291172,-0.18022692,0.24924417,6.189666,-4.4631314
0.23049581,-2.2690423,2.6005871,-0.5079232,-2.4488273,2.120972,-0.5905012,0.61867344,5.17561,-4.677627
-0.5048985,-0.3364131,0.9031464,-0.6958059,-0.6354441,0.7501275,0.20108338,0.38520572,2.123783,-2.1038427
-1.9125026,-1.3842434,2.6006978,1.6031079,-2.6197762,0.8061795,-0.7059399,0.9594597,7.575334,-6.7679296
-0.24526578,-0.33391318,1.9935654,1.099968,-2.8936005,1.1484213,-1.9275101,0.012637433,5.3943844,-4.168409
0.21496049,0.6974962,1.2667164,0.45286527,-1.048062,0.07561747,-2.0709348,-1.3298854,6.5033836,-4.6425285
-1.1156664,1.7034477,0.65188754,0.576232,-1.7782537,0.6327982,-1.8681134,-0.3291472,6.8078203,-5.0132422
-1.1782304,-0.79765856,3.7711747,0.4350029,-2.4721918,0.20234266,-0.3226402,0.15864329,7.198516,-6.708181
0.48366123,-1.1755424,0.7109993,-0.5689895,-1.4104947,2.7252755,-1.0662704,1.012805,2.8167863,-3.4181852
-2.76049,0.5399219,-2.6616745,1.9498863,3.0108738,0.38914868,-1.0554905,0.21216576,1.9794588,-1.4398419
-2.944772,-0.8560784,-0.3613673,4.432385,0.12863672,-0.8405992,-1.9314733,1.1640453,3.4442754,-2.0112274
-2.2730174,-2.277904,-1.8792406,3.3159244,2.3332906,1.0260295,-2.5334394,2.2755275,0.83780956,-0.6322148
-2.6174173,0.033638746,0.46917975,6.1544843,1.2786711,-1.2083782,-3.6275256,-0.32559124,1.7131487,-1.560638
-3.749777,-2.9060655,-2.066126,2.9522989,6.053273,1.8216871,-1.208384,1.6356213,-0.15103012,-2.3201973
-3.9173987,-1.0389789,-4.707776,2.1632626,7.2113495,1.542079,-1.271871,1.8514982,0.030533634,-1.8317462
-1.5254437,-0.15846768,1.0641397,4.7934313,-1.029125,-1.6172795,-1.297203,0.6790355,2.4177275,-2.9953406
-2.2238197,-1.3507055,-1.1144837,4.0411325,2.5154276,-0.74790627,-0.49242833,1.81267,-0.58917385,-1.7012604
-2.1655397,-0.5106431,-0.71107316,4.023711,-0.089090586,-1.7565308,-1.9684364,1.7333665,2.1787035,-0.6538477
-2.756457,-0.29785794,-0.3845421,5.2080784,2.2452626,-1.3607275,-2.6403062,0.9915026,0.22743332,-1.0135422
-2.3952389,-0.9886211,0.4432208,3.762849,0.9741943,-1.0479895,-0.5415286,1.11639,2.4048336,-3.5309901
-3.249912,0.844327,-0.96291935,5.1342463,1.6710421,-1.1477586,-1.3330101,0.91672933,2.3026335,-4.0527396
-1.9222976,-0.33731008,0.22829026,4.373391,1.9878806,-0.06041833,-2.8021142,-0.16273937,1.3040792,-2.4513025
-1.8838552,-1.5892563,-0.4880365,4.951651,1.8343669,-0.84691656,-3.0010235,0.9358852,2.6324816,-2.3912485
-2.7913506,-0.89000356,1.1495249,5.184693,-0.0795266,-0.42148122,-2.7851236,1.4173714,3.580715,-4.0539927
-2.690383,-1.1274614,1.0523655,8.0145445,-0.047756344,-1.7033428,-4.1479907,1.022186,1.2896613,-1.3771564
-3.6512113,0.12260631,-0.19731003,6.257641,0.7392613,-1.2109218,-3.3970547,0.7504063,4.647528,-3.680832
-1.6651188,1.0922196,-1.5834657,5.4600215,0.8400141,-1.1481124,-3.530171,0.39671627,1.4079188,-1.1581959
-1.7920407,-0.021988899,-2.7402763,6.845089,2.3025756,-2.3883653,-4.3372107,2.0459168,2.7899656,-2.4966438
-1.7830936,-0.23064685,-2.177845,5.528596,0.8174665,-1.7903502,-2.0139406,1.9458432,1.1979867,-1.4937011
-2.1996756,-1.2552087,-2.6557598,4.2554674,2.3564706,-1.0685124,-1.5077894,1.8135786,1.9767126,-1.6947795
-0.4261207,-1.8004133,-0.90670896,4.6062713,1.4687375,-0.3049042,-3.336476,1.378475,0.87943995,-1.351509
-2.3264735,-0.3651529,-1.0165764,4.119657,1.2942102,-1.4601423,-0.7918682,1.2431103,1.4691199,-2.0919955
-1.8775849,-0.2368966,-1.84316,5.1573296,1.604788,-1.6202766,-2.648364,1.8700044,4.150378,-4.4023733
-2.1252162,-0.65161383,-2.4188132,4.519787,3.8172626,-1.4814208,-2.4232469,0.89149064,2.1999419,-2.146787
-2.2135584,-2.5199554,-0.7843746,2.504063,-0.63466966,-1.4405288,0.49080268,6.469712,-1.3047476,-0.56467086
-1.4466137,-2.1097293,-2.806406,2.6703236,0.6448796,-2.4041908,1.1328539,6.4592385,0.67912495,-2.640939
-2.0221465,-2.5139067,-0.36937928,0.88656884,0.63610333,0.42075416,0.56917477,4.0616546,3.785893,-5.344966
-2.687918,-3.0081422,-0.1559363,4.6017737,-0.07741836,-2.4421515,0.5293696,6.338748,-1.2431034,-1.4692732
0.6143182,-2.0836747,-0.098674536,3.0382397,-0.67374444,-0.71489614,-1.8520837,2.4328663,1.9130574,-2.340185
-0.9543238,-1.2343137,-1.3848103,3.4017708,2.0423727,-0.08729889,-1.597695,0.8911149,4.2533536,-5.0602202
-3.4317362,-3.277451,-2.395856,2.5330803,0.8820348,0.7221294,0.4369389,6.524898,-0.3743183,-1.445031
0.37744856,-3.1143992,0.06843895,1.1730974,-2.9368515,-0.73488957,0.79646814,6.1800303,0.98118293,-2.5488825
-3.1622033,-0.83722484,0.1938416,0.35464272,2.3926678,2.3324156,-1.193423,-0.006017316,4.1957717,-4.152169
-2.966108,-2.673621,-1.1787641,1.2707558,0.42746043,-0.1713543,0.7373258,6.4022007,-0.39983943,-1.2224995
-1.9943893,-0.91842437,-0.82969666,1.7876501,1.0634469,-1.6891868,0.48157746,3.8766432,0.8924334,-2.5628164
-1.5103366,-1.9272556,-1.3085117,-0.33582383,0.8282301,0.22713819,1.1049546,4.428493,-0.22746712,-1.001277
-1.417636,-4.214692,-2.38293,3.0829651,1.1095171,-1.4069862,0.63814914,7.338096,0.83297944,-3.4998546
-0.13453954,-1.9482497,-1.3221391,1.8687081,-0.16272056,-1.020491,-0.38815317,3.2367196,3.3305244,-3.357383
-3.4827664,-2.7052343,1.2570394,3.5656955,1.8512855,-0.00955721,-1.7624538,2.0139318,4.0534983,-4.845334
-1.475664,-2.083292,-2.5487304,5.0183396,1.4154923,-2.0123148,-1.925373,3.2346103,4.0026517,-3.475348
-0.92343146,-0.58061004,0.8861704,1.361419,-0.14266413,-0.5080981,-0.113057464,0.4486057,5.672314,-5.9235587
-1.3956349,0.52870345,1.7759898,0.43760017,-1.1745623,-0.28554037,-1.1170381,0.5598767,4.969674,-4.227854
-0.9636733,-1.4856803,0.5446597,3.3949225,-0.17751113,-2.2276103,0.34029314,1.686496,4.762756,-5.751737
-3.0858927,-1.7945892,-0.8906417,0.23694557,0.28479487,-0.5696784,1.5861436,3.9579196,1.0775445,-0.50539345
-3.0076108,-4.5790024,-0.2636851,1.6808388,0.16550085,0.8429109,0.6339164,6.620423,0.12114485,-1.9355863
-1.632368,-1.5940044,-0.25288397,3.7107182,1.0214286,0.19956401,-1.6645919,1.3206686,3.378128,-4.2921824
0.28880483,-1.8880528,0.6927042,1.3254838,-0.6702232,-0.266316,-0.48051915,1.2340107,4.735409,-4.8189425
-1.125111,-1.9349757,0.89320475,1.8012909,-2.3773675,-0.8767503,0.9956702,3.257987,6.111473,-6.530387
-1.0013336,-0.1600456,1.9682893,0.47484306,-1.7715021,-0.6655924,1.7741319,0.120321915,5.8313026,-6.49936
-3.1427124,0.56247354,-3.7541068,0.94772625,7.254197,1.5315446,-2.8889716,-1.207423,0.44490024,0.272801
-3.2657835,-0.2407507,-3.2558985,0.99076694,6.026069,1.4292684,-1.7997512,-0.45684603,1.1352385,-0.65143603
-2.7406075,-0.8763932,-4.3029623,1.9613407,7.115823,0.34326264,-1.2984208,0.5387492,-1.8491832,1.1770113
-3.0610573,0.10455677,-3.357336,0.68506175,5.6314077,1.3001629,-1.0090296,-0.03511848,-2.655151,2.4976823
-2.699016,-1.5130041,-3.3881078,0.90368146,6.5776825,3.232383,-3.0259635,-0.47574067,-0.45002198,0.74544996
-4.1851006,0.082648665,-3.8626451,1.3258802,7.5347786,-0.57656705,-0.30568877,0.71341974,-1.9041792,1.0636915
-2.371806,0.09696016,-2.6034253,0.35311076,4.134992,2.3442764,-2.4027708,-0.89296794,-0.40322852,1.8195405
-4.2925086,-0.9399749,-3.5093987,1.9354333,6.6048155,2.095305,-1.5277778,1.1424792,0.1357426,-1.4043483
-3.4373739,-0.8546889,-3.8884177,0.58378917,7.219061,0.62173223,0.064503044,0.29810166,0.7685727,-1.3295925
-3.7015166,-0.49501517,-3.4835098,1.4065027,6.757487,0.09317795,-0.3424737,-0.7316287,-0.49327445,1.0861415
-2.5883787,-0.94167256,-2.6644323,-0.64852834,5.4729137,2.9732254,-0.9835224,-1.1628145,1.0511551,-0.54810506
-4.2156367,-1.2013532,-3.5539188,0.7743046,7.1838913,2.5616972,-1.6721989,0.54702,0.17176397,-0.6399512
-3.353304,-0.39850894,-2.6013827,3.3001502,7.183818,0.26166067,-2.3655422,-1.3497283,-1.5098101,0.9605067
-3.6350217,-1.6938812,-1.0699371,2.5881941,4.970587,2.5983834,-3.0920885,-0.4415317,-1.5313007,1.5095841
-3.9439347,-0.28400496,-3.6879845,2.436241,6.8126726,-0.3480085,-0.63374424,0.32419983,-1.6759481,1.0487146
-2.9104488,-0.884182,-4.760472,2.3100882,8.27432,-1.0043068,-0.42946097,-0.2285337,-2.9071202,2.5563262
-3.2476718,1.4817113,-3.6328218,0.76267195,6.556884,1.6501111,-1.6148316,-0.81348723,-0.7644353,-0.52593917
-3.1788514,0.57820594,-3.4929416,0.7992897,6.666748,0.9937799,-1.1352364,-1.398815,-1.2271849,1.5519067
-4.411567,-1.0941818,-2.6357725,1.917942,7.2894087,1.6432357,-1.6877166,-0.21759094,-1.659569,0.90450084
-4.4779086,-1.1519583,-2.250681,0.4461467,6.0629373,1.4348059,-0.5447351,-0.30132902,0.35138652,0.4429375
-2.9892616,-0.6438855,-3.5182192,-0.381151,6.4345326,1.2566851,0.46368507,-0.5286972,-0.7304119,0.53443325
-3.5651,-0.4187899,-2.1787586,0.42298764,5.736796,1.1211873,-0.49572262,-0.8981253,-0.57277554,0.87346905
-2.7977536,-0.24530211,-2.595304,1.5066904,5.256731,1.7591597,-1.7110624,-0.99618536,-0.50796545,0.4506426
-2.215118,-1.1841873,-2.7664268,-0.90413713,4.731447,2.1147912,-0.9536835,-0.16667615,1.1130507,0.08833323
-4.5794916,0.23559758,-4.5363603,0.924631,8.128776,2.0511217,-0.59506154,-1.1150248,0.45772037,-0.9479808
3.1342294,-1.2615566,-1.1686426,-0.63156104,-0.22051394,4.4464226,-4.3510985,-1.1242611,1.2099295,-0.049741738
-0.27667353,-2.0230575,0.85380673,-1.7926719,0.061813235,5.9625845,-2.028855,-2.0849543,0.5460008,0.9339419
-0.3103418,-1.8919419,-0.59512717,-0.8893812,1.1380635,2.6091218,-0.3626381,1.4815042,0.28860512,-1.340891
-0.4752071,-3.4622607,-0.23390621,-0.4005522,1.0574222,3.8370924,-1.601092,1.5271019,-0.47722065,0.36392504
-0.37535605,-2.830932,0.052994788,-1.4923091,1.7002531,5.602696,-1.9760619,-0.5962909,1.3877941,-1.3954053
0.19020212,-3.024188,0.70017725,-0.5869266,-1.4315147,3.3199675,-0.73066556,0.9452439,1.4649386,-0.6641377
0.06848646,-2.7035732,-0.7018942,-3.1948388,0.8795854,4.7255087,-0.09104714,0.89603466,0.45132792,-0.2793405
0.85509723,-2.7219014,1.0350906,-2.512213,-1.0598472,4.8354735,-1.7720138,-0.3356609,0.6848843,0.95128286
-1.418023,0.8624389,0.46023118,-1.0166719,1.2283028,4.3766055,-2.3964455,-2.4193115,1.50119,-1.0056107
-0.047483064,-3.410279,1.6028781,-1.5596129,-0.46318513,5.4115334,-2.132642,0.6343578,2.5335948,-2.5614736
0.35357857,-3.119884,-1.1309274,-1.8272136,0.79431766,6.370227,-1.8078115,0.016798522,0.62649775,-0.17476106
-0.8457305,-2.719038,2.065043,-2.5812082,0.9649384,6.7873125,-2.0233734,-0.8191732,2.5810018,-3.4237082
-0.67374945,-1.9168702,-0.53617823,-0.7670982,0.461744,3.6908417,-1.9576546,0.8078855,2.790038,-1.8158084
0.38529518,-2.9397914,-1.2223765,-2.3808784,2.0038495,5.475683,-1.8068165,-0.10131773,1.534475,-1.0953646
-0.38081944,-1.482858,-0.5333189,-2.5899835,0.3421163,4.710026,-1.0334094,0.29978603,-0.3181931,0.9607738
0.0066083744,-0.7636595,0.9068041,-0.5828375,-0.13984215,4.9584966,-2.6085508,-1.3413347,2.5781732,-2.9072201
0.7537482,-3.6184554,1.9804435,-1.2559934,-1.6179564,4.6635695,-0.35612795,0.08753522,0.00450211,-0.49494475
-1.6858422,-1.0519674,1.7623105,-3.0194452,0.8377869,5.886814,-1.6578146,-1.1930525,1.9504762,-1.7432345
0.6183185,-1.8579174,-0.7053263,-0.8632098,0.006880313,4.6063795,-3.4777358,-0.3566173,3.1928163,-1.1211568
-1.250012,-2.0305214,-0.5244663,-0.7946582,1.1402347,4.812972,-1.0513319,0.67927676,1.7729527,-2.7375073
0.9769172,-3.879057,0.47299808,-2.1334643,0.12620631,6.7341857,-3.1535048,-0.4556031,2.8384194,-1.5759987
0.8383549,-1.9168068,-0.47951046,-1.7207277,0.3874225,3.9923844,-1.0690601,-0.40201992,1.6597428,-1.2794802
-0.31558317,-2.9562483,-0.1933907,0.59464633,-0.58450043,2.6146383,-1.3550569,2.9748921,2.8271036,-3.5156972
-0.26134688,-3.7773993,-0.22277787,-1.5275766,1.5066767,5.659912,-1.8590821,0.8356344,0.710016,-1.0702564
-1.7111832,-2.3754191,-1.0882133,-1.1670903,1.9555591,6.46913,-2.9008152,-0.3859484,1.1075208,0.23751819
0.41794348,-4.3648515,-1.6191709,-0.87303376,-0.007097721,6.4969654,-2.5248659,2.7028565,-0.07669074,-0.045775853
-2.051134,-3.398917,-1.6797312,-0.94768226,1.7718316,2.3260362,1.1046312,3.3181856,-0.99619913,0.40973374
-1.958554,-2.5452547,-0.8830239,-0.93406945,1.3195964,6.9518948,-3.5333555,0.3638676,-0.25747108,1.6112906
-1.0157533,-2.2481165,1.7346694,-1.5510476,0.26759505,6.7548723,-3.3084614,-1.9363692,1.1472952,0.17742026
-1.4464587,-3.6076417,-0.104026854,-1.0645273,1.5796424,8.601031,-4.207368,-1.034109,0.32046258,1.0767348
-0.7210648,-1.9260623,1.0435306,-1.8596032,-0.13879326,6.242784,-3.5362663,-1.0468962,-0.07142458,2.2561111
-0.8529016,-2.0182118,-0.17753744,-0.11444476,0.5432943,5.0310545,-3.2721598,0.17775448,0.88008946,-0.110282116
-0.82676107,-2.9903512,0.7912175,-0.3029306,0.037702665,6.415773,-4.1816597,-0.9658323,1.6602445,0.44418082
-2.286329,-2.3360734,0.5812054,-0.29292026,1.569881,6.00002,-2.0940173,-0.91210073,1.7955118,-2.032841
-0.5512802,-0.87424564,0.07857373,-0.18387997,0.5600099,4.007349,-2.0027466,-1.2159002,2.630475,-2.3418653
-0.4073988,-1.9163164,-2.5207002,-0.7821363,1.9398378,4.0699577,-1.9566847,0.64162296,0.21449119,0.6979742
-0.41372502,-3.1081958,0.53486484,-1.4648921,-0.73338914,5.136817,-2.2054677,0.8907097,1.3645352,0.018884249
-1.9083587,-3.9462879,-1.3280488,0.75385183,2.9464264,6.7270055,-4.0290265,0.23246373,1.0161864,-0.34418783
-0.5864437,-2.5159838,-0.14920482,0.4839651,-0.36044234,5.282867,-3.9102802,0.4108294,1.5160314,-0.19508395
1.0745896,-1.7136148,1.6218052,0.024893375,-2.0011811,5.341936,-4.7308836,-1.2342724,2.3964589,-0.6460147
-1.6607633,-3.6325767,1.2634465,-2.0449917,2.1213586,7.283124,-3.080819,-1.166662,1.6038638,-0.61069006
-1.7561609,-1.3813431,-0.4492002,0.25375697,1.3725978,4.4033585,-3.2768033,0.36191693,-0.031370476,0.64284927
-0.9554399,-2.7714431,-0.61485356,0.051369105,1.4582161,5.903293,-3.2250857,-0.072842345,1.5364263,-1.1943814
-2.449063,-2.4088645,-0.04062228,0.22027661,0.6895572,5.0885077,-2.26111,0.6469808,1.062109,-0.46289945
-0.42771822,-3.2471695,0.06701901,-1.4665835,1.1982166,5.024414,-1.398032,1.1191149,-0.5078366,-0.45438498
-0.7457666,-2.996482,1.065511,-1.7952507,-1.0076926,5.5998106,-0.69696796,0.54444164,0.80157495,-0.55251604
-1.7711953,-0.63754296,-0.3593064,-0.6879596,0.6932764,5.56003,-2.059255,-1.3411473,3.4705565,-2.7264378
-2.18967,-4.063739,2.4640903,-0.1057083,-0.8715887,4.9775157,-1.3409615,0.6398457,3.1414285,-2.587909
