-1.8829314,-1.4583739,-0.22859365,0.6824355,3.5971315,-0.01865004,0.7276211,-0.43204212,-0.2599336,-0.96296424
-0.65843284,-1.753537,-0.3407067,1.5166248,-0.77539635,-2.0288622,0.8863343,1.9716588,0.0626726,0.7205989
-1.0890629,-0.3154105,-1.089808,0.57252765,4.6727824,-0.20531978,-0.0056282654,-0.36249286,-1.3819667,-0.5685878
-1.1693732,0.20318104,-1.6207082,0.79771954,4.383325,-0.8692924,0.86711067,-0.6592764,-0.8946703,-0.8906855
-1.4521934,-1.0894896,-1.2225769,-0.17591867,4.4209127,-0.40373904,2.2185972,-0.38141018,-1.1044595,-0.6842142
-2.8733425,-2.1719291,2.8928895,1.2715316,-1.2686114,-2.0498095,2.546263,0.2812063,3.2449968,-2.5719342
-1.3488075,0.49802828,-1.2485651,1.125496,4.1541944,-0.016611561,-0.21139473,-0.9024125,-1.0595772,-1.1046494
-1.6516732,1.5462784,-1.8582995,1.3711793,5.3966446,-1.362636,-0.050812967,-1.2057492,-1.0071212,-0.991613
-1.2223642,-0.6106576,-1.1570848,0.23003834,3.638089,0.074796215,0.9901997,-0.570347,-1.5126535,0.2385109
-1.0298661,-0.069562756,-1.0425434,0.40313917,4.449434,0.19373067,0.27495056,-0.9350746,-1.1002753,-1.0273285
0.69672143,-1.1432065,-0.8422692,0.7667276,0.13584967,-2.5190916,1.243562,1.8033506,0.30060834,-0.88773763
-0.23146328,-0.3884676,-1.6926515,-0.023440756,3.672042,0.062246904,0.13509446,-0.47356647,-1.7106789,0.8410409
-1.3670789,0.23027052,-0.929806,0.6561995,4.98521,-0.48630297,0.20694852,-1.1315045,-0.8460461,-1.1175241
-1.6019605,-1.0743713,-0.94425535,0.7948471,3.9872537,-0.49642432,1.5027715,0.2759617,-0.8260037,-1.7408643
-1.2847346,-0.40757838,-1.9543512,1.4643308,3.879439,-0.15112673,-0.08283762,0.4634841,-1.5601442,-0.30622745
0.9442832,-1.7291243,-0.6799741,-0.05645205,1.8098599,-0.68068284,0.31030953,0.6954139,-0.8537495,0.22290546
0.48472065,-1.3140781,-1.2630005,0.0021566823,2.7023518,0.15719669,0.45589864,0.8751964,-1.2025641,-0.8845887
-1.2906266,-0.2935331,0.15371013,0.9353607,3.1510522,-0.66277194,0.15273285,-0.7104027,0.2645005,-1.7972789
-1.057115,2.3046803,-1.0650192,1.387819,0.29113662,-2.2644053,-0.3862236,-0.08089216,-0.31501544,1.0614908
-1.2118801,-2.4157643,0.41574803,0.8975613,2.0785487,-0.5623832,1.1947637,0.6448243,0.269822,-1.7737427
0.15869978,4.2909784,-1.5427306,0.009389438,0.3695291,-2.9091747,1.1284555,-0.79131955,0.8964057,-1.5342941
-0.13566327,-0.32040626,0.5915868,0.8728395,-2.4590998,-2.464548,1.5033952,1.5784273,2.0969803,-1.8796785
3.6535726,0.59924054,-0.8636043,-2.0375385,-0.4206125,-1.5197477,0.53226995,0.60915464,-0.37504172,-0.054072913
-0.98766035,3.8574798,-1.2843827,1.3164419,0.9599897,-2.5233593,-0.164884,-1.2084283,0.13761303,-0.1813709
-0.5124286,3.6572747,-2.006769,1.0412885,0.39613578,-2.6562912,0.22415441,-0.06968805,-0.06364122,-0.09511596
1.1696286,1.0155463,-1.0320736,0.5040544,-1.7551001,-2.8377404,0.5037358,1.7583975,1.0257864,-0.63251513
3.3234227,-0.99676037,-0.64128387,-0.775993,-1.4623598,-2.1312237,0.7622564,1.6279327,0.2889303,-0.24096936
-0.6088261,4.49316,-0.8579509,0.49905777,0.33217305,-2.5291734,0.4340508,-1.567206,0.53852445,-0.5697534
0.81969756,0.54697466,-0.47236827,0.45417523,-1.5287918,-0.4916516,-0.34362566,0.045215204,-0.3242395,1.277179
0.71367335,0.16061522,-0.3013114,1.1331404,-0.9336792,-1.6769427,-0.08730463,-0.023762822,0.23449105,0.46051255
1.0086837,3.1571589,-1.2624012,-0.039937623,-0.877017,-2.7336378,1.0274874,-0.55004495,0.19285025,-0.05337706
-1.7331995,2.415059,-0.6316767,2.2136974,-0.5328787,-1.8138334,-0.23802036,0.5979126,0.70741385,-1.2273349
0.47053817,3.1021729,-0.61614275,-0.20810527,-0.40099093,-1.3509791,0.74201185,-0.6706911,0.14837782,-1.2497995
-1.6367694,0.50228184,1.0067328,2.171282,-1.8000993,-2.9894314,0.79515797,1.1939248,2.0314853,-2.0411458
-1.3344434,3.6873538,0.34801963,0.41926554,-0.12589686,-1.4916644,-0.6104379,-1.8174682,1.057465,-0.15372103
0.35761625,4.571429,-0.7356248,0.45166963,-1.1850137,-2.808079,-0.36632067,-1.1248684,0.14721969,0.5430333
-0.520634,-0.16876568,0.84110296,0.88691205,-2.443937,-2.3581464,1.271617,1.4968174,1.8323939,-1.4074625
0.50165594,4.7652035,-1.5111532,0.16622365,-0.1213614,-2.608425,0.014399461,-1.5930744,-0.38359708,0.67599493
-1.1426419,-0.098380275,0.21208791,2.4483209,-2.2480016,-3.2750628,0.4766916,1.7787207,0.80118966,0.36076528
-2.3424888,2.111649,-0.7600601,1.7506622,1.1959311,-0.54149425,-0.026260145,0.3222161,0.6836419,-2.5003252
-0.6863547,-0.21196516,-0.8030381,1.0778477,-0.79594386,-0.84536946,0.08816575,0.79122794,-0.7911207,1.9974997
0.17227224,-0.9063349,-0.8729867,1.5621837,-0.557382,-1.5637347,-0.8215531,1.4215331,-1.0209589,2.36765
-0.84505194,-1.4423596,0.3360915,2.0707448,-1.0640205,-2.2650738,0.23153046,1.1141452,0.87312937,0.32216746
0.68473226,-1.8381246,-0.77813184,1.6733605,-1.2380117,-1.5981315,-0.18547416,1.8245646,-0.78692883,1.9825463
-1.2476115,-0.9036966,0.58763635,1.6034594,-0.018838713,-1.5620028,0.5494328,0.41507775,0.5921966,-0.4310804
-2.2329283,-0.48835087,-0.6421021,1.4963655,3.7988179,-1.3851877,0.5806035,-0.4238975,-0.9995811,0.22673663
-1.5920441,0.30167872,-0.8704059,2.262301,0.16294335,-1.9185703,-0.13695896,1.3342044,-0.67540145,0.8434064
-1.559558,-0.65882885,0.016570628,1.9156986,0.08093451,-2.7384415,0.74825346,1.1019574,0.5894091,0.19061993
-2.4261012,0.513567,-0.07914241,1.2399768,2.6655648,-1.7290626,0.33312142,-1.2057523,0.25598216,0.17332971
0.073606394,-0.85458887,-1.1434147,1.4374171,0.022374598,-1.429364,-0.3510735,1.2084279,-0.8549744,1.698251
-2.1343513,-0.330541,-0.85201395,1.6613225,4.140941,-0.96301603,0.15489435,-0.4877228,-0.6143476,-0.5303463
-0.39624614,3.8375995,-1.034015,0.5385749,-0.1847981,-2.3243654,-0.11741645,-1.6931082,-0.45875877,1.8827934
-0.481052,-1.3522733,-0.5333215,2.285142,-0.05739322,-2.3217516,-0.25393772,1.9952012,0.64054596,-0.3692937
0.05754482,-1.235502,-0.41476706,1.1570156,0.3133462,-0.87414646,-0.81702375,0.9216936,-0.42508978,1.0921924
-0.6290179,-2.3572016,-0.55673933,1.5119447,0.98798096,-1.5295417,0.24584454,1.4903648,-0.4146092,0.9474192
-1.8342811,-0.3801499,-0.25546074,1.2609255,1.7368116,-1.0791299,0.62663424,0.014284059,0.19420509,-0.53042
-2.1926334,-2.1446247,-0.6019211,1.6730598,2.2103293,0.8695896,-0.04066793,1.7828802,0.12497817,-1.906853
-0.7368418,0.5654631,-0.61766267,1.6448028,-0.6265566,-1.7021282,0.19839725,0.5387003,0.08262488,0.44017485
-3.0878348,-1.0512538,0.3992428,2.8418043,-0.30899656,-1.6843971,0.4789394,1.3748397,0.30366045,0.0045218803
0.5954782,-2.0896409,0.25757262,1.8333014,-1.9656107,-2.7981846,0.8373263,1.947332,1.0354204,-0.16580836
0.097935244,-1.2800204,-1.0920458,1.1420563,0.32743534,-1.2366246,0.23104104,1.8671299,-0.51275396,0.18260226
-0.07198057,-1.6035577,-0.30892766,2.0408466,-1.8509461,-3.6202836,1.4666363,3.3968725,1.1998947,-1.2167888
0.15997496,-1.3228033,-0.9924841,1.4801495,0.3525805,-1.3857205,-0.23285308,1.8163918,0.13530287,-0.34124938
1.7260567,-1.5562929,-1.7256112,0.0018617883,-0.1906346,-0.9704988,0.23446798,2.222022,-0.7645558,0.975928
-1.3753498,-1.031382,-0.18997046,2.7647831,-0.49412912,-1.688737,-1.0106807,1.9249684,0.4949414,0.16289863
1.1746749,-1.6973635,-0.7882341,2.0169053,-1.493637,-2.655254,-0.22598049,2.8321602,0.6487148,-0.32259423
1.2976257,-1.4624785,-0.4690046,0.91213846,-0.38768122,-2.1788406,-0.034953512,1.5090767,0.10169946,0.24687517
0.43632653,-0.9639206,-0.5124912,1.352279,-1.3207208,-2.113295,-0.028812118,1.9624845,0.22410911,0.5379255
0.8889591,-1.4710008,-0.7212728,1.3970917,-0.65000963,-1.5331966,-0.29237944,2.214733,1.1103581,-1.4364047
2.0137608,-0.4857174,-1.4598992,0.055911817,-1.342262,-2.1056876,0.38164517,2.2848845,-0.6411163,1.1487672
-2.1800086,-1.7644118,1.1882854,3.1160815,-1.5798956,-3.6086068,0.6639905,2.7400012,2.3358147,-1.8380668
-0.66679734,-1.2475412,0.37459296,2.4359794,-2.26356,-2.120034,0.027174704,1.0526013,0.5899575,1.2520717
-1.6412419,-2.4428616,2.6904972,0.64443284,-1.5141348,-1.0064534,0.905034,0.2594074,2.1531403,-0.40165445
-2.836288,-1.0076742,-0.69629323,3.4008472,2.2968185,-2.5671992,0.80217475,2.9083624,2.0544724,-5.033816
-0.8827108,-2.4322515,2.189813,0.982966,-1.8415715,-1.7046947,0.861958,0.68695974,1.7158078,-0.24790558
-0.87803394,-1.2815689,-0.8201783,2.1772678,-1.1357911,-2.6206336,0.23845834,3.6852894,0.51180243,-0.44754258
-2.2707458,-2.4864018,3.0826077,1.6132118,-2.5761282,-2.8670015,1.5170449,1.4893898,3.1835434,-1.5714495
-0.61396754,-1.1734018,-0.006531805,2.2145314,-0.8507557,-2.849411,0.44876266,2.0729833,2.0069058,-1.7962427
-3.0570436,-1.2216232,0.3769289,3.2118514,-0.8049786,-1.6720113,0.4324032,2.8593621,2.623015,-3.4995546
-3.1852973,-3.8122272,3.767261,1.7249463,-1.7941352,0.18427624,0.7563656,0.47941822,2.2256036,-1.1670516
-3.8489304,-2.2381086,5.0853505,1.3218832,-1.5240095,-0.62821853,0.3902992,-0.80017114,3.4358957,-1.8423903
-1.994006,-2.2374663,3.1041276,0.7070357,-2.0795383,-0.88894844,1.7251211,0.19203104,2.0490603,-1.185457
-2.3425589,-3.3802695,4.564546,-0.070534766,-1.897704,-0.6173651,1.9989392,0.12548657,3.2414043,-2.2905664
-0.9972865,-1.484024,2.1441298,0.6983393,-2.213866,-1.6349784,1.4180176,0.922401,1.4088023,-0.77130634
-2.3955777,-3.0208564,4.2644167,0.80277294,-2.8538568,-1.9318995,1.8464401,0.8968492,2.6910443,-1.0771357
0.92896134,-2.7532063,0.21917865,0.51935434,-3.3277693,-2.4237216,1.9295322,3.7647247,1.3494567,-0.6253459
-1.8003687,-1.2859343,2.7625356,0.8277389,-2.4448564,-1.7371578,1.1321892,0.7093125,2.8475242,-1.5844265
-1.4997889,-3.0393953,2.9412057,0.9910341,-1.9177134,-0.73408806,0.59794724,1.3479255,2.0997794,-1.5160754
-2.7654748,-2.441614,4.353112,0.5994306,-2.026111,0.0015220195,1.1332814,-0.2616313,2.648318,-1.9468373
1.3765643,-2.1964848,0.525441,-0.3266769,-2.5190635,-2.364218,1.9595572,1.9769541,0.5429503,0.5447278
-0.907947,-1.7981944,2.6974916,0.1543935,-1.8975003,-0.30272365,0.60312366,-0.7339982,1.3641351,0.4809607
-1.7512192,-2.1798263,1.7425734,1.4709301,-1.8671573,-0.54999787,0.13043258,1.9648813,1.3010353,-0.7649462
1.630849,-0.66027147,-0.47991535,0.030085243,-2.7807806,-1.9424396,1.0936939,2.1158173,0.34104168,0.4988448
-1.1409303,-1.3508005,1.9538114,-0.19201487,-2.185983,-2.472514,3.1224346,0.9303569,1.6830316,-0.57913727
-2.9973617,-2.0819685,4.2511244,0.54569983,-1.1273602,-1.6593986,2.0899963,-0.011343166,2.9834716,-2.6871154
-1.1933182,-1.7930981,3.8876858,0.81341594,-3.2630165,-1.6777306,1.6079686,-0.40652645,2.983791,-1.7401316
-1.779848,-3.0682726,4.7429037,-0.13382229,-3.4409597,-0.89905834,1.8537576,0.081093,2.6485999,-0.669076
-2.5249348,-1.4340113,3.6431155,2.0191135,-1.795081,-1.7334039,-0.30228603,-0.11080649,2.491557,-1.028388
-1.2984039,-3.0317693,3.9187744,-0.14400718,-2.4668062,0.15844785,1.8280777,0.059822515,3.1302483,-2.7018814
0.049754106,4.409975,-1.8171521,0.41873717,0.82354784,-0.60076433,-1.4143544,-1.3243874,-0.47605586,0.22867647
-0.386476,3.2563143,0.36774552,0.2391411,-1.0324291,-1.4488335,-0.55290794,-1.2500508,1.2491016,-0.47117415
2.008989,0.47108513,0.065206766,-1.0105884,-0.22966315,0.48029798,-0.72302306,-0.7575963,-0.5210489,0.24353439
1.1965051,1.2492619,0.464272,-2.1476543,-0.86724746,0.7785559,0.72993374,-1.6068277,0.45726997,-0.076983154
0.4795765,4.0873723,-1.379142,-0.7412399,0.5339356,-0.8648883,-0.61570126,-1.4468056,-0.108225584,0.30986935
3.2419143,2.163296,-0.5523238,-1.6520883,-1.8305837,-1.143892,-0.13873443,-0.36717367,0.09599531,0.18360057
0.06152553,4.077405,-0.48251107,-0.5322132,0.843683,0.017883785,-1.4363238,-1.7383713,0.6304695,-1.1303412
-1.4481527,0.004768559,2.6269329,0.69499516,-1.9947209,-0.067095324,-0.2800007,-1.0001957,2.1453218,-1.174263
-0.51159835,1.5234872,1.3942652,0.9187757,-1.7488198,-1.550609,-0.35378492,-0.5061343,2.1290772,-1.762079
-1.7896248,-0.7110687,3.386614,0.43838793,-1.434112,-1.3215889,0.49725127,-0.62515503,2.9371996,-2.1022735
0.76958257,1.9451857,-0.118026525,-1.2871963,-0.2185029,1.2594862,-0.03902244,-1.63991,-0.2850715,-0.049596768
0.5802045,1.4307942,-0.28686586,-1.2377465,0.07767994,2.4521222,-0.93027663,-1.5186934,-0.41175866,0.042544324
0.06229405,2.3567882,0.4424009,-1.4349777,-0.8692447,1.5819039,-0.11491651,-1.83505,0.4918654,-0.52213156
-0.6520379,1.0070585,0.3651838,-0.30113524,-0.022010816,1.2677596,-0.46723372,-1.0897255,-0.1977505,0.19275069
0.9110832,2.2642713,0.72162807,-0.5819093,-1.4850613,-1.4598739,0.24586394,-1.2834882,0.8524227,-0.34281287
0.13158011,0.73410165,0.09634177,0.7278371,-1.5628403,0.40272534,-1.0994351,-0.2510085,0.20351973,0.528995
-0.945229,-1.5882548,1.9313412,-0.8809153,-0.66519827,3.0273552,-0.21708447,-0.6224713,0.9223164,-1.077911
-1.0659348,1.1787492,1.4717526,0.28532603,-1.326874,-0.82002586,0.2968449,-0.82415617,1.5878149,-1.1057492
-1.7217014,1.0440488,2.2945726,-0.53644454,-2.013901,0.5296758,0.6541944,-1.1322138,2.050407,-1.4417057
-0.821526,0.60431296,0.69463503,0.8160146,-1.6075152,0.6910169,-0.9818434,-0.29350805,0.47362065,0.33714938
1.8137579,-2.2938676,-0.45126417,0.28848448,-1.1712562,-1.310799,0.1830306,1.4790026,-0.044690877,1.3504503
3.495932,-1.7492836,-1.3427192,-1.2668635,-1.3563423,-2.2399735,1.9496721,2.0690987,-0.47451144,0.6913724
3.3349888,-1.3899621,-2.3908749,-0.21787411,-1.4987973,-1.579739,0.8665078,2.669742,-0.48024738,0.4792306
1.4979328,-2.3063269,0.24486038,-1.6808605,-1.2578732,-1.1022918,3.556063,1.1994317,0.91507596,-1.3335978
4.160419,-1.2180442,-1.594295,-2.0250053,-0.6390474,-1.966191,1.9963602,1.4728647,-0.48179293,0.24193585
3.1136107,-1.1675369,-1.8623927,-1.421083,-1.5164984,-1.298873,1.3848873,2.1746414,-0.6897322,1.1724392
2.1986508,-0.5041955,-1.5820994,-0.076336145,-1.2580568,-2.51864,1.134725,2.5725322,-0.48878205,0.2078835
2.6911807,-0.9367561,-0.45028403,-1.5926912,-0.7553233,-0.37110025,1.708396,0.6383632,0.90310645,-1.7343161
3.2652469,-0.84245664,-2.054133,-0.76052904,0.013932576,-2.726161,1.4138151,1.4506857,-1.0893581,1.0559051
5.2104273,-1.5445752,-2.1877124,-1.4407009,-0.6629379,-1.7915694,0.32817614,1.5977378,-1.3143456,1.6951336
4.6713967,-0.99194515,-1.4207294,-1.8600993,-1.9305662,-1.207697,0.396456,0.6998135,-1.0327094,2.6966329
3.6083493,-0.5492527,-1.603277,-1.6469358,-0.5391284,-0.98050666,1.0232279,1.1318057,-0.63766694,0.24812506
3.7124658,-1.2099108,-1.6518426,-1.317401,-1.2234288,-0.92238593,0.23611978,1.8153243,-0.48373938,0.9692819
1.1295601,-0.4941982,-1.2197056,-0.067880146,-0.76306546,-1.2564946,1.178054,1.514608,0.30643266,-0.45125568
1.699151,-1.2073108,-1.8790723,0.036902823,-0.35874164,-0.6325861,-0.0193908,2.2584434,-0.99450064,1.0165329
3.5407054,-0.8782809,-1.7739284,-0.747006,-1.7800118,-0.96883285,-0.09213293,1.733034,-0.8067519,1.6872292
1.9065746,-1.0156382,-0.45782337,-2.0043435,-1.5883187,-1.6264876,3.2041638,1.6058526,0.7103646,-0.8260951
2.4579237,-1.6226243,-1.6852108,-0.3281904,-1.8047541,-1.9596143,0.99359846,3.4169035,-0.5249447,0.8060332
2.3150299,-0.26451302,-1.1681457,0.16968498,-1.3376049,-1.534415,0.1550082,0.5727343,-0.3988896,1.3782767
4.5410666,-1.0957998,-2.0001142,-1.1663961,-0.970456,-1.4446565,-0.0192113,1.1975745,-1.6181784,2.5689147
-0.13125336,-1.8679868,-0.5881921,0.38686687,-1.7745739,-1.5709847,2.2525098,3.3314247,0.7202788,-1.075143
-0.7501039,-1.8180516,0.29239973,1.9368702,-1.4758306,-2.510951,0.49266976,3.0306678,1.2797387,-1.2355051
-0.87037677,-1.852533,2.219316,1.1389735,-2.3737495,-2.9454985,2.0298297,1.1318053,2.6630747,-1.812494
2.1555104,-0.45747507,-1.9810932,0.3161675,-1.6974527,-1.8659568,0.18584633,3.0781877,-0.15493675,0.25178185
-1.9066002,-2.0885026,2.0060012,1.5304235,-1.4354895,-1.7635787,1.4497994,0.89253443,1.9668278,-1.2439661
0.31595403,-1.5161455,0.53398025,0.5317618,-1.9267083,-3.0546453,2.558241,1.857483,1.9283123,-1.7871938
-2.3120484,-1.8449115,2.401381,0.37256247,-2.2431448,-1.5355856,2.4100537,1.400923,3.09585,-2.3088748
-2.0126853,-2.1724803,3.2031403,1.4854045,-1.7272279,-2.2436888,1.3390839,0.2580561,2.8649843,-1.9415098
-1.274476,-2.261939,1.9457786,0.2893558,-1.9822735,-1.3091551,2.4023783,1.0557822,2.1978972,-1.6845773
-1.7116581,-0.52417886,0.35612836,1.996848,-1.6900681,-2.4876823,0.93704295,2.2804585,1.0384963,-0.76671803
-2.0175304,-2.255856,0.582155,0.77940047,-2.5886927,-2.9755566,3.790615,4.011018,2.3064358,-2.4000711
-1.9277643,-2.1049676,1.1935387,1.1287416,-2.2781656,-2.9795744,3.6223545,2.6619282,2.2851236,-2.3512273
0.24481592,-0.32696706,-0.71404624,0.9437762,-2.7335646,-2.36181,1.7531701,3.2204351,1.4953218,-2.0210721
-0.61968815,-2.0761168,0.87765145,0.63317394,-1.8325303,-2.5330935,1.9994773,1.8134319,1.2375121,-0.061367612
-0.124970086,-1.7571565,-0.32939687,0.531622,-3.0252862,-1.3113323,2.2938347,3.5542033,0.7558521,-1.0741863
1.003632,-2.282622,-1.6792641,1.4438077,-1.8505341,-1.3341838,0.37219918,4.2334533,-0.7271006,0.54339176
-0.83475965,-0.98414695,-0.8458828,0.77331394,-0.10190028,-2.7745001,2.5072007,2.4742093,0.81797975,-1.3303834
-0.6375859,-1.7760031,0.4656908,1.4148668,-1.8137945,-3.227861,1.6911335,2.6669917,2.013938,-1.4343021
0.37617838,-1.1347938,-0.39232183,0.5207347,-1.6683713,-2.4273102,1.2638078,2.3209517,0.458057,0.216539
0.8745219,-1.5477961,0.038990438,0.6583634,-2.0957065,-3.3408477,2.6119413,2.1369908,1.3625166,-1.1054368
1.4240203,0.60774994,-1.2907629,-0.7988296,0.13001649,0.44591022,-1.2722948,-0.13968548,-2.0272286,3.1297526
2.4547534,-1.6528355,-1.9186871,-1.0417438,-0.23818396,0.16175748,-0.82407546,0.78494906,-3.3817863,5.682125
1.7606467,0.41475302,-1.7908361,-0.44407475,-0.30548215,-0.9839189,-0.534439,-0.005039349,-2.0003178,3.965923
2.4130886,-1.3018101,-1.2641771,-1.539235,0.23055907,-0.41118944,0.019304417,0.25539035,-2.2479088,3.8445406
0.93344516,-0.8242364,-1.4651358,-0.016329937,-0.39312285,-0.893859,-0.034503527,1.2160742,-1.9004822,3.3182998
1.1271785,-0.7030498,-0.8310814,-0.7276779,-0.21574934,-0.31799912,-0.25356105,-0.17272043,-2.038418,4.177154
0.6218308,-0.21469389,-0.79395163,-0.44271973,0.30443877,0.072513655,-0.726847,0.060735866,-1.9716957,3.1269636
0.86582756,0.5257412,-1.0094237,-0.12324051,-0.19062084,-0.6348159,-0.5415118,0.098929,-1.1159141,1.9965566
0.82943696,-0.36623093,-1.0680962,-0.4474783,0.18783617,0.4853881,-0.76983196,0.57353294,-1.8836349,2.4622905
0.51840657,-0.29189652,-0.7607753,-0.40639183,0.47528887,-0.259202,-0.6955727,-0.20823711,-1.8114067,3.4381456
1.4607744,-0.13796248,-1.5124292,-0.01028984,-0.7122799,-0.26488727,-1.30519,0.9901357,-2.548426,4.041637
1.7377802,0.002645352,-1.0623168,-0.48674548,-0.26429534,-0.23763572,-1.0623409,0.33073002,-1.6445895,2.733721
1.2906932,-0.22624813,-0.8389299,-1.0482584,0.8919345,-0.19013344,-0.8076576,-0.58010167,-2.1230617,3.7294369
1.1749815,0.2478798,-1.816284,-0.010147832,-1.3783388,-0.21530317,-0.76921123,0.66833514,-2.3748066,4.591145
1.1820091,-0.82976985,-1.0308889,-0.13090324,0.03995103,0.047274485,-0.833905,0.5165222,-2.358496,3.4164488
1.0285368,-0.8665936,-1.7304833,-0.1265284,0.47705644,-0.6947398,-0.28460562,0.8674118,-1.9910481,3.2353055
1.9573199,-0.024803542,-1.5916631,-1.0091579,-0.12853661,-0.047114,-0.71211004,-0.008723721,-2.6104884,4.3257556
1.0529941,-0.15037955,-1.400939,-0.35387668,0.53415734,-0.73850125,-0.19580242,0.3663783,-1.6492451,2.5335412
1.2775031,-0.23128645,-1.4813333,0.15718094,-0.40815365,-1.3065772,-0.23051691,1.4582211,-1.7911651,2.4267454
1.2173146,-1.180743,-0.49125388,-0.06236165,-0.27324626,-0.28188545,-0.4288992,0.17436166,-1.4678493,2.7570658
-1.8530545,-3.0670948,3.529066,0.31734657,-2.1002502,0.47904325,1.2572807,-0.74764246,2.1169412,-0.45485505
-0.00060114823,-2.4667497,-0.026319802,0.40787414,-0.20461778,3.7006507,-0.79706883,0.4919514,-0.46448392,-0.48271823
-1.9933671,-1.5037166,3.6203072,0.77711016,-1.6620082,-1.2020874,1.0978582,0.35689783,3.7734833,-3.7794704
-1.1641281,-1.6079104,1.2937822,-0.8586187,-0.15253054,5.177301,-0.9214057,-0.25500286,0.79830194,-1.920929
-0.5466504,-1.6989077,0.52790856,0.045473985,-0.31353492,3.0169077,-0.5638988,-0.5984892,-0.28958923,0.4043073
-1.9686624,-3.4722512,3.3631186,0.527757,-1.1564021,1.2181777,0.6207119,-0.09572916,1.669798,-1.0722647
0.0038872603,-1.6512046,0.97585726,-0.92979497,-0.5774951,5.6137567,-1.5314733,-0.92624325,-0.22871758,-0.23130983
0.6190299,-3.0452821,0.8479594,-1.3728648,0.38944754,4.839423,-0.40636438,-0.051136002,-0.13667168,-1.437299
-0.7327848,-2.369845,1.5691426,-0.16896291,-0.11306948,3.4564118,-0.90944135,-0.10406728,0.82645446,-1.3396901
-0.31561667,-2.5753686,0.5107306,-1.038207,0.4404456,4.9654136,-0.5507614,0.6580146,-0.42317688,-1.1470599
0.7527927,-2.4725356,1.2331991,-1.2241334,-0.11793759,2.1828463,0.66278356,0.018558756,0.96975625,-2.0427206
-0.26720327,-1.9387168,1.2292639,-0.89767706,-0.62228894,4.6640162,-0.46569455,-0.53734607,0.30419803,-1.1805768
-0.14813131,-1.9437101,0.52665865,-0.80983806,0.04090034,5.571853,-1.8048059,-0.7224042,-1.1832305,0.86304086
-0.8231577,-1.3470261,1.0778564,0.85164106,-0.46637934,1.78691,-0.8111357,-0.27246165,0.5112037,-0.6393961
-0.65751904,-1.5235773,1.671558,-0.56399953,-1.3412138,3.8326523,-0.79543144,-0.25732833,1.1551083,-1.1837714
-0.27447483,-2.763135,0.6768093,-0.4075718,0.22876562,4.4794717,-0.99709916,0.08843328,-0.49278748,-0.3474264
0.014252448,-2.0699944,-0.29659435,-0.68377066,0.19114168,6.1508737,-1.2626243,-0.38535523,-1.4266881,0.18950024
-0.18769595,-1.5039209,-0.4294769,-0.123566754,0.8526389,3.7976089,-1.0175699,1.1818191,-0.2958563,-2.0998282
-1.1447662,-1.1903366,0.8137523,0.13891542,0.30623502,3.1565657,-0.6998728,-0.6757259,0.3778684,-1.0700185
0.6080016,-1.4970242,0.7377584,-1.0931627,-0.548128,5.446964,-1.4423745,-1.0843318,0.071841165,-0.7984966
