-0.38868144,-1.7834073,2.3414087,-0.09674916,-1.6170453,0.4019427,0.56554484,-0.38094577,6.0112886,-4.744086
-1.6935743,0.23660633,4.7841845,1.304923,-2.827034,-1.3098421,0.3538627,-1.2805027,6.889902,-6.2540894
-0.877622,-0.5462804,2.0052094,1.9335097,-1.375784,-0.05882623,-1.1619352,-1.0802082,5.8883204,-4.300106
0.26414877,1.2368988,2.2088897,-0.54465055,-3.749187,-0.31170163,-0.05715987,-0.9822322,8.7473135,-6.8041406
0.2635585,0.09867178,1.5661806,-1.2653229,-1.8483714,-0.046722613,0.15015483,-1.1357684,6.8690457,-4.7117085
0.31489837,0.26790485,2.1475487,-0.39514825,-2.853355,-1.6010759,1.1301583,-0.7289051,7.544446,-5.510744
0.4127181,0.27620655,2.25572,-1.7258482,-2.0624952,-1.1893485,2.0990226,0.14619659,4.325383,-4.363712
0.6446583,0.6865083,0.6569299,1.0648373,-0.71441543,-1.7648957,-0.83356476,-1.2040263,5.943508,-4.315002
-0.049563013,-1.3873378,0.8391841,-0.22124834,-1.3735249,-0.044968925,0.5535859,1.3354838,5.155907,-4.638822
-2.0161319,0.20767066,2.1745763,0.08347806,-1.0215688,1.0026186,-0.39896342,-1.2107997,6.2029295,-4.86238
-1.3290209,0.57328594,2.9120717,0.0800553,-2.221014,-1.0500758,0.83179367,-0.79448247,7.625165,-6.3902984
0.6325771,-0.46735904,3.4625628,0.3304266,-2.9666743,-0.67364836,0.22866496,-1.689018,5.729973,-4.34106
-0.74840266,0.0084118545,1.8647803,1.4450932,-1.587726,0.23485902,-0.30727103,-1.296521,6.228333,-5.509334
0.12907857,-2.6794534,3.281927,0.21540642,-2.087133,-0.79274887,1.852517,1.0998809,4.99277,-5.8325195
-1.6444644,-0.6353327,2.5528097,-0.30013248,0.1666255,1.1996971,0.30702195,-0.8926282,5.122977,-5.7365127
-1.0357236,-2.2229877,5.7011833,0.6284876,-3.526463,-0.8908038,2.4075005,-0.17581351,4.474865,-5.0782294
0.3551793,0.04462871,1.8166801,1.4619505,-1.6408471,-1.9459889,-0.39631316,0.30778056,4.48275,-4.3319736
-0.28387523,-0.4570537,-0.08434683,1.0244322,-0.4643696,-2.3254905,1.1199962,0.43033192,5.70891,-4.567367
-2.357204,-2.0303571,5.2476583,-1.3575969,-1.8457896,-0.50501835,2.625942,0.838092,4.1233597,-4.5487943
-1.9809513,-2.2544217,6.076173,1.3718082,-2.9685254,0.5808267,-0.56552184,-0.6110788,5.2925076,-4.6070294
1.2667159,0.76539576,-2.3181753,-0.61167264,0.11871106,-1.4927382,1.1622235,0.12663125,-4.444531,5.638275
0.22981441,-0.5353464,-1.4396763,0.59234756,-0.31738746,1.3035246,-2.1321738,-0.34330457,-3.4676342,6.196841
0.91872805,-0.8902482,-0.23416872,-2.0836198,-1.5936861,1.0708838,-0.16826239,1.0188241,-4.365456,6.394586
2.1750057,-1.5432874,-0.3176217,-1.1629303,-1.7127368,1.0678505,-1.492296,0.82760805,-2.9372087,5.1575637
1.7273983,-0.44900587,-1.9206555,-1.4725213,0.087760046,0.590592,-1.1154517,-0.6767655,-5.661159,9.007
0.6589624,-1.335605,-1.155397,0.1408748,0.043403566,1.0855904,-0.6552861,0.35300782,-3.2600174,4.2902665
1.139851,-0.7387922,-0.20569392,-1.9006602,0.62239134,0.7514228,-0.254491,-1.1284038,-3.9338236,5.816078
0.94748574,-0.07455137,-1.2058119,-1.9735518,-0.692273,0.8522562,-0.4346654,0.33592984,-4.6148577,6.85217
1.2935461,-2.1854582,-0.39308566,-1.7725585,-0.8305564,1.4661455,-0.54656684,0.05156916,-3.9894204,7.024453
0.4445414,0.57452285,-1.1745465,-0.43607798,-1.0282234,-0.0036210641,-1.2726012,-0.4212205,-3.507078,6.8456397
0.25673255,-1.8429301,-0.98967445,-1.3575803,0.45565772,1.1163977,-0.7355031,0.08113997,-4.1546106,7.0690417
0.04886032,0.13318953,-1.5397276,-1.9152652,0.85828245,2.5697207,-1.90105,-1.1073403,-3.8987207,6.7269053
1.008475,-1.1944944,-1.9092194,-1.0159727,-0.16054192,1.0010899,-0.9161664,1.0747516,-3.3286438,5.5240984
0.38222313,1.3998214,-1.5299933,-1.4733206,-1.5224369,0.54115415,-0.18339953,-0.43078274,-2.7876182,5.6856146
0.59396046,-0.5289768,-1.7011424,-0.56772006,0.16926259,0.572152,-1.4084958,0.23096897,-3.5515285,6.13996
0.27074933,-0.06732859,-1.8693063,-2.2532074,0.43129626,0.415327,1.2049824,-0.5670207,-4.3716216,6.938526
-0.20841447,-0.77834713,-1.0196302,-0.114503086,0.74234223,1.2739133,-1.5536581,-0.28604102,-4.58873,6.619615
1.377513,-0.13936713,-2.2516851,-1.515823,0.6689559,1.4684834,-1.712227,-0.12637983,-6.456554,8.57427
0.27756223,-0.30574253,-3.8297982,-0.9283194,1.1654685,1.0999212,-1.8480939,1.4629295,-4.095094,7.1120987
-0.9026627,-2.117392,-2.1370687,-0.25803205,2.446663,0.6794252,-0.13733304,1.2951041,-4.5042977,5.646573
1.4805931,0.57944155,-1.8262614,-2.094815,-0.34843576,0.103284724,0.47406814,-0.21956582,-3.7292933,5.6756563
1.0314878,-1.4825202,-0.73159707,-0.61057365,0.41014603,0.8700913,-1.2057222,-0.32934543,-3.301511,5.4502583
-0.43170047,-0.31399822,-1.272216,-1.2650745,1.7867318,0.6090753,-0.104595274,-0.41914156,-2.0736609,3.6104193
1.6216685,-0.426859,-1.7189337,-1.087142,-0.36968648,1.1767477,-0.69907033,-0.8083884,-3.5876765,6.052782
2.7763155,-0.6329287,-0.24091026,-1.5644894,-1.838215,0.40636328,-1.5401889,-0.108777955,-3.8573186,6.423996
-1.765155,3.8191476,-1.5797607,-0.86163497,0.07372701,-1.0065186,1.5312978,-0.7276658,3.7862432,-3.000003
-0.9262813,2.5184603,-0.33163977,-0.9330708,-0.4125057,-3.462091,3.8594189,-0.32705668,2.1289396,-1.880698
0.31130528,6.684121,-3.1368876,-0.22059655,-0.39939815,-2.8626754,0.4669229,-2.7725573,1.7030034,0.5512317
1.2625588,5.616601,-2.7721212,-1.4000199,0.13027608,-2.8721578,1.4187664,-2.6214378,0.89282876,0.36293805
0.1729849,5.3899984,-1.8592547,-0.6888244,0.6152991,-3.7796502,1.2314072,-2.3270855,2.161856,-0.7864912
1.0552005,6.387081,-2.4069152,-0.15847364,-0.6429398,-3.413445,0.8924141,-1.8994224,1.596116,-1.1760156
2.043062,5.988642,-2.117772,-0.5519693,0.2653945,-2.1199265,-1.4184269,-3.9970438,1.6239394,0.3728635
0.5064133,4.2051845,-1.2847424,-1.5130104,-0.7277794,-2.1862066,1.1803342,-1.3587207,3.7637134,-2.4688241
2.6211822,3.4945412,-2.4496741,-0.9398231,-0.63217807,-2.2122266,0.5597452,-0.89467645,0.5979603,-0.08963113
0.65931755,0.16611704,2.780237,-1.0468545,-2.760223,2.8272374,-1.1607143,-1.1687956,2.8886254,-3.0151973
0.94123083,1.1483059,2.0883334,-1.3985578,-2.8579779,1.0167131,-0.6177825,-1.4215422,6.3656673,-5.054194
3.7948651,4.4672112,-3.5853655,-1.1787472,-0.73760396,-2.4407053,-0.8183191,-1.8214996,0.817974,1.437965
2.3786924,-0.6827525,1.4974114,-1.1077001,-2.6255093,0.6405999,-0.09411359,0.18717043,1.384364,-1.3963495
-0.54116863,0.004442543,2.24832,-1.2297341,-2.334351,0.24075636,0.8589984,0.24096875,3.8991637,-3.3265748
1.3858199,-0.41945013,1.2616948,-0.9881025,-2.27557,2.1726995,-2.4272745,-0.66735744,3.7262392,-1.6764966
0.13105848,0.0011291653,3.98604,-0.059522863,-3.7595682,-0.7550314,0.90654683,0.05575804,4.008579,-4.302724
1.7909671,4.1024313,-1.6978298,-1.9358692,-0.91151536,-4.1522675,3.1272242,-0.73747903,2.7901819,-2.1727064
-2.4443526,0.5969224,3.3965394,-1.4850519,-1.6387028,0.8523722,0.04452476,-1.0509504,5.461632,-3.7217267
0.51609993,0.72533464,2.2326293,-0.47237238,-2.869885,0.17865014,0.112930834,-0.9653749,4.8374577,-4.172027
-0.022309206,2.0136883,0.087367,-1.085818,-2.5535831,-0.7634053,0.83047307,-0.3688698,8.369309,-6.1436286
-2.1947038,-0.88371575,0.43813306,5.9475493,0.6643651,-1.4889445,-2.107343,1.2101481,0.40606934,-1.7025403
-0.18455836,-3.6023934,-0.34934738,2.7401655,-0.883371,-1.0649037,-0.32059458,5.649429,-0.13118094,-1.7027661
2.3429039,-1.6032077,-1.1546701,2.642169,-1.9927489,-1.2027076,-1.2439314,2.292057,0.7347646,-0.638191
-0.90714514,-1.1075715,-1.9862794,7.2715006,1.1382434,-3.589121,-1.4672083,2.517451,1.5792559,-3.0981188
0.33042207,-1.8508762,-1.2026346,3.3588307,-0.8324131,-1.0768938,-0.8570826,2.8716154,0.07953035,-0.70654607
-0.68123275,-2.9836822,0.59035814,2.9189107,-1.1198694,-1.5663533,0.45624402,5.0228376,0.30185294,-2.6865504
-0.22316727,-2.3178744,0.6121148,4.786517,0.79388857,-1.0630717,-1.9896251,1.1795598,-0.022388555,-1.6523663
-2.5254157,-1.9317305,-0.78589904,6.304388,0.9747046,-2.8847606,-0.87143445,2.8370018,-0.29008466,-0.56777096
-0.65736496,-0.9175358,1.2031364,2.2389548,-2.1823492,-1.7269652,0.30223688,2.0890322,3.7656531,-3.8655417
0.24846601,-0.53739476,-1.8765832,1.4577523,-0.56487507,-2.449565,0.9164332,3.3883073,-1.0858475,0.5940693
-0.71621317,-0.43638638,-0.046940684,1.0305933,0.003964007,-0.5231546,0.6481919,0.89175713,1.6058733,-2.254646
0.31389332,-3.3623452,-3.2966738,4.5431495,1.7351946,-2.1246114,-0.79214406,5.257812,-0.6285478,-1.7787062
-1.5923818,-0.51091254,1.3851329,4.6138525,-1.2947904,-1.159112,-1.9954737,1.3135296,0.88544124,-1.4488114
1.1787516,-1.9865797,-2.128335,1.1956322,-2.2714715,-1.5278792,0.56352115,6.095352,-0.108535446,-0.7665069
-0.09826725,-2.0368779,0.2122004,4.4010096,-1.3618973,-2.6494813,0.26163673,3.155209,0.1357761,-1.699616
-2.0003963,-1.0168916,-0.998711,4.4310446,-0.041823357,-1.4797257,-1.4901804,4.8934197,0.32427713,-2.1840312
0.7446613,-3.543215,0.13606438,0.9721236,-1.2354075,-0.17085373,1.0896126,3.4863625,0.001743637,-1.2372028
-0.7058094,-0.95661664,0.9556521,4.19235,-0.14210361,-3.029542,-0.5896318,2.2689838,3.777381,-5.620157
-0.76007307,-2.3279655,0.5550234,3.074388,-0.13762373,-2.4362073,1.0328336,2.6380718,1.3240551,-2.6597936
-0.75812805,-4.3099174,-0.39356375,2.7797382,-1.3011903,-1.0752962,0.44577628,5.7809544,0.84189224,-1.6986918
-1.1144425,-1.7383105,-0.62273955,6.0244217,-0.31856072,-0.84313035,-2.6369288,2.2437317,0.649418,-1.4257901
0.096441515,-0.418489,1.5411575,0.24398676,-2.4238176,-0.12605348,0.46561566,0.08259593,5.9773736,-5.225017
-0.70486206,-2.1305304,0.90700346,3.5665956,-0.19671309,-1.2057333,-1.7224933,2.1797671,1.4040025,-1.8591167
-0.9312653,-0.3963916,0.7289268,5.147589,-0.61618996,-0.23949942,-3.9660237,0.1745554,3.0329914,-2.7049692
-0.26826167,-0.47716853,0.8744425,5.54033,-0.4616105,-1.9389648,-2.772715,0.00015155599,2.1026292,-2.497681
-0.916585,-2.418136,2.2348688,4.164837,-1.2856332,-0.4679738,-0.4880241,1.1544155,2.6771572,-4.368764
-0.16574696,-2.5935585,1.3996907,4.491574,-0.53565764,-1.7139121,-1.284993,1.2382809,2.4904757,-3.2086928
0.36981535,-0.38882205,1.3206238,-0.8061178,-1.6976036,0.49647233,0.55009735,-0.16677989,4.6106977,-4.115632
-1.254224,-2.4363472,0.6627087,7.2664943,1.2677552,-0.6941798,-3.9742448,1.0258234,-0.6626127,-1.1191813
-1.5469388,-1.9290546,0.19768408,6.6667595,1.2611235,-2.7899833,-2.24467,0.9900817,1.1180531,-1.5908782
-0.32720405,-0.07155636,1.6929442,1.3074466,-1.5639187,-1.3391322,0.21331489,-0.48334596,6.7233443,-6.025248
-0.2445868,-1.3053498,2.3002186,2.7513907,-1.1229879,-1.3764584,-0.18304822,0.746217,4.280081,-5.6726418
0.1865724,-0.7920072,-1.6213455,2.7984326,-0.388443,-0.9961484,-1.4757413,3.2936432,0.5645867,-1.2926234
0.99016553,-0.5398284,0.4174717,0.8779326,-1.3395606,-0.36596814,-1.0029756,-0.28826687,6.422048,-5.0733137
-0.22133031,-1.5800906,0.9295465,2.4688203,-0.2861166,-1.8293877,0.17255685,1.2461488,2.5721521,-3.2747881
2.062795,0.3385773,-1.0866863,-0.9128884,0.73838705,0.023361452,-0.46643,-1.0310616,2.6542468,-2.2058587
-0.00458958,-1.4237505,1.2575096,3.5470903,-1.542255,0.24699894,-2.8874595,0.37543693,5.4896164,-4.763699
-1.5682845,-1.5839189,2.3795552,1.3239946,-0.32654256,-0.5888038,0.10728052,0.7591104,3.738827,-4.118442
-2.1730862,0.16871825,0.5281468,7.3375983,1.0303404,-3.2530217,-2.6643474,0.05248187,2.6605275,-3.4035056
0.43620217,0.39141545,1.6515492,2.4888654,-2.6752663,-0.8403685,-2.1319804,-0.5944451,6.181508,-4.729426
-0.42534065,-0.2988878,-2.1325297,4.2300425,1.3088659,-1.1920371,-2.712944,2.140592,-0.50032616,-0.2537331
0.5511177,-1.1329637,-1.023194,4.425412,0.430694,-2.473598,-2.3841312,2.5040238,-0.4720919,-0.22072345
2.1018836,0.5284759,-1.7372885,2.4145691,-1.7410935,-2.0623813,-0.9414449,2.3728414,2.6646442,-3.423074
-0.95638007,-0.67580545,-1.7269799,4.7593703,-0.666961,-1.690017,-0.63908124,2.9050753,-1.0255181,0.10316581
0.5312001,-0.60219514,-3.0625138,5.763754,0.5865298,-2.6619277,-2.3036206,2.7038329,0.289042,-0.919159
0.8702261,-0.31960592,-2.4341874,5.547364,0.9062762,-1.7286357,-3.8041415,1.5431511,-0.5128994,0.045315765
-0.1338569,-0.9821421,-2.9640243,3.343147,1.5891019,-0.41688266,-2.67567,1.7997253,-1.1929363,1.6818218
-1.6637816,-0.8742273,-1.7012128,7.726451,2.0277123,-3.5082808,-2.2134964,1.48103,-0.9508866,0.04990188
0.25063655,-0.80553544,-2.2098176,5.315105,0.17922507,-2.3873954,-2.2083437,2.4451308,-0.24607688,-0.1958096
1.4628292,0.06610787,-1.4039983,6.227026,-1.2571627,-2.6319768,-4.106745,1.0168276,-1.3900982,2.2120252
-1.4554564,-0.7375816,-2.232465,6.190299,1.8267858,-4.2738857,-0.77996266,2.9972534,0.6183304,-1.9081603
-3.075412,-0.034311593,-2.105195,8.636344,2.7471657,-5.5171413,-1.7354113,2.570222,-0.62120306,-0.55874443
-0.8036596,-0.8883413,-0.058866918,7.000808,0.100516886,-3.4938712,-2.3077493,1.4732565,-0.09991384,-0.5905915
-0.78211635,-0.16325134,-1.8151952,4.8658924,1.7382272,-2.0123367,-2.7572963,0.4492418,-0.4035517,0.88617384
-0.58348304,0.56311214,-2.0361075,7.3962965,1.2861942,-3.266522,-2.8561304,0.83903867,-1.2856945,0.14912224
-1.6914515,-0.17897478,-0.062194884,6.908395,1.0452995,-2.6076074,-3.5416265,-0.02354576,-0.013595052,0.40416396
-1.2721452,-0.715356,-1.4456154,3.6233447,1.0796695,-0.97948277,-1.0723872,1.5168152,-0.313301,-0.1912955
0.3849346,-0.85416746,-1.891557,1.7843857,1.1974553,0.26908258,-1.8012162,0.85900825,-1.4627143,1.4975742
1.0199301,-1.74871,-1.4082776,5.474803,-0.054865927,-3.0217397,-1.6984984,2.0938444,-1.6176108,1.1243491
-0.78838277,-1.498253,-0.765184,5.6769724,0.62784564,-2.130412,-3.246048,1.2985572,0.06336733,1.0266746
-4.3979096,-2.0599282,-2.6239316,1.1875741,6.0007687,1.7405653,-0.91207314,1.1435169,0.6159415,-0.6246316
-2.6601439,-0.28928247,-2.7243738,0.5650309,6.8524694,2.108838,-2.3639803,-1.7028422,-2.0432084,2.2948458
-2.8474014,-0.53289497,-2.5566552,0.19672659,6.937689,1.3673768,-1.061654,-0.7622854,-0.7483096,0.07118679
-2.8262088,1.0798024,-3.3683186,1.734725,4.5889688,-1.2237223,-0.40323249,-0.25361148,-1.7618163,2.4130838
-3.2393172,0.38627037,-4.325506,1.2823107,6.733945,0.65688354,-0.07508528,0.5431407,-0.43065172,-1.425461
-2.8570359,1.5244392,-3.7178938,-0.61189085,6.3853436,1.0881151,-1.1284212,-0.8102618,-0.3246523,0.4072101
-2.6459749,-0.016830951,-2.7491856,1.5105472,5.9494314,1.019023,-1.8450916,-0.67164093,-0.72338367,0.34955564
-1.6531175,0.026575089,-4.7164993,0.45552105,7.128721,1.8273499,-1.8286654,-1.0960022,-0.7963104,0.50930095
-4.266136,0.81040514,-4.163739,1.8382355,7.3681345,0.75370693,-1.6254761,-0.845922,0.31270927,-0.057259314
-3.8172758,1.6435839,-3.070218,0.84792995,6.392041,0.017564125,-0.5939021,-1.4727776,-1.6319109,1.8053305
-1.6488272,-0.4957213,-2.7163587,0.5419443,6.2167273,2.5327752,-2.9909575,-1.6808546,-0.41030207,0.5086995
-3.5823255,-1.3079687,-3.5832925,2.6906776,7.2536697,-0.4684377,-1.9942387,1.317454,-1.2243255,1.0970613
-3.2751603,-0.5404562,-3.9615042,1.8326975,7.076172,0.5629554,-0.5799707,0.84225065,-2.1305306,0.21403629
-2.374894,0.4679483,-3.1493495,0.6072631,5.532997,1.6539497,-1.3750204,-1.3530847,-0.26495394,0.32288742
-2.58749,-0.4600588,-0.43087816,1.716008,4.609772,-0.6256622,0.09084375,-1.0632235,-0.72791433,-0.45213395
-3.8090806,-0.9188061,-2.8318353,1.2133614,6.9624815,1.9066466,-2.5061622,-0.7176966,-1.1973431,1.6969906
-1.8429997,-1.3987385,-1.1254756,0.40651032,3.7760954,1.8678813,-0.502028,-0.11732246,0.5894522,-1.5457095
-3.166478,-1.084355,-2.0276146,0.35961646,6.633524,2.5817194,-1.437905,-0.9706877,-1.250801,0.31150818
-2.2539735,0.19064346,-2.4252548,1.2963262,5.616534,-0.094862856,-1.0400301,-1.0233315,-0.29540795,-0.040796272
-3.248696,-0.42646316,-1.2261692,1.6318071,4.687852,0.30263582,-0.54293287,-0.42616814,1.1468779,-1.6992849
-0.21876305,-1.2608831,-1.9789662,2.8124993,-0.4316814,-1.0781596,-1.034777,3.5909286,0.061707772,-0.49770045
-0.9610092,-1.2952615,0.4531369,6.1470957,-1.1073555,-3.668038,-1.009762,2.8867412,1.135585,-2.3427808
0.16833225,-2.8307397,0.23093134,3.9770548,-1.5418696,-2.647532,0.613397,4.5400963,-0.21502432,-2.0541263
1.3293396,-0.20431173,-2.9013326,1.636334,0.15714371,-1.1997987,-0.5895982,1.9497361,1.6849521,-1.6704959
0.69466215,-1.8012061,-4.615459,1.8344599,-0.089438945,-1.4920726,1.0880846,6.2008133,0.17137825,-1.6250943
1.2303236,-0.64548767,1.6270746,0.34613428,-2.009789,2.3734374,-3.4072137,-0.90448153,4.7741385,-3.1206877
0.9942561,-0.75572145,0.4393095,1.995614,-0.7478845,-0.088896506,-2.1396503,0.45705166,3.60563,-3.5587325
-2.9720628,-0.3805756,-1.3527799,4.63508,2.9792142,-0.855059,-3.118898,1.3114665,0.7764586,-0.9254088
-0.036377005,-0.3764987,-2.773213,3.1181705,2.7431688,-1.3022394,-1.4553347,1.2181046,0.15956774,-1.250392
0.077662714,-2.1406765,-0.87412924,2.6625092,-0.21705347,-0.07716467,-0.9582212,2.939273,1.7636969,-2.9863799
0.50187236,-1.5537547,-3.2175658,3.7129962,0.6734425,-0.85303676,-2.2315457,3.556582,0.07253165,-0.50731415
0.14335737,-2.7837024,-2.8113,2.886407,0.8908032,-0.1694498,-2.1958249,4.445793,0.23826122,-0.6484035
3.0539298,-2.2127786,-0.9429295,-0.42236203,-0.78260124,1.9772224,-2.015711,0.644206,0.51006466,0.18533581
0.36174467,-0.44375905,-1.0643471,0.62516004,-0.3095098,-0.52696747,-1.0048113,1.8274548,4.2717323,-3.7006247
-0.29548806,-1.359068,-1.231752,4.6894464,0.33468026,-1.386351,-1.6631407,2.4182372,0.3675969,-1.7155898
-1.8084205,-1.4311624,-1.45043,6.9195833,1.8066478,-1.9559652,-2.9196308,2.5405273,1.6406971,-2.9822555
0.24313831,0.5259658,1.3193544,0.38257098,-0.8902167,0.08278326,-1.4566742,-1.055912,3.7489257,-2.8090796
-0.36666828,0.6925776,-2.362383,5.9260397,0.55738866,-3.267567,-1.5969213,0.3697673,-0.12805861,0.50518924
-0.84212804,-2.7774408,3.199606,2.2492764,-2.2627707,0.19029927,-1.0089632,1.2404807,4.7659435,-4.548475
0.45203543,-2.9460135,-2.952829,2.840638,-0.5942952,-1.4525385,-0.03561142,5.8731008,0.55811304,-1.6593982
6.321928,-1.0672946,-2.3299732,0.34250733,-2.4458132,-0.35861808,-2.4550807,0.6089201,1.4792558,-0.13513231
7.542387,-1.216799,-2.2947254,0.5711573,-2.453045,-0.37779745,-2.8340762,0.5262106,-1.360328,1.8396963
4.554559,-1.3560153,-2.1501017,-0.354371,-1.9603463,-1.1591417,-0.16190651,1.2292769,0.59146583,0.8290396
6.8611817,-1.1232532,-0.8422942,-1.1137388,-2.325851,0.22032273,-1.6708658,-0.9190826,0.70540184,0.21207726
7.30642,-1.3576715,-2.8623998,-2.3723705,-2.675805,0.75053763,-0.71766746,0.96601075,0.37488267,0.5764287
6.3763013,-0.23303154,-1.9523836,-2.4867413,-2.6152258,0.10119096,-1.0050598,0.2030798,1.1122116,0.48255825
2.2624915,-2.0129743,-1.542889,-0.015913991,-0.35414076,0.3794217,-0.8781985,2.8309593,-0.04920923,-0.5937853
3.648441,-1.7211709,-2.544525,0.61285007,-0.96640885,-0.88907874,-0.89223075,1.6229522,-0.9258772,2.1616335
3.4524748,-1.7642556,-1.8669103,-1.1265686,-2.25027,1.4724634,-1.7895825,1.1964297,-1.3956183,4.043971
2.131707,-1.7881544,-2.7801793,-1.1149337,-0.60112166,0.20364538,0.50370514,3.7741098,-1.1188592,0.8056806
6.7510147,0.041956633,-2.0717623,-1.3846612,-3.5171423,-1.6376238,-0.5424702,1.3578918,0.0032932684,0.9544829
-0.37766033,-3.2306933,-1.0961932,0.13859108,0.33752477,2.1894178,-0.66294956,3.551907,-0.4885968,-0.23951918
4.679108,-2.3442829,-1.2305436,0.16284105,-0.99817646,-0.01239612,-1.1655881,2.0686164,-0.28751612,-0.79294544
3.856926,-1.7195606,-1.6154768,-2.4899523,-1.2624072,1.2964785,0.059899777,1.7983034,-2.0861135,2.1892705
5.644729,-2.6810699,-3.0560296,-1.6233578,-1.1422175,2.2934597,-1.513519,1.5654771,-1.3454341,1.8863131
0.3827626,-1.9335657,-2.776795,-1.3530354,1.3207486,1.5686774,0.59376013,2.1279507,-0.2549929,0.31577495
3.5502558,-0.320445,-1.4278809,-0.69688964,-0.66734505,1.1038439,-1.8961397,-0.7258188,0.33455235,0.6673747
3.162845,-0.76186454,-2.6697497,-2.2582273,0.44973302,1.4249364,-0.2054302,1.1669748,-0.35029948,0.07945109
2.9479558,-1.7856342,-1.9081411,-0.76487374,-0.96510506,1.0446739,-0.54129374,2.0106025,1.7048528,-1.6396275
3.2032697,-2.1729476,-0.21371719,-3.2108948,-1.9697047,4.704095,-2.4708798,0.047054123,0.09504726,1.8911493
-1.4947506,-1.7937764,1.6853402,-0.513734,-0.0071848333,5.9510565,-3.0077198,-0.68412244,-1.0886393,0.8477721
-1.3778244,-1.9239515,0.95845085,-0.6329005,-0.3366387,7.4071755,-3.7168498,-1.8752227,0.7549672,0.7156196
-0.72107786,-2.1328027,2.3361228,-1.8807207,-1.3317083,7.266646,-4.0587497,-2.0679624,2.4034152,0.20016304
-1.2585205,-1.4897683,0.2968185,-1.5239692,0.48460463,8.294735,-4.7656674,-1.3472724,2.3409693,-0.9181702
-0.2938937,-1.765316,1.5018507,0.804832,-0.9374236,5.2119355,-4.340777,-1.4376559,2.02788,-0.7876331
-2.166181,-2.9937656,2.3935905,-1.4879477,-0.62741005,7.9658012,-3.3634374,-1.5769105,1.1519817,0.80275106
-0.13279068,-2.1222396,0.34477812,-0.5878739,0.047384143,6.470753,-4.630423,0.0006755404,0.09997781,0.5895359
-2.1092844,-2.0996296,3.312855,-1.7730696,-0.6457453,6.012121,-2.435036,-2.1899574,1.7830172,0.09266905
-1.6028478,-1.2876275,1.0202199,-0.0600104,0.59548676,7.0226436,-4.906811,-1.7579864,0.6661084,0.43384787
-0.11068877,-3.2785602,3.6988258,0.15385947,-1.8285786,5.861395,-4.1235766,-1.4365131,1.3778503,-0.22931743
-1.7868327,-4.025843,2.27746,-0.7897713,0.10857794,7.4971676,-3.1358716,-0.30505154,0.11247989,-0.034816496
-1.7193018,-4.1377525,3.0428467,-2.220977,-1.3251702,7.641184,-2.804201,0.9314985,-0.98625004,1.5732001
-1.4280149,-2.0028827,1.1663933,-0.22873178,-0.37628472,5.5002127,-3.7334363,-0.38449156,2.6945236,-1.0577418
-0.980767,-2.1456652,1.4739801,-0.97706413,-1.2750489,6.080505,-2.805809,-0.30917695,2.9846792,-1.991624
-2.6613362,-1.700663,2.979281,-1.0148461,-1.0448391,6.873767,-4.166154,-1.4218209,2.1005359,0.08419246
-2.1723602,-2.6070087,2.0022519,-2.9466305,0.34350675,8.851357,-3.6628144,-1.8694282,1.5100757,0.59729266
-1.5699583,-2.6894622,1.9364835,-1.5951953,-0.5175508,7.6860075,-3.077727,-0.9903925,1.778093,-0.8476448
-0.4101957,-0.8145715,1.2417752,-1.4405222,-1.4481847,6.7938404,-4.3185525,-1.0864387,0.7554258,0.9455967
-2.636236,-3.5947814,2.0708082,-0.97166085,1.4181405,8.038328,-3.6843555,-0.6100705,1.4396018,-1.438354
-1.2679023,-2.1283383,1.8656042,-1.3561275,0.2223863,9.044515,-4.9890723,-2.0566947,1.2200307,-0.58209217
