-0.33400482,3.9858098,-0.4494283,0.20116523,-1.3376626,-2.60037,-0.0663106,-0.75604993,1.1962074,0.80508506
-1.3068532,3.8334522,0.24876237,-0.6672226,-0.7899751,-0.22831911,-1.427707,-1.5511333,0.78183854,1.0556406
0.83219236,3.3128834,-0.81272817,-0.4027768,-1.707273,-1.8800116,0.8403014,-0.18517974,1.1950004,-0.8147296
-0.7720586,5.419668,-0.4939754,-0.9267719,-1.6343203,-1.0936111,-0.73127234,-1.6865739,2.3741865,-0.27697363
-0.2765749,5.318758,0.29674014,-1.601908,-1.8488479,-0.56761,-0.29389116,-2.2410536,2.0826795,-0.7338237
1.0761822,0.990705,1.159065,-1.9782954,-1.6289015,-0.25901353,2.325042,-0.8456601,2.9214306,-3.3584604
0.107794985,5.454209,-0.059994966,-1.4733738,-2.6386278,-2.035304,1.7323219,-1.6204616,1.8936762,-1.1781777
-0.463669,4.799171,0.088065654,-0.34812143,-1.5320022,-2.1467924,0.5004599,-1.4878395,1.2550191,-0.5627276
-0.9839779,5.228666,-0.8659134,-0.342607,-0.89954555,-1.2826911,-0.18575329,-1.6365125,1.635201,-0.7738837
1.2076358,5.9492593,-1.7114319,-1.3610542,-1.4878165,0.2600113,-0.8474971,-3.215174,2.0404556,-0.5550708
-1.0952884,4.3329654,1.1822102,-0.7340473,-2.4984434,0.012543291,-0.8084005,-2.5729072,2.5052264,-0.16518974
-0.5249815,5.6148105,-0.1725811,-0.6544697,-1.8091791,-1.4021152,-0.8060714,-2.3189528,2.5123062,-0.4376064
0.83223176,3.206225,1.5887786,-2.1351352,-2.3146584,-0.52763975,0.467346,-1.7663592,2.6984282,-2.108674
2.0108156,2.7960413,-0.47880167,-2.5361526,-1.0196112,-0.08574796,1.0432483,-2.2319872,3.1236963,-2.6867628
-0.3436383,3.8623152,0.82502234,-1.6442971,-2.2168536,-0.7127339,1.1924613,-1.6355722,3.7242773,-2.785255
0.61193764,5.797259,0.102074295,-2.0864687,-2.8316245,-1.7523334,0.5263691,-1.5960915,2.576979,-0.9523202
-0.76586634,5.355986,-0.18747076,-0.6475351,-1.7016088,-1.911933,0.55177057,-1.7004652,1.7691696,-0.42753935
0.7121464,5.816168,-0.79628825,-0.9107572,-2.4409263,-0.85199773,-0.29029104,-1.934356,1.3134362,-0.31283838
0.5042443,5.332501,-0.63140297,-0.79989517,-2.008774,-1.8520365,-0.51195717,-2.43209,2.1080694,0.076765776
0.59698874,-0.5064433,-1.3078258,-0.19520661,-0.11399101,-0.064222425,-0.350758,0.65178776,-2.093908,3.8709376
1.2693692,0.1603228,-2.2006996,-0.011066228,-0.5610905,2.1690335,-3.1842613,-0.2653405,-3.484102,5.9342413
-0.80389386,-0.43081394,-3.150637,1.088637,1.4753343,1.5802321,-3.4110694,1.247921,-4.228832,6.6816707
-0.017242223,-0.37993723,-2.2893329,0.8183187,0.4228645,1.391324,-2.9534514,0.30908984,-4.1156178,7.0058727
1.531119,-0.7364276,-2.4327185,-0.08763391,-0.11623879,1.3969402,-2.477496,0.90860313,-3.1536505,5.296137
-0.084622666,-2.0378137,-1.4127762,0.24880305,0.31753218,1.571337,-1.5426491,0.9456154,-3.3534737,5.569199
0.09221457,-0.98425436,-2.4055645,1.1609476,0.694889,1.8952972,-3.3441665,1.0150452,-4.111628,6.150386
0.72142696,-0.50390744,-0.9311415,-0.13078892,0.044913158,0.6187266,-1.6963401,0.5461408,-1.7721803,3.3601031
-0.40833938,-0.5668064,-1.550988,1.4663823,0.45264876,-0.06331974,-1.5226033,1.5369116,-3.6688035,4.575157
1.8692402,0.924278,-2.7439535,-0.15416318,-0.34450543,1.1220356,-2.0279632,0.22070907,-3.152204,4.3790474
0.6851023,0.84685695,-2.1577263,-0.12727705,-0.13409318,1.5157852,-1.636031,-0.089233264,-2.6910033,3.905107
0.68260443,-1.2156097,-1.9659826,0.42800745,0.2691103,2.0948372,-3.144822,0.81537026,-3.5664086,5.833828
1.0359843,-1.801688,-1.3786451,0.22563043,-1.1457922,-0.18886721,-0.7755923,2.3804297,-3.5604706,5.5753803
1.6696855,-0.09790828,-2.5795746,-0.1750687,-0.22633226,0.90461934,-1.8538492,0.55840766,-3.6942098,5.786333
-0.4921062,-1.6809018,-0.9821681,2.5663,0.7595767,0.32210067,-2.0802925,2.0958867,-3.8516073,3.9372406
-0.002638802,0.887184,-2.2292984,0.32214,0.65566516,1.2997638,-2.6821196,0.1765096,-2.7095141,4.4659886
2.2167914,-0.67828727,-2.7437277,-1.1847593,-0.6105491,1.8186698,-1.6398927,0.14161976,-2.7451353,5.972855
1.242716,-1.2391986,-1.6184022,-1.0874265,-0.27913743,2.774067,-3.103434,0.001443401,-2.4522989,5.7841983
0.2094177,-0.64159054,-2.6151826,-0.17549536,1.0543817,3.3890138,-4.1490493,-0.8728126,-2.821869,6.7071733
-1.4584062,-1.3279657,-2.4624126,1.7393701,1.8518703,1.0157406,-2.5275414,1.0347279,-3.8155344,6.379711
-2.383573,-0.9073515,6.3704886,0.00068482757,-2.9975312,-0.21637866,0.7097938,-0.32991934,5.2826295,-5.3452764
-1.9349843,-0.6585692,5.1934247,-1.0142604,-1.6005965,-0.07627985,0.16451994,-1.2515984,6.9060335,-5.8323965
-0.99997723,-0.07310798,2.9666302,-1.5567232,-0.3166706,0.094947964,0.9558041,-2.0938358,6.11933,-4.7916136
-0.90115976,-0.15540196,4.3632774,-0.9687048,-1.760483,-0.8262887,0.94716644,-1.0913391,5.205208,-4.9180336
1.1487646,-0.04620304,2.6768982,-1.9501163,-3.33724,-0.039562255,1.8941793,-1.7924736,4.7039886,-2.954223
-3.0992687,-1.2180533,6.488901,2.0700512,-2.6979563,-0.22976357,-0.11341745,-0.29584444,3.691492,-4.339837
-1.9605266,-1.1257371,4.4203553,-0.5542157,-1.9015893,-0.10168582,1.7045418,-1.2021616,4.0486226,-3.1845572
-1.5425363,-0.21910031,5.351381,-0.215372,-3.1590564,-0.97209144,1.3643042,-0.3053261,4.9712806,-4.920072
-1.1840014,1.3069646,4.08086,-1.7458899,-2.4850445,-0.35435688,1.2956392,-2.042456,6.4557257,-5.259353
-2.2426026,-1.7363002,5.6244874,0.24720982,-3.275511,-0.7262846,2.040285,1.196491,3.820245,-4.301202
-1.2701818,-0.60451746,4.1043296,-0.6063676,-1.5398661,1.435962,-0.9191456,-2.0653675,6.127817,-4.6492147
0.23589553,-0.07589116,2.886296,-2.7184021,-2.3550384,0.88040173,1.6398636,-1.7803184,5.639142,-4.0738363
-1.0896078,-0.0068327403,4.7412,-1.2421007,-3.1300912,-1.0093119,2.2464824,-0.27380228,5.391573,-5.0244484
-1.4343561,-0.37610963,5.226794,-0.96044016,-3.5513623,0.41578108,0.40493006,-0.85549235,5.5550556,-4.3667755
-3.238561,-0.8272349,5.1887527,0.8149092,-1.5058564,-1.1031513,1.4463081,0.34245247,3.658592,-4.6735444
-1.916372,-0.42143586,4.925123,-0.29659012,-2.742925,-0.7795949,1.7311149,0.3591898,3.9622948,-4.1112165
-0.740858,0.32496235,4.0043197,-1.7380104,-2.2012875,-0.4682176,2.0742557,-1.3416688,5.673847,-5.4347496
-0.8885335,-0.5195502,4.519309,-0.9947618,-2.4589102,-0.051055312,1.1926649,-1.175689,5.8400593,-5.1463
-0.46867776,0.39682397,3.2478514,-0.92013216,-1.6891314,0.530719,-0.07322782,-1.5342431,5.2209234,-4.214427
1.0417539,0.04824976,2.6110964,-2.6044197,-2.2178867,0.33253732,0.4605239,-1.4015933,4.607678,-2.9038918
-0.29736668,0.26764223,4.2118235,-0.95538354,-2.4939444,-0.66654027,0.947667,-0.3593632,4.92947,-5.2407427
0.012111008,-0.5749047,2.666834,-0.9704995,-1.4969261,-0.7475238,1.6547893,-0.09249021,3.9786084,-3.9288988
0.8441265,0.08901975,2.0146887,-2.874681,-2.1341212,-1.3800954,4.060006,-0.697957,4.9490404,-4.594302
1.1755389,-0.48002437,3.0066288,-2.9096131,-2.4608607,0.86939096,2.0594213,-1.7496597,5.247266,-4.657468
0.93495387,-0.607689,1.5245732,-1.1991999,-1.4811324,-0.3752314,2.3301299,-0.4724468,3.1898143,-3.6101546
0.9176193,-0.007002256,1.2007471,-3.657618,-1.2552793,0.49978536,2.676664,-1.1668891,4.041038,-3.387325
-0.75283813,0.65946865,3.1217916,-2.5026493,-1.8945806,0.64798033,0.9889585,-2.1568854,6.611332,-4.755328
1.9553496,-0.89430857,1.1777878,-2.3237388,-2.4520879,-1.5888484,5.307261,0.16358475,2.5192401,-3.4332924
-0.26604152,0.19659553,2.5001261,-1.7664491,-0.60998255,1.9062632,-0.1632283,-2.3235946,5.837037,-5.106127
0.0855449,0.4342315,1.7507927,-1.5339261,-1.2853237,2.5094814,-1.0945029,-2.953837,5.0727,-3.053752
-0.7570325,0.09794561,3.4440455,-0.8243613,-1.0403193,0.032049894,0.040369898,-1.421985,5.242537,-4.8891897
0.64766186,1.1168197,0.8645648,-2.069642,-1.4248031,-2.1396468,4.224088,-1.0994284,2.8181639,-2.631581
-0.678994,0.9199797,2.6405177,-1.2946001,-0.9046752,0.51349235,0.124923915,-2.980628,5.1061964,-3.683322
-2.310468,0.39951727,3.4470098,0.60745645,-0.70364153,-0.058007926,-0.3181435,-1.2702303,4.758094,-3.961317
-2.193414,-0.091385685,3.4295375,-0.3435958,-1.6632481,0.572466,-0.29250005,-0.523325,3.4285474,-2.230131
-0.20660837,0.62045383,2.8031895,-1.5459598,-2.2552967,0.47208726,0.68542063,-0.91184855,3.870919,-3.0602741
-0.5013696,-0.7650286,3.1528604,-1.5606732,-1.8975297,0.12934934,1.3001595,-0.058068857,4.839036,-4.4359417
-0.16906647,-0.51479656,3.7862203,-1.0183172,-2.8776653,-0.11795235,1.4051723,-0.22395395,3.1367853,-3.2153163
1.1035817,1.4398515,1.1821234,-2.7521412,-2.3584907,-0.81151056,2.4758797,-0.9252901,2.7160306,-1.9079303
-0.8408339,0.41090813,2.1149533,-0.47609028,-0.6344118,1.7753217,-1.3033465,-2.2037954,3.4888494,-2.3735373
1.0735464,-1.6822835,0.4579542,0.5200515,-2.4771926,-2.7048337,2.2471263,4.6990404,-1.8536618,0.73567826
-0.5357952,-2.9611208,0.8709147,0.78866816,-1.0164195,-1.7950113,1.5760765,4.0597115,-2.2570112,1.796791
0.18516834,-1.0773058,-1.8518238,0.98562324,-0.6821357,-0.90219617,0.33029962,3.597024,-3.1892893,3.4517598
1.0186987,-1.5422679,-0.9847324,1.2970736,-1.605935,-1.9449768,1.0723559,4.9147453,-2.8252447,1.3064247
-0.24138848,-2.4688015,-0.18868718,2.0449817,-0.7496251,-2.286339,1.6283885,5.0916204,-2.8823514,0.83379483
-0.53881145,-1.9686376,0.4987326,2.5500686,-0.70606613,-3.1449687,1.5844171,4.923634,-1.6272643,-0.80406386
-0.25109297,-1.2826575,-1.8429077,2.2168229,0.5630565,-1.2636825,-0.94915545,2.7821774,-3.4898853,4.0675654
2.7275476,-0.40367648,-1.1817138,-0.91874945,-1.14237,-0.43068612,0.04058835,1.1354384,-1.0612905,1.4168146
-2.1531572,-1.6261377,0.7175008,3.442772,-0.27337927,-0.4024505,-1.2336088,1.9342036,-1.1482025,1.3118793
0.59365344,-1.0081235,-0.38083312,0.78323793,-1.2286419,-2.7651396,0.9383099,3.699884,-1.1025753,1.3837386
0.29933605,-1.5988333,-0.6395645,0.48768714,-0.8433461,-1.4471433,0.71945965,3.765735,-1.7707107,1.5713519
2.0960014,-0.5804401,-2.416591,-0.30210027,-0.4565605,-0.918017,0.3347538,1.3097967,-1.9762743,3.3218346
-0.32296866,-2.1098962,0.637964,1.5394205,0.021721259,-2.9760923,1.3409648,3.5704098,-0.7285424,-0.4516822
2.0967228,-1.4617668,-0.87115395,0.041625977,-1.9678247,-2.0401466,2.039454,3.3377004,-2.7320216,2.0868344
0.5137085,-1.2529814,-0.10189125,0.34469792,-0.7227659,-1.3727231,1.4714701,3.1143587,-0.7461408,-0.5803615
-1.410007,-2.2815027,0.7525344,2.6447444,-1.5891287,-2.68392,2.2878826,5.896851,-2.9633024,0.5357303
-0.8338088,-2.2720442,-0.37545595,2.0553362,-0.9428526,-2.0263853,0.80633783,5.3762355,-2.9935503,2.210896
2.1697614,-1.1374838,-0.82888675,-0.92222154,-1.9569347,-2.4291089,3.3036196,2.867613,-1.0681131,0.9080281
-0.12235509,-0.9954357,-1.0752829,1.1107624,0.23628606,-0.6214272,-0.5198133,1.2513835,-1.6575553,2.6373453
0.13617854,-1.3441486,-0.11962739,0.22259536,-0.8133044,-0.5607285,0.14552331,2.437692,-0.83325326,1.2693111
5.459958,0.14510737,-2.6306725,-1.6688443,-1.7489407,0.59144586,-0.109399736,0.6089914,-1.671361,1.1826801
5.4993534,1.4138049,-1.1094216,-2.8995562,-3.07286,1.2888615,-0.121560186,-0.68723375,0.5751,-0.5966191
5.3426495,0.084873535,-1.7807803,-1.7937461,-2.2756975,-0.8288398,1.2121761,0.83227575,-0.17534888,-0.16593444
5.830835,0.38936886,-2.9803078,-2.2838314,-1.9940455,0.62101525,0.21668261,-0.47068828,-1.2057725,2.1946268
6.142185,1.0468633,-3.3312871,-1.8979921,-1.1481014,0.40424246,-0.19743219,-0.04868388,-1.293323,0.8022115
5.523811,-0.5874396,-1.556534,-2.616355,-1.8812935,-0.19511956,1.1878803,0.2751261,0.34552854,-0.087999105
4.642823,0.43418223,-1.0152298,-2.177404,-2.8192797,0.34179413,0.45652652,0.052166536,-0.46543074,0.7426152
4.533874,0.14892976,-2.489509,-1.3858703,-1.5377004,-0.41982353,0.673331,0.86725545,-0.7915635,0.65933466
5.286822,-0.1021662,-1.7842176,-2.5662286,-2.0337822,-0.104074895,1.38798,0.14703572,0.39372632,-0.34273398
4.2716994,0.0014492059,-0.8947896,-3.2862425,-2.3674855,0.7072638,1.3794353,0.00036473572,0.812977,-0.40283343
5.8098087,-0.113980494,-2.1335568,-2.6385775,-1.3840774,-0.003878355,0.2320436,0.55485415,-0.63888747,0.80928564
3.897998,0.70139796,-1.348123,-2.2931728,-1.015177,-1.070758,1.5526617,0.22900797,0.15671656,-0.43314877
5.438699,-0.23845406,-1.068885,-3.0402076,-2.7517054,0.81623346,0.86960924,0.1278922,0.60404414,-0.44735855
6.161866,-0.3103005,-1.7353976,-2.6115553,-2.5014036,0.30289954,1.0287399,0.6321571,-0.63036853,0.47244257
5.517399,0.45356482,-1.9751902,-1.9505497,-1.8580744,0.12785628,-0.010677099,-0.748176,-0.2070665,1.3547819
4.728278,-0.5560143,-1.3541211,-2.1924648,-1.7819021,1.0144705,-0.1790222,-0.5268594,0.43381247,0.68680584
4.463929,1.057826,-1.7149625,-1.8944522,-2.1516666,-0.8518317,0.91340995,0.46397078,0.11446183,-0.07865113
3.686214,-1.2914276,-0.1704975,-2.0894225,-1.4865029,0.623895,1.1398437,0.7868768,0.18576223,-1.0561664
4.688711,0.4534714,-1.99543,-2.4191704,-1.6263074,-1.0412433,1.5577478,0.5243055,0.1614987,0.49029577
4.6050677,-0.29418743,-2.0549512,-2.1040468,-1.6419716,-1.1348314,2.1402905,0.79137605,-0.12037214,0.5701251
-1.7882204,-2.09801,-1.9888657,2.4039295,5.80332,1.2107309,-2.0222197,0.7446253,-1.5983894,-0.5432394
-2.9375145,-1.3688537,-1.489295,2.418353,5.1040845,2.3228927,-2.9548297,-0.39906204,-1.3467343,0.528858
-1.8536412,-1.9877169,-2.3192947,2.580082,6.181856,0.44174823,-1.1025572,0.44012648,-2.3252065,0.15699863
-1.4587128,-1.7154194,-3.357277,2.29676,6.0491576,1.2710428,-1.7617404,0.017546073,-2.4779801,1.5031635
-1.7162746,-1.8464534,-1.3247197,1.6539276,4.722742,2.5725064,-1.9365709,-0.64378804,-1.4855096,-0.008956436
-1.652496,-0.9469144,-2.0331802,1.4720392,5.102994,0.73992145,-1.6827694,-0.045766458,-0.893481,-0.16646606
-2.7439702,-0.8949661,-1.3275561,2.855441,5.867138,1.5477345,-2.7240684,-1.0443171,-1.4108425,-0.22013575
-1.7184005,-1.8102123,-1.1529667,2.2975874,4.487817,0.63798356,-2.6183286,0.48348778,-1.1124811,0.629601
-2.0055106,-2.7744365,-1.1801684,2.102747,5.4932246,1.4985648,-2.0519507,0.3892851,-2.467262,1.0239813
-0.16881634,-1.5582119,-3.009517,1.8075972,4.349184,1.5956488,-1.9934406,-0.17269878,-1.7025015,1.0778666
-1.9470803,-1.4424964,-1.593178,2.568965,4.871708,0.9034003,-1.8813298,0.10444291,-2.0746193,0.7720189
-2.1155596,-1.9820209,-1.7002873,2.7557116,5.2504272,0.008597493,-1.656855,0.9883988,-1.7414514,0.5253836
-1.4041337,-1.705291,-1.9628065,1.6161709,4.8977737,0.8943735,-1.5097151,0.67782354,-1.1956586,-0.124222994
-1.5430465,-0.24833275,-2.2537434,1.0923201,5.069708,1.4217132,-2.0269246,-0.45399082,-1.0219166,-0.12397057
-0.89560497,-1.1499252,-1.8143609,2.2261102,4.1183605,1.0897709,-2.0573006,-0.24589358,-1.0922524,0.006197568
-1.040609,-1.4235555,-2.0271304,1.7369614,4.3699527,1.4442672,-2.191641,0.20649846,-1.5941627,0.7583822
-3.3785,-2.4575179,-1.4384197,3.7669396,5.826498,1.1640236,-2.4502823,0.9807333,-2.1619287,0.3610344
-0.09939806,-1.8411913,-0.9544443,2.4787931,3.8877685,1.0499045,-2.0248878,-0.31009746,-1.0134425,-0.95913684
-1.2020849,-2.088004,-1.7332727,3.0823643,4.924839,1.2094533,-2.3127627,0.49932134,-2.437363,0.24850333
-1.0980633,-1.0313408,-2.2124615,1.7581046,4.052297,0.6737129,-1.1511018,-0.12399481,-1.1361421,0.4362585
1.4288291,0.23243622,0.036189407,-1.3221854,-1.1121781,4.199765,-2.6640277,-1.6514459,0.8186979,0.17847961
1.6685326,-0.7584954,-0.41203618,-0.7269561,-0.95895326,4.1762238,-1.7259951,-0.9044597,1.3484483,-1.6368722
1.9188961,0.5808244,0.23081931,-2.3529286,-1.5824835,4.2170234,-1.7928056,-2.3169003,1.7874029,-0.8235966
-0.07506429,0.6174146,0.9868325,-1.0003188,-0.5455914,5.049377,-3.1477122,-3.3029118,3.9428403,-2.7307978
1.161097,-0.37884212,-0.59432936,-0.89435637,-0.5552907,4.5739374,-2.0050204,-1.4474983,0.7321804,-0.6273029
2.357079,0.18532299,-0.38076466,-1.7735686,-0.4349516,3.7386813,-1.9014239,-2.3028092,1.5755783,-1.2253305
2.197733,-0.5531058,-0.688287,-1.67303,-0.7057434,4.7270856,-1.9702501,-2.1395297,0.94930106,-0.23965055
2.3991456,0.6263772,-1.1014923,-1.9412161,-0.85733837,4.3405557,-1.715518,-2.1752257,0.83196735,-0.52624387
1.0169008,-0.4907873,0.24899042,-1.0097308,-1.4096545,5.4137692,-2.9027405,-1.0807463,2.01881,-1.8236156
1.8132116,-0.42091045,-0.9089737,-1.1854064,-0.28692436,5.084634,-2.8624547,-1.4150176,1.1681955,-1.0858493
1.5662352,-0.5442741,-0.054032385,-1.6383485,0.26990014,2.9116542,-1.5096059,-1.4506247,1.472679,-1.3522239
1.6832987,-1.2416348,0.03306818,-1.748065,-1.3574088,5.509463,-1.9400251,-1.1727569,1.6487918,-1.386328
1.3834251,-0.9448557,0.83313143,-0.6177752,-1.3711712,4.017639,-1.9433258,-1.3200433,1.375499,-1.4222806
1.0957983,-1.5552351,0.43111923,-1.6140689,-1.6143994,4.9246936,-1.1695358,-0.7966962,1.3026626,-0.97599363
1.6562521,0.7257535,-2.0823624,-1.6993246,0.45957482,3.9243684,-1.8432683,-1.9542459,0.16939634,0.27036434
1.5725511,-0.8593691,-0.46867457,-1.5812528,0.12515394,3.9079633,-1.6851702,-1.5342965,0.73640555,-0.29895008
1.7226652,-0.8732959,0.6256702,-1.5519919,-1.0679083,3.7837467,-0.95315886,-1.5867281,2.2046137,-2.1651201
0.92254514,0.19295177,-1.0276493,-0.732841,-0.46915263,4.8685474,-3.262995,-0.9408213,-0.6235587,0.9323644
1.8803546,-0.5576086,0.27665135,-1.0189495,-0.654896,4.601334,-2.6183717,-1.717096,0.8803051,-1.243999
1.83118,-0.5104641,-0.12200987,-1.0651329,-0.7308925,3.691962,-1.4340618,-1.1129051,0.7616214,-1.2248617
0.01681532,-1.371726,0.4092026,-1.006138,-1.2878366,-4.084935,5.9233823,3.107214,-0.23238593,-0.9486464
-0.075829744,-1.1336448,-0.17800245,0.14242437,-1.1376382,-3.9636216,4.532491,4.253216,-1.2122521,-0.61901164
0.37706822,-0.1103669,0.83153784,-1.5470085,-1.3838542,-3.9486313,5.56203,2.1270504,1.2155917,-2.496996
0.74886155,-0.72090805,0.25447515,-1.580088,-1.1477262,-2.1124544,4.33826,1.7866075,0.35213408,-1.470805
0.2821946,0.038365938,0.27176127,-0.6033391,-1.5049316,-3.3848262,5.1030393,1.4892881,0.39397517,-1.5319494
0.39109194,0.23002993,0.6784023,-2.4090934,-2.0771494,-2.6718369,5.968925,1.2032468,1.7102743,-2.3760078
0.5039516,-1.7527616,0.717908,-0.6767728,-1.337144,-2.8141594,5.4743333,2.5851471,-0.6144727,-1.4669873
0.5368179,-0.57324,1.2293092,-1.045322,-1.9850769,-3.6616929,5.7182145,1.7210928,1.1050403,-2.496796
0.035949588,0.5560161,2.1003468,-1.6714811,-2.4408627,-1.0722532,2.9527144,0.08192982,2.5111582,-2.3781545
-1.5963402,-2.5807893,1.5232596,1.1569037,-1.0432445,-3.037972,3.6164153,5.388912,-1.0246875,-1.4190422
-0.51517266,-1.6352788,0.84192324,0.3376952,-1.9284475,-4.7140136,5.9520154,4.724151,-1.2420664,-0.96800774
-1.4703805,-1.4865117,0.92103815,3.108026,-1.5006077,-2.1420937,0.73219204,3.1418242,-1.3138847,0.8406188
0.19219916,-1.5044205,0.27072582,0.9103204,-1.3988606,-3.3342786,3.8496368,3.819489,-1.743361,-0.1578652
0.99992174,-0.4842021,0.38954774,-1.150334,-1.0242181,-1.9889379,4.2710495,0.15254368,1.1208451,-1.803876
0.81505185,-0.4188253,1.9882984,-1.1374599,-3.09429,-2.3976061,4.686972,1.4425135,0.77424544,-1.9891727
-0.37524492,-2.1773653,1.888735,-0.4121586,-1.7160655,-2.5782886,4.834182,2.397248,0.6333919,-1.6991361
-0.5583053,-1.7103629,1.348212,-0.8252046,-0.96165836,-2.8298817,5.614428,3.039155,0.6480095,-3.0018
0.63383204,-0.5656632,0.6256627,-1.7682202,-2.4426615,-3.0336666,5.6258683,2.6708632,-0.16352278,-1.1287732
2.1005735,0.041071393,0.8843837,-2.3274117,-2.3853307,-1.5879209,3.4139478,-0.034319595,2.5267336,-2.4039903
0.966199,0.111808516,0.85322845,-1.576925,-2.8783367,-2.5408916,4.4123654,2.560267,-0.41511503,-1.171167
-2.8055832,-3.5246792,3.332693,4.291655,-1.280771,-1.7125902,0.18637899,5.0893297,-1.2601775,-1.47828
0.46404213,-0.8761218,1.3154755,-1.8077631,-2.028144,-2.5492535,5.884569,1.6058582,1.3115555,-2.7736795
-2.4221923,-1.0147908,2.1205592,4.2296624,-0.37495887,-0.86006546,-0.7825271,2.153414,-0.46917382,-1.8410957
0.9225529,-1.9711274,-0.91573286,-0.026377589,-1.3087311,-1.809294,2.7511787,4.7995877,-2.8102357,1.1624787
0.61405754,-1.6731194,1.1032583,-0.63026655,-1.3237283,-3.3021312,4.6677136,2.747063,0.53306866,-2.1344314
-0.0717953,-2.5083647,1.1816317,0.9801556,-1.2433748,-1.6120893,1.6446581,3.2336314,-1.0397927,0.039822605
-2.6715717,-2.3337665,0.990551,4.9417877,0.43081862,-0.29705465,-1.1800653,3.8389688,-2.841331,-0.027491514
0.20118965,-1.93679,0.42978552,0.46108052,-1.077604,-2.55761,3.5933397,3.7738185,-0.46005747,-1.4763733
0.25154713,-1.5150661,0.15979531,0.417401,-2.1610625,-2.9201355,3.7302825,4.6890035,-1.306745,-0.23463553
3.6839068,-0.47887614,-2.0983899,-1.145903,-1.6133585,-0.13162336,0.11679484,0.8493748,-1.0093018,2.2135274
2.0828059,-1.2579843,-0.21396986,-0.16441695,-1.8214931,-0.50861704,0.86469746,2.4023976,-1.0053178,0.5208258
-0.8775517,-2.1671987,1.284427,4.3575196,-1.0833516,-0.43376702,-1.5754825,3.0644865,-2.3325088,0.44066894
0.5504392,-0.51198184,1.857125,-0.4411389,-2.573993,-0.885059,1.5765805,1.1279519,0.8816744,-0.89810646
0.74605775,-0.75866187,0.39512613,-0.06623939,-1.2668828,-2.810638,2.4237068,2.9669802,-0.18804124,-0.5863259
-0.7795831,-1.902159,3.0677822,-0.24756885,-2.0622032,-1.1450622,3.1941392,2.1736636,2.2620633,-3.9953327
0.21229632,-0.31992403,2.189069,-0.28864273,-2.2264092,-1.5637745,1.7202771,0.95947504,1.0051289,-1.1140885
3.8860035,-0.8231361,-1.5607797,-0.7815446,-2.2348087,0.5915756,-0.094307214,0.9475219,-1.6035471,1.9854673
0.26769096,-1.6570845,0.35124162,-0.3761098,-1.6132791,-0.9759233,1.7220013,2.0942643,-0.66391283,1.1910261
2.5961118,-0.5518936,-0.58653784,-0.85493064,-2.017207,1.1156063,-0.08331859,0.41600645,-0.6019878,0.84761596
-1.6754546,-2.7083187,1.1866271,1.9875526,-0.7214164,-3.2904854,3.306878,5.7794075,-2.7451804,-0.40766788
