11.723786,-0.5171736,-18.134958,-7.369376,9.805164,4.358006,-3.805435,2.9589474,-6.3835335,8.482245
9.363898,4.9151716,-18.712212,-1.2219245,15.319479,-8.195007,1.2511017,2.5846615,-7.1593122,2.3060725
16.8567,6.436428,-20.041826,-9.897867,6.5164886,1.5402555,-1.1066638,-1.2241709,-8.460809,10.092998
14.0487385,5.3265343,-14.01884,-7.5692286,0.61762685,-11.55494,16.089716,4.495207,-3.1212678,-3.194101
8.973216,16.398405,-19.41152,-8.493695,11.164981,-8.545608,6.7425566,-3.108717,-2.437444,-0.7992418
7.5990696,7.12691,-15.746002,-3.4013014,13.9842205,-5.8616877,-0.53633,-4.4593825,-3.9125943,5.994222
20.083588,8.090119,-15.791055,-9.306962,4.08654,-9.673685,6.269836,-1.1379006,1.8972054,-3.828843
12.541309,4.8371897,-17.38402,-1.0663985,11.652368,-10.609631,2.7746456,1.1492105,-3.2009828,0.9623382
20.239277,8.777258,-17.775759,-12.590443,4.0799284,-8.030432,4.611444,-3.3798966,-1.0622321,5.34166
17.21412,4.575586,-20.661415,-9.3992195,2.8589098,-6.044753,5.3617964,3.5111003,-7.1011252,10.100658
23.997013,2.8570158,-19.360893,-14.496994,3.131905,1.6619245,1.7063943,0.35222828,-9.007964,9.512214
19.53054,8.5055275,-21.388958,-13.143596,1.0199815,-3.3919926,3.9692206,2.4992251,-6.1231484,9.628759
29.211391,1.3049209,-18.830088,-13.591815,-0.5312709,-2.3621411,-2.0685925,1.096848,-9.0493355,16.379295
16.569225,9.233829,-14.439217,-10.005378,-0.10766411,-14.717417,16.866,2.1576428,-2.0764759,-2.4780385
3.5951824,1.5837646,-21.641436,-1.910877,19.383726,-0.17348188,-2.0270038,1.5412202,-5.9764686,7.0670366
12.324266,5.0565505,-19.022764,-7.644105,8.567157,-3.0751483,3.9287884,3.6363523,-3.2186801,-0.07374647
17.908579,9.00095,-20.045547,-14.327696,6.435985,-1.7314684,3.4890866,-2.46364,-5.680182,8.143781
8.599397,9.267771,-22.319286,-7.233138,8.216804,-6.21233,4.52191,2.9680789,-6.7663364,9.255233
14.785361,7.1260004,-20.090914,-7.280441,10.305861,-4.7213473,3.1361003,2.074854,-4.3162394,0.28960752
23.058756,5.257566,-19.34233,-14.65406,3.8648157,-5.7035694,4.258836,-0.89555526,-4.5658927,9.326855
28.132519,6.498455,-12.95149,-6.013191,-8.444022,-8.443026,-7.3674197,-1.5580771,-2.2000103,11.751311
34.000675,1.6912441,-18.19586,-8.078304,-9.093007,-9.865058,-5.806865,3.3973477,-9.348099,22.014112
30.465395,1.6914277,-17.930603,-5.8748827,-5.0697107,-7.1636662,-6.096693,0.20743632,-11.495917,21.830265
35.160194,-2.3197315,-16.648014,-8.052892,-11.782841,-4.5327907,-5.607243,5.25201,-10.83859,19.91888
21.558699,0.8815436,-16.188246,-0.30503958,-0.91569895,-4.401522,-8.777956,1.5075083,-12.770134,20.519253
30.375286,4.2434263,-18.169056,-4.776091,-7.4288054,-7.2293158,-8.637636,-0.54172504,-13.035202,25.950499
26.893744,1.6846062,-17.18919,-5.496362,-2.089666,-5.5045185,-6.7181406,0.5131006,-12.475559,20.693626
29.096024,0.4770205,-16.957958,-6.53486,-5.375227,-7.671927,-3.6227531,3.5565112,-10.269156,17.059502
17.573067,-2.0434296,-11.6808815,4.6723948,-5.920811,-15.767408,-2.6579354,10.705918,-15.437016,21.674734
28.267096,-0.89129925,-16.759937,-4.501524,-3.798739,-1.2547542,-10.521994,-1.9902358,-11.503811,24.55043
23.994555,-0.3072259,-16.171482,-2.128932,-3.715902,-8.20593,-6.9287143,2.261407,-16.315222,27.457558
35.97599,-4.137777,-13.303779,-8.000517,-10.748431,-7.3448606,-1.4574533,2.6836147,-6.367905,13.540592
31.577908,0.35646883,-14.520422,-6.751857,-8.327978,-6.705608,-7.759481,0.026471913,-8.19973,21.154583
30.130465,-0.19646034,-15.630097,-7.260274,-8.693259,-6.052309,-6.7841606,0.98079115,-8.610795,23.266418
34.894398,-0.9662155,-15.926308,-8.652483,-9.60086,-7.75,-2.1456926,3.1805234,-11.369335,18.650896
32.689934,-1.106203,-15.856329,-12.244856,-5.3188605,-0.97886443,-5.4696083,0.1657272,-8.354955,17.303638
34.977585,-1.8807442,-17.30466,-6.983083,-6.18904,-7.097643,-5.534798,3.3756478,-13.311612,20.801361
35.2407,0.6253626,-15.072852,-7.3746424,-8.798512,-6.7117767,-4.822463,1.250669,-11.826447,18.620012
26.714289,-0.8727287,-14.939438,-3.4538872,-3.5732908,-6.325973,-6.6798086,0.83691645,-10.645978,20.127783
35.466446,-2.9216928,-15.063248,-9.462243,-7.5736446,-2.93499,-6.293873,0.14578152,-7.290568,16.685974
4.498554,5.7183175,-11.063816,-3.9423711,0.24990797,-19.362131,20.408115,9.822623,-5.333717,-0.039921403
7.0108185,23.29555,-14.824756,-2.4495544,-0.35096765,-10.60736,-3.8706949,-6.3702374,-7.6111393,16.992386
11.593733,13.189081,-16.989716,-4.294486,3.3455658,-7.85658,-2.9393082,-3.0067425,-6.7573676,15.243128
18.73049,12.307293,-14.620506,-5.9561853,-4.6921186,-13.907772,5.149355,1.9295331,-5.993663,7.6881475
7.3975487,5.990113,-13.368188,0.8266055,5.8551054,-9.190927,1.2613972,3.910651,-8.694035,7.064441
18.297678,7.1134953,-11.999932,-12.05644,-4.79199,-9.407351,15.72588,2.0609632,-1.6571159,-2.5647242
5.253384,5.631889,-13.023824,-0.78423214,2.3218849,-11.9559765,9.039946,8.776668,-8.74301,4.7619753
14.743747,8.088295,-6.319054,-11.477478,-11.383884,-15.378097,23.04451,6.2132607,-1.4712871,-4.3105145
10.134336,15.779211,-6.3825927,-10.867415,-8.902269,-10.405724,16.411886,-1.9455345,4.4127007,-7.6132636
10.73945,-7.057555,-2.0908859,0.2900318,-13.184259,-24.418186,26.340612,24.726294,-3.329907,-10.699285
15.516455,2.6208465,-6.591521,-11.285284,-10.220233,-8.874608,16.554342,5.538161,-4.067081,1.6589476
20.271885,0.9405588,-7.4911523,-13.552053,-14.274801,-17.74329,29.511492,10.690377,-1.2684355,-6.5501513
20.154955,2.3439813,-3.7701478,-14.101341,-15.965319,-19.905815,29.431658,7.8998394,0.03407684,-5.3290257
22.289463,3.0921783,-6.125655,-12.79542,-8.437522,-12.02391,14.925769,3.7073371,-5.3611927,1.9289982
27.004421,-0.688751,-2.5101774,-11.992361,-15.539419,-6.7009487,11.4485235,3.0813084,2.3809276,-6.3266964
22.244286,-0.16676682,-4.9586787,-8.472651,-16.9898,-17.16817,17.547958,9.191027,-5.55377,4.364889
15.631565,2.5120013,-0.16513199,-16.71257,-17.715412,-16.89976,32.275993,7.764236,3.03786,-9.73822
12.955331,7.6309776,1.5212377,-13.04698,-13.795252,-15.887705,26.321552,2.2754083,7.738316,-14.176095
26.27016,7.257797,-11.550068,-9.833204,-11.8283415,-14.779765,9.487524,4.057905,-7.7296925,9.56233
20.981472,6.262512,-8.15981,-18.132095,-11.939676,-8.342945,21.655474,3.0098298,-3.8812466,-0.4848103
10.598715,-5.0776615,4.256899,-15.566934,-11.005244,30.424603,-7.0823727,-7.085462,5.0854793,-3.9362037
28.551138,1.5478288,-8.400455,-18.649826,-5.858266,13.973273,-4.891923,-7.32396,1.8538288,-0.10323763
33.636593,-0.5697636,-6.068025,-17.870344,-10.414774,8.063564,-4.9648943,-5.278494,-0.23687008,4.7426558
19.778849,0.72137696,-1.9865934,-19.0864,-8.860552,22.770807,-5.404728,-10.82009,6.2815976,-2.3726447
13.488803,-1.7904586,1.5804139,-15.777384,-10.156299,33.303616,-13.427142,-11.513124,5.849363,-1.0390421
7.4229555,-3.9911048,-0.4141647,-11.311503,-4.631681,32.026745,-14.542503,-8.018403,2.4859126,2.377593
10.737974,-3.002897,19.155697,-8.858821,-17.679884,15.2844,-5.853699,-10.098394,12.752214,-11.833107
22.552238,-6.169002,-0.9853747,-11.392264,-11.08905,13.645544,-3.258072,-2.9548795,0.8128437,-0.102007285
18.036665,-6.7862473,2.908848,-15.525613,-10.969078,30.604307,-13.724915,-8.609322,3.4631708,2.065249
14.45568,1.3532026,7.334857,-13.94013,-17.357954,12.842683,-2.317331,-6.5762596,7.706063,-2.811974
14.589001,-1.4239193,7.3496957,-10.767588,-16.400305,2.8202586,6.2954526,-1.2539573,13.959891,-14.701156
13.064442,4.0195107,14.451948,-13.01268,-21.06715,5.1351376,1.0723011,-6.9398003,19.97405,-15.782387
17.645554,-2.920673,3.1872528,-13.33934,-7.7320724,22.142042,-9.340581,-10.946022,2.9686806,-1.2303888
10.203702,-5.2060885,13.887984,-12.048142,-14.76537,13.876863,0.9148699,-4.8479543,12.418961,-13.133271
17.131989,-5.9830194,8.565111,-11.684933,-11.556332,14.00628,-5.873038,-7.228999,10.564282,-7.5681496
19.141607,-2.3707385,0.9728645,-18.075134,-6.3737955,19.493418,-6.454405,-9.223829,4.438643,-1.0190793
18.068264,-0.7159583,10.10071,-11.458148,-15.955119,4.8916917,-1.0116888,-7.957588,13.634224,-9.400375
32.19945,8.536681,-6.2343783,-16.988716,-9.1769,-3.4638991,1.9897096,-7.0647182,6.70944,-6.571769
23.321419,1.2426213,0.79139644,-14.884883,-11.650081,12.096248,-6.5635276,-10.114509,4.9969816,1.0523732
29.711014,3.0899324,-3.6994696,-14.803067,-14.586432,2.6322486,-1.9032111,-4.386217,6.472595,-2.7377572
12.076057,10.36005,-13.915428,-4.4615803,-3.9975526,-8.965579,-1.4024944,0.93216586,-4.998464,14.681164
-7.083612,29.285559,-15.279352,2.2716763,9.42346,-6.4194613,-6.5208926,-10.711621,1.6644713,3.8755352
4.4204063,17.109798,-17.46599,0.5041251,1.8964212,-9.979376,-0.9567667,0.23343635,-6.102793,10.668528
-0.35441512,30.824228,-17.754812,2.4609647,5.1697454,-8.032452,-10.392318,-12.355259,-1.9799021,13.125036
-5.2900867,17.803783,-15.089345,14.943155,11.67425,-12.089398,-12.406926,-4.940833,-4.012273,9.6717415
5.833915,7.7773547,-6.8647847,4.7791467,-4.363023,-8.966427,-4.8358574,-0.9115033,-3.5886822,11.539185
-6.295662,19.72912,-9.889142,11.679705,-1.0536306,-11.794634,-5.117031,-3.170902,0.2538136,6.263427
-3.7485986,29.521196,-18.211891,4.103364,15.292962,-10.562852,-9.539724,-14.611183,-1.6713878,10.06904
-15.359615,3.9939218,-16.400148,13.219574,29.88646,-5.657767,-5.3753357,-0.08338183,-2.310073,-0.54585314
-0.29422128,16.275913,-15.984129,1.6904018,15.044167,-4.965408,-6.9131527,-8.274235,-5.3331466,9.787455
-8.132032,22.14772,-19.205582,12.8675,17.985632,-9.065195,-12.904451,-9.81511,-5.918934,13.791033
-0.7863159,28.53959,-16.27955,-0.06773543,6.639711,-10.350055,-6.7504144,-11.97636,-3.924646,14.326284
4.4530277,11.508587,-19.025738,2.116757,5.726452,-5.6926904,-5.4773893,-1.1230841,-12.165129,21.02162
-3.5512118,18.874838,-14.2157955,6.4337316,11.2045355,-2.752718,-14.334015,-10.960026,-5.844364,16.44525
-7.1773686,17.433695,-16.34773,8.6828375,15.846945,-3.7102916,-11.926432,-8.664875,-2.8817456,9.441
-10.179192,15.538339,-13.395402,13.651066,14.412672,-7.168397,-9.0051365,-5.880916,-3.374513,5.836207
-17.518457,33.376934,-13.626576,9.901228,14.337692,-6.0729938,-11.140268,-15.806457,3.3337505,4.5124717
0.98699725,16.708813,-11.747909,9.467179,0.47730404,-10.492554,-7.3311496,-4.6239653,-1.1299572,7.5934873
-6.343399,11.253026,-14.18224,18.28235,8.177538,-17.692776,-2.3016136,1.0279465,-4.1508026,6.029068
-5.745042,-5.340734,-5.561877,22.666687,-1.5076501,-23.799953,6.3939223,16.310726,-2.3302696,-1.2589648
-3.7943177,1.9364997,-11.079282,12.380603,10.941645,-0.843461,-20.084822,-1.9317743,-22.94433,35.774063
-2.2698317,-2.2764976,-14.183303,11.764732,9.742716,-3.9939804,-17.028648,1.576118,-28.633043,45.799324
-6.1129246,-5.177571,-11.730058,16.581465,10.900239,-0.13214076,-17.68473,2.862259,-23.886536,35.997868
-3.6011405,-1.477167,-15.265106,8.403026,13.419884,1.3149238,-19.673473,-2.9323606,-26.271162,47.496864
0.9255469,1.7062583,-15.785686,4.7530875,6.9189906,-1.0806504,-18.091389,-1.1966766,-29.148342,52.079323
3.8878033,-1.2967534,-14.578825,3.579319,7.655149,-2.6451008,-13.982327,1.2392743,-25.839167,43.099747
-1.8391194,0.5728149,-16.403664,8.918509,8.789623,-4.626117,-16.46865,2.1080651,-29.090384,48.739494
0.032618105,-4.1651955,-12.9703245,9.08977,10.159461,-0.4353432,-17.701128,1.3495705,-30.780193,46.581463
-0.9914474,-0.5812845,-12.946105,6.9807305,12.015858,-2.3533657,-15.275474,-0.84043443,-26.580494,41.767292
-7.12709,1.6974409,-14.056886,11.312195,12.729186,-0.0387066,-21.389635,-2.2424564,-27.15234,47.22997
3.7259018,-4.4333696,-14.336858,8.609346,7.1407256,-4.8108926,-15.448468,3.0787442,-26.81184,45.104786
-3.7403917,-3.3272908,-13.856654,17.667185,9.445751,-8.468891,-16.666494,4.8412695,-27.793898,42.40987
0.118825555,-0.7211653,-12.922261,4.154493,11.719762,1.6642267,-17.326878,-3.1220248,-26.173962,44.110325
-2.3283582,-5.0225406,-13.238297,10.148361,7.8522716,-5.9046383,-10.792324,5.811272,-25.299612,39.472885
-2.7027013,-0.9137187,-15.334619,8.886443,9.3082905,-2.382388,-17.767864,2.0319936,-26.84554,47.444042
-1.6343368,1.0662615,-13.312899,12.370122,6.4829493,-3.8925416,-16.226728,0.77649593,-22.538498,37.733826
6.3031497,1.946543,-14.872949,2.612693,2.8637073,1.8651378,-15.492552,-3.7083802,-23.069786,42.368053
4.6034117,-4.4241915,-12.840004,4.214395,7.8160315,-2.7636547,-14.30015,-0.4423702,-27.121521,45.91402
-3.905433,-1.9101453,-13.74806,13.705526,10.553198,-2.830267,-18.33535,3.441847,-28.546402,42.88805
1.6825866,-2.420924,18.588896,-8.263663,-12.9601965,18.647913,-5.5392723,-12.639641,26.76922,-23.004293
13.91431,4.1838555,5.7937927,-8.23272,-14.255358,12.505112,-7.3617215,-8.281668,16.174397,-14.637835
8.485622,-4.0494137,8.523201,-9.206195,-11.177578,28.330297,-11.299168,-9.701923,15.601188,-14.80911
15.688136,-1.4463339,4.6194286,-12.654192,-10.356934,22.53515,-10.410381,-10.110552,7.8491435,-4.7572107
19.698818,-2.0919912,0.121127605,-11.5330925,-9.337423,23.904558,-11.720315,-8.41811,3.2599857,-3.2239075
17.18143,1.3379822,1.2480043,-16.075626,-9.597141,26.90912,-11.446117,-10.925027,9.37878,-7.732878
29.058716,-1.6906742,-2.1105342,-14.553402,-13.952362,4.0794945,-1.1363233,0.5777719,6.527306,-6.5854034
13.687059,6.581851,-0.05373597,-14.598836,-7.155576,20.832632,-8.0274105,-11.287158,16.581081,-15.4061165
21.282244,-0.8471749,-5.1208615,-15.344477,-6.7664776,14.782163,-3.5241838,-4.484108,0.49374494,0.40535825
23.285774,3.8645968,-5.8682423,-12.43438,-8.687545,10.631778,-6.711648,-4.5130415,7.4902587,-6.923845
16.696632,3.6200197,7.3446965,-14.9130745,-14.649863,5.599132,1.8158638,-7.7605824,20.84644,-18.001036
17.977682,5.0148683,0.62928766,-12.831673,-10.203549,21.266441,-10.500826,-11.409147,12.549903,-10.658175
12.612079,3.2710528,14.425785,-7.500234,-13.96353,3.046636,-6.1672506,-7.9097295,26.650246,-23.69126
19.977812,0.81001985,-0.138816,-10.567563,-11.261767,6.0957766,-0.8409457,-3.6884427,14.080704,-13.471822
22.574436,1.4059119,3.9293287,-12.874567,-16.412476,-4.0188684,8.525597,-2.1044135,11.006892,-12.497653
16.491741,4.483488,4.620327,-12.128666,-15.648651,-4.19205,10.137424,-2.918937,20.78715,-20.22381
6.6219883,5.375317,9.814821,-9.591497,-12.641487,7.4995503,-0.5074161,-9.574767,30.305569,-26.458498
1.3394125,-0.109951824,19.948639,-4.6818366,-21.853336,6.1259875,0.32114363,-5.06324,27.870163,-23.934608
24.503021,1.4527856,1.3188792,-14.705671,-8.211882,12.087371,-5.786743,-10.624611,8.851712,-7.6513515
17.51913,3.266199,3.4084697,-11.537361,-13.837575,2.4658544,3.7731586,-4.84577,22.619371,-21.660099
-15.454978,-8.315433,0.9645143,37.056793,-1.6840873,-14.082665,-4.415877,11.883664,-1.3750844,-3.0067744
-2.8809648,-4.484138,-3.117075,24.870804,1.7153449,-14.56817,-3.7021356,10.118106,-4.7154655,-2.2525802
-14.460693,-5.766184,0.65600723,41.77446,-0.04257202,-19.21481,-8.944366,13.781141,-3.8175945,-3.255858
-11.743451,-5.930824,-1.5222228,36.57983,0.8469207,-19.24243,-7.5342464,14.903084,-4.9944887,-0.17673135
-11.056364,-6.6360483,-0.5160412,31.496681,-1.5764306,-15.668307,-4.5438576,11.980203,-7.519365,4.8687434
-14.011476,-10.645243,0.7631285,30.327206,5.7989874,-15.179108,-4.1522236,12.201737,-2.178644,-1.3406097
-12.9611635,-7.616671,2.283226,33.80307,4.031225,-12.785498,-9.206482,8.40578,0.89682454,-5.9849877
-5.5925336,-5.6602845,-4.161832,27.103699,-3.6189864,-10.953481,-7.5404034,11.62316,-4.1588216,3.540501
-13.673975,-10.984583,5.2401905,37.640553,-1.6038857,-13.71503,-10.117409,11.544151,-3.4928994,0.13846135
-16.481628,-2.6930947,-0.75583416,35.099995,4.654333,-11.536672,-10.816389,8.227146,-4.57561,-0.63004065
-15.095845,-2.224466,4.465926,32.69055,-0.98276913,-13.074528,-9.592274,7.3756013,-1.3099847,-1.2180207
-16.51432,-4.128943,-1.9251565,33.10707,4.855571,-11.2241535,-11.314915,7.824165,-3.1732697,3.7101912
-10.580126,-0.7651789,-2.7271276,30.409283,3.9854383,-11.76078,-11.760155,3.5959918,-6.5218296,7.5789056
-13.90476,-3.991251,-2.07025,33.27724,3.518342,-9.9928875,-10.596305,8.171859,-6.7452483,3.3347588
-12.145752,-5.4447317,-2.0276632,34.936977,-3.474779,-18.708317,-4.548395,16.344307,-9.794445,5.4217596
-14.26377,-10.314372,1.1902094,37.290764,-1.2089128,-15.8745,-5.640606,13.925466,-7.5099597,3.579309
-10.456073,-7.3481593,-3.6773016,30.8888,6.99248,-16.292938,-5.87181,8.236421,-6.038924,3.3454065
-6.33087,-5.055553,-9.600461,25.433,11.960917,-13.212799,-5.8970566,7.3685985,-15.151204,11.07061
-14.966117,-5.80201,-1.6687632,39.53807,2.329504,-17.216171,-12.1008625,14.759191,-5.007906,2.030299
-14.455152,-1.2926627,-3.362652,34.307938,3.6978607,-12.327073,-10.323344,9.489697,-6.418791,2.706069
-0.80086434,-4.819086,3.521786,-10.506936,-4.467902,44.29079,-14.509296,-11.192784,5.1632595,-5.2600226
12.836545,-4.7332726,-5.3944616,-11.557163,-5.6025047,35.95382,-16.618633,-6.427267,0.7154945,1.3172252
3.1564548,-9.671965,4.10294,-11.466424,-6.480481,42.2409,-14.304426,-6.9098015,2.2084215,-1.875907
8.434841,-3.4742842,0.6500994,-12.995268,-5.8031874,37.591022,-14.909032,-11.607228,3.7507381,-1.148637
0.22644152,-6.116314,2.802586,-10.283755,-3.3110504,49.308403,-21.503254,-10.936605,1.1908243,0.03893161
2.2205675,-7.0296664,8.899722,-12.662853,-8.584888,43.45198,-16.649254,-12.041693,3.1110175,0.024743438
3.7364225,-6.555156,5.6132236,-16.616823,-7.2571244,49.455864,-16.574806,-11.978658,5.8853784,-5.6708827
7.4278264,-8.357927,5.7627764,-13.325075,-11.830154,40.07406,-14.111005,-9.251402,0.9543792,3.5746682
3.172862,-7.6759796,5.240337,-13.630247,-7.8182635,44.151527,-13.496432,-9.894953,3.4368446,-2.5595012
2.363212,-11.235887,9.006516,-9.416636,-6.8034134,40.92335,-15.530385,-10.170352,5.107228,-3.741317
5.944154,-6.365904,2.4837644,-13.728487,-3.1725633,39.879128,-16.627155,-10.816395,1.024606,2.6105523
5.008357,-5.8874865,1.03503,-13.662338,-4.777081,41.655216,-16.75827,-9.007997,-0.5499429,3.042157
7.697262,-8.410264,2.1688592,-13.813199,-3.8846836,41.37609,-17.186144,-9.714625,-2.6836622,4.8571644
10.473588,-6.210884,0.058837175,-15.223191,-3.6898787,40.553844,-14.869035,-11.417837,0.20642923,1.5673887
7.7957144,-5.347664,-2.7672281,-12.167012,-3.6195636,41.328587,-16.84403,-9.154754,4.8517733,-3.4321156
8.016696,-6.484229,2.131628,-12.464767,-5.7764006,39.706676,-15.03855,-11.33986,3.1577306,-0.93037647
4.861494,-4.668243,-1.7439874,-14.15394,-2.1704748,39.58366,-15.620055,-9.028812,-0.9428795,4.5964446
7.530207,-7.181127,-1.1229595,-12.46468,-6.077334,39.531067,-14.951873,-8.573151,3.0308623,0.9721911
13.216076,-5.048633,1.2965047,-15.345256,-4.94739,34.07057,-14.788778,-10.513055,-0.7812778,3.8919163
9.273464,-5.147766,-2.4037905,-14.698857,-1.3876154,39.357166,-15.197517,-9.8946295,-0.046960354,1.3536701
22.557358,-1.7575494,-8.335843,2.0334368,-7.090951,-4.757928,-7.590701,2.5247228,-3.3119698,6.2225256
14.204629,-5.551695,-6.203415,5.6518793,-12.820811,-9.673312,2.5884175,17.009573,-2.5518663,-0.87511516
12.675527,0.54078925,-3.692018,5.4382915,-10.441601,-16.088394,6.6807456,10.55051,-4.56942,0.1460501
18.610275,-9.173434,-6.1642485,-1.0569972,-11.153882,-15.298511,9.971988,17.385746,-5.4902854,3.3898582
27.88204,-8.003926,-11.331011,-2.1331286,-17.208998,-14.215158,8.371727,21.665113,-10.665806,7.2363515
9.996009,-5.473936,2.5002136,-3.3061676,-11.171462,12.872907,-8.61974,3.0615873,-0.14112452,1.6653292
8.189233,-10.434971,-1.4278812,3.1805732,-10.586461,-5.4726305,3.1530688,20.926847,0.69378924,-7.514362
8.792052,-9.58802,-2.73,2.2937303,-9.148764,-8.4132805,5.9078217,19.05354,-6.851411,1.6922578
20.827515,-5.8783817,-3.4011624,-5.3193173,-15.574061,-2.3944125,3.9041517,12.002869,1.6632664,-5.8491597
29.035084,2.3670897,-7.3777184,-12.873224,-7.3660426,-6.0647364,2.1599774,-0.96090686,5.524856,-3.6273997
14.4854,-7.785733,-6.076436,-0.11445576,-6.058206,-7.8119717,3.3392143,14.227466,-4.511481,1.808958
23.885704,-0.8122658,-10.037518,-13.790779,-6.0763855,7.4930105,-1.1265148,2.9894845,1.8819579,-3.9827294
24.127337,-1.6066101,-7.300323,-12.79527,-6.060166,12.395428,-6.588271,-4.9793663,1.0862566,2.3009305
25.273598,-2.8838658,-5.85638,-3.6309133,-11.230715,-4.811624,-2.2657154,2.233109,3.2284827,1.3143407
28.353123,0.5057973,-5.967359,-16.07717,-9.480306,14.832894,-5.8016148,-6.664815,7.314974,-6.1024246
21.22069,-6.261419,-13.145551,-5.4584904,-8.297534,2.3423123,0.8708969,12.656067,-3.8980613,0.09330249
33.26219,0.8096383,-12.632008,-14.492779,-9.586786,2.078073,-3.172534,0.07212943,3.4824111,0.6677346
30.067812,-2.7804403,-8.468169,-12.148171,-9.134037,-2.7190685,2.3720639,4.813421,4.2772484,-5.460355
28.484491,-2.584095,-6.582325,-13.083376,-11.744064,7.007014,-5.622037,-0.23311746,-0.4815117,5.90327
34.373524,0.3815614,-9.294617,-13.696021,-9.632655,-4.940811,1.4843477,0.5531883,4.287063,-2.3313096
