-1.7048849,1.5957212,-2.4513617,1.2121158,6.21967,-0.2906221,-2.2281253,-1.8953737,-0.7354823,-0.2851097
-2.069915,-0.27991486,-1.7758107,3.3102717,5.037266,-2.0142648,-0.5808136,-0.7634667,-0.033792384,-1.3975282
-1.3467567,-1.2217906,-2.2354794,3.1218047,5.38552,-1.0383372,-1.4417236,-0.37998858,-1.4840147,0.2639076
-1.5731962,-1.9770335,-2.509407,2.3137858,6.736503,0.30315223,-2.204663,-0.8197259,-2.3455205,1.1837144
-2.3383098,-0.91159743,-2.0148242,2.772682,6.629921,0.87518084,-3.4287336,-1.0160894,-1.7590557,0.9237917
-2.4624496,1.823487,-2.7253904,0.48560488,7.2507463,0.57831925,-2.5429268,-1.9639419,-1.740131,1.2086885
-2.3868465,1.6266215,-2.99233,0.8252255,6.5040493,0.49962553,-2.6042154,-2.3084772,-2.165914,2.8240578
-3.423905,2.033058,-3.0421844,2.8515832,7.2198195,-1.0895977,-2.832991,-1.8576277,-2.074165,1.4790664
-2.6216044,0.6017346,-1.4470671,1.7813094,4.7350063,-0.09991955,-2.440142,-0.51799774,-0.47591704,-0.31654772
-3.4656339,1.094416,-0.9073752,2.8561494,5.0408134,-1.0267049,-1.665124,-1.7779325,0.14045054,-0.8352976
-3.1299727,1.4771029,-1.55943,2.5063775,6.288188,-2.1929035,-0.65139294,-1.3370477,-0.9090624,-1.2612149
-2.8111193,0.73139423,-2.8682966,1.7983049,4.676135,-1.6514108,-0.42595375,-0.14714622,-1.26951,1.1989279
-2.396744,0.5232809,-1.6335685,1.0032965,4.74603,-0.47215065,-0.12436168,-0.6026871,-1.2293316,-0.33511204
-2.2396991,2.7701075,-3.1890702,3.0058634,7.3375444,-2.1049397,-1.4983763,-1.9335841,-1.4498192,-1.1571735
-2.844975,1.6572921,-2.1150055,1.5199918,5.4143605,-1.9793986,0.18151493,-1.0023252,-1.7524794,-0.078026906
-2.3625834,0.6478415,-1.2889241,2.5762284,5.53936,-0.70527333,-2.459308,-1.4342648,-0.39960673,-0.51203173
-1.756613,1.7199411,-2.0137773,2.6227195,5.2706842,-1.1312431,-1.6195681,-1.2569546,-0.51417273,-1.5644842
-1.557813,1.1529982,-3.866057,1.8027916,7.7183056,0.08168072,-3.3968565,-1.6433185,-2.128432,1.4395065
-2.9258013,0.35173547,-2.5921144,2.2055838,6.0478935,0.17894393,-1.8597322,-0.95398164,-0.9646358,0.19215746
-2.7237482,-0.37743205,-0.62908846,2.4836762,4.9379845,-0.92266387,-0.9128494,-0.20680162,-0.73757863,-1.4597589
-1.6589454,3.0176575,1.2013985,1.2533802,-0.09335043,-1.9835464,1.3566813,-1.5519193,1.8828894,-3.0240617
-0.58924234,1.7265859,1.0321736,-0.09374103,-0.27929097,0.8667941,-0.76018083,-1.5931176,1.2345755,-0.77476466
-1.5618402,1.9431305,-0.029127955,1.5330336,0.7353858,-0.68706614,-0.6123591,-1.0361584,1.9469494,-1.9350141
-0.4608184,2.1830013,1.396104,0.7987993,-0.6373144,0.5444999,-1.2728951,-2.1704934,2.302523,-1.8047376
-1.15944,3.1265504,0.28917494,0.24043047,0.625336,1.0686759,-0.9402981,-2.261144,0.6962209,-0.97355026
-2.0112698,2.8704848,2.2037792,-0.63269424,-1.391755,-0.08075305,1.1115507,-1.5656905,1.5604876,-1.5520861
-0.17222294,3.1641805,-0.52494717,0.5475371,0.16526932,-1.3775529,0.6937176,-1.6026374,1.1661335,-1.8118052
-1.7365099,2.0992873,1.7903031,0.083748564,0.06274115,0.47958362,0.21140997,-2.1482792,2.6657083,-2.6602297
0.050365478,3.1981318,-0.53471637,0.45269114,-0.93178046,-1.7907804,1.6427732,-0.72258294,0.24416447,-1.1594821
-1.5532997,2.8504758,1.8929485,1.628667,-0.7934369,-0.92428905,0.40435982,-2.2862415,2.0933478,-2.4725726
-2.2525983,1.1572754,1.3234552,-0.23960635,0.69700074,1.0295626,-0.43994498,-1.660551,1.4575982,-0.38063622
-1.5223614,3.8289478,1.5375522,-0.13431752,-0.26394203,0.2752471,-0.25259823,-3.2713168,2.8098168,-1.9494176
-2.1849217,1.0052551,2.9590206,-0.1699956,-1.6378955,1.4355046,-0.42249393,-1.3469597,2.2764163,-1.4218429
-1.4945745,2.2159383,2.002554,0.912374,-0.4535091,0.14066347,-0.26320124,-2.621673,3.0477045,-2.6305785
-0.10498056,0.56595904,1.0790707,0.6587956,-0.61692876,1.4798695,-1.4040141,-1.4355165,1.3293604,-0.60543084
-1.5693487,2.7028449,1.9154288,0.3770373,-0.4489175,-0.46371344,0.82474375,-2.329006,2.4398704,-3.059033
-1.198484,1.2389766,2.030314,1.4767556,-0.3662881,-0.78984326,0.5666893,-1.8829156,1.882505,-2.2440376
-1.2138036,1.4976482,1.2344347,0.3518766,-0.317923,0.33327323,0.24254058,-1.373345,2.0080686,-2.1454906
-2.720973,2.2892377,2.470684,2.1187694,-0.3175063,0.116236545,-1.33745,-2.5150425,4.022369,-3.3010137
-2.0309021,3.676071,1.5151116,0.28812206,0.5684949,-0.1634951,-0.066130415,-2.5161521,1.980951,-2.5943303
0.80718243,-1.8145303,-1.5309435,4.8319135,0.8967632,-2.0988486,-2.3682642,0.27616656,-0.667067,1.5141978
-0.08241436,-1.6797976,-1.0837938,4.6737523,1.8120303,-1.0699154,-2.1415713,0.13131645,-0.5932082,-0.010044549
-0.9905499,-0.8033302,-2.4147491,2.936862,3.9136636,-1.7071254,-2.1814733,0.051597133,-0.61722827,1.3448501
-1.8123776,-0.18661268,-1.4669102,2.767556,3.8406706,0.11485345,-2.0367382,-0.9840995,-1.1757983,0.6536761
-1.3551395,-0.94189143,-0.9786287,2.8274016,2.023779,-1.6986507,-0.72952574,0.09483591,0.22017944,0.3740008
-1.381569,-0.55397725,-1.3524402,1.9938511,3.6748729,-0.85579425,-1.0762227,-0.3876141,-0.9875981,0.33871898
-1.4328344,-2.781645,1.5125216,5.642007,-0.9679413,-0.47714564,-2.7185442,0.611714,1.4376907,-0.4568212
-1.0399653,-2.2918212,0.26671803,4.147123,1.5263981,0.06979469,-3.147084,-0.20093131,1.0040786,-0.29804888
-0.94363546,0.75790673,-1.8674725,2.3625402,3.8213434,-0.67134154,-2.1144643,-1.7601069,-1.5036303,1.5011139
-1.7460853,-1.7336601,0.21318191,5.278178,0.6478647,-2.3919039,-1.0853944,0.2860074,-0.28415588,0.2547526
-3.0707664,-0.5713863,-2.2766752,3.4316897,6.4300613,0.9493384,-3.5662255,-0.6659558,-1.3792212,0.4898923
-2.5750632,0.61002344,1.6336749,2.6200383,-0.36318335,-1.4684463,-0.25550145,-0.54437923,1.5652522,-0.74627
-1.0373081,-1.7752255,1.7090824,4.5226603,-0.93350375,-1.7792119,-0.45461643,0.52788055,0.47324526,-1.5432713
-0.82566476,-1.3014073,0.6266013,2.8062966,0.6788913,-0.090036325,-1.6122425,-0.104534894,0.9007063,-0.9106239
-1.3169125,-0.028038368,-0.8194208,2.3792078,2.1246426,-0.770572,-0.5725518,-0.36677533,-0.5987708,-0.060503338
-1.5931548,-0.05176665,-2.8382397,2.3609316,4.924663,0.54949206,-3.3929665,-0.8283613,-0.28095162,1.4303391
-0.16861904,-1.1694535,0.8685684,2.6386163,0.28451887,-0.47424957,-1.4010166,-0.53050244,1.3557652,-1.1516588
0.060684025,-0.24084894,0.783657,3.814422,-1.0357447,-0.8233542,-1.2618666,-0.8491187,1.374503,-1.1543466
-3.649845,1.6891775,0.6693645,2.8266027,2.6387088,0.722153,-1.9010434,-1.7992163,1.5411712,-2.1364388
-1.937421,1.850971,-0.053690255,1.6836705,2.1013386,0.50855094,-0.96276057,-2.1028464,1.4253212,-2.0089698
-0.2663356,-3.3037963,2.416459,3.1304252,-0.98676145,-1.1202279,0.54227924,0.8987359,2.131932,-3.3142672
1.7772127,-2.5601418,-0.18165901,0.76475334,-0.97696805,-0.23682508,1.5608628,1.6799463,0.23000228,-1.57291
0.69468737,-0.64948213,-0.16163829,1.4562628,-0.31126618,-1.0278678,0.38896358,-0.41408297,1.4932128,-1.155937
-0.53943276,-2.9888594,2.2691789,2.517142,-1.3716091,-0.3812959,-0.21785937,0.6135999,2.498388,-2.271455
-0.93583727,-1.7053705,-0.17693716,4.472574,0.86411566,-0.96528596,-1.59218,0.7302884,0.558416,-1.154207
1.0181075,-1.2755884,-0.2135086,2.185709,0.1443747,-0.67705065,-0.9618298,0.29046205,1.6984808,-1.9547744
-1.8005503,-1.457937,-0.8754989,4.388236,3.4888422,0.32426515,-3.818371,-1.105062,-0.82843757,1.6763436
0.72872055,-1.5758402,-0.58524555,2.6486573,0.31900528,-0.14225444,-1.5789601,0.752738,0.4874003,-0.6124492
0.59304595,-3.0264509,0.81255066,2.4691987,-1.5326284,-1.7011843,1.2895547,1.6485077,1.2979679,-1.8257596
-0.5415958,-2.5588427,2.7758822,2.1886418,-1.7133179,-0.14284357,0.8573205,0.38936368,2.2722206,-3.1206849
-0.45759168,-0.5476033,1.5326172,1.0682592,-0.77271867,0.51182336,0.27342016,-0.0535267,2.204835,-3.542897
-0.37344733,-3.2279832,2.966836,2.1114998,-2.53952,0.0185223,0.20207106,0.27570522,2.668042,-1.6675482
-0.40696928,-1.6288143,-0.24844056,2.4056997,1.8985881,-0.081239305,-1.3175484,0.13466534,0.113264434,-1.0509005
-0.23416664,-2.0012305,0.89702874,2.3662808,-0.20262608,-2.110501,1.3962897,0.48453024,1.4150149,-2.2418168
-1.5408404,-3.1997643,2.595449,2.5556338,-0.21307182,0.43580332,-0.0007481426,0.60212827,2.5006187,-3.7574883
0.692626,-1.8501675,0.5073652,1.6029243,-0.22771952,-0.5509753,-0.28347993,1.0318419,1.1098037,-1.9877313
-0.93405735,-0.9824014,1.5514812,2.8287377,-0.15134478,1.4052893,-2.4596524,-0.7865368,2.2906861,-1.7928532
-0.8588234,-1.6472812,1.8625245,3.8041198,-0.43997306,-2.0159264,0.9528924,0.60067725,2.119391,-4.3968945
0.7212758,-0.6689722,0.38229668,0.8072759,-0.3555981,-2.2811213,3.2789426,0.99474895,0.08906726,-2.7459078
-2.4305563,-1.2589592,4.3664255,2.946615,-0.6143544,-0.30544677,-1.247626,-1.9562527,3.8139591,-2.8599198
-1.7030627,1.8384485,2.0818162,0.51774657,-0.24751478,0.44204083,-0.65382683,-2.0137093,3.1608796,-2.4795208
-1.4495864,-1.5901135,3.08432,2.870025,-0.8572681,0.5665406,-0.7974699,-0.84824634,2.8456867,-3.2878802
-1.6124464,-0.8048754,1.9112861,2.991424,0.044397898,0.4675625,-1.7783785,-0.9413408,2.7219608,-2.4115353
-1.4306372,-0.13602026,2.8603148,0.8959862,-1.5224072,-0.34802082,0.27952194,-0.1875844,3.680665,-3.6629083
-1.8476292,-2.5154228,4.030846,1.9080029,-3.1049895,0.87881345,-0.07324807,0.2628685,2.7846665,-2.377794
-1.3016195,-3.5447366,4.0805163,2.3187068,-2.6615574,0.14347342,0.40705287,0.8084259,4.2175813,-4.041788
-2.5804396,-2.735925,3.9899592,1.3216734,-3.5841234,1.4658741,0.23573376,1.1891358,3.654951,-2.7752814
-2.8584094,-1.8240645,4.3205237,1.2603225,-2.0422437,2.2451959,-0.3151018,-0.6118977,2.7521007,-2.2014248
-2.2503705,-1.9531738,3.1706634,2.8056066,-0.7472372,0.99476486,-1.2554874,-0.7967266,3.9261026,-2.956337
-0.58902454,0.39664966,1.2253933,1.6962428,-1.7250446,-3.0504675,2.559646,0.95620656,1.3197817,-2.7258496
-3.1595423,-2.93556,4.8795137,2.9409626,-1.4723884,0.27844313,0.3256927,0.024847776,3.689853,-4.498058
-2.9291062,-2.452725,5.3540897,2.7885587,-1.7341932,-0.038561724,-0.5260135,-0.632138,4.5825367,-4.175407
-3.1967983,-1.6360581,3.524744,2.066628,-2.0284264,2.3053439,-0.829143,-0.5876601,3.0180163,-1.8227708
-0.68581223,-2.6277213,1.8752124,2.513477,-2.8316407,-0.86240864,1.3151991,2.216232,2.0666733,-2.4036446
-1.0735643,-1.1357348,2.057558,0.18263878,-1.431107,1.4384383,-0.14807503,0.10014427,2.239758,-1.5206203
-1.678299,-2.2664123,2.6742287,3.9795935,-0.4829535,-0.76043195,-0.49109983,-0.17692402,2.9937568,-3.5469058
-1.6248511,-0.8988847,3.117311,2.7234674,-0.4713179,0.06983841,-1.4218699,-1.6410013,3.1101615,-2.1168156
-1.7272868,-1.7799283,4.1634283,1.5285593,-1.9372004,-0.35806018,1.4266462,-0.056047946,2.659936,-3.3659487
-2.6002822,-1.8395617,3.8875551,2.564871,-1.8113767,1.53405,-0.7239463,-0.165162,3.3889322,-3.6525488
-3.6760712,0.18802698,3.7363744,1.8318057,-1.430315,1.8061364,-0.9088222,-1.2182513,4.054449,-3.1493134
-1.435059,0.27863073,1.2260833,1.1085802,-0.6583881,2.5141003,-2.7949364,-0.52714396,2.3885846,-1.0719471
-1.3362215,-1.2971158,3.0572772,1.7044429,-1.7451464,0.092292465,-0.19039766,-0.23025337,3.7549512,-3.2695963
-0.62727916,-0.9412628,2.5526295,-0.22617516,-1.9642617,2.9612565,-0.394332,-0.5445415,2.4263282,-2.4475367
-2.2667012,-1.0453898,3.5881004,2.636876,-1.8924044,0.77104443,-0.9977577,-0.46346858,3.3437078,-2.7285376
-2.1308446,-0.41677296,3.190483,1.4492583,-0.06321999,1.0016657,-2.0544665,-1.7051041,3.0224423,-2.2137082
-1.0504869,-0.6090623,0.6511075,0.061595842,-1.3682785,3.207293,-1.8474418,0.44015747,2.009056,-0.11643307
-0.9015559,-0.5099166,1.4609487,0.7748189,-0.06186258,3.393445,-2.1548095,-1.0591692,1.4696966,-1.0355933
-0.9181762,0.51742226,2.1743765,-0.4236789,-1.6121281,4.2604504,-2.0953712,-1.5993446,2.5558755,-1.471622
-2.2892783,-1.8296487,3.6325574,2.696515,-1.822929,0.25549316,-0.81586295,-0.9857904,3.344595,-1.5550957
-2.1299362,-0.3273331,4.3283944,0.8918952,-1.6133274,1.6183323,-1.5163593,-1.7881843,3.87247,-2.5218453
-0.1736955,-0.4158591,0.40733874,0.95190454,-0.91429365,3.9036367,-2.7645094,-0.33901164,0.7996429,0.16852017
-1.5192369,-0.77664495,3.3651824,0.30707422,-1.4739653,2.5005682,-0.77399623,-1.2515621,1.9175287,-1.204049
-1.2343976,1.6421237,1.1554773,1.3158414,-0.16017276,0.4599588,-0.99131644,-1.8283906,2.8202405,-2.4428523
-1.7602191,-3.6280472,4.606242,2.4198627,-2.7743611,0.4850253,-0.8552544,0.41602212,3.5001116,-2.3837922
-1.4188339,-1.6481968,4.288739,2.4544132,-3.0945752,-0.536869,0.5727259,-0.043368265,3.312839,-3.3068323
-2.8676353,-3.7071793,4.7118955,3.8715851,-1.8459448,0.16164646,-0.4518404,0.14278314,3.546218,-3.2586946
-0.41472712,1.4225702,0.5710579,-0.31832442,-0.41054046,2.050159,-1.5901476,-1.292593,2.158031,-0.72261876
-1.5719926,-2.0140843,3.8772407,1.1761976,-2.47634,0.88619906,0.9105301,0.3337941,2.5407429,-3.476049
-0.48546484,-1.3199627,2.9567814,0.75100183,-1.6139296,0.30521318,0.04550822,-0.51898885,2.9187002,-2.6670237
-2.006765,-1.367214,-1.0767676,3.5248964,3.4245448,-1.5682901,-0.93467045,0.41507253,-1.3713893,0.22928698
-0.3779333,-0.6385403,1.5144665,0.55343163,-1.1602826,1.1269648,0.25072163,-0.0664691,1.0008668,-1.8571738
1.321499,-2.9341776,-0.8069097,1.9544891,-0.05387982,-0.625459,-0.90639174,1.2804433,0.53624105,0.3733213
-0.22425836,0.4005764,-0.6707058,0.62122226,1.1926109,-1.0618217,0.8209771,0.49251443,-0.21994859,-1.1727824
1.391925,-0.6291709,-1.9093872,1.2030272,1.806554,-1.7352954,0.1635258,0.4258525,-0.25900605,-0.8547087
1.3631717,-0.006708637,-0.41834733,-0.0025220215,-0.5248998,-1.3697846,1.4135758,0.75486374,1.4065963,-2.5797846
-0.09336817,0.17833208,0.031936556,0.56374514,0.33207428,-1.7391212,1.0326346,0.8234712,1.0426983,-2.0225427
0.10039118,0.218136,1.3049601,-0.34143278,-1.4009182,-0.057591103,1.4042205,0.27009934,1.8715686,-3.36048
-0.20180714,0.6515214,1.1697243,-0.057533115,-1.0566105,-0.27728894,1.419972,0.07878864,2.055999,-3.625614
4.5737553,-0.12974562,-3.6965957,-0.28530207,-0.6440687,-2.3730838,1.4655595,1.8867159,-1.8733352,1.2323477
-2.0212271,-0.11270116,0.8147234,1.7426971,-0.26868224,-0.027102552,0.30954403,0.93334687,2.4194195,-3.3800747
2.8482025,1.0100186,-2.8899956,-0.0014117062,0.6575015,-1.4557999,-0.06461911,0.39222503,-0.9655459,0.42483354
3.9302998,-2.2001364,-2.5465398,0.7808603,-0.48096812,-1.2996486,-0.2932313,1.8068622,-0.4511881,0.81926376
3.6269956,-0.9184445,-3.9250097,0.6310909,0.40880543,-1.52191,-0.062876984,1.4512908,-1.450474,1.9401689
3.9107199,-0.6793061,-2.1659322,0.33087242,-0.39112428,-0.38507703,-0.8940129,0.391837,-1.0060837,1.406562
0.07730621,1.6768538,-1.8463569,0.86696017,1.4350579,-1.5186642,-0.32775533,0.11732349,0.5893432,-1.0443755
4.4785957,-1.5473002,-2.6263494,0.569752,-0.9017132,-1.7605292,0.04512827,1.6086034,-0.37242255,0.11615123
3.890933,-1.4443337,-1.7943417,1.2188032,0.072663255,-2.177795,-0.1602108,1.5600482,-0.3257847,-0.63088804
2.0166473,-1.1571001,-0.99654245,0.7149025,-0.84662807,-1.5903718,0.64823574,1.4975406,0.3257036,-0.80517
1.3411214,-1.4084641,0.6632876,1.7671673,-2.05913,-0.92939824,-0.10971247,0.36089858,1.3680581,-0.7332296
-0.63638794,-0.7710926,2.5024176,0.879241,-1.2089936,-2.533907,3.1411688,0.4680873,0.9180121,-3.4597645
-0.6369817,-0.59971863,1.3167773,1.8590626,-0.67797107,-1.4028523,0.94002557,0.70791996,1.7081041,-3.4029214
-1.0416265,-1.604005,0.85302687,1.7228675,-0.9094602,-0.6041253,1.6133846,1.9637582,0.6699747,-2.6435483
-0.38581365,-0.061959878,0.07287827,0.36118883,-0.19649243,-1.9385906,2.325131,1.2116015,-0.008684464,-1.8919868
-0.93542314,0.11525734,2.0226192,0.75444233,-0.7662645,-1.9024067,2.2650516,-0.072160274,2.930791,-4.1727743
0.4264671,0.6565245,1.1898094,-0.27244177,-0.56977224,-2.6406436,2.8394186,-0.038541645,1.8838097,-3.8178148
-0.41874138,-0.40783793,0.8982154,1.1727182,-0.9604174,-1.0358864,1.3599796,0.3419639,1.6725506,-2.0723567
0.7378932,-0.8933237,0.09420627,0.6631164,-1.3824003,0.3416171,0.21770225,1.4541031,1.4348228,-1.9360069
-0.60594296,0.96101815,1.6495978,0.6985738,-1.2597682,-1.4571087,1.9288812,0.16308011,1.7446405,-3.4087164
-0.7313678,-0.6830485,1.5133932,1.8483235,-1.6979401,-1.0287739,2.1049793,1.2115732,1.502737,-3.8612535
2.329328,-3.1667151,-1.5058104,1.6909873,-1.1530759,-3.683009,3.7978327,4.039489,0.08434836,-2.8291523
1.2491571,0.065209106,0.7050686,0.43705368,-1.2682939,-1.2202646,2.0223656,0.13648906,0.82378274,-2.7705722
-1.2854341,-0.09056793,2.8212457,0.46474037,-0.7852767,-0.7170246,1.3209417,-0.890182,2.5610287,-3.105209
0.19835007,-0.8684681,1.7809178,-0.124932885,-1.346719,-1.6841244,2.785035,0.63298607,1.4870268,-3.2972233
-0.5343751,-0.097111,2.328679,-0.7055979,-1.954049,-3.4274802,5.225128,1.7519042,2.0595298,-5.2512937
1.152962,-2.011293,0.6277499,-0.34473673,-2.3834102,-0.71311027,2.8268948,1.7749876,0.77360094,-1.4071993
2.495461,-1.1287249,0.26610735,-0.42062673,-2.0355272,-2.742848,3.2563026,1.6105912,0.33288574,-2.1591706
0.6373881,-0.35913384,1.5290889,0.78221834,-2.3183835,-3.9588623,4.0090795,1.94038,1.4726468,-3.8873136
-1.3123155,0.23317014,0.5599087,1.2922597,0.0775528,-0.26391226,0.112631485,0.794284,0.98783624,-2.2655659
1.2612526,-1.1822485,0.8849727,-0.23506668,-1.9619988,-3.1922202,4.0737786,2.252207,1.2387136,-3.5869377
1.4203376,-1.4472157,-1.0912323,-0.6026943,-2.0659297,2.1666172,-2.0722525,0.22885326,-2.0865324,6.1394496
0.8080472,0.27908546,-1.6308385,-0.26228106,0.45265955,-0.07091459,-1.0588983,-0.63945174,-0.7890735,3.5882127
2.0905256,-1.026901,-2.6860733,-0.009142965,-0.28721943,1.3108536,-2.262148,0.20438883,-1.8243724,4.8175063
1.4761775,-1.2770922,-3.0901723,-0.7556342,1.2902904,0.6162836,-1.768041,0.3412319,-2.304913,5.9349833
0.44632784,0.031453,-2.0551682,-0.51116395,-0.22891042,1.4277588,-2.304887,-0.1116586,-1.7326765,5.7965436
1.3575158,0.7864086,-3.8714662,0.33059135,1.2776382,0.7046941,-2.5064738,-0.3305966,-2.878955,6.037726
0.8737298,-0.53430337,-1.8179928,-0.45291916,-0.4000598,1.707786,-1.9603457,0.27964154,-1.3190445,4.5360103
-0.7288531,1.3283722,-1.7906529,-0.85052013,0.57116604,0.6569262,-0.92262065,-0.2287313,-0.79610914,3.4557831
0.9364542,-1.1766498,-2.349833,0.39682487,0.2074191,0.66443306,-1.5677294,0.6632507,-1.895944,4.862452
1.2736437,-0.32714033,-2.8114915,0.5461392,0.15180144,1.3867652,-3.1120503,0.20004806,-1.8419694,5.257116
2.1221108,2.1376655,-2.7904,-1.3906341,-0.8298284,2.1439533,-2.151676,-1.5685455,-2.642359,6.193868
0.9715272,-0.76549286,-1.3130511,0.15801606,-1.343919,-0.3878614,-0.61755073,0.7459228,-1.8038038,4.8005385
1.5848479,-1.6869897,-3.2195444,-1.0387636,1.1968303,1.2531381,-2.114098,0.69299257,-2.8626184,6.58118
0.35118297,0.3134418,-2.528839,-0.10267103,0.5300737,1.3257424,-2.991535,-1.0773124,-1.7678667,6.5448422
1.8469177,0.43148988,-2.6182494,-0.36346415,0.029594965,0.4814824,-2.0711472,-0.35063133,-1.3453312,4.9278927
1.0028492,1.3885872,-3.060975,-0.73606324,0.29043782,0.25635853,-1.809581,-0.366326,-1.5769248,5.36439
0.9401716,0.5516155,-1.772945,-0.5063063,0.275331,1.1142665,-1.7161763,-0.5456904,-1.2192603,3.5060349
0.5847838,1.1520512,-2.392499,-1.6387043,1.0368277,2.4780078,-2.337607,-0.84514356,-1.5465435,4.164101
-0.23803827,0.18289079,-2.0254998,-0.24739477,1.5973295,0.67130584,-1.6015892,-0.9118767,-2.109341,5.37017
2.246163,1.8428867,-2.3812652,-1.2870115,-0.6882914,-0.3447918,-0.48875737,-0.9592942,-1.3247423,3.4884489
0.542874,-0.05927737,-1.1645098,-0.072769076,-0.38291132,2.9911637,-2.0265627,0.35591432,0.5239357,0.6855191
1.4015464,-1.3074965,0.60661185,-0.07258685,-1.1694525,3.5110707,-2.5850656,-0.074843675,1.9876808,-1.2614146
-1.6167563,-2.8026712,2.2515879,2.8300574,-1.0381747,2.2369733,-1.277796,0.18124443,2.0578048,-1.9302497
-1.9215797,-1.853333,2.4058247,1.9139005,-1.2620404,3.6699433,-2.945392,-0.49106213,2.443231,-0.6813716
-2.4449196,-0.356475,3.4311228,-0.0257608,-2.0305576,3.8695295,-1.037508,-0.7790439,2.7778184,-2.0348136
-2.0253725,-0.9042966,3.0287147,0.50228405,-1.7605346,2.7016468,-0.37917733,-0.35535696,2.9675655,-2.4808433
0.035059214,-2.5162516,1.8408898,-0.6919143,-2.4362552,5.700919,-2.3596752,0.6376803,1.526858,-0.4448102
0.45242003,-2.7780662,0.97678566,0.75996923,-1.3610955,2.9279878,-0.93494964,0.53990483,0.54361385,0.114585236
-0.7010262,-2.1397123,1.018391,1.6016034,0.0066571087,3.2758965,-2.703079,-0.424427,2.199188,-1.0956107
-1.188423,-0.82096857,1.9512645,0.3414727,-2.319441,3.3958776,-0.6760085,-0.16024163,2.0037642,-0.94673365
-0.6616305,-1.1190028,2.3628397,-0.7573688,-2.1117458,2.8261533,-0.5691506,0.1713584,2.1162977,-1.1251166
-0.36396462,-2.1912217,1.5441847,-0.27261737,-2.470034,2.6140769,-0.8975667,1.4351436,0.8668313,0.47857398
0.074093014,-2.9984012,1.6139828,0.99816656,-1.5190853,3.4904943,-1.985987,0.78668416,2.1033552,-1.5236647
-1.250611,-0.3293656,1.9631358,-0.23210359,-0.7605294,2.3653197,-1.2670802,-0.8190446,2.806007,-1.4333295
0.7260089,-1.491807,1.0000142,-1.5990409,-1.1636815,5.482039,-3.3573878,-0.5130378,1.135501,0.8274109
-0.8026428,-0.9776964,1.2622042,2.222873,-0.6091801,2.5652566,-2.5339658,-1.136437,1.7748075,-0.30559048
0.16486546,-1.9216021,1.1645787,-1.194349,-1.6468179,4.7423277,-2.164316,0.3946133,0.9897828,0.73712194
0.7104167,-1.2293692,1.5348686,0.2664807,-1.5236865,3.1754436,-1.2932339,-1.0450622,1.479668,-1.1777347
-0.10338202,-2.8501132,1.7799275,1.3909447,-1.8818883,3.4779947,-1.6251012,0.52521586,1.641688,-0.9149749
-0.9075551,-1.277174,2.5178266,0.29948887,-0.9295536,2.4739897,-0.8444831,-0.6245655,2.5052574,-2.3996108
