5.358978,-0.2825325,-0.7884427,-1.7819787,-1.0895135,-0.5574966,-0.39640623,-1.5672116,-1.7169782,2.7438343
7.3677588,-0.4336542,-2.0632944,-3.0178206,-1.7867768,-0.68871486,1.1237807,-0.92095804,-1.2752279,1.5953325
4.1446147,-0.5001081,-0.9504158,-3.3723137,-0.79096276,0.6559928,0.20949964,0.12165253,-1.708059,2.1087337
6.6792817,-0.61820644,-2.048116,-2.4318783,-0.9885728,-1.8922981,0.7649153,0.10058203,-2.207734,2.5285373
4.8088274,0.2512557,-0.9783303,-1.7664241,-1.1974759,-2.3342452,1.0265858,-0.8046194,-2.0325,2.9233396
7.311251,0.058530807,-2.1347294,-3.2983868,-1.0286969,-1.243282,1.3784056,-1.3529328,-1.4895295,1.6870519
5.462301,-0.6651712,-1.1367809,-3.080169,-0.39917085,0.13507897,0.30791253,-0.71391135,-2.4632738,2.4396338
7.496756,0.0732044,-2.3394613,-3.2048485,-1.4327205,-0.7867497,0.5477584,-1.0750563,-2.0359178,2.6622114
6.610493,-0.7243497,-1.4530447,-2.4087985,-1.3353261,-1.4733163,0.6821347,-0.10464786,-2.26775,2.3511102
6.4996257,-0.3089538,-2.874532,-3.072821,-0.6487612,-0.28438032,0.8651854,-0.37751833,-2.8126757,2.8925607
7.077823,1.7469807,-3.7975929,-3.72353,-0.6217441,0.6631789,-0.02028961,-1.4277914,-2.5743656,2.647905
7.094832,-0.26384392,-2.0558333,-3.6840916,-2.1744518,0.046779983,0.31040356,-0.16333984,-1.8317413,2.6056309
5.9418087,-0.3984512,-1.16844,-2.6713555,-1.5672331,0.3063913,0.16951655,-0.6109703,-0.77874917,0.6952395
5.4093,0.12951839,-2.618895,-2.6463435,-0.82217294,-0.41891813,0.42147255,-0.07111378,-2.091471,2.600519
7.37625,-0.40201047,-1.9524573,-2.834863,-2.3634503,-0.8007362,0.09920182,-0.33278552,-2.4255607,3.505625
5.526674,-0.78820395,-2.086152,-3.5700877,-0.9770215,-0.7947512,1.2049692,0.5193832,-0.9167931,1.7907876
6.0032535,1.0798953,-1.8222442,-3.1716979,-0.77999526,-0.90716183,0.5551061,-1.075433,-1.4366876,1.4846598
2.959412,0.56004256,-1.170931,-1.4679149,-1.2283608,-0.9443822,-1.2994294,0.18806964,-2.8977873,5.2178984
6.7574496,-0.14194676,-2.3899217,-1.7664635,-2.0889528,-1.3259343,0.014768353,0.018609298,-2.6490796,3.4706378
4.3980174,2.050001,-1.4862216,-1.9791487,-2.3671558,-2.8085904,1.1304177,-0.49885452,-1.7348677,3.1851451
5.935771,-0.510805,-1.4615947,-2.5643108,-1.743107,-1.0702525,1.6587819,0.2637961,-1.9579424,1.3111182
4.8338675,2.3906074,-2.5460105,-2.2205966,-0.31158218,-2.228074,0.19533737,-1.8151748,-1.0062195,2.6575372
7.863177,0.4782257,-2.6610441,-3.8012235,-2.5981612,-0.74697465,1.4272283,-0.36173525,-2.3421042,2.6101532
6.11496,-0.8483544,-2.4068327,-2.5492527,0.4022723,-0.4106606,1.0357721,-1.1881912,-1.8823382,1.6324397
4.3000326,-0.5247209,-3.0433025,-2.278714,1.1903613,-0.910981,0.3657668,0.036850348,-0.98833877,1.7529743
1.6442646,-0.28040576,1.2013538,-1.7571508,-2.7094462,-2.4513679,5.1315994,0.17807151,0.6481163,-1.7315805
-0.036914125,-1.8639426,4.551164,-1.9024673,-3.0106747,0.22284925,1.3781939,-0.091251954,1.7446338,-1.0672249
2.6394908,-0.41911528,1.0659642,-2.5207458,-3.7183077,-2.6231985,4.318651,1.1145921,0.5567891,-0.5823526
6.1933637,-1.2327158,-1.3101906,-2.2065842,-2.9496012,-1.9278772,3.2300956,1.5963482,-2.0086315,0.45839378
1.1849746,-0.7622966,1.6587394,-1.7886881,-2.4988132,-2.3714147,4.7411437,0.33869362,1.005053,-1.6303197
0.45968908,-0.32450828,3.1992288,-2.2410035,-3.839997,-1.1662844,1.344801,-0.22256179,4.535913,-1.8365269
7.601647,-0.12625968,-1.728241,-3.260051,-2.9198222,-0.9955028,2.3378558,0.26923934,-2.0656614,0.7749263
1.4630398,-0.15681034,0.7637057,-2.4260733,-2.2441742,-2.2161255,5.5166235,0.21309443,0.11082023,-1.1379019
0.36367595,0.50526804,0.08396233,-0.888273,-2.0061948,-2.7945542,5.8435163,1.2042489,0.021820104,-2.4833457
7.149157,0.2613998,-2.0116923,-4.6102777,-2.7702382,-0.9185524,2.714273,0.22898822,-1.6397327,1.4481344
3.320627,-0.40562308,0.12001867,-3.241408,-1.9167495,-1.5019044,4.323295,-0.01152079,1.1566195,-1.9637103
7.240944,0.44291264,-1.7586544,-3.858719,-1.8776802,-1.0195448,1.7758116,-0.66773057,-2.5020862,2.0802248
3.8974314,0.18512565,-0.5588982,-2.4377205,-2.3563213,-2.6103625,3.9853148,0.68705815,-0.43276578,-0.48486087
0.35109782,-0.4429279,1.2754359,-2.2285948,-2.2917626,-3.0102615,6.9026785,0.26670915,3.3309853,-4.2956715
8.353079,0.7827721,-3.0720594,-3.8098233,-1.3609638,-1.0723567,1.318351,-1.1913352,-2.4583604,2.3986647
4.300552,0.681995,-0.5636043,-3.6391714,-2.7664325,-2.435579,4.6194735,0.54652023,-0.038223423,-0.8478584
5.2114763,0.10507473,-2.2637374,-2.3474963,-0.5001829,-1.7011015,2.0438938,0.1873384,-0.8195837,-0.030506102
5.293776,-1.139173,-0.6325303,-3.2598474,-1.1385629,-1.6243945,2.9381585,0.45671442,0.1911475,-1.2544286
7.8415136,-0.06874503,-1.6117824,-3.0089452,-1.9576232,-0.9143952,0.34470212,-0.6750865,-1.283636,1.2081355
-0.82213545,-0.42662543,1.8400583,-2.0606964,-2.3818686,-2.963253,7.6679015,1.3074192,0.8443323,-3.1191921
6.724097,-0.5385683,-1.5356134,-4.0071015,-2.553816,-1.4947631,2.5063822,0.95877594,-1.6517437,1.4133044
5.582549,-0.27603668,-1.5628484,-2.6690683,-2.385554,-2.1760454,4.040136,0.9198037,-1.464773,-0.1843285
1.8344257,0.41917676,1.5360575,-2.2451532,-2.9419892,-2.3408787,3.5319767,-0.051842302,0.86192167,-0.7333316
7.1468816,1.3013859,-2.8059359,-3.3175313,-1.2658538,-0.6068927,1.7855948,-1.1748072,-2.7697065,1.6218833
5.6488814,0.5538955,-1.8776766,-3.3387427,-2.1449654,-0.8348845,2.3432183,1.0241964,-0.0530122,-1.4697707
0.36477357,4.958144,-1.5912501,-0.5593225,0.15518504,-1.7219449,-0.95989794,-2.4380186,0.27185628,1.5725193
0.03918372,6.2165937,-1.7015505,-0.06260672,0.42960143,-3.5597124,0.13866667,-2.8825834,1.1300397,0.2712273
-0.3734979,7.2950425,-1.8501182,-0.5623585,-0.1672855,-2.2559812,-0.633946,-4.15845,1.3324269,1.4481368
0.862583,4.553184,-1.2992442,-0.5733576,0.05644813,-1.1659843,-1.2179345,-2.7154756,-0.29561234,1.8385446
-0.13738908,5.1355143,-1.5693394,-0.75183403,0.09357432,-1.6551105,-0.47183442,-2.5057008,0.03212177,1.8787334
1.2739962,5.128503,-1.5533223,-0.73675287,-0.08552485,-1.654284,-1.0780108,-2.814374,-0.38030288,1.9318007
0.83102494,5.6506824,-2.2390444,-0.5380957,0.4050304,-2.2909646,-0.50908214,-3.065066,0.49702427,1.2930605
0.90647244,5.22282,-1.7488555,-0.61735654,-0.08486431,-2.7462778,-0.80148077,-2.9791267,0.598582,2.2538583
0.8733109,6.41438,-1.7593962,-1.1161002,0.12385363,-2.137925,-0.6076212,-3.4985607,1.4131825,0.36651245
1.2486527,5.4245853,-1.7218211,-0.68624806,0.41499594,-2.9996262,-1.1909735,-3.117428,-0.21693625,2.8660662
1.2902604,7.583119,-2.9126554,-0.2115151,0.58071506,-3.1557693,-0.7098848,-3.822234,0.7781346,0.6374612
2.9106731,4.5383434,-2.7991183,-1.7638587,-0.1593852,-1.8309014,0.08945163,-2.3088658,0.9029108,0.41467956
1.0466169,6.5077233,-1.7478149,-0.9789603,0.5270273,-3.0144813,0.17711191,-3.8952382,1.6947591,-0.30447915
-0.7362627,5.486824,-0.60317296,-0.12542233,-1.1764272,-2.7216942,1.6649292,-2.4443328,2.163818,-1.5266086
0.259565,5.7850986,-1.7612832,-0.43749782,-0.3775804,-2.1479099,-0.7791855,-3.1114872,1.544377,1.0664358
-1.0001788,5.6832275,-0.9810416,1.405598,-0.19432238,-2.2139564,-1.2668939,-2.470599,0.7320089,0.32566205
-0.18150693,5.3253846,-1.4107344,-0.6525552,0.057980128,-1.1441263,-0.5570021,-2.7388656,-0.43177193,1.7779806
2.0390074,5.4195185,-2.3395307,-2.0011425,-0.031037651,-2.0630426,-1.3100111,-3.1002905,0.58945525,2.8357046
0.51031226,5.6755857,-2.5863912,-0.29689136,-0.48537502,-2.7522047,0.50504845,-1.7594044,1.4940206,-0.30794534
2.8283715,3.5733657,-2.0609546,-0.81034386,0.14085776,-2.9332857,-1.4596317,-2.629498,0.1939141,3.1638467
-0.0107976645,5.0655203,-0.6984965,-1.0655769,-0.12296497,-2.7718692,-0.15203084,-3.3515627,1.3934473,1.7053578
-0.013675258,5.931089,-1.6855913,-0.124432206,-0.6580263,-2.08511,-1.0459958,-2.367786,-0.40748158,2.5030627
3.872729,3.9913242,-1.6167426,-1.859028,-0.88624114,-1.8907616,-0.43719885,-3.5432765,0.017640552,2.3268015
-0.5050734,5.7435937,-1.0950955,0.6844919,-0.67649233,-3.1899865,0.39709866,-2.5272658,0.9458315,0.25285643
1.1435318,1.8605325,0.11911703,-1.6939687,0.15907687,-2.8095849,0.82273644,-1.778706,1.6613975,0.44808155
3.9903436,0.25117388,-0.79153657,-2.3540075,-1.4979935,-1.2587863,1.0353141,0.24615718,-2.2623556,2.5543573
2.5834932,1.910214,-1.3883463,-1.6914631,-0.07598933,-0.6009958,-1.2289071,-1.5729659,-2.305784,4.363155
3.6286616,1.8395753,-0.77257293,-2.105773,-0.8043854,-2.2635615,1.9902974,-1.9033891,-1.4060873,1.7357409
4.5050797,0.37998366,-2.2160394,-2.8305542,1.505231,-0.5856353,0.07572227,-1.5146873,-0.86379015,1.494006
4.371973,1.5171349,-1.5122026,-2.089345,-0.83545053,-1.7807316,-0.15818255,-2.1693983,-1.1520935,3.7466364
5.502254,0.12829798,-1.9014513,-2.206871,-0.682202,-0.49084944,0.36122566,-1.5391072,-2.2889216,3.0798757
1.5733991,-0.5659194,-0.9397857,-0.78126013,0.9915635,-0.7986778,-1.1404061,-1.3048568,-1.5637277,4.4907417
2.7314186,2.5253303,-3.0007968,-1.170787,0.37863883,-1.3974105,0.8507926,-1.8372953,-2.0966651,2.9836047
0.91012263,1.0266299,-0.38278496,-0.7475375,0.22488672,-0.8081409,-2.038,-0.76588005,-3.3663726,5.934725
4.3546515,0.0007456243,-0.9130758,-1.9922048,-0.41630045,-0.95547354,-0.48694575,-1.555291,-1.7870516,3.6849856
0.4949786,0.040230185,-0.6852357,0.36331716,0.13976443,-0.63470477,-1.9524308,-0.86684453,-3.5265105,6.6004443
3.8204155,1.6360536,-1.2868407,-2.5255678,-0.9390921,-2.0642002,1.6148326,-1.5906492,-1.4181082,2.704826
1.6140461,0.3423717,-0.8553439,0.23148763,0.7368833,-1.7205442,-1.8734293,-1.4359417,-2.839681,5.7542644
2.1109335,0.9067672,-0.84609777,-0.6158631,-0.34320843,-2.1135058,0.051295362,-0.60550445,-1.935713,3.2964413
3.1621037,0.09723057,-1.8216618,-1.2918346,0.7329424,-0.8034908,-1.8607702,-1.0376455,-2.9396703,5.7160954
4.0474,-0.33994952,-0.80837065,-1.44498,-1.0720758,-0.7281525,0.5123737,-1.2630191,-2.2067027,3.230297
3.3848958,2.0558712,-0.8175854,-2.168033,-0.18763584,-1.5263983,-1.1571664,-2.1596959,-1.3795868,3.9476523
1.5928959,1.243387,-1.234793,-1.2903118,1.0164208,-0.80868286,-2.52603,-1.665192,-2.0389786,5.72768
5.896454,-0.8681686,-0.8651449,-1.9064302,-1.6032592,-1.7059158,-0.07916216,-0.77414024,-2.0871577,3.8693593
4.8505096,0.31266624,-1.3422644,-3.0888672,-0.3750678,-0.10527734,-0.55116,-1.799943,-1.2084993,3.2456343
4.0697913,1.9103491,-1.4602518,-2.27633,-1.5737147,-1.8512466,0.89246184,-1.405654,-2.395277,4.0556483
2.4917479,0.047160864,-1.7133411,0.09728083,0.020169549,-1.4479468,-1.422472,-0.7852358,-1.9741132,4.6422596
4.2827783,-0.10447028,-1.750896,-1.6503149,0.8689349,-0.65945625,-1.0577757,-2.037454,-2.379738,4.4533257
2.8095512,0.74796546,-2.239562,-0.6313517,0.14478195,-1.250909,-0.9863673,-1.3866017,-2.5428865,5.291967
2.0518017,1.9833496,-1.6723311,-0.5055343,-0.5733351,-1.5602703,-0.023853058,-1.650735,-2.216638,4.1410475
-0.70247966,1.0415695,2.4845893,-1.9347862,-1.325114,-0.029014774,-0.6937966,-2.3326387,5.339307,-1.8434702
-0.3578071,-1.0733446,4.717431,-1.8288144,-2.3961434,-0.8240919,0.89538854,-0.91534066,2.2874634,-0.60344553
1.4764209,1.9676914,0.2070241,-2.437839,-1.7403556,-1.1140379,2.0361676,-1.2430767,1.2705823,-0.4841254
1.9590781,-0.29183453,0.29308873,-1.9993187,-1.783839,-2.4835958,4.893162,0.44751516,0.7323471,-1.9069393
-0.18323581,-0.14660178,2.1530912,-1.8758247,-2.3677237,-0.06142027,0.09736585,0.054152533,4.7223096,-2.4185727
-0.03656231,1.2068202,2.0491872,-2.229208,-1.965689,-1.2759337,1.4660505,-2.1136785,4.743964,-1.8513999
0.06530577,0.26897836,2.3584447,-2.5011492,-1.5777421,-1.3272346,1.7750033,-1.4131887,4.2666807,-1.9551682
1.4438721,0.8564353,1.717068,-3.2983422,-2.248882,-1.1307224,1.3503525,-0.9575017,4.839056,-2.6197507
0.3312006,0.90569144,2.1420803,-2.171933,-3.02041,-1.9670817,2.11702,-0.71883804,3.657254,-1.3184838
-1.2022513,-0.15675327,4.1547904,-1.8099228,-2.2630937,-1.1507506,0.4811874,-1.1604978,6.083228,-3.0427554
1.2305815,-0.0031187832,1.950316,-3.2116702,-1.9218295,-0.69077384,0.60679406,-0.971853,5.163864,-2.1917486
2.1655114,0.32123232,0.4789328,-2.5250351,-1.8996923,-2.0127492,4.326909,-0.03992737,0.07347404,-0.96806175
-1.4862207,-1.0531702,4.0527167,-1.7960318,-1.2092099,-0.38448393,0.75489414,-0.6357738,5.519044,-3.7756538
0.49761218,-0.059316725,2.3557615,-3.2920547,-2.4286501,-1.7097766,3.499434,-0.10048485,1.5363222,-0.42556027
0.14274672,1.2328506,1.4723754,-2.7149725,-2.1015491,-2.5709896,5.039211,-0.41701943,3.1349964,-3.2918694
8.481685,0.25103718,-1.8160278,-5.257258,-2.7768395,-1.1717266,2.439013,-0.22530098,-0.7094061,0.6676979
0.3935287,0.12786037,1.1294822,-1.7445105,-2.3219318,-1.6307105,3.9435833,0.26291254,2.110679,-2.345525
2.9799562,1.0411067,-0.18530649,-2.1891863,-2.7389247,-2.125659,1.5819151,0.5724748,-0.07844008,1.0279227
0.48458964,1.7240725,1.5948124,-1.8955032,-1.9161699,-1.8024257,-0.58485836,-2.2443905,4.7975698,-0.1496472
1.6766278,6.779581,-1.9569266,-1.8223628,-0.93816096,-2.3307807,-0.292253,-3.5290818,1.4873251,0.9451703
1.646423,1.1365585,1.6318624,-1.6701026,-3.6952622,-1.352649,0.35874295,0.018491877,0.24043806,1.6202309
1.9783068,0.771077,0.32220322,-2.8311787,-1.9512684,-1.4277943,1.8550581,0.3037354,0.040555827,0.86897403
5.926433,-0.027934395,-0.5207223,-3.0872514,-3.3631723,-1.7557551,1.451947,-0.037960395,-0.5802235,1.8909516
2.2506833,0.1968328,-0.1543982,-2.1238961,-2.5034084,-1.3161825,3.010986,1.1133713,-1.2354429,0.6960833
-1.5088769,0.088833034,3.7056928,-1.5891846,-2.7536862,-0.9308127,1.775011,-0.73603505,4.2221985,-2.3251626
2.7452688,-0.2031767,0.5405437,-3.112398,-1.5966165,3.3133,-2.7941558,-1.4534537,1.4782711,1.0718925
3.0276942,-1.5988631,1.1580095,-3.6507747,-2.0117013,2.9508326,-1.5810481,0.04599075,-0.80547595,2.468919
0.6179967,-1.258055,1.1093974,-1.8272394,-1.0552495,4.2373204,-2.1410792,-0.41299006,-0.16054364,0.9282
3.6420445,-1.7010098,-0.36982518,-2.369339,-2.868449,3.1877956,-0.608213,1.5041853,-2.9302447,2.4543388
4.2790084,-0.039900266,-1.0228072,-2.5497286,-1.6604943,1.6811222,-1.2600217,0.048823595,-3.1287303,3.5939512
3.66265,-0.974614,-0.088261954,-3.52852,-1.9808247,3.390789,-1.7517385,0.3562624,-0.45053315,1.3472242
3.4531684,-0.22055662,-0.057889633,-3.4706857,-2.765341,2.827644,-1.9716594,0.3035047,-0.40830263,2.278095
0.58804435,-2.0451045,1.884599,-2.608373,-1.0346789,6.30451,-2.7314825,-0.73985696,-0.8266867,1.2582937
1.8112847,-2.4768934,1.0868524,-3.128163,-0.8220873,5.5774975,-2.404399,0.44738775,-1.6477059,1.5541656
2.518859,-1.8713233,1.0400157,-3.1374338,-1.784051,4.8341303,-2.0746398,-0.4071636,-1.4013723,2.2756786
3.0343945,-1.7025006,-0.1351021,-2.2483191,-1.0638659,1.9905478,-2.257027,1.1660064,-1.979154,3.1316864
0.38064355,-2.1729198,1.3661816,-2.584846,-1.481941,5.662217,-2.0054815,0.32248157,-1.3321278,1.8721126
5.4774985,0.049759537,-0.8298356,-3.6850283,-2.284034,1.2557869,0.14441341,-0.538285,-2.3272932,2.6274765
2.085606,-1.12869,0.70179754,-1.7648007,-2.061407,4.112814,-1.8344778,0.101818055,-1.3557671,1.1633416
1.6417247,-0.5638429,0.39870983,-1.7184771,-2.8255532,1.1005708,-1.4200507,1.3057592,-2.613438,4.6454344
1.3126689,-1.4435682,1.3614624,-2.1633742,-3.5157595,2.6072698,-0.9931292,2.0921934,-1.149297,1.8078835
3.9122872,-0.25666222,0.607246,-3.053415,-3.0388904,0.8535179,-0.5971436,-0.219938,-0.4086459,2.1073425
3.14542,-0.7882741,0.22922456,-2.6463056,-2.2917006,1.5009412,-0.8972854,0.33543682,-1.6718196,3.0323274
5.01216,-1.6425464,0.039315857,-2.8000555,-2.6110246,1.3665967,0.009828573,-0.26980433,-1.2962469,2.0883446
-0.067199275,-1.9776757,1.0724081,-3.1109078,-1.3653207,7.177951,-1.5658153,0.64969516,-1.0594419,0.22072816
0.4699188,-2.095763,1.6038315,-2.6364028,-1.5048294,6.622045,-3.0365477,0.5119102,-1.6015786,1.7079384
5.955619,-0.4930272,-0.53204185,-3.15825,-2.4674337,0.15938967,1.636493,-0.56529695,-1.5534863,0.89665645
0.51871926,-2.1071105,1.7033806,-4.0056334,-0.84660405,7.8024883,-2.0265236,-0.09025572,-0.9516886,0.05495754
1.2069807,-1.7541978,1.141058,-3.0775852,-0.839492,6.955921,-2.774949,-0.8064692,-0.8703101,0.8592434
4.481091,-1.3395388,0.26241344,-3.8569129,-2.1521535,1.0620131,-0.28920782,-0.08080481,-1.1949044,3.009014
-2.0708983,0.4387638,-2.2901819,0.88588965,7.47161,-0.35536855,-1.138353,-2.3003585,0.43028614,-1.0166101
-0.38418972,0.49237412,-2.402092,1.127616,6.0512524,-0.037023254,-2.2495337,-2.6949506,-1.6947106,1.838856
-2.2642264,-0.66637176,-1.5264933,1.8642186,7.1543145,0.21623027,-1.668762,-1.9815216,0.07769077,-1.1994987
-0.9162419,-0.55233485,-1.6108618,1.4359406,5.4400253,-0.23259833,-1.7649649,-1.3341007,-0.809247,0.30792361
-1.8000426,-0.4931538,-2.8958998,1.5221479,6.9993277,0.19839984,-1.759721,-0.8339465,-1.1963339,0.27495655
-1.1520764,0.6711988,-2.4218426,-0.22312805,6.749007,0.15188387,-1.5730922,-2.2672036,-0.030813495,0.13405505
-1.1687654,0.8598802,-3.2057388,0.5920572,6.8166857,-0.980649,-1.210393,-2.1755354,-0.46300387,0.93947816
-0.9727985,0.122034565,-2.8863335,1.6013898,6.8176627,-1.2398206,-0.8929166,-1.4746132,-0.9917466,-0.042610973
-1.5643884,0.6607513,-1.4539461,0.12933734,5.5248623,-0.9064094,-0.022960136,-1.8329971,-0.666245,0.12560058
-2.1874206,1.0010328,-1.6305321,0.53653,6.1974,-0.8000293,-0.46041688,-2.3517826,-0.0018258039,-0.26337168
-1.1883863,0.62197316,-2.4225457,0.83771276,6.1867037,0.06286707,-1.4151638,-1.9901559,-0.84830076,0.16075574
-1.4128648,0.16734296,-2.7582686,0.7004007,7.0700397,-0.5073769,-1.1103327,-1.478683,-0.61426467,-0.042592153
-2.3170657,-0.6937379,-1.3977901,1.2751138,6.8465686,-0.24294037,-1.3890657,-0.8205719,-1.9599398,0.7200472
-1.550449,1.0744445,-2.3131638,1.3764659,6.161083,-0.8968868,-1.8105655,-2.090216,-0.7079691,0.7833205
-1.6882018,0.54494065,-2.2527049,0.9539895,6.64359,-1.0043783,-1.9454046,-1.9613187,0.018481841,0.7306176
-1.148968,1.2826049,-2.8210344,0.679533,6.0378942,-0.2966839,-1.5962732,-2.0966432,-0.30328047,0.3342509
-1.211397,1.0633693,-2.5599656,0.9449072,6.0062847,-0.03310182,-2.1349368,-2.0692987,-0.8653912,0.91063786
-1.7963716,0.28164876,-2.7588527,0.59073365,7.1003556,-0.23843491,-0.8635501,-1.1602021,-0.19428733,-0.9271996
-1.4451386,0.5595582,-2.5398784,1.033616,7.040851,-0.5211755,-2.234362,-2.1174028,-0.79489464,1.0684153
-2.136428,0.0649564,-1.5529696,0.7649919,5.9058027,-0.17326188,-0.778666,-2.1617002,0.5814738,-0.471949
-0.7048387,0.5955413,-2.3427384,0.9318156,6.541207,-0.48771012,-2.3357267,-2.2208934,-0.6408124,0.6957158
-1.4092476,0.6567116,-2.146706,0.26559782,6.5327015,-1.0813776,-0.6775864,-1.8992856,-0.8506156,0.60835814
-2.4478235,0.3610295,-2.5504696,1.5171154,7.5093236,-0.32728726,-2.0228157,-2.1252396,-0.06399936,0.23271611
-1.5309452,1.5773568,-2.2510064,0.69170797,6.5822773,-0.2482349,-1.763223,-3.1330507,0.13348703,-0.018498687
-1.289939,0.43587703,-1.94981,0.8028048,6.1811175,-0.94667435,-0.9140389,-1.8839874,0.16763143,-0.5596827
-1.6665891,-1.3547826,0.87866175,4.075646,-2.080599,-2.0057085,0.28974682,3.2785587,0.12893067,-1.6491632
-0.546632,-0.6718735,1.5144236,0.20545718,-1.8387282,-1.8360791,0.5273844,0.43183297,3.2093704,-1.0559654
-0.14658515,-1.6448832,0.67302877,0.4826955,-3.12234,-1.0324851,0.13162778,5.212631,-0.40906477,-0.260879
-1.8025984,-3.1412678,2.685204,2.0010276,-2.6015255,-0.7913406,0.9429638,3.825146,1.3719996,-2.6320224
-0.65941924,-0.43024522,0.63664293,0.25732607,-3.0093076,-0.86992,0.24278049,4.4161353,0.49502847,-1.1665787
-0.8142354,-1.1992016,1.7905753,0.08331671,-3.2368562,-1.5218261,0.8643,3.7546992,2.6912847,-2.5185058
-0.61284494,-1.2274513,2.691903,0.68137395,-1.8921262,-0.19435179,-0.42677334,0.68991137,1.3201684,-1.0697421
-4.327253,-1.1650107,2.9240959,4.4914026,-1.4201864,-1.1439844,-0.1770132,2.176555,0.8304694,-2.2243106
-1.5015826,-3.1468525,1.2074802,2.1164079,-3.2400107,-0.45835477,-0.13631232,6.8937054,-0.97920215,-0.9062091
-1.8874818,-2.2513616,5.258365,0.5661514,-2.4916997,0.15789747,0.39207348,-0.032952234,4.2528768,-4.071777
-2.4255664,-2.157331,2.1180182,0.48372206,-1.5111789,-0.32018125,0.7412166,3.2373245,1.2242516,-1.4972444
-1.7615643,-1.6166272,2.9611142,-0.27556604,-2.4460037,-1.106213,1.5387989,3.003539,2.775339,-3.1752756
-1.8770674,-2.3182487,4.323386,0.645645,-2.0862021,-0.31194818,0.91517645,1.2512697,3.9849286,-4.673343
-1.5848178,-2.28303,-0.3247748,0.392819,-2.303603,-2.143739,2.6651893,6.908811,0.06949537,-1.5601479
-3.8034072,-2.0961041,6.8148003,1.3790973,-2.5254745,-0.7365935,0.63838166,0.19762614,2.736729,-2.6847427
-2.0962715,0.6081503,1.2559694,4.1400857,-1.5039487,-2.5297751,0.89228123,0.9976986,0.026325962,-1.8673172
-1.0370867,0.7074135,2.0940557,-1.2498163,-0.85621095,-0.18163607,0.92147535,-2.0313914,5.8003063,-4.2055683
0.14100532,-2.101131,1.4402049,0.18066016,-3.282273,-0.8143413,2.1382804,3.6679657,0.894649,-2.4085062
-3.1008406,-2.7884192,4.6511674,1.217779,-3.1256263,-0.22926766,2.638012,2.971781,0.89952433,-3.2833588
-1.8110421,-0.6764858,3.7595866,0.24375185,-1.5573081,-0.4029733,-0.10627238,-0.44606405,2.6160412,-1.6498243
-0.7305576,-0.91124386,2.2873502,0.6365533,-1.6368629,0.28763634,-0.34245104,0.5131097,4.304599,-4.475642
0.71953386,-1.6505961,1.5937268,0.10305038,-2.3551924,-1.4606087,2.1688046,2.1493556,0.058378555,-1.4562523
-1.6697158,-1.6765649,4.719129,0.87279034,-2.6006343,0.34005004,0.5462376,-0.53211194,3.465616,-3.5609057
-2.2317655,-1.2073522,4.3077245,1.9288415,-2.1409423,-1.5390092,1.4612019,0.42461917,2.4999638,-3.61912
-1.5648571,-2.7747598,-0.24012277,1.800656,-2.594368,-1.2154864,-0.3820168,7.4931808,-1.3394594,0.72088313
-3.5688477,-2.6357214,6.9023027,0.8941226,-2.9964554,-0.21248662,0.22532706,-0.047108203,3.8056004,-2.3724349
-0.15330915,0.81067187,2.4275353,-3.4002893,-2.4335043,-2.1980402,2.3151612,-0.32595292,6.887841,-3.9969838
-1.2597319,0.6118198,2.620942,-0.86215127,-1.3939463,-2.386085,-0.4537928,-0.8909198,7.6070027,-3.6569135
0.04188484,0.86774564,1.0782157,-1.8654774,-1.1063066,-1.7232248,2.80783,-1.5651703,4.144391,-2.7380073
-1.1527017,1.1067371,1.3379107,-1.8255386,-2.2286932,-0.98530984,0.86223876,-0.04026057,7.95509,-5.039785
-1.4110256,1.0055089,2.0571883,-2.9600146,-1.0734429,-0.6488394,1.1583693,-0.8745404,6.678662,-3.9417667
-0.19712959,1.7648163,0.22877812,-2.668362,-0.20743546,-1.4455199,0.8326948,-2.0062313,6.712907,-2.9811175
-1.1240953,1.5315888,-0.03515684,-0.9452964,-1.3973366,-2.7488315,4.97634,0.77061766,2.8439686,-3.9162486
-1.0789101,0.8486416,1.7587352,-2.2848966,-1.1843715,-1.9179021,2.3201408,-1.0619619,5.5064936,-2.9573467
-1.8937607,0.6531319,2.8930027,-0.08631465,-0.54858166,-2.1637387,0.74943864,-1.3791494,6.536762,-4.7749324
-1.457944,1.1710773,1.0022067,-1.1759378,-1.0586851,-1.3439698,2.5273502,-0.53176755,5.371744,-4.5413914
0.025518313,0.27725202,1.2458172,-1.9274923,-1.360496,-1.3794314,2.3193011,-0.13839732,3.4765322,-2.5832932
2.1897094,1.4543664,-0.36047763,-2.549545,-1.2233136,-2.6739862,4.505936,-0.22207306,-0.0006160829,-1.2249486
4.3024135,0.33173266,-1.0134066,-4.5449634,-1.3702267,-1.9044126,3.684743,-0.47867137,0.65490097,0.23406956
-0.96766645,1.1462655,2.8492374,-2.0023215,-0.44097266,-2.3745153,1.4648825,-2.225709,7.165682,-4.6731043
0.77895945,1.5596211,1.1642175,-2.9059327,-1.0900936,-1.6606425,4.2442575,-2.0810654,2.621958,-2.7044241
-0.5077914,1.14568,1.6176603,-2.5576713,-1.2511034,-2.878198,4.771448,-0.64523894,2.965133,-2.7760942
-0.08322863,2.0565236,1.5104642,-3.0779855,-1.3431885,-2.2147765,2.367563,-1.4372454,5.426728,-3.2747548
-0.56381905,0.3657345,1.4772137,-1.6212927,0.33128613,-1.2343854,1.3637606,-1.4819682,6.1996183,-4.9039803
-0.21589322,2.2801921,0.24734741,-1.9230553,-0.25826013,-2.7476068,3.7577982,-1.2052455,3.8109002,-3.8264685
3.077991,0.58755237,-0.39215237,-2.2754672,-0.7290535,-2.1672301,1.9747722,-0.8222694,4.285796,-3.6393087
-0.7854537,3.8783128,0.32953516,-2.3984127,0.19696495,-2.9412925,1.5042611,-2.583319,5.1612864,-2.3563008
-0.68298525,0.9076374,0.8351765,-2.428924,-0.6474144,-2.3552303,4.5973053,0.14714049,2.9342139,-3.388828
1.3307784,1.5372953,-0.417692,-2.0778825,-1.5024755,-2.812537,4.6428843,-0.2981911,2.2614567,-2.7616377
0.06810732,-0.8749763,2.210409,-2.3552942,-0.39852545,-1.6694201,1.821696,-1.8766943,7.234168,-4.2484875
-0.24841832,-1.9415071,4.1419253,0.3326502,-3.0955803,-0.8752064,1.7266303,0.21107699,3.253146,-3.6338584
-0.6684274,-0.51016676,1.1349683,-0.16970685,-2.199292,-2.959083,4.51121,1.3260669,2.224501,-2.8693264
-1.8966955,-2.508445,3.811524,0.9793476,-1.9502032,-1.492853,3.748537,1.3653282,1.3892246,-3.614323
0.18598025,-2.0352173,1.3198481,-0.5911182,-2.7579987,-1.2802366,1.2858931,4.897482,0.6351638,-1.7752043
1.160778,-2.854448,-0.56323624,0.78089726,-2.3234632,-1.6874965,0.2677203,5.397444,-1.3039086,0.9530567
-1.3388014,-1.7117767,1.2828083,0.38323817,-1.9940786,-1.8571442,2.1941404,3.1984746,1.3443195,-1.640792
0.23907928,-0.20811358,0.44007498,-1.4495002,-1.9234393,-1.8733386,5.474685,1.1630751,-0.363967,-1.6278133
-0.716613,-1.5996222,2.9783516,-0.12370962,-1.4804522,-0.39127207,1.2110164,0.9390224,1.0729376,-2.0045493
-1.3212057,-2.5052707,0.20159122,1.9638985,-2.4610922,-1.1731355,-0.09582106,6.4388103,-1.0350469,-0.131648
-1.5841125,-2.3038547,0.83494526,1.4884106,-3.527933,-1.2734526,0.600245,6.6927347,-0.20562057,-0.82277685
-1.2143279,-1.3264103,2.5659595,0.58467805,-2.4245958,-0.5672941,1.1511875,1.434374,3.5069563,-3.8281176
-1.6013639,-0.19871557,3.2923293,-1.6361058,-2.009423,-3.008527,5.5341945,-0.437987,3.8303795,-3.8844101
-2.8274522,-1.7449348,1.9054065,0.98744106,-2.8289,-1.0498282,2.634047,5.6088324,-0.021342972,-2.844298
-1.0900099,-2.769986,1.7694626,0.89824045,-3.1932151,-2.413929,2.7897677,5.764904,1.1160549,-3.0728304
0.0064063817,-0.27544087,0.11662982,-0.38745955,-0.4503698,-1.2597615,2.1529918,1.1668531,1.1204226,-2.3215413
-3.613824,-3.4121711,4.8149705,1.4839461,-2.7832837,-1.7573204,4.393107,3.4889004,2.2530665,-5.0322804
-3.516731,-2.1505122,7.490352,0.3691465,-4.6219044,-0.9959338,1.5825741,1.4057741,3.7376175,-3.4426656
0.716583,1.1950037,0.13688248,-1.2977242,-1.4807507,-1.9242164,1.5540562,-0.041119277,4.749493,-3.6615295
-3.3431048,-2.7933924,6.1742983,2.058987,-2.465299,-0.8685929,1.2340529,1.0741161,2.2968023,-3.4605286
-0.7038445,-0.61614263,1.2322669,-0.5279883,-2.3414292,-2.2116408,3.7700539,2.438156,2.6502197,-3.8213317
-3.0757565,-1.8740063,3.6611023,1.0564413,-0.58844507,-1.3016572,1.7127945,0.9402841,1.6639498,-2.2970881
-1.1632177,-2.3610852,3.1277483,0.20194632,-3.2596807,-0.5004215,2.5307732,3.668726,1.4694836,-3.8576605
-0.15390824,-0.06757885,0.22799206,-0.3825725,-1.9562223,-1.8985866,2.9243462,3.3816476,1.1656634,-3.3124382
0.012642428,0.23608524,0.71238345,-1.9147973,-1.6708081,-1.8895568,3.387706,1.7385647,3.5037842,-4.226337
-2.177928,0.18614388,2.056472,0.94253075,-1.1761466,-3.1914034,5.601112,0.5363302,1.2268063,-4.1477613
