-0.92009205,-1.5486133,1.6763769,0.20613815,-0.5541587,-0.71441627,0.8502801,0.69852495,0.11588076,-0.26867294
-0.65525657,-2.103329,0.74402547,0.025479391,-0.36285144,-1.2411332,2.096458,1.6050848,-0.03185391,-0.51493835
-0.18388316,-1.8778291,2.4006002,-0.7495099,-1.4378432,0.8651254,-0.080371246,0.36530742,0.8700348,-0.09871791
-0.50715244,-2.6059659,1.5467343,-0.06341882,-0.9464093,-0.40090388,1.5058193,1.3219382,0.21683154,-0.5835843
-0.53477305,-1.9103086,3.39672,-0.78358644,-1.6775962,0.35171992,0.085151434,0.041681677,2.1064706,-1.2569153
-0.83682984,-2.6459076,3.5130706,-0.5680271,-1.7463636,0.27366742,0.34012386,0.633242,1.9069009,-0.8524507
-1.8121617,-3.0597792,4.088441,0.18667956,-1.0850022,0.62673706,-0.12140536,0.5085794,1.9787564,-1.6027867
-1.2421182,-1.4771069,2.8689303,-0.120967545,-0.6434833,0.0040406883,-0.041625023,-0.321332,1.9330447,-1.2213556
-3.5438364,-0.24792941,-0.22421111,2.9626067,1.8522682,-2.4619832,2.3124352,1.3082126,-1.9806771,-1.0257267
-0.43147856,-2.101909,1.5866195,0.04416652,-1.4597521,-0.9917636,1.4842298,1.2730371,0.5867153,-0.454629
-1.0686606,-2.3811295,2.0995054,0.18286152,-1.1251452,-0.066563845,1.1184127,1.2146503,0.5125757,-0.873371
-1.0901713,-2.002397,3.5392375,-0.33665055,-1.261086,0.8588873,-0.8252165,-0.2318656,1.7339406,-0.5770378
-1.5474823,-2.1132557,4.0904403,-1.0132527,-1.5728816,1.0308053,-0.27420104,-0.3441087,2.613709,-1.0802269
-1.1257687,-2.4076674,4.082575,-0.94410366,-1.8746271,0.5923343,0.18094605,0.26450324,2.5518265,-1.3720462
-1.5195031,-2.3569808,2.429881,0.26213676,-1.0234628,-0.28640097,1.0341742,0.9354745,0.77825224,-0.74917793
-0.7758555,-3.0644317,3.7117763,-0.738688,-1.9201974,0.047964305,0.7401332,0.64703,1.7560736,-0.671981
-2.530072,-2.4609323,0.6886618,1.6940334,1.7738686,-1.7068688,2.1901064,1.8809716,-1.171229,-1.3027259
-0.9590079,-2.7094831,1.208774,0.13454716,-0.9052894,-1.1142247,2.7165759,1.9174898,-0.6696636,-0.3735999
-0.3391875,-2.3449512,2.6678648,-0.19368218,-1.8550658,-0.19639722,0.67911476,0.84148836,1.3483795,-0.8137663
-0.42237055,-1.6076982,0.50318384,0.35743052,-1.0439091,-1.339797,2.1880255,1.6887549,-0.7707258,-0.01974091
-0.92342573,-2.7101617,1.8127973,0.35107285,-0.99557287,-0.8833723,1.1782508,1.4648247,0.5748129,-0.4717633
-0.24354921,-1.8276386,2.565885,-0.88498586,-0.39682996,0.7578183,0.1868417,-0.0400166,1.1040324,-1.3138317
-0.76912946,-3.178736,2.7478247,0.028923854,-1.4327817,-0.009241506,0.66170144,1.3177023,0.8094281,-0.5311811
-1.0086179,-1.8937407,3.6598878,-0.88065386,-1.6347727,0.63035125,0.0121284425,-0.0899764,1.7444327,-0.7352469
-0.9915311,-1.9604077,4.4459424,-1.0218326,-2.053852,0.77981484,-0.25875884,-0.47839653,3.2235227,-1.695841
-0.7274504,-1.1813616,0.3809946,0.5016535,-0.858271,-0.7419388,1.0448039,1.2506467,-0.6317522,0.5866745
-0.5990567,-2.896793,1.051946,1.3710859,-0.67878467,-1.4780895,1.6899347,1.886468,-0.3254706,-0.7276792
-0.5150414,-2.6500475,1.7410107,0.56142133,-0.8146194,-0.43544245,0.8249698,1.4187675,0.42058036,-0.92472017
-1.264951,-0.3090883,0.6148169,0.26530534,-0.15977088,-0.30975235,0.7232801,0.12795323,0.21300608,-0.41891384
-0.96386117,-0.7503934,0.6620765,0.3746814,-0.47927096,-0.22483191,0.2594092,0.6453041,-0.47100255,0.5299284
-0.7620294,-2.9074664,1.6695974,0.5144717,-1.0164453,-0.25357458,1.1125729,1.676284,0.4040652,-0.82347643
-0.35083193,-3.1015613,1.5772307,0.09497301,-0.5723835,-0.6717758,1.5372906,1.7981333,0.029691856,-0.7647051
-0.3056649,-1.9036603,1.9732289,0.15990858,-1.0030046,-0.40781355,0.3556943,0.55328584,0.9765534,-0.75578344
-1.966937,-0.6504882,-0.61784494,1.0741513,0.75554514,-0.8324404,1.5915256,1.0461099,-1.7311456,0.3262108
-0.8202302,-2.6242208,0.52838767,1.3110297,0.003918946,-1.5949187,1.9384809,1.9776338,-1.3664893,-0.18083237
-1.5478606,-3.5053103,1.0881946,1.5906312,-0.63785106,-1.6280965,1.953413,3.0996323,-0.67018586,-0.49807966
-0.11837618,-3.5563364,0.60968494,0.61387926,-0.1295386,-1.1650329,2.134619,2.8302553,-1.0862098,-0.75676334
-1.4844022,-2.0183277,0.49864784,0.9777003,0.13220745,-1.0689707,1.810015,1.6866024,-0.7319212,-0.6462337
-1.3054218,-2.511174,0.66915655,1.5057118,-0.33926332,-2.0772357,2.400939,2.2540452,-0.9694641,-0.4726833
-0.19534628,-3.8131418,0.64247704,0.9682911,-0.54309034,-1.2004356,1.9989941,2.9194186,-1.1490619,-0.43930453
-0.35410535,-3.7269592,0.82290053,1.0596551,-1.0408398,-1.2714871,1.695127,2.9996226,-0.8329143,0.040998593
-0.84808296,-3.5324688,0.9319364,0.6762772,-0.8428585,-1.0771106,2.3504648,2.9057066,-0.8010482,-0.41957742
-0.8420014,-3.383929,0.6408645,1.1859713,-0.69368494,-1.7623607,2.3523517,2.8898127,-1.0209296,-0.26110762
-1.5914687,-3.5131197,0.42587227,1.9876108,0.13452923,-1.8578311,2.386695,2.7887557,-1.5372474,-0.20191376
-0.56867,-2.5685744,0.30699956,0.8957309,-0.16481966,-1.2168852,2.0156584,2.329457,-1.10183,-0.7683121
-0.25679398,-3.4533935,0.9126973,0.408732,-0.87445724,-0.8569277,1.580961,2.5896564,-1.0545666,0.36371785
-1.0293841,-2.901074,0.6712148,1.3416609,0.0085347295,-1.6892096,2.09458,2.1998014,-0.33060753,-1.3268944
-0.91790074,-3.004994,0.79658616,1.1546339,-0.12191367,-1.0006064,1.4733129,1.8211447,-0.60349417,-0.48972392
-0.6681607,-1.0290482,-0.6462772,1.0785106,0.64332056,-1.6784605,1.9285634,1.4139066,-1.1466737,-0.8242535
-0.7124128,-3.410322,0.8017609,0.9014481,0.5126813,-1.1781927,1.8101916,2.2642808,-1.2282747,-0.4304967
-1.8935091,0.45509654,-1.298749,2.1363168,3.1022985,-1.6208996,0.975328,0.29399458,-2.5385475,-0.44583905
-2.4377613,-0.3156485,-0.5274458,1.3606719,2.7452247,-0.9547919,1.966814,0.44506976,-2.309413,-1.059125
-0.013193309,-1.83464,2.4341204,-1.33631,-1.2197939,1.3440818,-0.08367282,0.0405505,1.5393238,-0.8327752
-0.86056215,-1.1258518,2.2776127,-1.3678973,-1.2035257,2.1731749,-0.28949678,-0.5291048,1.9025604,-1.0414184
-0.788576,-1.3955007,1.7465879,-0.81648713,-1.1149001,1.5218178,0.2061265,0.18512796,0.5172314,-0.25500262
-0.60698575,-1.9248784,2.8987498,-1.1409029,-1.016943,1.5385162,-0.31081992,-0.16815877,1.9223056,-1.258479
-0.8083076,-1.514812,2.2513695,-1.0009215,-1.1371899,1.5013262,-0.040017053,0.09641449,1.0297706,-0.51162785
-2.202931,-0.28534657,1.6271454,-0.2963922,0.6143761,1.078861,-0.031894833,-0.6715213,0.47009802,-0.6696546
-1.3093742,-1.65443,2.0616505,-0.4917615,-0.77218354,1.1725055,0.4167683,0.21561497,1.0292679,-0.8336616
-1.9603779,-0.63438827,1.1885359,-0.021931067,0.7204943,1.4973251,0.030257747,-0.36503583,0.32757723,-1.0050839
-1.1517453,-2.1645613,2.8140807,-0.6619366,-1.1971589,1.078444,0.28062916,0.43464234,1.661041,-1.2903318
-0.4158103,-2.278615,2.6191435,-0.76864845,-0.7914975,0.49941236,0.351434,0.39201924,1.7945698,-1.428182
-0.07955414,-0.4197808,2.6689854,-1.922478,-1.4898987,1.4550978,-0.4326284,-1.126984,2.1210012,-0.77524084
-0.8274201,-2.758717,3.244944,-0.8601861,-1.6156013,1.7865218,-0.12418017,0.42980486,1.7528297,-1.0197368
-0.39651906,-0.7105916,3.717568,-2.0644586,-1.8037881,1.348041,-0.43591726,-1.227602,2.183856,-0.44610858
0.31378466,-0.9633902,2.1146295,-1.6792798,-1.3250563,1.6856681,-0.1263871,-0.61074555,1.431545,-0.7526115
-0.6309456,-2.5145254,3.5436368,-0.7413577,-1.540474,1.1253718,-0.5068895,0.27878037,1.7572378,-0.6293924
-0.98944616,-2.4199831,2.590682,-1.2423347,-0.97154737,2.4752398,-0.15809017,-0.003545612,1.2341578,-0.56701165
-1.5338916,-1.3623183,3.863583,-1.0677309,-1.6010722,1.6580926,-0.8473006,-0.8421098,2.5435352,-0.71979874
-0.45058745,-2.054307,3.2368305,-1.5797963,-1.6750681,2.2032576,-0.3187385,-0.373493,2.249702,-1.1678612
-0.83857703,-2.2427957,3.0369146,-1.1555455,-1.3611388,1.8870708,-0.2979012,0.08055565,1.9938056,-1.150783
-0.28811044,-1.1037484,2.2894213,-1.4280682,-1.4969747,1.4671451,-0.39655197,-0.3931622,1.6067579,-0.37374508
-1.047394,-0.4481058,1.6341783,-0.9237574,-0.8847114,1.3675926,0.16831186,-0.46576354,1.1394665,-0.7862331
-1.0316453,-1.5010464,2.491007,-1.1218116,-1.015127,1.7825791,-0.12662333,-0.1543279,1.2848366,-0.7334744
-0.5148665,-0.95774597,1.8458767,-1.2898643,-0.9155843,1.6562473,0.022548273,-0.4255788,1.4681036,-0.89314914
-0.63419133,-2.431351,3.065914,-0.8439336,-1.3680303,1.0975963,0.05563523,0.38370714,1.772588,-1.3176879
-1.6338656,-1.1379204,1.7853204,-0.20657544,0.2508561,1.0308665,-0.17811841,-0.059877202,0.38626218,-0.60688794
-0.62248975,4.044958,-1.7858531,-0.3011498,1.1397705,-0.62368643,-0.4016266,-1.7145125,-1.4897826,1.4054397
-1.3796285,4.2889757,-1.663654,-0.7361344,0.9402633,-0.24838945,0.243954,-2.0020015,-1.1330132,1.402832
-1.5347538,4.4689946,-1.7210841,-0.49913365,0.85397816,-0.3486926,0.2783407,-1.9169108,-1.5365648,1.4076985
-1.2859101,3.4431782,-0.91065466,-0.4153723,0.18196309,-0.48763615,0.57700205,-1.6618346,-0.5152994,0.9088737
-1.9093106,3.1949034,-1.3348817,-0.5144707,0.3846506,-0.11142516,0.6622955,-1.2756127,-0.96405774,1.3958727
-0.7016345,2.5921457,-0.65931165,-0.9702229,-0.14647926,-0.28121078,0.39998707,-1.2235476,-0.44693482,1.1757392
-2.8913574,1.457402,-0.6098751,1.9613688,2.597796,-2.0486455,0.6993986,-0.20263244,-2.1876855,0.28353137
-1.0514725,3.8576465,-1.8560303,-0.8997613,0.8082641,0.24924487,0.28080428,-1.8852288,-1.2433195,1.488221
-0.8367681,3.6974049,-1.7676504,-0.8277112,0.2389462,0.10471785,0.35337922,-1.6098527,-1.2926652,1.4683279
-1.185989,4.128241,-1.6229508,-0.1497664,0.4935273,-0.7602709,-0.030314848,-1.5299915,-1.590766,1.8644588
-1.6388932,2.8022501,-1.135859,-0.16564545,0.662743,-0.9474889,1.1069367,-1.0294462,-1.4950836,1.1544212
-1.6023253,4.746229,-1.7182848,0.12011419,0.42882305,-1.3261546,0.08901191,-1.83191,-0.89212716,1.8599342
-1.7671316,0.34067887,-0.4570739,0.8739374,1.2656435,-1.631271,1.8721015,0.4711798,-1.5910571,-0.24690165
-0.4887262,3.2887964,-1.3447063,-0.91084385,0.02816853,0.17976533,-0.033154666,-1.5804698,-0.94970745,1.7456955
-1.0116705,3.784402,-1.2292807,-1.3412888,-0.24858293,-0.30708826,0.92763954,-1.7416555,-0.64750046,1.5071231
-1.2372495,4.92667,-1.950444,-0.40782112,0.21899831,-1.4699808,0.7655737,-1.7657462,-0.8440034,1.5600766
-1.1115174,4.607664,-1.0408592,-1.7652421,0.44612193,0.8317071,-0.36520258,-2.8704607,-0.71016854,1.6883467
-0.6412185,2.3759763,-0.74495137,-1.1584191,-0.14465183,-0.22223744,0.592579,-1.029989,-0.6458297,1.2593132
-0.40745032,2.6272216,-1.0874186,-0.592868,-0.5982965,-0.5358303,0.2605686,-0.8375491,-0.7162678,1.7554845
-1.2509961,4.2986393,-1.3480461,-0.6988383,-0.09554484,-0.08164564,-0.0011184216,-2.0781934,-1.0384805,2.013145
-1.2237267,1.9376318,-0.6723629,-0.48268586,0.18918884,-0.11851114,0.34040326,-0.72892416,-1.2113644,1.4939307
-1.2647457,2.9528275,-0.84862316,-1.0471121,0.8575883,-0.049764328,0.23962721,-1.5940496,-1.4534149,1.6927911
-1.4669678,2.9492648,-1.3954059,-0.4764681,0.8943355,-0.20079756,0.646697,-1.1028903,-1.2747234,0.91353106
-1.2321931,-1.1937579,0.05290042,0.8545744,0.39998716,-0.77420247,1.4290843,1.2469331,-1.1801885,-0.41511643
-0.0962307,1.6694863,-0.5854889,-0.9946943,-0.21887681,-0.17771468,0.5752871,-0.77518296,-0.81554234,1.0054002
-1.1475873,0.1698053,-0.5825398,0.46413678,0.38068783,-1.3138546,1.8120346,0.6272439,-1.2091928,0.022421345
-1.2152721,-1.6787624,0.49163762,0.31479925,-0.27349252,-1.3217337,2.4099586,1.7207869,-0.9003006,-0.36132252
-0.4625852,-0.9429526,-0.2758682,0.5512679,-0.2790535,-1.4323016,2.0375845,1.4273715,-1.0862544,-0.21296184
0.19258143,-2.4833684,0.821707,-0.44931918,-1.1573896,-0.9289635,2.1660795,1.9946235,-0.57813656,-0.13039128
-0.9145526,-1.537995,0.41734353,0.05744432,0.3135016,-1.4770238,2.1906042,1.2472962,-1.1967516,0.1905113
-0.32796675,-1.5746675,0.21942681,0.17756571,-0.28092068,-0.7821813,1.4877684,1.2845736,-0.88015693,-0.11406593
-0.6276973,-1.7567914,0.14562723,0.6346019,0.27818403,-1.1315533,1.6201165,1.6412493,-1.1232662,-0.43320525
-0.8205709,-1.3498517,-0.007727921,0.43510133,-0.3843189,-1.5519334,2.2523482,1.5801934,-1.0221071,0.056063145
-0.0976633,-1.698192,0.33697417,-0.14915384,-0.2623539,-1.0625699,1.8999827,1.4772246,-0.7312443,-0.37026483
-0.6164298,-2.723928,0.23945233,0.36706626,0.6316746,-1.1424128,2.1459033,2.018922,-1.1148548,-0.67060953
-0.70895,-1.6803154,0.4819198,-0.072563365,-0.45107114,-1.1490822,2.3242264,1.5842575,-0.50886875,-0.56028306
-0.7209023,-3.0817432,0.77921724,0.8861044,-0.45887595,-1.388641,2.0631194,2.450534,-0.5569349,-0.59190446
-1.0151995,-1.7947338,0.44634664,-0.030094162,-0.33753514,-0.90209794,2.266765,1.5263602,-1.1380724,0.118224606
-0.7774679,-2.1262898,0.58985794,-0.22992481,-0.5160414,-1.2494107,2.639651,1.8737934,-0.8446587,-0.13031758
-0.7557659,-1.5650604,0.061095625,0.0761839,-0.37459534,-1.3730366,2.5946188,1.7456983,-1.0255722,-0.24669637
-0.8454059,-1.6439672,0.32915294,-0.35867923,-0.11183983,-0.64698267,1.8292286,1.3791203,-0.8431863,0.41657692
-0.39882833,-1.3349211,0.02042088,0.11908434,-0.3936423,-1.1109525,1.9335196,1.7460588,-1.055623,-0.19781016
-0.5821129,-1.9886434,0.60203326,0.45592254,-0.69237316,-0.94740343,1.5272846,1.9023488,-1.1016942,0.33703583
-0.2058466,-2.1506279,0.19673572,0.157364,-0.71322024,-1.6464885,2.6382165,2.1696475,-1.0207225,-0.14716037
-0.36048967,-2.8311782,0.9826877,0.4228211,-0.7744248,-1.9044732,2.9301975,2.3952963,-0.3975739,-1.203425
0.455288,-1.765954,-0.2532331,-0.072167054,-0.7631295,-1.2046986,1.9240823,2.1769872,-1.3690841,0.35131055
-0.09036492,-2.4017217,0.3153906,0.4705636,-0.81084025,-1.5626311,2.0099862,2.1436136,-0.5245133,-0.264041
-0.9901208,-1.6816344,0.112219304,0.59878224,-0.41718602,-1.3506173,2.496743,1.7870777,-0.7909916,-0.55189043
-1.1220748,-1.7447188,0.53869283,0.21489953,-0.26403695,-1.0505439,2.283834,1.3460518,0.12859093,-1.015059
-1.3821251,-1.965147,0.00089966506,0.78268886,-0.26104432,-1.8049088,2.8573136,2.2181976,-0.7198544,-0.59083295
-1.2852299,-2.7960327,0.5075884,1.0796922,0.72362256,-1.664004,2.4667745,2.1512086,-1.0574533,-0.88133824
-0.98670787,-2.4008188,0.6260922,0.50188315,-0.6649172,-0.8944969,1.9871039,1.8546462,-0.75227827,0.05943261
-0.4894253,-1.8179543,0.13044745,0.6246136,-0.81507677,-1.5412337,2.1933846,1.966448,-0.9221053,-0.05251719
-0.5846291,-2.4297776,0.5445143,0.3869897,-0.36236155,-1.3959817,2.342572,1.8211328,-0.5321635,-0.65849924
-0.7705877,-3.4598694,0.53234565,0.82257694,-0.51905125,-1.7192634,2.6549525,3.01769,-1.2536178,-0.13663219
-1.0723085,-3.2322865,1.4059248,0.6808993,-0.7642709,-0.94926775,2.0602005,1.9110292,0.19023415,-1.0997163
-0.062400207,-3.352079,0.83113396,0.4232434,-0.46353513,-1.35714,1.9499512,2.4021502,-0.6445345,-0.19368003
-0.2570296,-2.073108,0.21601793,-0.12721749,-0.830693,-0.9670919,2.2963006,1.8799683,-0.8448398,0.07624473
-0.66139334,-2.7906034,0.37006184,0.42996848,-0.6638747,-1.2847949,2.3804054,2.2215068,-0.2198445,-0.5305897
-0.61014545,-1.6665831,0.13401508,-0.09524627,-0.50625604,-0.11711529,1.7015109,1.5861682,-1.2582327,0.2941174
-0.6393294,-3.1960564,0.8300582,0.96473104,-0.984938,-1.7243807,2.725534,2.7165134,-0.59706366,-0.754918
-0.4350434,-1.9694633,0.4773173,0.53406197,-0.4086185,-1.3304569,1.95771,1.4512826,-0.9737945,-0.030226365
-1.0913072,-2.6842628,1.3689488,-0.1460614,-0.5127197,-0.7695528,2.2985735,1.6995447,-0.5821983,-0.5262934
-0.48722756,-1.8073926,0.5578146,-0.41811824,0.22740427,-0.75884354,1.7666705,1.2716389,-0.5253044,-0.34741926
-0.686937,-3.0585923,0.8211732,0.74127394,-0.7596463,-1.4960693,2.0727496,2.5070534,-0.8855024,0.091704085
-0.9640489,-2.9825978,1.1772738,0.38011706,-0.20320284,-0.985113,1.9787657,1.9612108,-0.9302687,-0.2711169
-0.81025475,-2.947782,0.7774769,0.61019486,-0.9196788,-1.1001961,1.7761111,2.1614873,-0.30409303,0.19202091
-0.39936376,-2.5070257,0.1630527,0.07286222,-0.574291,-1.1890677,2.9488919,2.10876,-0.63771385,-0.71628493
-0.82414424,-2.2180767,-0.27767318,0.42942852,-0.5574194,-1.6916943,3.2830071,2.7632878,-0.7472419,-0.93632805
-0.27027637,-2.920483,1.0220453,0.460092,-1.0832558,-1.9709305,2.6108527,2.6666775,-0.41147473,-0.77970743
-0.79477656,-2.9251466,0.974936,0.59069175,-0.8360318,-1.0935694,2.072704,2.0525205,-0.72679085,-0.13441674
-0.6816362,-2.1985924,1.1991233,-0.18618084,-1.1317611,-0.6807469,2.1364202,1.5737065,-0.4110484,-0.10532351
0.15907784,-3.0331497,0.80182683,-0.21878178,-0.5694246,-0.5417163,1.6656983,1.9171647,-0.5059897,-0.27887726
-1.2658782,-2.4357443,0.63090134,0.46492803,0.17320842,-1.6757327,2.8532653,1.9384276,-0.7827801,-0.8026404
-1.4109517,-0.25291562,0.19808367,-0.11703573,-0.68628967,-0.5530683,1.6045358,0.65336776,-0.20664492,0.20042075
-3.6670606,-0.36237115,-1.0769516,2.8704712,4.8724318,-2.5262709,1.8153758,0.91262877,-3.8400187,-0.27596748
-3.1462078,-1.0646468,-0.4839745,2.7141676,4.135254,-3.2094274,2.0757453,1.519091,-3.5181427,-0.3856616
-2.0808268,-0.71018606,-0.339849,1.6942405,2.189368,-1.8286532,1.8153219,1.244841,-2.5666592,-0.43597203
-2.7391646,0.88633007,-1.9897983,2.7830555,3.6937578,-2.89498,1.7180164,0.92002904,-2.83789,-0.44953012
-2.7474732,0.71439964,-1.1488456,2.2298098,3.5716176,-1.8910131,1.3977411,0.26717666,-3.1628373,-0.61311096
-2.413407,0.7651722,-1.5881119,2.062593,3.1264822,-1.4350228,0.8362272,0.51500213,-2.9160674,0.19944888
-2.9617803,-0.44996184,-0.75692964,2.0649235,1.485028,-1.4631972,1.0521349,0.9365339,-2.0793257,1.1276578
-1.6410806,-1.3391969,-0.51957023,1.3905385,2.4448514,-1.64158,1.7470274,1.3930727,-1.9019082,-0.79545474
-2.5799475,-0.20597233,-0.8966223,1.6426207,3.3393316,-1.757452,1.8196487,1.2023543,-2.3828104,-1.0037488
-2.1634088,0.6561994,-0.9338906,0.8956999,1.5524579,-1.6861662,2.28374,0.4276062,-1.8816943,0.0877846
-3.1422822,-0.67673033,-1.2245405,1.9782488,3.2968132,-1.2072668,1.928139,1.3016921,-2.7638679,-0.34903342
-2.3976572,-1.1276163,-1.4611152,2.6219864,3.3054352,-1.30295,1.3061442,1.8769166,-3.0233426,-0.7968699
-2.4555337,-0.35399985,-1.270569,2.4210362,3.1372147,-2.406437,2.102794,1.3008567,-3.2667794,-0.5017844
-2.7270367,-0.024915889,-1.278133,2.292986,2.4402785,-1.9779893,1.5616622,0.9354584,-2.280041,0.2481385
-2.222794,-0.0703022,-1.9003327,1.8747923,2.1483817,-1.2418333,1.6049261,1.4038764,-2.9633586,0.2711368
-2.7713943,0.45893437,-1.4071186,2.0919385,3.5113046,-2.1087632,0.9017569,0.27596295,-2.819333,0.6620339
-3.0134287,-0.5321611,-0.9821224,2.0289896,1.9483521,-1.5288544,2.2093012,1.3808197,-2.6577568,-0.07720874
-2.2885902,0.3988536,-1.2085112,1.5789716,1.1711339,-1.6051344,1.4189906,0.7258915,-1.7408848,0.78245217
-3.1902142,-0.03559883,-1.7842877,2.4946635,3.8478887,-1.4287281,1.5642884,0.91854346,-3.0510988,-0.41885602
-3.165177,-0.37191337,-1.2142147,1.91293,2.9517505,-1.3630133,2.1265354,0.9712713,-2.9577208,-0.07138233
-3.3026881,-0.87928456,-0.9699997,2.8875368,3.0848544,-1.9785463,2.190153,1.3552841,-2.9740307,-0.48179805
-2.4432151,-0.42209345,-0.8912641,1.3935455,1.534957,-1.5251988,1.9383471,1.4146351,-2.151728,0.17795433
-1.8278648,0.20512305,-0.70345867,1.2653769,2.144889,-1.5169477,1.5517113,0.5327463,-2.2123299,-0.48273933
-3.1256034,-0.40938866,-1.3097413,2.8105896,2.9711895,-2.250794,2.1989558,1.6644956,-2.8453176,-0.91692245
-2.938898,0.0249912,-1.0577044,2.8475468,2.8644028,-1.784807,0.8750004,0.996107,-2.6742086,0.043976635
-2.2118852,0.2993614,-1.2379725,2.440911,2.0823233,-2.3155088,1.637656,1.221829,-2.4120898,-0.49011827
0.24451979,-1.8785403,0.07453227,0.21374337,-1.0547633,-1.4549905,1.8403046,2.1408212,-1.2650659,0.62976295
0.63670975,-2.0185468,0.25609303,-0.4292888,-0.32370836,-0.95433176,1.4923944,1.5586544,-0.67673296,0.009485319
-0.5702812,-1.6722233,0.027094245,-0.2074597,-0.14096236,-0.615856,1.5853069,1.456224,-1.270555,0.6986141
-0.025780752,-2.0139706,0.022293419,0.5096534,-0.042577326,-1.1710411,1.7088566,1.7155031,-1.2221556,-0.23334052
-0.24460538,-1.3361802,-0.29821035,0.3963433,0.13019729,-1.3013422,1.7576983,1.3158718,-1.3378732,0.05115877
-0.74685526,-0.5669349,-0.33654675,-0.13341202,0.12188393,-0.46187675,1.5370045,0.8571013,-1.465704,0.4007628
1.2977043,-0.7818312,-0.16436933,-1.1190655,-1.0904739,-0.8113095,1.6147168,0.9688469,-0.76907605,0.571553
1.2271693,-0.6455434,-0.26480615,-0.9873398,-1.0028651,-1.1172528,1.62674,1.2288202,-0.8493442,0.43938732
-0.12457472,-1.6888933,0.38512787,-0.3764478,-0.011131123,-0.7654873,1.5581388,1.2188146,-1.0024796,0.23362902
0.23437832,-1.2103161,-0.21047169,-0.26437095,-0.4446091,-1.2891647,1.8192906,1.3969249,-0.7295995,-0.0025796741
0.6358171,-0.7287492,-0.5885582,-0.46719903,-0.6251105,-0.68108106,1.5465932,0.9779004,-1.3925705,0.89178944
1.2453684,-0.07319249,0.022656493,-1.3057857,-0.76695836,-0.33203948,1.0361271,0.026402026,-0.19915788,0.07660495
0.2069677,-0.7641194,-0.33481798,-0.27194333,-0.12027651,-0.71872604,1.4373579,1.1712166,-1.2836508,0.14684758
1.0222752,-1.0564513,0.28628412,-0.91981876,-0.46050048,-0.5000957,1.1585543,0.72554433,-0.42938608,-0.2718191
0.004433438,-0.37554353,-0.57919,-0.2797048,0.120743096,-0.850389,1.2195189,0.7447815,-0.84897894,0.43064058
0.8730224,1.5148413,-0.8619211,-1.6050632,-0.6821389,0.1642361,0.65966046,-0.55993414,-0.77680916,1.1311343
0.2991892,0.6103047,-0.40297619,-1.1543617,-0.30629647,0.38137183,0.4228206,-0.35978243,-1.0079377,1.2331231
-0.16941509,-0.6722031,0.55968475,-1.147802,-0.96817285,0.18604389,1.2468066,0.5565649,-0.12820892,0.18552972
0.92742413,0.88278145,-0.4468604,-1.4107561,-0.9753177,-0.21773076,0.8445675,-0.30358255,-0.8658899,1.3587381
-0.6930874,0.43147707,-0.12535565,-0.4862572,-0.11561304,-0.5991526,1.1489902,0.03569837,-1.2805685,1.0297128
1.7837509,0.4935341,-0.2865594,-1.6212206,-1.1623166,-0.5317081,0.7951618,-0.037836045,-0.37979352,0.76260066
0.32505763,-1.4710325,0.27848402,-0.34588343,-0.673441,-0.7446432,1.2651494,1.4116186,-0.68777853,0.11894955
-0.55144304,-1.0381846,0.2986512,-0.1692989,-0.24696642,-0.720797,1.3245888,1.0083218,-1.0204592,0.5380832
-0.3262074,0.3483619,-0.97401583,0.15823056,0.22621241,-1.5475396,1.8039167,0.7655195,-1.6869016,0.641912
1.6515083,-0.46321982,-0.22775903,-1.3635712,-1.2300117,-0.31934595,1.0541415,0.56049836,-0.31320357,0.29125893
-1.1182544,-0.16373427,3.1542983,-1.9054288,-1.3942399,1.4128454,-0.033304423,-1.515159,2.864881,-1.2250655
-1.7160077,0.37548918,0.13625135,-0.3684888,0.48055393,0.7512505,0.54187274,-0.6126007,-0.28254506,0.24149342
-0.64033544,-1.5167007,3.6341348,-1.5491936,-1.9769036,1.8619378,-0.5639617,-0.6307471,2.238481,-0.7998176
-0.8978813,-2.5912983,4.0667076,-0.8519395,-1.797916,1.0249746,-0.5018531,0.20377636,2.2171564,-0.80139744
-1.4947007,-0.031415448,2.056092,-0.9460613,-1.1906579,1.140671,-0.011316374,-0.8903303,1.2936168,-0.059842095
-0.8518581,-0.11994977,2.3861728,-1.3015072,-1.0907207,1.4794945,-0.4287203,-1.1384422,2.2011476,-1.0884265
-0.99582094,-0.63585687,2.2540603,-0.5948192,-0.9506236,0.50487113,0.29657504,-0.4955768,1.973064,-1.3870683
-0.88465065,-0.98406607,3.7006578,-1.4925492,-1.3288095,0.8146076,-0.25745726,-0.9559263,2.6126077,-1.17913
-0.61988515,-1.5172703,3.073822,-1.2274415,-1.7966182,1.4249907,-0.2758057,-0.34266928,2.3998463,-1.0412242
-0.61670816,-0.8667852,2.372709,-1.0756654,-0.981403,0.81352365,-0.02653502,-0.6732887,2.1719513,-1.1935955
-2.6297512,2.64574,-0.8539995,0.18354897,0.9971883,-0.23664293,0.9108249,-1.2630864,-1.2397902,0.75275093
-1.7402261,-0.059397653,1.3315439,-0.36256105,-0.76217425,0.43817478,0.41079682,-0.33375925,0.79570043,-0.09161797
-2.0568874,0.94982505,0.096081704,0.23298572,0.30937767,-0.7340666,1.4655182,-0.40305045,-0.41202843,-0.12559123
-0.3410498,-1.4819362,3.1480148,-1.4912276,-1.9601984,1.0034375,0.23897716,-0.22610343,2.4581203,-1.2299508
-1.2165666,-1.8057532,3.6833677,-0.7864918,-1.3483362,1.0412074,-0.3745799,-0.44414714,2.8772078,-1.5440766
-1.3551179,-1.0692341,2.632582,-0.6116153,-0.9257238,1.9117272,-0.9585658,-0.7301874,1.4996946,-0.6516036
-0.5372983,-1.8934643,2.0988653,-0.5681435,-1.7190485,0.37086615,0.5870502,0.6693132,0.7033538,0.14432865
-1.1347512,-1.052961,2.7814212,-1.5760285,-0.99816346,1.2217675,0.32478407,-0.6488092,1.9907365,-0.8610488
-0.37196916,-2.9185648,3.7590413,-1.0176238,-1.498402,0.60991836,0.10707888,0.4303211,1.7255347,-0.8501437
-0.5395676,-2.2116728,2.6588047,-0.656767,-1.5150332,0.45688313,0.42032373,0.5166514,1.6546427,-0.9638035
-1.1724894,-1.8083382,2.9029999,-0.09165049,-1.8674808,0.014572859,0.4557992,0.57034886,1.849852,-0.8167033
-0.9226905,-1.7095604,3.1630473,-1.1462283,-1.3765991,2.2537374,-0.73511,-0.5723542,2.0639894,-0.94870234
-0.91677004,-0.6662421,2.9291234,-1.3487494,-1.6362946,1.1943055,0.16791263,-0.9231515,2.446296,-1.2387028
-0.8929854,-1.3398101,3.4221637,-1.1841887,-1.4629709,0.8162867,0.22002906,-0.63496387,2.2295005,-1.4026643
-1.93363,0.9757406,-0.80979,0.7220033,1.8743765,-0.86262405,1.3645325,-0.17577165,-1.8321921,-0.13809095
0.2267995,-0.43748564,1.6110291,-1.6513698,-1.1122807,0.7575006,0.13841091,-0.4471589,1.1637626,-0.3608957
-0.7627577,-1.0161428,0.22699028,0.08533032,0.7982759,-0.109113395,0.6879143,0.68314445,-0.9484349,-0.1330689
-0.69522184,0.81698805,0.3626872,-0.8188506,-0.25061864,0.76359034,-0.04969956,-0.7306253,0.016769912,0.21370837
1.1606693,-0.14823924,-0.15121487,-1.3520603,-1.1063132,-0.28689742,1.3380787,0.3569195,-0.41972473,0.4354002
0.15868618,2.8027334,-0.7665485,-1.707548,-0.41132787,0.50994873,0.032633156,-1.6417557,-0.66837704,1.6322392
0.16398014,-1.226958,1.0131574,-1.1109184,-1.0316643,0.09422758,1.0704646,0.533774,0.15154523,0.017871186
1.5111935,-0.10003312,0.09551816,-1.4773319,-1.2093351,0.45883486,0.40163466,-0.045681,0.12341854,0.19679256
-0.5301139,0.4467786,-0.5656446,-0.6792112,-0.17186785,-0.29598898,1.5118024,0.2262817,-1.0141628,0.46558142
-0.7565136,1.1805859,0.04000956,-1.3110802,-0.40273717,1.0802411,0.21847016,-1.0084629,-0.225904,0.9116092
-0.45270234,0.6952492,-0.2728237,-0.96235627,0.03731017,0.24917808,0.90915585,-0.34744433,-0.8657749,0.6683254
-0.5502767,1.2007751,-0.42553604,-0.71442795,-0.29772416,-0.40044788,1.0333415,-0.3793675,-0.6459603,0.78534603
1.2401885,2.703608,-0.886358,-2.3766153,-0.8595284,0.3867379,0.587004,-1.4964039,-0.6749688,1.3033166
-1.6382968,-0.121583894,0.35171416,0.41465598,0.2685778,-0.728588,1.636627,0.29389527,-0.595232,-0.5183104
-0.2599675,3.6697683,-1.5904455,-1.6980683,-0.025717795,0.7465855,-0.025387496,-1.9608425,-1.0977885,2.1623807
-1.1743245,0.25962654,-0.30067718,-0.038751215,-0.05389765,-0.79284483,1.5175903,0.54931307,-1.3940356,0.91745985
1.1260583,2.0197937,-1.0850698,-1.783247,-1.1687956,0.23754647,0.53747797,-0.628988,-0.805942,1.687943
0.38077492,0.52018744,1.1381222,-1.5051832,-1.4848138,0.10517478,0.49097472,-0.68593895,1.1388828,0.0034510642
-0.027244732,2.6974,-0.76985407,-2.1540873,-0.5189266,0.62474626,0.28164387,-1.5150745,-1.1010866,2.1639512
-2.0471637,1.4000118,-0.77161634,0.43278962,0.6502829,-0.49255985,1.1973083,-0.18661153,-1.6250348,0.85078424
0.5836291,-0.2760865,0.5731696,-1.422518,-1.0071175,0.32617402,0.6673053,0.03256862,-0.14943586,0.4550447
0.46339428,-0.89460915,0.30265725,-1.2063663,-1.0367329,0.12353912,1.226609,0.786374,-0.5837959,0.6372379
0.6732224,0.60226244,1.3963113,-1.8836367,-1.5431536,0.38312286,0.031303555,-0.7826346,1.3752596,-0.2704324
0.275357,3.144991,-0.93453765,-1.8346092,-0.05309342,0.44829717,-0.37314907,-1.8681283,-0.80474824,2.0149758
-0.5118612,2.4336565,-1.2078747,-1.1017851,-0.06937961,0.3390687,0.33941355,-1.0685257,-1.3426175,1.9147869
-0.1754341,2.657095,-0.7485446,-1.6837362,-0.41760328,0.37937987,0.3832113,-1.4618918,-1.3693116,2.2312012
