-2.2965624,0.21893924,2.7035432,2.391318,-0.63400984,-1.03134,-0.26113844,-1.8778496,4.3358927,-3.5181491
-2.211689,-0.14834471,1.2992013,3.8376837,-0.5401026,-2.0728755,-0.26631832,0.42718962,-0.52645427,0.1648459
-2.2395349,-2.4107633,5.3343034,0.5120101,-1.2026416,0.6824045,-1.3404903,-1.1644515,3.8192775,-1.9935439
-2.124343,0.53623384,0.112518884,4.23178,-0.33721983,-1.8552684,-1.5944997,0.990767,-0.5373897,0.5349287
0.04314296,-0.3799133,2.8133323,-0.39931056,-1.5152913,-1.563463,0.07902878,-1.9795152,5.4704514,-2.597996
-1.9359695,-2.2450404,5.744158,0.38713124,-3.2229278,-0.5255039,0.98440367,0.40938857,2.375363,-2.0353973
-1.8217939,-1.5466039,3.3964157,2.3948748,-2.3705838,-0.6795237,-1.355646,0.6660686,1.1373624,0.12860408
-3.0270581,-0.50224924,0.87451214,5.9679394,-0.08098736,-2.0753126,-0.9084765,0.6887881,-0.59705794,-0.3698273
-1.4015546,1.0468686,2.8038592,-0.60375905,-2.2876794,-2.3231142,0.2915768,-1.1540841,8.291668,-4.660673
-1.7557355,-0.9059994,2.655645,2.4354644,-1.3197418,-0.9737694,0.07703995,0.48264822,-0.032563247,-0.7183305
-3.2111998,0.26859272,0.104501195,5.5468946,0.14910245,-2.7320256,-0.29021066,1.9683748,-1.2609643,-0.5942546
-2.2736127,-0.84765905,0.95877546,4.933388,-0.34771076,-2.2526882,-0.5264253,1.0537964,0.050084583,-0.79283917
-2.7342677,-1.3380516,5.345588,0.5311769,-2.1211967,-0.5492369,-0.49117565,0.24051407,3.4939094,-2.4158413
-1.7021693,-1.437612,3.8915596,-0.079348326,-1.5181136,-0.35034394,-0.0352586,-0.4946243,5.301319,-3.58788
-2.7854009,-2.8820417,6.5770082,1.0107877,-2.8630595,-0.38992453,0.44766665,0.5786409,3.0631802,-2.8477921
-3.4146085,-1.7298625,5.082635,3.05172,-1.7288287,-1.8766342,0.93673474,0.0005873278,3.337094,-3.8002136
-2.0509148,-1.9914324,5.7380037,0.59517956,-2.6084995,0.19543529,-0.79679173,-0.59812486,3.5925586,-2.107138
-2.0125146,-0.17695093,3.1446624,0.122663945,-1.6063972,-1.4587976,0.83185714,-1.23791,5.771509,-3.4076822
-2.1312551,-2.098037,4.790076,1.2070615,-1.7003647,-0.019966252,0.8295188,-0.45434985,2.364133,-2.8537462
-1.6822755,-0.17614335,0.5402507,4.440737,-0.6469241,-2.3384051,-1.358946,0.9585087,-1.3530844,1.5599291
-0.91305286,-0.35300913,1.1701062,0.15562242,-2.7058632,-1.6087654,0.9429107,2.900685,2.8168766,-2.4812694
-2.51467,-0.603432,3.4419236,1.0258297,-1.5296819,-0.9044151,-0.0011988375,-0.6663765,5.2447557,-3.529796
-1.4640583,1.0244529,2.4740255,-0.96143186,-1.8699989,-0.29239056,-0.4457866,-1.4030051,6.7541323,-3.790632
-3.0067816,-1.0437375,1.8183787,4.5254683,-1.0766991,-2.0995584,-0.7461712,1.5495642,-0.9730024,0.9833524
-2.8248746,0.3390844,3.316185,0.8950002,-0.48352262,-1.5510778,1.1228943,-2.1396766,5.507293,-4.1914124
0.9888676,-1.8274889,1.0016084,-1.7261795,-0.45631632,4.8059716,-1.320189,-0.041438505,-1.1540617,-0.25558555
1.0127487,-1.7075479,1.2228353,-2.7104378,-0.8175455,6.1960793,-2.243291,-0.54705685,-1.3816674,1.021096
-0.12361412,-1.8157284,1.7064817,-2.395628,-0.7374218,6.9586754,-2.450162,-0.5026874,-0.87532693,0.2670546
1.4753633,-2.3192132,1.1928046,-2.5109599,-1.3098056,6.5124893,-2.0074098,0.8425703,-1.5965556,-0.26852193
3.0281224,-2.1203117,0.52807057,-2.7469275,-1.500634,5.045351,-1.156572,0.009827865,-1.639133,0.5271029
0.71916384,-2.3516996,1.2820833,-3.1626706,0.19859353,8.0314455,-3.0462523,-0.3393503,-2.0316765,0.7633817
0.117590204,-0.86988276,0.470697,-2.3968272,0.3587356,6.2649994,-2.4191651,-0.90097374,-0.27480197,-0.28482974
1.429017,-1.1876011,0.21425617,-2.1419404,-0.49605343,4.4867525,-1.6571273,0.02520339,-1.4537635,0.7737136
2.343149,-1.3388448,-0.55741256,-1.5456514,-0.9485237,3.0485797,-0.8280823,0.6165593,-1.4054881,0.5746459
0.2732371,-1.7431974,1.339168,-2.4736423,-0.14778796,6.328783,-2.6685002,-0.2538823,-0.48438865,-0.12270358
0.33889836,-1.3736708,0.5843677,-1.9021752,-0.90843296,6.9691515,-1.9468273,0.42543176,-0.8772685,-1.2906704
0.59458834,-2.731692,2.2310748,-3.9731314,-0.61975825,7.2192183,-1.3640049,-0.4774195,-0.16172744,-0.6649106
0.46971267,-2.1388466,1.3494126,-3.0869396,-0.9949449,6.50488,-1.037158,0.34664723,-0.39313376,-1.0185107
1.092256,-1.8653448,1.3156762,-2.5886278,-1.2568158,6.0731826,-0.93766165,0.13273512,-1.444937,-0.5043677
1.1850704,-2.1506302,1.3916879,-2.372748,-1.2781565,6.562164,-2.8456762,-0.12752236,-1.9878205,1.6927817
0.8882212,-1.6053052,1.0723255,-2.073561,-0.94839567,4.3471656,-0.83996516,0.2150897,-0.5090683,-0.53197557
0.26644224,-1.8134999,2.1015122,-2.4439864,-1.5161259,4.5175705,-1.7448752,0.23217596,-0.9750573,1.4044098
0.6841987,-2.3059678,1.3186624,-2.409739,-1.5213721,6.9629707,-1.9970942,0.52099013,-1.1229309,-0.060109764
1.3769714,-2.8855696,0.99445194,-2.1519167,-0.8632675,6.6016626,-2.4009483,-0.0054921075,0.106487386,-0.7389961
0.47067738,-1.3746052,1.3092657,-2.628146,-0.8015297,6.263859,-2.5140543,-0.12551622,-1.1324064,0.58483374
0.43000263,-1.5773456,1.4872216,-2.9882462,-0.020570807,7.3184743,-2.0322921,-1.5214887,-2.0832534,1.0791187
2.057959,-1.5958335,0.31472307,-3.217716,-0.9878213,7.5424995,-1.387881,-0.38302913,-1.81571,-0.52197677
1.9128559,-1.759064,0.1287309,-1.8459857,-1.0405651,4.6579933,-1.8839697,0.58526593,-1.4758717,0.7248441
-0.037373707,-1.116082,1.8081957,-2.5857775,-1.8473674,6.5762796,-2.4223118,0.31271917,-0.76421726,0.12473002
1.2368524,-1.6437058,1.1195629,-3.5586503,-1.0196917,7.0337257,-2.230681,-0.7661409,-0.32981467,0.21878973
-1.4106264,6.51097,-2.3178315,0.69278336,1.3710072,-2.5927234,-0.16650729,-2.6135623,2.3125432,-1.7595208
-2.1511493,0.46421725,0.7258974,6.412657,-1.223654,-2.566505,-0.7187448,0.8926485,-0.5387313,-1.3815448
-2.9222221,-3.8757432,2.7458,2.2067125,-2.41069,0.27662498,-0.09845721,5.3396854,0.06709056,-1.4045163
-2.4877107,-0.7310584,-0.1962784,5.205374,-0.2577103,-1.622945,-1.7651362,2.5531175,-0.81079686,0.07043651
-2.459607,-0.036246732,4.285354,-0.75799394,-0.9935505,-1.1563542,0.9850392,-1.5534616,5.4814677,-3.754986
-1.805589,-0.5832733,4.1798587,-0.6093466,-1.073432,-0.8004347,-0.41180784,-1.1555386,5.8295217,-3.595766
-3.23907,2.8345573,1.3287256,2.618749,-0.20135039,-2.0388057,0.31492862,-2.117264,5.282821,-4.7412815
-4.484599,-0.7019504,0.79616255,8.275813,0.13093853,-2.436275,-1.5245547,1.5051248,-0.18447374,-1.4162797
-2.4860163,0.66005003,2.7062173,0.5226064,-0.36161134,-0.73309934,0.77170235,-2.1490145,7.456669,-6.3876786
-2.2813652,0.7507642,2.4104924,-0.12031327,-0.6084991,-0.5501871,-0.46239263,-1.4350177,6.7309866,-4.3971906
-2.4995117,1.226466,1.4550362,1.9238521,-0.124403514,-1.2357388,-0.51802045,-0.50167584,3.9765863,-3.7201126
-0.3533373,-2.6336968,0.51461273,2.0991192,-1.902807,-1.2637799,0.49874917,4.2648344,-0.5083459,-0.83834356
-1.6898967,2.0848317,1.0873824,1.6996034,-1.2625027,-1.9789573,-0.08114547,-1.400243,4.5918717,-3.0602179
-1.0620276,1.0264821,0.5545592,0.16488992,-0.48151156,-2.0824375,2.1118987,-0.43076965,3.523503,-3.3532927
-4.222458,1.8220077,0.80423594,3.6284354,0.29642522,-1.6602311,-0.44362557,-0.8150364,4.3553953,-3.74735
-2.3011885,-1.5267303,5.4177403,0.10547641,-2.6678803,1.1923325,0.0015019681,-0.5416469,3.3762476,-3.0802488
-1.9795488,0.079429805,3.142056,0.03457001,-1.1952915,-0.13835764,-1.0970975,-1.0382591,6.658102,-4.468897
-2.4710212,-1.8064766,1.6527525,5.202848,-1.2505438,-1.9838451,-1.7070644,1.9055235,-0.83965284,1.2366886
0.17827757,7.1055336,-1.4702902,0.11587171,-1.0878205,-3.131187,-0.001812512,-3.3345597,1.1216524,0.53857934
-4.2362285,0.3189574,0.49716556,5.301929,0.2807364,-2.080728,-0.11858318,1.3776858,0.9558377,-2.353233
-0.5384584,3.328348,-1.1335381,1.0398263,0.6277434,-2.0957327,0.27129477,-1.4578636,2.5466406,-2.5856693
0.92929065,3.033674,-1.2989058,0.5501535,-1.269004,-0.9820701,-0.2834813,-1.1448448,1.7712047,-1.2962267
-1.6221112,-0.7799018,0.40269983,4.214393,-0.65128833,-1.6669044,-1.1756439,2.016555,-1.5373821,0.76076883
-4.38267,-0.862564,2.9758687,5.1742544,-0.6275404,-1.334843,-1.3764075,1.0011673,0.78902745,-1.3652399
-1.5578152,2.2357504,0.7881358,1.3236462,-0.70269406,-1.2064347,-0.2749233,-1.2988614,2.6352093,-1.9276943
-0.1813135,0.65653974,-1.6800201,0.5308213,-0.09494122,-0.024343498,-3.3098147,0.8074703,-4.17517,7.4879313
-0.11518608,-1.1196024,-0.39194375,1.6519967,-0.71280473,-0.393912,-2.6768847,1.6271377,-2.9976022,5.1061754
0.9062106,0.8202954,-1.642413,1.7172453,0.29757962,-1.7127215,-1.8407663,0.18856166,-2.896653,4.1131883
-1.3966705,-1.2524915,-0.89913493,2.5951655,-1.369255,-2.639267,-0.5854885,5.2708564,0.3961578,-0.25964996
0.4129445,1.2027602,-2.0168602,2.6012273,-0.21534374,-1.9376401,-3.3401732,0.8916028,-1.7866305,4.160911
0.6923974,1.1979797,-0.6684253,1.4486552,-2.0503519,-1.6613425,-2.298572,1.746741,-2.4630177,3.9849842
0.30259937,-0.3645475,-0.48183864,0.8453237,-1.6784494,-1.380938,-1.691509,2.2300897,-2.1651387,4.3341827
3.9544134,-0.2252023,-2.250309,-0.7802907,-0.6439505,-0.6305019,-0.53491455,-0.0349174,-3.640949,4.7320557
3.0128448,-0.2795332,-1.8375608,-0.59103954,-0.06813257,-1.8743867,1.7827939,0.4279062,-0.75775295,0.076286845
-0.5597358,1.2708411,-1.30682,2.2142656,0.08490093,-1.2027801,-3.2131538,0.07460253,-3.2852676,5.9105496
5.473866,0.098878235,-2.2406669,-1.869354,-0.6171654,-0.08989132,-1.3006432,-0.64550793,-1.6770785,2.801358
0.8417429,-0.56554127,-2.0416758,0.9261224,-1.6833656,-1.0153294,-0.5770063,4.0411696,-2.0016198,1.9997225
0.887167,1.8774314,-2.2147045,0.4605817,1.3840157,-1.3840067,-1.0087022,-0.99878496,-1.2355708,2.2254753
0.7146833,1.5054471,-1.6900489,1.848708,-0.6622531,-0.25570166,-3.118196,-0.35258374,-3.8078954,5.817251
4.043184,-0.32740968,-2.6469831,-1.3155091,-1.0326548,-0.74209446,-1.0112921,1.4984841,-2.6778429,4.124024
-1.3771856,1.70489,-1.3816162,4.698941,0.040201046,-2.702885,-1.9245226,0.41942185,-1.547331,2.0350542
-2.4065943,1.4057732,-1.5916367,5.347299,1.601534,-2.172899,-2.4472542,0.5909033,-0.02948762,-0.31590167
0.98379016,0.019133642,-1.6427736,1.2516776,0.45881447,-0.24511087,-3.4725847,0.16870637,-2.453917,4.8946033
2.3859558,-0.85741365,-2.9066958,0.852602,-1.8054727,-1.4364417,-0.028928617,4.2972636,-2.566195,1.9766431
2.5677683,-1.4316373,-2.462676,0.68078613,0.40768632,-0.57577384,-1.5992923,1.6448997,-2.1073203,2.8050373
-2.9998596,-1.1797521,-0.54506236,5.3768573,-0.090116315,-1.9482986,-0.61428267,3.1770654,-1.4273403,0.19954526
1.5078107,-0.27571416,-1.5387137,0.30805284,-1.2725067,-0.7187346,-0.36548245,2.3364604,-2.1442456,2.0967376
2.218739,0.23080105,-3.4701533,0.21101367,-0.98567516,-0.8516872,-2.4092097,3.4186957,-2.1926,3.7299402
-0.5557195,1.004761,-1.3029172,0.8180555,0.20615244,-0.574624,-3.047352,1.2461722,-0.15303318,2.3253834
4.218639,-0.16037865,-3.2798615,-0.97670364,-0.39925274,-0.53888077,-1.8035072,1.7051549,-3.3110363,4.461077
-0.66268,0.7681814,-2.2264798,1.2566205,5.0269094,-0.71686053,-1.9723852,-1.2559782,-0.5119083,0.30708292
-0.6204907,0.1334368,-2.7561097,0.85244,4.4771504,-1.3009204,-0.15184116,-0.49336874,0.25550508,-0.43113968
-0.9850753,0.86697763,-2.2248864,1.1310928,5.3787384,-0.040421106,-1.8312869,-2.0560546,-0.14454551,-0.04100421
-3.4013484,0.9311872,-1.1680224,3.7277873,3.6224322,-2.0038855,-1.6314349,0.042732447,0.5114552,-0.620309
-1.4720051,0.90488094,-2.0326955,2.0344365,4.90594,-1.4829448,-1.0638809,-1.4405934,0.039178118,-0.38362762
-0.9679083,0.9142278,-2.1781461,0.8349291,6.5222797,-0.16155443,-1.6699966,-2.8115976,-0.28025523,-0.15195477
-1.5864912,1.1570821,-2.2504272,0.8360561,6.5503745,-0.08263142,-1.8884575,-3.077699,0.15853815,0.25186363
-1.8960496,0.5322638,-1.6126642,1.9474771,5.8693647,-0.87194216,-1.2614686,-2.5705297,-0.8437449,0.7310711
-0.88186604,1.8887718,-2.4729714,1.4573565,6.0555687,-1.3453349,-1.353659,-2.890519,-0.4518588,-0.0014707875
-1.6999868,1.1313679,-1.3059394,1.8975836,5.1778097,-1.0985837,-1.6918066,-2.134588,-0.7265249,0.4479692
-1.4917328,1.1294053,-2.4999547,1.8986117,5.7604594,-0.34305173,-2.6270473,-1.4461572,-0.8903652,0.53755903
-1.5476751,0.1386646,-1.5441339,1.2249388,4.7193904,-0.42516422,-0.6412774,-1.0611503,0.36887306,-1.2094643
-2.2959144,0.2789453,-2.0903473,1.7952403,6.3651986,-1.0638902,-2.179585,-0.6854806,-0.24939887,0.15123421
-1.1248754,1.6072097,-2.998809,1.5629578,6.266735,-1.1007279,-1.6102978,-1.4314655,-0.5522708,-0.58141226
-1.120118,0.6178504,-1.253741,-0.17075875,5.270965,-0.5287087,-0.72058195,-2.6043468,0.7740419,-0.24932715
-1.3987254,0.61973345,-2.028538,1.4689451,5.9792585,-0.76490486,-1.9552252,-1.9056925,-0.112255,0.13806896
-2.133376,0.72418696,-1.672309,1.9867696,6.5885096,-1.1774153,-1.5468576,-2.572845,0.31853294,-0.4761639
-1.5443355,0.41293383,-1.3978568,1.8069769,5.108758,-1.5341269,-1.5249351,-0.93847305,0.106139354,-0.4867119
-2.045002,0.7894177,-1.6932266,2.1952343,6.2492666,-1.4208435,-1.916715,-1.9554303,0.8853752,-1.0408295
-2.1985607,-0.19509412,-0.18883133,1.060681,5.6344233,-0.23525813,-1.5989549,-2.1429002,-0.08832281,-0.036033124
-1.462927,0.73993325,-1.6176134,0.38553792,5.892437,0.6224165,-1.572557,-2.6549213,0.52129185,-0.8096633
-1.3406291,2.4116,-2.8154805,0.5065441,5.600266,-1.5505711,-0.44970343,-2.3186383,-0.20087102,0.16614982
-2.0518277,1.0538971,-1.8144048,1.2562765,6.217174,-0.6023588,-1.822928,-2.4817798,0.12578811,0.18623593
-1.4213402,-0.6903277,-0.5065878,1.400398,4.259435,-0.085825674,-1.0856005,-1.2583582,-0.9878339,0.37532055
-1.7790612,1.5555618,-1.406557,0.36961392,6.4120264,-0.860131,-1.5906794,-2.5538766,-0.049639173,-0.0626629
-0.81798524,2.5437698,0.25986594,-0.94088626,-0.51639515,-2.6825888,0.66163003,-0.8851811,5.4223423,-3.0609343
1.1771402,3.8165271,-2.028942,-0.9034469,-0.79977185,-1.07698,0.5581203,-1.1057253,1.4020585,-1.0458272
-1.7817601,-0.89554006,0.9035236,0.7388431,-1.2848618,-2.6972895,5.8617043,2.162565,1.1175326,-4.286842
0.6481864,0.052918136,-0.0720269,-1.2918338,-0.38462496,-2.5977964,5.1179013,-0.007849382,1.1241449,-2.6969233
3.2252295,-1.152282,-0.92844045,-2.090328,-0.73506665,-1.298713,3.4976237,1.1541181,-0.01013012,-1.7980044
-1.1573253,0.4224916,0.38425052,-1.0660362,-0.97258645,-2.537611,5.5877433,0.9361965,1.6355857,-3.32984
-0.01953505,-0.49608046,0.024104603,-0.22322515,-1.4218754,-2.0804229,4.5235057,1.8167366,0.19087659,-2.4004452
-1.7021624,-0.47374448,0.73073083,-0.040935367,-0.596198,-2.815256,6.081033,1.3001487,0.60451984,-3.199035
0.15502928,-1.09832,1.6077918,-0.79252017,-1.8729932,-2.4149578,6.2077928,0.85780233,0.29176039,-3.0508864
0.47440553,-2.3612192,0.15158242,1.2023934,-2.508733,-2.6894972,2.6638088,5.0458555,-1.1525096,-0.96691394
1.2440991,0.039183438,0.06530184,-1.8846877,-1.446174,-2.5065875,4.4474006,0.8953835,0.92937917,-1.8820598
-1.6546826,-2.283406,0.7534221,0.79866195,-2.714082,-0.68865764,1.693876,6.5449114,-0.8220879,-1.752738
-2.5575504,-3.093992,0.3833124,3.1305618,-1.5733109,-1.9677309,-0.046299912,6.0958605,-0.9015539,0.40086514
-2.7867987,-3.2397206,0.5424703,1.70679,-1.3309767,-1.3456575,1.8402449,7.2313895,-0.371257,-2.3861446
-2.4613037,-1.9187944,1.8116947,1.6772319,-2.1520474,-2.502052,2.3553987,4.057008,1.634467,-2.6539152
-1.6712977,-2.237466,0.8767957,1.7833258,-0.7955328,-1.5943638,2.1017733,3.668435,-0.261943,-1.99758
-2.0143204,0.8609124,1.8911436,-0.7409662,-1.1455494,-1.8574139,0.32896763,-0.2810637,8.643084,-5.7075043
-1.2602227,-1.6652277,0.1989277,1.2589543,-2.3936028,-2.5029156,2.2400887,5.9913273,-0.81349856,-1.1916275
-0.33867425,-1.7918701,-1.4719759,2.6332905,-0.33178124,-1.3344027,-0.32788637,4.1626453,-1.6816258,0.3891769
-0.88595456,-2.51469,0.68085045,-0.104753464,-2.520607,-0.7012113,1.0121236,5.72859,-0.2940064,-0.50189936
0.6901778,-2.1512518,-0.005474828,-0.25908652,-2.4464033,-1.8122345,1.037171,4.799765,-0.51788247,0.53615546
-0.17046489,-0.026052713,2.0531332,-0.9165968,-1.5619954,-1.3292302,1.412297,-1.1098924,4.5655518,-2.967529
-0.9258393,-0.3254596,2.0947676,-1.0437173,-2.2729614,-1.0218424,0.19436891,0.41519555,4.0060244,-1.1592882
-0.6531784,1.4703801,-0.76382935,0.91503847,0.9041007,-2.3144116,-0.057923444,-0.26676252,2.8111231,-2.0691922
-0.045881853,-1.6491177,0.3523146,-0.20676477,-2.3296387,0.16651139,0.30447555,3.8162072,-2.1036956,1.6356088
1.0561813,-0.46671557,-0.16632026,2.1953804,-1.2281324,-2.2983398,-2.0410268,0.8129336,-1.5933828,3.6427813
0.9597933,-2.4039977,-0.4171788,0.944641,-3.159489,-1.6678779,0.056005888,6.7796273,-1.0883486,-0.1467121
-0.011070296,-2.0455658,-0.14286464,2.0228736,-2.414673,-2.249384,1.5240935,4.767159,-1.1978683,-0.40199062
-1.3215911,0.039716855,-1.8756807,5.3295546,0.12894022,-2.6739783,-0.9174663,2.5381715,-1.7922238,0.44547552
-1.692895,-2.981324,0.81719464,1.4515518,-3.026706,-1.2204903,0.7867811,7.1567984,-0.5785982,-0.8621762
-2.290225,-4.32196,0.32201278,1.1417294,-1.831434,-0.5643148,1.206704,7.8027625,-0.75544727,-0.8748497
-0.10515021,-2.813097,0.1326555,1.2645963,-2.1345465,-1.1233658,-0.08167311,6.136924,-1.4094598,0.05491638
-1.2811712,-2.5853412,0.3506309,1.9957253,-3.3313072,-1.1871494,0.7271617,6.7073374,0.15249155,-1.6747311
-0.06572352,-1.1219432,-0.465711,-0.4919666,-0.94662756,-2.3695354,4.8277903,2.6313598,0.8924848,-3.0138338
0.6965766,-0.37029964,-0.534937,-0.5744866,-1.0294988,-1.3012319,1.176019,1.8598907,0.81493413,-0.82466805
-1.0704365,-2.889869,0.32443947,0.5022125,-1.8519946,-1.0191604,1.3102975,6.011072,0.5497269,-1.993818
-1.4614216,-2.2713072,-0.24695605,0.9677278,-1.9981558,-1.4188571,1.9074903,5.854041,0.029922066,-1.4654951
-0.29849708,-2.0483623,0.22029689,-0.041247666,-1.1026869,-1.8846341,4.3146133,3.35268,-0.8806949,-1.7937543
-1.9826385,-3.2847455,1.2398579,0.48081884,-2.7865262,-1.0724465,1.7403345,7.150326,0.4684657,-2.1303005
-1.1601882,0.44122905,-0.8167923,4.5731363,-0.90923625,-2.9607098,-0.94336486,1.744388,-1.5752473,1.5205629
0.1073996,-0.85354245,-1.1374278,0.79077005,-1.618087,-1.0204335,-0.31787995,5.1526246,-1.1272806,-0.039572477
-3.6464238,-2.2025993,2.3082352,2.2448115,-2.5953586,-0.8683342,0.6915205,5.3217306,-0.30102718,-1.0719075
0.05743818,-2.5038216,-1.3155335,0.6929282,-1.6563566,-1.4436289,1.6887128,5.474283,-0.11290721,-0.9851277
0.3474058,-3.085987,-0.6002725,1.5958039,-2.4167793,-1.321153,0.048264407,6.3587537,-1.0471519,-0.03396845
0.90741414,-0.95949626,-0.35416898,-0.8538904,-1.406068,-0.679793,-0.6145769,3.0506976,0.7844054,0.07333781
-0.7967343,-2.2706044,-0.64116955,1.473024,-2.0399966,-1.8057036,0.75328505,6.704054,-0.7010668,-0.8004668
-1.3669254,-2.1565247,0.7851208,1.9156238,-3.1959493,-0.68906033,0.6593545,5.8005657,-0.99475664,-0.90519166
-2.135478,-2.754976,0.122487076,1.6461551,-2.3613276,-1.7674419,1.6358817,8.072302,-1.2827551,-1.3240539
-1.0817852,-0.33931187,-0.09103065,4.1653996,-0.7365935,-2.4329286,-0.60577315,1.0240746,1.256524,-1.198212
-3.0624158,-0.58081114,0.63573307,5.452311,-0.025864892,-1.654713,-0.8614444,0.9594752,-0.8803317,0.0014050622
-1.4332031,-1.4900358,1.1033571,3.0431213,-2.267207,-0.86627454,-0.5067905,3.707326,0.14713414,-1.4930912
-1.5495034,-2.7894518,0.33929086,2.8874114,-3.1862288,-2.4473453,0.20260806,6.9951572,-0.5157801,-0.053625137
-2.662671,-0.21542668,0.56454414,5.9488945,-0.89925843,-2.9833522,-0.49645787,1.8953909,-0.2097509,-0.99485457
-1.4455756,-1.4725666,1.1561064,2.2738936,-0.93265074,0.7041601,-1.2394297,2.130986,0.88968855,-2.1001418
-1.937514,-2.7697003,0.74827135,1.9182318,-2.830695,-0.63678247,1.456227,7.71591,-2.107777,-1.7316471
-2.8225558,0.22047982,1.4579215,3.314626,-0.69277495,-0.7026485,-0.42336917,0.39569214,-0.08829274,-0.68131346
-3.3569489,-1.1540289,0.6898071,5.7603726,-0.099418394,-2.7810857,0.5360128,2.5024455,0.45155233,-2.641864
-4.375617,-0.82646865,1.1302983,8.096391,-0.11476167,-2.5859814,-1.2127452,2.0651474,-0.89642376,-1.3381498
-1.3833343,-3.0622444,7.636845e-06,2.4122703,-2.0249982,-1.8458529,0.6481505,7.3062654,-1.2951249,-0.929247
-4.372474,-2.20032,1.299819,6.9331183,-1.6962471,-2.191552,-0.5627255,5.934383,-0.7705828,-2.5112176
-3.1711197,-1.9956219,3.0314088,1.4379842,-1.5291743,1.1688923,-1.4630051,2.7023861,1.1737474,-1.4270867
-0.76567847,-0.33185717,1.5082171,0.97387993,-0.6760691,-0.73977995,0.06603571,-0.50547975,5.102229,-4.721012
-1.324314,-0.02821982,-0.1408973,4.3148303,-1.354193,-1.3222173,-1.4267371,2.4619932,-0.22597869,-0.974672
-5.0142875,-1.3891766,1.4459124,8.048638,-0.14071211,-2.6454358,-1.6146363,2.7871397,-1.0003798,-0.552785
-3.5495403,0.2894197,0.059106894,7.8006406,-0.6234891,-2.8493054,-1.8923874,1.3334857,-1.3522419,0.73286206
-3.451428,-0.93244374,0.74330926,6.2931943,-0.31318638,-1.3756971,-2.6120467,1.3050015,-2.0650375,2.391975
-4.117624,-0.6378491,1.892678,6.4768753,-0.74025345,-2.2276516,-0.96993476,1.4207187,0.6411336,-1.7849803
-1.8080555,-3.065808,0.86660725,1.7289928,-2.1630085,-0.8291419,0.1716112,6.350679,-1.9411377,0.57599586
-3.7859101,-1.1227074,0.9092913,6.4777155,-1.0621331,-2.3532794,-1.2459636,2.9207532,-0.7841436,-0.056769937
-0.49478513,-2.62377,-0.22812031,2.2102675,-2.84026,-1.0823913,0.8279678,6.5696373,-1.6604582,-0.8026773
-2.480751,-3.8174226,0.54621696,2.7270567,-3.3629088,-1.310245,0.8149666,9.203986,-1.5024883,-0.9799814
-3.3215575,0.07346171,0.7303343,7.7118034,-0.33045262,-2.9023128,-2.5276353,1.5418363,-2.2017152,1.1978593
-3.744743,-1.8263781,1.1575272,5.591061,-1.266643,-1.4435455,-1.2209632,3.6233463,-0.8281429,-0.14799681
-3.4030297,-0.9203269,2.1599715,4.869802,-1.6730726,-2.3825645,-0.25002134,2.6261895,0.49067163,-1.5838845
1.3588463,-0.055200204,1.8958328,-0.7900821,-3.3512015,-1.755232,-0.41766453,0.38254574,2.0163062,0.6567534
0.47614956,-1.2813148,-1.2300584,1.9557749,-1.2952913,-1.1271983,-1.4122163,3.742758,-1.2888256,1.3890672
0.44412255,2.0344923,-0.8905003,1.5029064,-1.3280826,-1.4566656,-1.6996142,-0.6268165,-1.0750945,3.0660455
1.433481,-1.4169414,-0.95214796,0.80027366,-2.580506,-0.11669891,-0.9051874,3.6916616,-0.6421762,0.61314034
1.4212599,0.7646638,-0.6509809,0.42806038,-1.3347983,-1.3711182,-2.2184896,0.5915634,-1.9527879,4.298667
2.1814785,1.4730942,-0.41202718,0.01923412,-2.0186846,-1.6503795,0.9622875,-0.3557149,1.376033,-1.6404525
0.16289727,0.6112615,-0.20213109,2.4709747,-1.2637265,-1.7916731,-1.6939424,0.5351487,-0.96691805,2.0970607
-0.21185689,-1.6470826,0.121559955,0.82108045,-2.0783927,-0.41256404,-0.6467336,3.8457363,-1.7038728,1.8583235
-1.2178023,-0.1838611,2.6246855,0.82746065,-2.0881958,-0.24643493,-0.6372177,0.16272506,1.6961159,-0.9699229
-2.2994199,0.3839584,1.4536461,5.8913136,-2.0997627,-2.271632,-0.85499775,0.8087748,0.517505,-1.5668789
-0.122631684,-0.7566489,0.41104472,1.0279179,-2.498888,0.7370499,-1.4918437,2.4255917,-1.4673434,1.6950477
2.4450161,0.58253413,0.026659466,-1.2073712,-1.4855776,-2.039844,1.2680583,-0.79695684,0.78314525,0.3599806
6.1475954,0.5935528,-1.5443199,-1.94354,-1.6312586,-0.15786785,-0.37392008,-1.5591,0.20830338,0.20205975
-1.074266,0.8340506,-1.1516219,2.6340387,0.5432291,-0.74214673,-2.3107712,-0.2837353,-1.5771102,3.1750572
4.216578,-0.36801237,-1.2714777,-0.80304587,-1.4860148,0.4565875,-1.4485192,-0.10802396,-1.3453372,2.096203
1.3794621,1.2800546,-1.6246336,0.77024746,-1.8103148,-1.3816085,-0.7376304,1.2520413,0.88986534,-0.030627368
-1.1503042,0.38307437,0.19928008,3.207079,-2.0093114,-2.3561473,-0.43181545,1.5372827,0.55610704,0.0023151953
2.240113,2.8190763,-0.34015596,-1.1851429,-1.6022873,-1.5978342,-0.38285652,-2.4521487,1.2881887,1.1976569
2.3465884,-0.562557,0.6322257,-1.6292025,-1.4371346,-1.396836,0.6871747,-0.021946048,1.0676924,0.24211529
0.702754,1.3501892,-0.17271322,0.6107291,-0.4628255,-1.7307655,-3.109799,-1.0684714,-2.5056827,6.3974314
-0.5681067,0.0022432804,-0.3638808,3.6307411,-1.346792,-3.4220428,-0.10383136,1.9048777,-0.037319787,0.23148423
2.1836514,0.5878735,0.20560676,0.29854485,-2.3497703,-1.0054523,-0.96504515,-1.0205271,-1.3134587,3.3446481
0.19122161,0.13513428,-0.066531084,0.8451083,-0.6033458,0.10457807,-3.2000058,0.19840156,-2.6399837,5.0446496
-0.28965074,1.8554854,0.6601471,1.2510301,-1.2372079,-2.5704887,0.10390552,-0.8662765,0.044914298,1.0352588
2.799054,-0.5508995,-2.3743622,-0.15744904,-1.8346113,0.7816393,-2.0688488,2.6943254,-2.533914,3.1681635
-0.5476711,5.4219184,-1.685632,-0.16133855,1.081934,-1.838479,-0.91420263,-3.2624414,0.9354349,1.0253959
-2.309946,4.802782,-0.345731,0.41625407,-0.21847358,-1.9262851,1.1648095,-2.1131227,1.4363903,-0.8821953
-0.16403706,6.165103,-1.6888051,-0.5961124,0.5485865,-2.6495397,0.028449109,-2.8981051,0.510064,0.81132066
-0.63656354,5.7072234,-2.3747525,0.18527934,0.86809784,-1.157668,-1.2261304,-2.1108854,1.7765975,-0.99051094
-0.74943775,6.0093336,-1.8779829,-0.25064075,0.87369055,-2.2262533,-0.288641,-3.191531,0.9209773,0.82905424
-0.110748544,6.2899785,-1.5213614,-0.47904912,0.3019708,-2.1569884,-0.00774155,-3.4915936,0.51358104,0.6869653
-0.500644,6.5047817,-2.4659858,0.9089432,0.36680427,-2.7291863,-0.19307323,-3.1210706,0.9705581,0.30442673
-0.36054587,4.8069134,-1.6798514,-0.41327155,1.6948972,-1.4474118,-0.19922991,-2.9568481,1.2848645,-0.7184765
-1.191264,6.5405416,-1.9035922,0.1264917,0.8545797,-2.4160469,-0.36595756,-3.2818596,1.8697282,-0.1976435
0.42863947,5.9992924,-2.1665542,-0.10629675,-0.21533677,-1.611934,-0.3823832,-3.0769777,0.79451215,0.36814705
-0.43601644,7.34015,-2.813421,0.094656885,0.4437099,-1.7388602,-0.98213714,-3.415579,1.6238217,-0.04381025
-0.1469465,3.6890063,-1.8142632,0.570982,0.9328506,-0.6777073,-0.6546865,-2.2583742,-0.9629895,1.3567767
-1.2041808,7.111496,-1.9587686,-0.12734872,1.4288874,-2.104252,-0.43097875,-3.367792,2.214363,-1.4773599
-0.105879754,7.6962214,-2.1309996,-1.144306,0.0694801,-1.9093703,-0.66708446,-4.035909,1.8866994,0.41179195
-0.29189575,6.9792714,-2.205379,-0.47902188,0.6073826,-1.7794203,-0.26923284,-3.806812,1.9294527,-0.5994986
0.024355486,7.35849,-3.1298063,0.011725068,0.6359173,-2.3123558,-1.2382288,-3.3667164,1.5704511,0.5218405
-0.576544,7.728741,-2.7179868,-0.13631137,0.9920563,-2.9143875,-0.1835769,-3.6818025,2.216586,-0.66143215
-0.84287447,6.753046,-1.6812695,-0.80449843,0.0872451,-2.378699,1.0661143,-3.219659,1.6889925,-0.62711227
-0.56034964,6.6437,-2.2126675,0.40126148,0.22147796,-1.9849902,-0.58569026,-2.9407816,0.19563614,0.8883696
-1.1917039,7.539772,-2.3475454,0.78354454,0.9615887,-2.2834103,-0.3088484,-3.7949557,1.3739899,-0.67884874
0.29073125,6.371723,-2.4173825,-0.018425792,-0.9299403,-2.048861,-0.5558126,-2.6367862,1.3484232,0.65101004
-0.7951498,7.1135387,-1.9591858,0.29043105,0.80616057,-2.472929,0.008020451,-3.4443276,0.43235445,0.0672155
-1.6306431,5.292874,-1.0484328,0.5044571,0.23106554,-2.5492299,0.28322652,-2.9011648,1.9427165,-0.08706467
-0.21957628,6.847281,-2.2273374,0.2442843,-0.6147484,-2.369431,-0.13310593,-2.972649,0.81234604,0.68817735
0.1008565,6.89726,-2.6461728,-1.1047887,1.1554314,-2.8432636,0.145752,-3.6248481,2.4957435,-0.5333631
