0,0,-7,-2,1,1,-1,0
0,0,-9,-1,4,2,0,0
0,1,6,0,3,2,-1,0
0,0,1,-1,0,-1,-1,0
-1,0,1,0,1,-3,-3,0
-2,-2,12,0,-1,-2,0,0
-2,-2,5,-2,-1,-1,0,-1
-1,-1,9,-2,-1,0,0,0
-1,-2,7,-1,2,5,2,0
0,0,-2,-1,1,2,-1,0
0,0,-4,-4,2,0,0,0
0,0,-2,-1,2,1,0,0
0,0,0,-1,-1,-2,-1,0
0,-1,-2,-3,-2,-3,-2,0
0,0,1,1,-3,-1,-1,0
0,0,-1,-1,-4,-3,-1,0
0,0,-2,-1,-2,0,0,0
0,0,-2,-1,-2,0,0,0
0,0,-1,0,0,0,1,0
0,-1,-1,0,-1,0,0,-1
0,-1,-1,0,-1,-2,0,-1
0,0,0,1,-2,0,0,-1
0,0,-1,0,0,0,-1,0
0,0,-8,1,1,0,0,0
0,0,-7,0,1,1,1,0
0,0,-3,0,2,1,1,0
0,0,-6,2,-1,-1,0,0
0,0,0,1,0,-1,0,0
0,0,-1,0,-1,-2,-2,-1
0,1,0,0,-2,-6,-5,-2
-9,-2,21,10,-2,-2,-3,-16
-14,-9,-1,-12,-8,0,0,-15
-21,-7,1,12,-3,3,-1,-24
-12,-9,-6,-3,-8,7,5,-8
-10,-7,-14,-14,-9,9,-12,-1
3,-2,-1,0,-4,19,-7,-6
15,-5,12,-19,-8,6,-3,24
-5,-2,48,28,0,3,-20,-9
2,4,4,1,5,-3,4,27
-4,3,47,22,3,-21,-14,20
-8,-2,18,13,1,-11,-12,-29
15,2,-6,-11,-2,-17,0,5
12,-7,24,23,0,-14,-4,-8
-4,-6,20,14,2,-8,3,-17
5,9,5,19,4,-6,10,39
-3,2,16,18,6,2,12,39
2,5,19,4,2,1,7,38
13,24,11,23,3,0,3,59
11,16,69,34,7,0,-16,46
-6,-5,19,12,3,9,-9,34
4,10,41,23,6,2,4,6
12,3,-2,0,0,-4,0,13
-10,0,-25,-38,-2,18,38,-8
2,4,-25,-31,1,11,24,-25
-11,-7,-77,-55,-6,12,4,6
-15,-15,-22,-38,0,18,13,-29
-1,-30,-12,-16,-4,1,-5,-15
13,19,12,4,-2,0,0,-18
12,1,68,13,-2,-2,7,-25
6,6,16,7,-5,0,5,-5
10,14,-32,-4,0,-9,8,7
10,-16,-23,-24,-3,-5,-2,10
4,-3,-40,-16,3,0,14,-9
37,11,-26,-4,8,0,22,18
35,18,13,-10,1,2,0,2
21,21,-6,-3,1,-7,9,14
26,21,-8,0,-1,-3,-2,17
-9,-10,9,-20,-4,-4,-9,-8
-6,-8,-28,7,9,-7,-2,-23
-10,-7,19,0,2,-7,-12,-14
-4,-6,2,-8,8,-1,-16,-24
-10,-14,-8,4,0,-9,-10,-23
-9,-2,-3,-14,-14,-12,-15,0
2,-9,-45,-7,-5,1,-2,-18
12,4,-59,-1,-14,-15,-1,23
25,11,-60,-26,-4,2,0,35
23,15,-14,7,1,12,0,23
8,13,0,-10,-10,-15,-2,43
-3,-6,36,1,2,23,-3,3
-9,0,30,9,4,2,-3,-16
-12,-9,6,7,-3,-10,7,-30
-3,2,-2,16,7,7,2,-31
-8,12,-3,11,-3,-25,1,-21
-6,13,8,26,-6,-16,-8,-15
-11,10,8,5,-3,-17,-12,4
-5,16,17,22,-2,-10,-12,10
-1,8,21,2,-4,-2,-6,14
-2,7,31,2,-4,-4,-5,-1
1,4,18,-9,-2,3,-8,-5
-4,-8,18,-7,-1,0,0,-30
-3,-1,-2,9,1,11,0,-26
-2,-5,-16,-4,1,7,0,-18
-5,-4,7,4,3,9,6,-22
-6,-3,-1,-2,-5,-1,-6,-10
-6,-5,-9,-12,-2,-7,-8,-12
-5,3,-7,-4,-6,2,2,0
-3,0,-22,-11,-3,-2,-4,0
-3,1,-14,-7,-2,8,0,2
-5,0,-7,0,0,0,0,0
-3,-2,-9,-10,-1,-2,-6,2
0,1,1,3,-3,-1,-2,3
-1,0,-3,-2,3,-5,-1,-1
-3,-2,-2,1,-3,-9,-1,0
-6,0,-1,5,7,-4,0,0
-7,-2,-5,1,7,3,2,0
-7,-4,0,1,0,2,3,2
-6,-1,4,-8,2,8,3,3
-4,-2,9,-2,-6,5,1,1
-3,-3,18,-2,-5,0,0,2
-3,-2,19,3,-11,0,-1,0
-2,-1,22,7,-2,0,-1,0
-1,-1,15,1,-4,0,-1,0
0,0,2,3,-2,0,-2,0
0,0,2,-1,3,0,-1,0
-1,-1,-15,-1,-4,0,0,-1
-1,0,-16,0,0,2,0,-1
-1,-2,-9,0,0,0,0,-1
-1,-2,-15,0,3,1,0,-1
-1,0,-1,-2,0,2,0,0
-1,-1,-3,0,1,0,0,1
-1,0,-2,0,-1,2,0,2
-1,0,2,0,-2,1,0,1
-1,-1,5,1,0,0,0,1
0,0,4,0,0,0,-1,0
-1,-1,-6,0,-5,0,-1,-1
0,0,-4,1,10,2,0,0
0,0,-19,0,15,2,0,0
0,-2,-16,-4,8,0,-1,-1
0,-2,-16,-5,12,-2,-1,0
0,-2,-24,-6,-2,-2,-1,-1
-1,-3,-4,-4,-5,-7,-2,-2
-1,-1,-7,-1,-3,-10,-4,-2
-1,-1,4,0,-1,-5,-2,-2
-1,-2,6,0,-1,-6,-1,-1
-1,-1,3,-1,-1,-3,0,-1
0,-1,6,0,-3,1,0,0
-1,0,0,-4,-11,-6,-1,0
0,0,-3,1,2,-1,-1,0
0,0,-1,2,1,0,0,0
0,0,-4,2,6,1,0,0
0,0,0,5,13,3,0,0
0,0,7,1,0,0,-1,-1
-1,-1,-7,0,0,-2,-2,-1
-1,-1,6,2,0,-2,-2,-1
-2,-1,0,3,1,-1,-1,-1
-2,-1,1,0,0,0,-1,-1
-1,-1,9,0,-1,0,0,0
-1,-1,-7,-2,0,0,0,0
-1,-1,-6,-2,-2,-1,0,0
-1,0,-9,0,-5,-2,0,0
0,0,-7,1,2,0,0,0
0,0,-2,2,0,-1,0,0
0,0,0,0,-4,-3,-1,0
0,0,8,0,4,-1,0,0
-1,-1,3,-1,-2,-1,0,0
-1,0,4,-1,-9,0,1,0
-1,-1,-8,0,4,5,2,0
-2,0,-20,-1,-1,0,0,0
-1,0,-12,-1,-3,0,-1,-1
-1,-1,-13,-1,7,-3,-3,-1
0,0,0,-1,-9,-7,-4,-1
0,-1,2,-2,-5,-5,-3,-1
0,-2,9,-2,-8,-8,-4,-1
0,0,31,0,-6,-5,-2,-2
0,0,31,-1,-5,-2,-3,-1
-1,0,31,-2,-4,-4,-3,-1
0,0,19,-2,0,-1,-1,-1
0,-1,-11,-6,-2,0,-1,0
0,-1,-13,-3,0,-1,-1,0
0,-1,-9,-2,0,0,0,0
0,-1,-10,-1,-3,-1,0,0
-1,0,-2,0,-1,-1,0,0
-1,0,3,0,0,0,0,0
0,0,0,1,1,1,0,0
0,0,6,0,-9,0,0,0
0,0,-11,0,1,-2,-2,-1
0,0,-17,-1,0,-2,-1,0
0,0,-16,2,0,0,0,0
-1,-1,-15,2,13,2,0,0
-1,-1,4,2,3,4,2,0
-1,-1,7,3,4,3,2,0
-1,-1,2,0,2,1,1,0
0,-1,-3,-1,0,1,3,0
0,-1,10,2,14,7,2,0
0,-1,-3,1,11,7,2,0
0,-1,10,0,11,7,1,0
0,0,7,1,12,8,0,0
0,0,-6,-2,-8,0,-1,0
-1,0,10,-4,-6,-2,-3,-1
0,0,-6,0,-5,-5,-2,0
-1,-2,-2,-1,-3,-2,0,0
-1,-2,-6,-1,1,-1,-1,0
0,-2,-11,-1,1,-3,0,0
-1,-1,1,-6,-2,-1,-1,-1
0,0,-6,-2,-3,-5,-2,-1
0,0,-10,-1,-2,-4,-1,-1
0,0,7,0,2,2,0,0
0,0,4,0,1,3,0,-1
-1,-1,15,-3,-3,3,-1,-1
-1,-1,22,-2,0,3,0,0
0,-1,4,1,5,1,0,0
-1,-1,-11,0,4,1,0,0
0,-1,-12,4,12,1,0,0
0,-1,-11,4,7,0,1,0
-1,-2,-9,-2,-7,-4,0,-1
0,0,17,1,-4,-6,-1,0
0,0,14,-3,-6,-5,-1,0
0,0,21,-4,-9,-3,-2,0
0,0,17,-2,-5,-5,-3,0
0,0,0,-3,-5,-2,-3,-1
0,0,0,-2,-6,-2,-3,0
-1,-1,-7,-2,-3,-4,-3,0
-1,-2,0,-2,-5,-3,-2,-1
0,-1,3,-1,-5,-5,-2,-1
0,-1,-3,-2,-10,-8,-2,-1
0,-1,3,-1,-3,0,-1,-1
0,-1,1,0,2,2,0,0
-1,-1,4,-2,0,1,-1,0
-1,-1,-5,0,1,2,0,0
0,0,-7,0,1,-1,-1,0
0,-1,-3,-2,-4,-2,-1,-1
0,-1,-3,-2,-8,-3,0,-1
-1,-1,-3,-1,1,-2,0,-1
-1,-1,1,0,1,-1,0,-1
-1,-1,-3,0,2,0,0,0
-1,-1,3,0,7,0,0,0
-1,0,1,-1,-7,0,0,0
-1,-1,-1,-2,-5,-1,0,-1
0,0,2,-1,-2,-1,0,-1
0,0,-2,-1,-3,-2,0,-1
1,0,-2,0,1,-1,-1,-1
0,0,-3,0,1,0,0,0
0,-1,-1,0,-1,0,-1,-1
0,0,3,0,3,1,-1,-1
-1,-1,-10,0,1,0,-1,-1
-1,-1,-9,-1,0,-1,0,0
-1,-2,-13,-2,-1,-2,-1,0
0,-2,-15,-3,-13,-4,-2,-1
0,-1,2,-1,0,-1,-1,-1
0,0,0,0,0,1,-1,-1
0,0,6,1,3,1,0,-1
-1,0,2,1,11,3,1,-1
-1,0,4,0,-4,0,0,0
0,0,5,0,-2,-2,0,3
0,0,-8,-1,-5,-3,2,-1
-11,-1,12,-1,-4,-4,-1,-9
-11,-3,-15,-2,-3,-3,1,-14
-7,1,-3,-1,-3,0,0,0
-4,-1,25,0,-2,-2,-8,3
3,0,-21,-4,0,-4,-6,11
21,9,-14,7,9,12,0,38
28,1,-10,-2,7,7,13,42
5,-9,-21,-12,0,1,1,34
14,0,36,15,2,5,4,28
-19,-13,36,-14,-5,-14,-7,-10
-33,-15,12,13,-7,-10,-20,-50
5,9,13,2,11,-2,-2,-10
11,-1,-47,-29,1,-6,0,-30
20,6,-4,-5,3,-2,-1,-20
19,8,-14,-20,8,-5,9,-31
-4,-3,1,-6,-11,-3,-1,-49
-19,-12,2,-25,-9,-1,-12,-24
-10,-17,-30,-30,-9,-4,-18,-46
6,-2,20,-28,-13,-5,-18,10
9,1,-16,-5,-5,-2,-8,-1
5,16,28,23,0,1,10,12
-2,3,51,20,2,-1,26,56
-22,3,10,-4,-2,0,-8,33
-21,-14,7,-4,15,3,3,23
4,-12,-4,25,9,-1,15,21
9,11,-4,18,1,2,11,27
15,-15,-7,18,6,-1,23,29
22,14,24,0,-16,-11,11,41
6,-10,19,-46,-13,-8,-12,43
0,-20,22,-34,-6,-6,-14,8
2,-6,12,-5,-7,-6,-15,-15
-21,-18,-37,-6,-4,-4,-20,-30
-24,-9,-4,-7,-3,-3,-29,-44
-29,-5,4,18,-7,-5,-27,-50
-40,-3,19,8,-1,0,-20,-33
-18,-2,45,6,0,2,-2,-5
-17,10,-10,29,2,0,26,18
15,21,-21,13,11,6,27,19
22,13,-22,4,9,4,34,43
22,13,4,21,7,0,14,42
21,16,44,15,12,5,-2,-3
2,2,47,27,3,1,-8,11
14,22,49,35,1,0,-15,-27
14,18,4,37,8,0,-32,-36
27,18,-13,22,-2,-14,-35,-12
35,33,-33,-3,-1,-10,-21,1
38,25,3,25,-1,-9,-10,37
38,21,3,2,4,-8,1,31
21,20,24,23,3,-2,-1,23
19,-13,29,41,5,-4,-4,26
-4,-17,-1,-8,8,0,-8,-15
-10,-17,6,-14,-5,-3,-2,-21
-20,-34,10,-7,5,10,16,-2
-29,-22,-19,-24,0,6,0,-31
-19,-10,-12,-5,1,-3,2,-5
-23,-20,-15,-4,-1,-8,11,-23
-16,-16,-48,-9,-5,-8,4,-16
-4,10,-8,-14,3,-7,9,-14
-5,-14,-32,-11,4,7,13,-13
-12,-1,-17,-3,2,3,-2,2
7,9,-7,-4,3,-4,-10,-9
-5,-3,-17,-6,-2,-1,-5,-1
-9,1,-14,-4,-8,-5,-6,-8
6,3,-17,0,-9,8,11,6
-3,7,10,0,-2,6,10,-6
-3,1,6,12,7,4,10,-2
3,9,14,9,0,-2,3,2
0,7,24,5,7,-4,-6,2
0,0,-5,1,0,-1,-3,9
0,-2,-17,-1,-9,-9,-8,7
-1,0,-11,-2,-5,-9,-5,5
0,0,-16,2,0,-8,-1,-1
0,0,-15,-6,-6,-10,0,0
3,5,0,-6,-11,-6,1,4
0,0,0,0,-2,-1,2,0
0,0,-2,1,-5,0,0,2
-1,0,1,5,0,0,-1,0
-2,-3,-8,4,2,-1,0,-2
-1,-1,-6,-4,-2,-3,-3,-1
-2,-1,0,-5,-15,-1,-2,-2
-1,-1,3,-2,-5,-1,-1,1
-1,0,7,-1,1,3,-2,3
-2,0,3,0,-4,2,-1,2
-1,0,0,0,1,-5,-2,1
-1,-1,-3,-5,-9,-3,-1,-1
-1,-1,1,-2,-6,-4,0,-2
-1,-1,8,-2,-1,-1,0,-1
-1,-1,4,-2,2,0,0,-1
-2,-2,1,-1,0,-1,0,0
-1,-2,-6,-2,0,-1,-2,0
0,-1,-11,0,0,-2,-1,0
0,0,-8,1,0,-1,-1,0
0,0,-4,3,12,-1,-2,-1
0,0,-1,1,4,-1,-2,-1
0,0,1,0,3,-2,-2,-1
-1,-2,0,0,7,-2,-3,-1
-1,-1,-2,-3,-9,-4,-1,0
-2,-1,16,1,-5,0,-1,0
-2,-1,14,0,-5,0,-2,0
-1,0,14,0,-3,2,0,0
-1,0,16,1,0,2,-1,0
0,0,-3,0,1,-2,-2,-1
0,0,-12,-2,2,-4,-2,0
0,0,-11,-1,-1,-6,-2,-1
0,0,-11,0,-4,-1,-1,-1
0,0,-20,-3,-11,-1,0,-1
0,0,-11,0,0,3,1,-1
0,0,-15,0,-1,3,1,0
0,0,-15,-2,0,0,-1,0
0,0,-19,-3,8,0,0,0
0,0,-17,-3,-5,-2,-1,0
0,-1,-8,-4,0,0,0,-1
0,-1,-6,0,1,1,0,-1
0,0,7,2,3,3,0,-1
0,-1,9,0,4,1,0,-1
0,-1,6,2,2,0,0,-1
-1,-1,3,-2,2,0,0,-1
-1,0,6,-1,-2,-2,0,-1
-1,-1,-7,-2,-8,-1,0,-1
0,0,-18,-2,-9,0,0,0
0,-2,-30,-1,-10,-3,-1,0
-1,-2,-38,-1,-10,-2,-2,0
0,0,-15,-1,0,-1,-1,0
-1,-1,-8,-2,-4,-1,-2,0
0,0,1,0,1,1,-1,0
0,-1,13,0,1,2,0,0
0,0,0,2,0,0,-1,0
0,-1,-13,1,4,1,-1,0
0,-1,-9,0,1,-1,-1,0
0,-1,-20,0,-1,-3,0,0
0,-1,-15,-2,-3,0,-1,0
0,-1,-1,0,-2,0,0,0
0,0,1,-1,-2,0,-1,0
-1,0,8,-1,1,1,-1,0
0,0,-8,-1,-1,-1,-1,0
0,0,-5,0,-2,-1,-1,-1
-1,0,-14,0,-1,-1,-1,-1
0,0,-20,0,-2,-1,-1,0
-1,0,-10,0,-1,0,0,0
-1,0,-2,0,-1,-3,-1,0
0,0,8,0,-2,-2,0,0
0,-1,1,-6,-2,-2,-1,0
0,0,15,-3,0,-1,0,0
-1,0,8,-4,-1,0,0,0
-1,-1,3,-3,6,0,1,0
-1,-1,25,1,8,5,2,-1
-1,-1,13,-1,3,2,1,-1
0,-1,9,-2,1,1,2,-1
0,-1,13,-2,-2,2,0,0
0,-1,-4,-2,-3,-3,-1,0
0,0,0,-2,1,1,0,0
0,0,3,0,5,2,-1,0
0,0,1,-1,0,0,-1,0
0,0,3,-1,-5,0,0,0
-1,0,-3,0,-2,-3,-2,-1
0,0,6,-2,-1,-1,-1,-1
0,0,2,-5,-1,-1,-1,-2
0,0,6,-3,4,4,1,-1
-1,0,7,-5,1,2,2,-1
-1,-1,-5,-2,-2,1,2,-2
-1,0,0,0,-2,1,2,-1
-1,-1,-4,-2,-3,-4,-1,-1
0,-1,5,0,-4,-1,-1,0
0,0,3,1,-2,0,-1,0
0,0,2,1,-1,0,0,0
0,-1,0,1,-5,2,0,0
0,-1,-8,-1,-3,0,-1,0
0,-1,-2,-2,-3,-1,-1,0
0,-1,-11,-1,-2,-1,1,1
1,0,-9,-1,1,2,3,0
1,0,-6,0,-1,-1,0,0
3,0,-8,-1,-1,-3,0,1
4,0,-8,0,0,0,-2,0
2,0,-4,3,0,-5,-3,1
2,-1,-26,0,2,0,-1,0
-1,-2,-21,0,0,0,-1,-1
-3,-2,-11,-2,-1,-1,-1,-2
-1,-2,-11,-4,-2,0,-1,0
0,0,14,0,-1,0,0,0
0,0,7,0,-5,1,0,0
-1,1,6,0,-6,1,0,0
-2,0,5,1,-2,0,-1,-1
-1,-1,-9,0,-1,-1,0,0
0,0,5,0,-1,0,0,0
-1,0,-1,0,1,0,0,0
1,0,-5,0,1,-1,-1,1
-8,0,-11,-1,-1,-1,-1,-3
-7,0,-9,-1,0,0,0,-3
-7,-1,-7,0,0,0,0,-3
-10,-1,-6,1,0,0,0,-5
2,0,-1,0,2,0,0,2
0,0,-1,1,1,0,0,-1
-1,0,2,-1,-1,0,-1,-1
0,0,1,-2,-3,0,-1,0
-2,-1,3,-1,-1,-1,-1,-4
-2,-1,-2,-1,1,0,-1,-1
0,-1,0,0,1,-1,0,-1
-1,-1,4,1,8,1,0,0
0,-1,2,2,6,2,0,1
2,0,8,1,4,2,0,1
2,0,2,0,4,2,0,1
2,-1,-10,-5,-5,0,0,0
0,-1,-10,0,0,-1,-1,-2
0,-1,-10,0,0,0,0,0
-1,-1,-6,0,0,0,0,-1
0,0,5,4,3,0,0,0
-1,0,8,0,-2,0,-1,-1
0,0,9,-1,-1,0,-1,0
2,0,3,0,0,0,-2,0
-7,-2,2,-1,-3,-3,-2,-4
-5,-2,-2,-3,-3,1,-2,-4
-2,-1,-5,-2,-3,0,-2,-3
-6,-1,3,-3,-5,-1,-1,-6
-2,0,8,-3,-3,1,0,1
-6,-1,-14,-3,-4,-2,1,7
-15,-3,-7,-2,-2,-4,2,-8
-8,-1,0,0,-1,-1,1,-11
4,2,-7,0,1,0,1,-8
14,6,19,4,2,-2,-2,-13
3,-8,-10,-6,-1,-3,-5,-7
0,-7,-11,-8,-6,-7,-2,10
11,-24,-29,-15,-4,8,0,30
4,-33,-55,-16,-1,12,3,37
36,11,-22,-2,-7,9,6,62
23,8,-62,-8,4,12,3,41
5,13,-25,13,3,-2,9,46
1,22,11,6,-1,-5,2,13
-15,-9,10,7,6,-1,-3,-16
0,-7,55,3,-5,-1,-1,-11
0,15,36,-19,-9,-6,-13,-33
0,4,35,-3,-5,-4,-2,2
2,-2,35,2,0,0,-2,17
-3,-4,47,15,3,-2,4,53
-6,-36,40,31,9,1,20,38
-4,-10,54,24,3,-3,3,14
-6,-5,69,21,1,-9,8,18
-1,6,15,9,1,-5,0,-3
9,12,9,0,-4,-7,-13,-12
17,-6,-28,9,0,-2,2,12
17,6,-33,-11,1,2,0,0
7,-17,2,10,-2,-3,0,2
2,-8,3,7,0,-3,9,31
3,-1,21,-9,-1,-6,-19,-1
3,4,7,10,-6,-8,-21,6
15,21,20,0,-7,-5,-14,-12
1,11,11,-14,-3,-8,-13,-11
14,17,-7,-12,-2,-4,11,32
5,-5,-5,-18,0,-2,18,11
5,-3,-14,-8,9,0,15,22
10,4,-5,19,9,7,-3,27
-18,-7,-1,20,8,5,-6,5
5,17,-11,24,15,9,-9,21
-7,-18,-29,1,2,-3,-10,9
-9,-2,5,-2,-5,-14,-21,3
8,2,-14,-12,-5,-9,-3,-2
-19,-6,12,-17,-12,-15,5,-10
-16,-6,25,15,-5,-8,2,3
-11,-33,0,1,-4,0,11,-22
-18,-28,40,15,-3,-5,18,-14
-5,-30,15,24,4,2,16,-15
-4,-6,5,0,4,6,14,-15
-7,16,1,11,7,9,33,14
-8,12,-16,0,2,7,-1,-2
0,20,-31,-16,-7,8,4,9
1,8,-23,-2,2,11,11,-3
1,2,-3,-11,-5,10,7,-25
5,9,15,8,0,10,14,-7
-3,-12,45,11,3,1,-3,-27
3,2,35,-4,-9,2,-7,-8
3,7,17,3,-2,3,-10,-10
-4,-11,-9,-11,-7,5,-6,-11
-8,7,0,6,-4,4,-6,-3
1,11,-18,3,6,3,-1,-3
5,2,-5,13,4,-1,0,6
-2,11,7,12,8,1,0,-8
8,-3,-38,-14,0,0,4,10
-8,-2,-8,0,-6,-1,0,2
-7,-1,-19,-12,-5,-8,-5,-7
8,-1,-26,-2,-5,0,2,9
0,-15,-16,2,2,6,1,-4
1,-8,-13,-5,-3,3,-1,-12
0,-6,-14,-4,-4,11,4,-2
-8,-9,-3,0,-6,-4,-10,-10
7,13,14,9,-8,-10,-5,5
0,2,-3,2,0,-2,-3,13
3,-1,-6,-6,1,-9,-3,8
3,-3,-3,-13,-6,-11,-1,7
-3,-9,-4,-13,-6,-6,-5,-2
7,-6,-5,-10,-8,-9,-3,-3
3,-5,-1,-1,-6,-4,-4,-2
1,-2,-2,0,1,-5,-2,0
-2,0,-9,-7,0,-2,2,3
-3,0,-1,-2,-11,-2,0,1
-5,1,2,-1,-2,-1,2,4
1,5,-6,-5,-1,9,4,9
0,4,0,0,-1,6,0,5
1,2,0,-5,7,1,0,4
1,1,-4,-5,-3,0,-2,1
-1,-1,5,-1,0,0,-1,-3
0,-1,2,-5,0,-2,-1,0
-1,-2,0,-3,-1,-1,-1,-2
-1,0,5,-2,-1,1,0,-2
1,1,0,-2,0,0,0,0
0,0,4,-1,0,1,0,-1
1,1,1,0,0,2,0,1
3,0,-1,0,-1,2,0,2
0,-1,-4,0,-7,1,0,1
0,0,-10,-2,-8,0,0,1
0,-1,-5,-4,-12,-2,-1,0
-1,0,-6,0,-6,-3,-1,-1
0,0,-1,1,0,0,-1,0
0,0,2,2,0,0,0,0
0,0,5,2,0,1,0,1
0,0,9,-2,-1,1,-1,0
0,-1,6,-3,-2,-1,0,0
0,0,0,-4,-2,-2,0,0
1,0,0,-3,-8,-1,-1,0
0,0,0,0,8,2,0,0
0,0,0,-2,3,1,-1,0
0,0,2,2,2,0,0,0
0,0,2,0,10,0,0,0
0,0,3,-1,-6,-3,0,-1
0,0,1,1,-5,-3,-1,0
0,0,2,-2,-2,0,0,0
0,0,1,0,2,-1,0,-1
0,0,-2,-2,1,0,1,0
0,-1,-1,-3,5,0,0,0
0,-1,3,-2,0,-1,-1,0
0,-1,4,-1,-1,-1,-1,0
0,-2,4,-1,1,-2,-3,0
0,-1,6,0,0,2,0,0
-1,-1,0,-1,-5,2,0,-1
-2,-1,-3,-1,2,2,0,-1
-1,0,-2,-4,-2,4,0,-1
0,0,1,-2,0,-1,-2,-1
0,0,3,-1,7,-2,-1,0
0,0,10,-3,0,-4,-2,0
0,0,2,1,5,-1,-1,0
-1,0,-2,-1,1,-1,0,0
-1,0,-1,0,1,0,-1,0
-1,0,-9,0,1,1,-1,0
-1,0,0,0,-1,-3,-2,0
-1,0,-7,1,-1,-2,-1,0
-2,0,-2,0,-4,-2,0,0
-1,-1,-1,0,-1,1,0,0
-2,-1,-3,-3,-4,0,0,-1
-2,-1,1,0,2,2,0,-1
-1,0,0,1,7,2,0,-1
-1,0,1,0,4,0,0,-1
-1,0,1,4,3,0,0,0
0,0,0,-1,-6,-4,-1,-1
0,0,-11,-1,-3,-3,-1,0
0,-1,-12,-2,-5,-3,-1,-1
0,0,-13,-1,0,-2,-1,-1
-1,-3,-19,-3,1,1,0,-1
-1,-2,-14,-3,-1,0,-1,-1
-1,-1,-8,-1,-2,-2,-2,-1
-1,-2,-11,-4,-3,-2,-2,-1
0,0,0,-5,0,-3,-1,0
-1,0,5,-3,2,-1,0,0
-1,0,0,-5,-8,0,0,-1
-1,0,3,-5,-10,0,0,-1
-1,0,1,-1,-10,0,0,0
-1,-1,-1,-2,-14,-1,-1,0
-1,-1,0,-1,1,1,-1,0
0,0,0,0,3,1,-1,0
-1,0,7,1,0,1,-1,-1
0,0,2,0,4,2,0,-1
0,0,-1,0,0,0,0,-1
-1,-1,-1,-1,0,-1,0,0
-1,-1,-10,-1,-1,-2,-1,0
-1,-1,-5,-1,1,-1,-1,0
-1,0,-1,-4,0,0,-1,0
0,0,-5,2,0,0,-1,0
0,0,-1,3,10,1,0,0
-1,0,-3,3,4,0,0,0
-1,0,-3,7,7,0,0,0
-1,0,0,0,1,0,0,0
-1,0,-1,-2,-7,-2,0,0
-1,0,-1,-2,-7,-3,-1,0
0,0,2,0,-4,-3,-1,0
0,0,-6,2,-1,-4,-1,0
0,0,-6,3,0,-1,0,0
0,0,-7,1,0,1,0,0
0,-1,-5,-2,-2,1,0,-1
0,-1,0,-2,-2,2,-1,-1
0,0,-2,-2,-2,-3,-2,-2
0,0,-1,-2,-8,-5,-2,-2
0,0,-7,1,3,-1,0,-1
0,0,1,3,5,0,0,-1
0,0,3,1,0,1,0,0
-1,0,4,0,5,2,0,0
-1,-1,9,-2,-6,-1,0,-1
-1,-1,0,-4,-7,-2,-1,-1
-1,-1,1,-1,1,0,0,-1
-1,0,2,0,1,0,0,-1
-1,0,-7,0,2,2,0,0
-1,-1,7,0,1,0,0,-1
0,-1,11,-2,-2,-1,-1,-1
0,-2,8,-3,-3,0,-1,-1
0,-2,16,-5,11,2,-1,-1
0,-1,-5,-1,-4,-2,0,0
0,-1,0,0,-2,-2,0,0
0,-1,0,-1,-2,-4,-1,0
0,-2,-2,0,-2,-3,0,0
0,-1,0,0,-3,-4,-1,-1
0,0,-3,0,-1,-4,-1,-1
0,0,-4,1,-7,-3,-1,-1
0,0,0,-1,0,-2,-1,-1
-1,0,-4,0,1,0,0,-1
0,0,-3,0,2,1,0,-1
-1,-1,-1,0,7,0,0,-1
0,-1,-5,-2,-5,0,0,-1
0,-1,0,2,-3,-1,0,-1
0,-1,6,0,-6,-4,0,0
0,0,4,0,-2,0,0,0
0,0,4,5,3,0,0,0
0,-1,0,0,1,-1,0,0
-1,0,-4,-1,4,1,0,0
0,-1,-1,-1,-3,-4,0,0
-1,-1,0,-1,-3,-3,-1,0
-1,0,0,-1,-3,-2,-1,0
0,0,0,0,-2,-2,-1,0
0,0,-2,-1,0,0,-1,0
1,0,-4,-1,0,0,-1,0
-2,0,-5,0,-1,-2,-1,-3
-3,0,-2,-2,0,-1,-1,-4
-1,-1,-2,-1,0,-1,0,0
-2,-2,1,-2,-1,0,0,-3
-5,-1,-3,0,0,1,0,-2
0,0,-4,1,1,1,7,17
-4,2,-15,2,0,1,-2,7
-3,0,-13,-1,0,0,-2,12
10,2,-3,-3,0,0,-2,22
2,0,6,4,-4,-9,0,18
-7,-3,2,13,0,-12,-8,8
4,-2,-9,-4,2,11,1,34
-12,-6,-13,-10,1,13,1,28
-6,5,-41,-10,7,26,-1,23
8,1,6,-14,0,20,20,69
-1,0,0,0,-5,-11,-1,14
7,-6,-10,9,-1,-11,-8,-2
7,-11,0,-8,-8,-19,-17,-11
12,-8,-51,-15,-8,-11,-14,-21
5,-5,-20,9,3,-3,-2,-14
4,0,12,4,-2,-6,9,26
0,-6,41,18,3,-3,11,0
4,4,87,21,3,0,2,-26
9,-10,66,-3,-6,0,14,23
10,1,62,26,8,1,7,-24
-2,-3,49,-7,5,2,-5,-11
-10,0,16,-5,4,3,-6,-33
-25,12,36,16,7,0,-20,-68
-12,8,29,-13,-5,0,-15,-52
-2,7,20,37,0,2,4,-26
8,15,33,14,2,3,9,3
8,0,-6,-10,-8,0,21,25
-7,-1,-10,6,-8,0,22,41
8,26,-1,-29,-10,-5,22,28
-9,-5,-2,-13,-18,-9,26,54
17,23,39,-3,-8,-2,9,32
12,10,53,-1,-4,-3,8,19
-2,11,51,22,0,1,-7,12
-5,8,43,26,2,-1,-20,7
-17,-2,43,37,7,-3,-16,16
-8,4,-6,10,-1,-3,-5,17
-7,-15,-2,7,-4,-6,5,28
8,12,-19,5,3,1,15,0
3,16,-19,13,1,-2,18,20
-8,4,-9,10,6,0,7,8
-6,9,-44,1,0,4,3,-2
-7,1,-40,5,-6,-2,5,19
-16,-10,-62,-7,-5,2,5,-16
1,0,-51,3,-7,1,5,15
-5,-2,-2,24,2,-2,7,15
-5,-7,27,22,4,0,3,-2
9,-4,9,-12,-4,-2,-6,-12
0,-6,7,-9,-2,-3,-12,-34
3,-7,-3,-30,-13,-1,-17,-25
-15,-3,-15,-21,-2,-7,-20,-38
-14,2,23,-13,-3,-2,-13,-27
-9,12,56,-2,0,0,-7,-4
1,0,8,-22,1,-10,-13,-18
26,1,6,-34,-14,-10,-15,-8
16,0,5,-3,-6,-10,2,20
27,4,-20,-17,-8,-8,-4,19
7,-3,30,16,0,3,7,44
-10,-3,37,28,3,8,5,39
1,2,22,3,4,4,-13,19
-9,-10,21,12,1,0,-7,-2
-1,10,15,0,-11,-5,-8,-23
2,2,6,-10,-6,-5,0,-15
-2,0,-7,-1,-12,-7,-2,-21
-8,3,-6,-7,-13,-5,2,-16
0,2,-16,-5,-2,1,-1,-13
3,12,11,5,-2,-1,-3,-7
-3,-3,-1,2,1,0,-3,1
4,-7,5,7,-1,-5,-5,-14
-1,-11,5,-3,-3,-19,-5,-7
-4,-19,-20,-4,-5,-11,-4,-8
4,-7,11,-1,0,-1,4,-12
-9,-2,20,-3,6,6,5,4
-10,-1,-4,-4,2,14,9,1
-9,1,5,-7,-2,9,8,-4
-9,0,-1,-5,0,-6,0,-2
2,3,-11,-4,1,-5,-5,1
4,4,4,1,5,-5,-5,2
3,0,-2,2,6,-7,-7,10
0,0,-3,-2,-3,0,-4,6
-4,-4,-6,-1,-5,-6,-2,2
-6,-5,-11,-1,-6,-3,-2,0
-3,-4,-12,-1,-2,0,0,-3
-3,-4,-13,0,-1,-1,0,-4
-4,-1,-11,-6,-9,0,0,-9
-2,0,0,-1,1,1,0,-6
-2,0,-2,-1,-2,-2,-1,-1
-1,0,-2,1,0,2,0,1
0,-1,-1,3,9,1,0,2
-1,-1,-4,-1,-6,0,0,1
0,0,-3,1,-1,3,0,-2
-1,0,-2,-1,-4,-2,-1,-2
-2,0,4,-1,-2,1,0,-3
0,-1,5,2,-1,0,0,0
-1,-1,5,-3,1,0,0,0
-1,0,7,1,3,2,0,0
0,-1,-2,0,1,1,0,1
-1,-1,-10,-1,1,1,0,0
-1,-1,-5,-1,-4,-1,-1,0
-2,-1,-6,-2,-5,-3,-1,0
-1,-1,-10,-3,-10,0,0,0
-1,0,4,-2,2,0,0,-1
-1,0,10,0,3,2,1,-1
0,-1,14,0,1,4,0,-1
0,0,20,-4,6,0,0,-2
0,-1,12,-4,-7,0,-1,-1
-1,-1,2,-5,-5,-1,-1,0
0,-1,-7,-6,-3,-2,0,0
-1,-1,-15,0,-2,0,-1,0
0,-2,-17,-2,-3,-5,-1,0
0,-2,-18,-3,-6,-4,-1,-1
0,-1,-13,-1,-2,-1,-1,-1
0,-1,-3,0,3,-2,-1,-1
0,0,8,3,6,4,-1,-1
0,0,5,3,9,2,-1,0
0,0,7,-1,1,-1,-1,0
0,0,-3,-2,-7,-1,-1,-1
0,0,-13,-6,-5,-4,-1,0
-1,0,-2,-1,-3,-1,-1,-1
-1,0,-7,1,0,0,0,0
0,0,-1,0,1,0,0,0
-1,0,-2,2,2,0,0,0
-1,-1,-10,-4,-1,-3,0,0
0,-1,1,-2,-3,-1,0,0
0,-1,2,1,4,0,1,0
0,0,0,-1,-1,2,1,-1
0,0,2,0,-5,2,0,-1
0,0,0,0,-2,0,0,0
0,0,0,-4,-12,-1,-2,0
0,0,-1,-1,-4,-3,-1,0
0,-1,0,0,-1,0,0,0
0,0,0,0,1,0,0,-1
-1,0,-3,1,3,1,0,-1
-1,-1,-3,0,-1,2,0,-1
-1,-1,-1,-1,3,0,0,0
-1,-1,-7,-3,-10,0,0,0
0,-1,-4,-3,0,-1,-1,0
0,-1,-1,-1,0,0,0,0
0,-1,-5,0,-3,0,0,0
0,-1,-6,-5,8,0,0,0
0,-1,4,-4,-7,-2,0,0
-1,-1,2,-5,-5,-4,-1,0
0,-1,1,-5,0,-1,-1,0
0,-1,3,0,-2,-1,-1,-1
0,-1,-8,0,1,0,-1,-1
0,0,-2,2,4,2,-1,0
-1,0,-3,3,0,0,-1,0
-1,-1,2,2,0,1,-1,0
-1,0,7,0,-1,0,-1,0
-1,0,4,0,-6,-4,-2,-1
-1,0,0,-1,-1,-2,-1,0
-1,0,-3,0,10,-1,-1,0
-1,-1,-4,2,11,0,0,0
0,0,-1,2,8,1,0,0
0,0,3,3,9,2,0,0
0,0,3,2,-1,0,0,-1
0,0,-1,0,0,0,0,-1
0,-1,-6,-2,1,-1,0,-1
0,-1,-7,-2,0,-1,-1,-1
0,-1,-6,-2,0,0,0,0
-1,-1,-5,-3,2,0,0,0
-1,0,-3,0,5,1,0,0
-1,-1,-3,-2,0,-1,0,0
0,0,1,-2,1,-2,-1,0
0,-1,-5,-1,-2,-3,-1,0
-1,-1,8,-1,-1,-2,0,-1
-1,0,1,0,0,-1,0,-1
-1,-1,-8,-3,-10,-2,-1,-1
-1,-2,4,0,1,0,0,-2
0,-1,-12,-3,-2,0,0,-1
0,0,0,2,0,0,0,0
0,0,-1,5,10,2,0,0
0,0,-4,1,-4,1,0,0
0,0,-1,2,-3,-1,0,-1
0,0,-5,-1,-6,0,-1,-1
0,0,0,-2,-6,-2,0,0
0,0,-3,0,-1,-1,1,0
0,0,0,1,1,0,0,0
0,-1,-3,0,-2,-3,0,0
0,-1,-2,0,1,0,-1,0
0,0,2,-3,-1,-1,-1,0
0,-1,7,-2,0,0,0,0
0,0,3,0,4,0,0,-1
0,-1,8,-1,0,0,1,-1
0,-1,6,0,0,0,0,0
0,0,1,-2,-7,-1,-1,0
-1,0,10,-5,0,0,0,0
-1,0,1,-2,1,0,0,0
-1,0,4,-2,1,-1,0,0
0,-1,2,0,0,-1,0,-1
0,-1,1,0,1,0,0,-1
-1,-1,3,2,0,0,0,-1
-1,-1,-3,-5,-1,0,0,0
-1,-1,1,-3,1,0,0,0
-1,0,0,-3,0,-2,0,0
0,0,0,-2,0,-1,0,0
-1,0,2,0,-2,-1,0,0
-1,0,-1,-1,0,-1,0,0
-1,-1,0,-2,0,0,1,0
0,-1,-1,-3,-1,0,0,0
0,-1,-3,1,7,0,0,0
0,-1,-4,-2,-1,-3,0,-1
0,-1,-4,-1,-3,0,0,-1
0,0,-4,1,3,0,-1,0
0,0,-2,-1,-4,0,-1,0
0,0,2,1,-2,1,-1,0
0,0,-1,0,0,0,-1,0
0,0,-1,0,-1,0,-1,0
0,0,-2,0,-2,-1,-1,0
0,0,-3,4,8,0,0,0
0,0,-5,5,4,0,0,0
-1,0,2,4,4,-2,-1,-1
0,-1,1,5,4,-2,-1,-2
-1,-2,-1,-2,-6,-3,-2,-2
3,-1,1,-2,-4,-1,-1,0
-5,-1,-5,-1,-3,0,-2,-4
-4,0,-8,-2,-2,1,-2,-1
-2,0,-11,-1,-2,1,-1,-1
-15,-2,3,0,0,-2,-2,-2
-6,0,15,2,-2,-4,-1,5
-3,7,-2,12,1,0,6,11
3,-6,13,13,1,-2,0,-3
-8,-8,3,4,-4,-3,-5,-26
-1,-9,-13,2,0,0,-6,-22
-2,-20,-5,-13,-8,-4,-13,-21
-11,1,-5,7,1,1,-2,-16
21,17,-7,23,10,5,12,27
8,-3,12,2,-5,-4,0,7
11,4,37,4,1,-3,0,11
17,18,42,0,0,-2,1,11
6,-17,43,-27,-16,-10,-3,-1
22,12,12,10,0,-1,0,-15
13,2,5,-13,-9,-1,8,-5
7,-4,5,-11,-13,-3,0,8
1,14,5,25,4,4,-2,-20
6,9,-2,-7,0,2,5,12
1,28,2,39,8,3,4,3
-15,-5,-47,9,1,-1,-4,-23
-6,3,-41,-12,-8,-5,-12,5
-20,9,-26,-15,-2,-5,-16,26
-10,3,-29,-22,-1,-4,-18,40
24,28,25,7,6,-1,-3,70
-7,20,40,8,6,0,0,61
-8,16,66,21,5,1,8,27
11,4,43,3,0,0,2,12
-18,-21,11,-7,-3,-1,-6,-9
25,-16,-14,-13,2,1,-11,-8
11,-38,-34,10,-2,1,-8,-9
-19,-26,-15,-2,0,0,-6,-22
1,-15,-2,-13,0,1,-1,-31
-19,-22,-22,-11,-5,-3,6,-36
2,10,-26,-43,0,0,5,0
5,16,-25,-3,0,1,9,-13
2,16,-12,-10,-6,-3,9,14
8,26,18,0,-1,2,13,43
-2,20,31,-1,-4,-2,2,21
3,21,38,-7,-1,0,-3,8
5,27,22,2,5,4,-7,22
11,37,21,-14,7,1,-7,3
14,24,2,0,3,-1,-16,17
24,11,13,-4,-4,-13,-6,53
32,37,22,5,-7,-11,-3,18
14,12,-10,18,-10,-13,-9,25
28,36,11,27,-7,-5,4,-5
9,25,-35,18,-7,0,-4,-1
-12,0,-42,17,2,0,1,-1
0,17,-28,0,0,2,5,-14
-22,-22,-63,-13,5,0,9,-10
-18,-19,-47,1,0,1,12,-32
-3,-13,-17,-13,-3,0,5,-11
-22,-20,-36,-3,-12,-4,0,-11
2,-4,13,13,-2,-4,-3,11
11,4,23,-13,-1,-5,-4,8
-5,0,-20,0,-3,-16,-5,7
20,1,11,13,8,-10,1,24
4,-1,-15,-6,-8,8,9,7
-4,0,3,8,1,25,14,22
9,1,-6,-2,-2,26,16,17
-7,-9,-8,-20,-4,22,9,3
-2,-2,-2,-17,10,8,2,7
-5,-7,-15,-12,2,-11,-6,0
-5,-13,7,-14,5,-3,-5,-6
-5,-3,14,3,2,-3,-3,-7
-7,-7,-6,10,-7,-11,-4,-12
-1,-6,-13,3,-1,-2,-2,-12
-3,-2,-12,3,-2,-5,-1,-9
0,-2,-15,0,2,-3,0,-7
-2,-3,-9,-9,-1,0,0,-2
-3,-1,4,-3,-2,-7,3,10
-2,-2,0,2,-6,-1,0,4
-2,-2,1,4,1,1,0,2
-2,-2,15,7,4,0,-1,-1
-1,-2,5,0,2,1,-1,-6
-2,0,2,1,7,1,0,-2
-1,0,-7,-1,-3,-4,-1,-3
0,0,-6,-1,-5,-3,0,0
-1,0,-9,0,-2,-2,-1,-2
0,0,-5,1,-3,-2,0,-1
-1,0,0,2,2,2,0,-1
-1,0,0,3,5,2,0,-4
-1,0,4,1,-2,-1,0,-2
-3,-2,9,0,-4,-3,-2,-4
-3,-2,10,-2,-3,-3,-1,-2
-2,0,3,-2,-6,-4,-1,-1
-1,0,0,-2,-5,0,-1,-1
-1,0,-1,-1,0,0,0,0
0,0,-1,-2,-5,0,0,-1
-1,0,0,-1,0,1,0,-3
-1,-1,5,0,-4,-2,0,-2
-1,-2,1,-1,-3,-1,-1,-3
0,-1,0,1,-2,-2,-1,-1
-1,-1,0,0,-6,-2,-1,0
0,-1,-3,-3,-2,-1,-1,0
0,0,-7,-1,-6,0,0,0
0,-2,-9,-3,4,2,0,-1
-1,-2,-7,-2,2,0,0,-1
-1,-2,-6,1,6,1,0,-1
-1,-2,-3,0,6,3,0,-1
0,0,-1,-1,-7,-1,0,-1
0,0,-3,0,-1,1,0,-1
0,0,-3,-2,-7,0,-1,-1
0,0,0,-2,-5,-3,-1,-1
0,-1,1,-4,-2,-1,0,-1
0,0,4,1,0,0,-2,-1
0,0,6,2,2,-2,-1,-1
0,0,-3,2,-3,0,-1,-1
0,0,-4,7,4,1,-1,-1
-1,-1,-7,-1,0,1,0,0
-1,-1,-7,-1,-2,0,0,0
-1,-1,-2,-2,-4,0,-1,0
-1,-1,-3,-2,-1,-2,-1,0
-1,0,0,0,0,-5,-2,0
-1,-1,-1,-1,-1,0,0,0
0,-1,-2,0,8,-1,0,0
0,-2,5,-1,-1,-1,0,0
0,-1,4,-1,-3,0,0,-1
-1,-1,15,0,2,-2,-1,-1
-1,-1,18,-3,-2,-2,-1,-1
-1,0,6,-2,-4,-3,-1,-1
-1,-1,5,-1,1,0,0,0
0,0,-10,-1,1,1,0,0
-1,-1,-8,0,2,1,0,0
-1,-1,-3,-1,-5,0,0,0
-1,0,-3,0,1,0,0,0
0,0,-2,0,0,0,0,0
0,0,2,2,2,-1,0,0
-1,-1,-9,1,10,0,0,0
-1,-1,-9,-1,-6,-1,-1,0
-2,-1,-9,-3,-5,-3,-1,-1
-1,-1,-16,-3,-8,-2,-2,0
-1,0,1,-2,-4,-2,-1,0
0,0,15,-3,-2,-1,0,0
0,0,14,0,0,-1,-1,0
0,-1,22,-1,0,-2,0,0
0,0,21,0,-1,-2,-1,0
0,0,1,2,0,-1,-1,0
0,0,3,-2,-3,-2,-1,0
0,0,-4,-2,0,1,0,0
0,0,3,-1,2,3,1,0
0,-1,1,-3,0,0,1,-1
0,0,0,0,6,2,2,-1
0,0,2,2,3,2,0,-1
-1,-2,-6,-1,2,0,0,-1
0,-1,0,1,3,2,0,0
0,-2,3,-3,-2,0,0,0
0,-2,2,-5,-9,-3,0,-1
0,-1,-2,-2,-1,2,0,0
0,0,0,-1,0,1,0,-1
0,-1,-1,-1,0,-1,-1,-1
0,-1,3,0,-3,0,-1,0
-1,-1,4,-1,0,-3,-2,-1
-1,-1,6,-2,-4,-2,-3,-1
-1,0,2,0,-1,0,-1,0
-1,0,-3,1,8,3,0,0
0,0,-5,1,0,1,0,0
0,0,2,0,0,-2,0,-1
-1,0,8,1,-1,-3,-1,-1
0,-1,2,0,-2,-5,-1,-1
0,-1,3,1,3,-4,0,0
0,0,-6,2,9,0,0,0
0,0,-12,2,9,0,0,0
0,0,-3,0,7,0,0,0
0,-1,0,-3,-3,-1,-1,0
-1,-1,0,-4,-6,-2,-1,0
-1,-1,0,-2,-3,-1,-1,0
0,-1,-1,-1,0,-3,0,0
0,-1,-12,1,1,1,0,0
0,-1,9,3,1,1,0,0
0,-2,-3,-2,1,1,0,0
0,0,-1,-2,-2,1,0,0
-1,0,5,-2,-1,-3,-2,0
0,0,-19,-4,0,-3,-2,0
0,0,-2,-1,-3,-2,-2,0
0,-1,-2,-1,-1,-1,-1,-1
0,-1,0,-1,-2,0,0,-1
0,0,3,3,-2,1,0,-2
0,0,4,2,-4,-1,0,-2
0,0,1,2,-6,-2,0,-1
0,0,-1,-4,0,-1,0,0
0,0,0,2,7,1,1,0
-1,0,3,-1,2,0,0,-1
-1,0,0,0,4,0,0,-1
-1,0,4,0,0,-1,-1,-2
0,0,3,0,-8,-5,-1,-2
-1,-1,1,0,0,-1,-1,-1
0,-1,7,0,-2,-1,-1,0
0,0,-1,2,5,0,0,0
0,0,8,1,6,4,0,0
0,0,-4,1,-1,0,-1,0
-1,0,9,0,0,0,0,-1
0,0,6,0,-4,0,-1,-1
0,0,0,1,0,0,-1,-1
0,0,10,2,0,0,0,0
0,0,2,1,-9,-2,-1,-1
-1,-1,1,-1,1,-1,-1,-1
-1,-1,-3,2,1,0,-1,-1
0,-1,-2,2,-3,-2,-1,-1
0,-2,-3,3,8,0,0,-1
0,0,1,5,-1,-1,0,0
0,-1,6,-1,-8,-4,-1,-1
0,0,10,0,3,2,0,0
-1,-1,7,0,2,2,-1,0
-1,-1,4,0,0,2,0,-1
3,0,-2,2,5,3,0,4
-5,-2,-4,1,-1,-2,-1,-4
-1,-1,-1,1,0,-2,-1,-8
-6,-1,12,-1,0,-4,-1,-9
-15,-3,9,0,-2,-1,1,-12
-7,-2,10,-1,0,-2,-4,-10
-6,0,4,1,2,-1,-2,0
2,1,12,5,2,1,0,11
6,4,0,4,1,-2,-6,-9
4,3,-3,10,0,1,3,-1
-9,0,-12,-10,-5,-1,2,0
-9,5,-29,-3,-11,-1,4,-22
-10,2,5,-2,-2,-3,2,-7
0,5,-13,-10,1,0,0,-2
0,-1,-12,6,0,-2,-1,-9
-2,-16,-45,-30,4,-2,-10,-8
-3,-6,-42,-27,-5,1,-3,9
-6,-10,-32,-20,-9,-3,0,4
10,1,-16,-12,-6,-2,-3,-14
4,22,-11,13,2,-2,4,4
18,-6,-14,17,0,-4,-3,13
-7,2,21,7,2,-2,-2,4
-11,-1,8,-11,1,0,0,37
-8,-16,47,14,1,1,2,27
-11,3,42,5,2,0,2,-8
15,-7,4,0,-4,-2,-2,29
24,14,13,12,0,0,2,35
11,1,-25,-25,-12,-9,-7,25
-11,1,-66,-34,-4,-2,2,41
-8,1,-29,-7,2,-1,-1,-1
-31,-29,-18,-7,-7,-6,-12,-27
-7,-13,-5,5,11,2,-7,-2
9,8,52,38,10,5,1,15
-5,6,-5,0,2,0,-7,14
12,21,5,10,13,6,13,-10
6,29,50,7,0,6,18,-3
-23,-3,54,6,-5,-4,-9,-47
-3,10,76,24,-4,-1,4,-22
-14,-3,43,15,-5,-2,4,39
-6,-26,-6,19,1,-1,-13,20
32,-12,-36,-12,-12,-3,-17,34
15,-36,-32,4,6,4,-12,34
26,-16,-22,4,6,3,-24,30
17,-15,-20,6,-3,-1,-14,10
-12,-22,-22,26,12,2,8,38
-9,5,-9,24,0,-2,-5,0
-18,-29,-41,2,-10,-6,-29,-18
-16,-12,-4,10,3,1,-13,-7
3,-6,6,9,2,1,-16,-32
5,-5,21,-4,0,2,-10,-9
-1,8,24,17,-1,-1,17,3
-7,0,2,0,-5,-7,-2,-3
-1,-6,-11,-8,0,-2,-5,18
-10,-16,-53,-1,-7,-3,3,20
-11,-6,2,4,3,1,-1,-8
3,9,3,1,-4,-2,0,-2
-16,10,18,0,-14,-6,-1,-25
-1,13,19,-26,-8,-7,2,8
9,25,-19,-27,-6,-6,-7,-11
-7,9,-8,-36,-4,-1,10,14
5,23,-29,-30,1,3,21,28
3,20,-1,-6,3,6,5,-12
8,24,15,-16,-5,-7,-4,41
7,5,-13,-12,-7,-5,-5,8
19,0,4,0,-3,-7,-7,-4
-1,-9,-11,-11,3,0,-2,4
-3,-30,-23,-4,5,13,19,-18
-6,-12,0,11,12,4,-2,-3
-16,-18,-25,-9,3,1,-9,-10
-3,-8,-29,-2,-10,-7,-8,-4
-13,-13,-24,-12,-7,-3,-8,-12
-4,-7,-13,0,-6,3,-1,-3
-6,1,-15,0,-1,4,8,3
-1,-2,0,5,7,5,5,-3
0,1,1,-1,3,0,3,1
0,6,-7,-16,-10,-1,2,-11
1,6,18,-7,1,1,0,-6
3,7,11,-8,-2,4,-1,-3
4,9,21,1,1,4,-4,-1
6,4,34,10,13,2,1,1
1,-4,22,7,-2,0,-2,6
0,-5,29,1,-6,-6,-1,1
2,-1,13,4,-5,-3,3,-3
-2,-5,-1,0,-3,0,-2,-3
-1,-2,-2,-3,-1,1,-2,-6
-1,3,-7,-1,6,3,1,-1
0,1,2,-2,2,3,0,2
1,1,-5,-1,0,-2,0,5
1,3,1,-2,-8,-6,2,4
2,2,2,1,5,0,1,5
0,1,-4,0,3,-4,-1,4
0,0,7,-2,0,0,-1,6
0,0,1,-2,8,3,-2,3
-3,-2,3,-4,-12,-7,-4,-1
-2,-1,0,-5,-7,-2,-1,0
-2,0,-9,0,-2,-2,0,-4
-1,0,11,4,0,0,0,-2
0,0,-4,2,3,1,0,-2
0,0,10,4,1,-1,0,-1
1,0,4,-2,-3,-1,0,1
0,-3,-9,-6,-2,-3,-2,1
0,0,3,-1,-4,-1,0,3
0,0,-6,-2,1,-2,0,1
0,-1,4,-1,2,-1,0,0
0,0,-11,3,4,2,1,0
0,-1,-4,-1,7,1,0,-3
0,0,-3,-2,-5,1,0,-2
0,0,-6,-1,-4,-1,0,-1
0,0,0,-3,-3,-3,0,0
0,0,-10,0,-5,-2,0,1
0,0,-4,-2,2,-2,-1,0
0,0,-11,1,1,-1,-1,1
0,-1,-5,1,-3,0,-1,0
0,-1,0,0,1,-2,-1,-1
-1,0,0,3,0,0,0,-1
-1,0,0,-2,2,1,0,-2
-1,-1,-4,-4,-1,-5,-1,-2
-1,-1,-10,-4,-10,0,-1,-2
0,0,-19,-2,3,-2,-2,0
-1,-2,-9,-2,-5,0,0,0
0,0,0,2,5,4,0,0
0,-1,-1,2,12,2,0,0
0,-2,8,-1,-6,2,0,-1
0,-1,0,-1,0,-3,-2,-1
0,-2,0,-6,-8,-4,-2,-1
-1,-1,0,-7,-6,-4,-2,-1
0,-1,-2,-5,-4,-2,0,0
0,0,-4,-2,0,-1,-1,0
0,0,-5,-1,-1,0,-1,0
0,0,-4,0,-1,-2,-2,0
0,-1,-9,0,2,-1,-1,0
0,-1,3,-3,1,3,0,0
1,0,2,-2,3,2,0,0
0,0,1,0,6,5,2,0
0,0,7,-2,-2,0,-1,0
0,0,-1,-2,-2,-4,-1,-1
-1,0,-1,1,4,-1,-1,-1
-2,0,3,0,0,-3,-1,-1
-1,0,2,0,8,0,-1,-1
-1,0,11,2,1,0,0,0
0,0,7,-1,-6,-3,-1,0
1,0,0,1,-3,-4,0,0
1,1,0,1,-7,-3,0,0
0,0,-4,-1,-1,-2,0,0
0,0,0,2,0,0,2,0
0,-1,-7,-4,-1,-1,0,0
0,-1,-2,-2,0,0,0,-1
0,-1,-12,1,0,0,0,0
0,-1,-13,0,0,-1,-1,-1
-1,-1,-2,3,-2,1,-2,-1
-1,-1,-4,1,0,-1,-2,-1
-1,0,0,-1,-7,-3,-2,-1
-1,0,1,0,-3,-1,-1,-1
0,0,3,0,6,0,0,0
-1,0,5,1,5,1,0,0
0,-1,3,0,10,1,0,-1
0,0,2,0,2,1,0,0
0,-1,8,-1,-6,-1,0,-1
-1,-1,2,-2,-4,-1,-1,-1
-1,-1,6,-4,-9,-2,-1,-1
-1,0,7,0,0,0,-1,-1
-1,0,-7,0,0,-1,0,0
0,0,9,0,0,1,0,0
0,0,4,4,3,2,0,0
-1,-1,0,0,1,1,0,-1
-1,0,10,1,2,3,-1,-1
-1,-1,-1,0,-9,0,0,-1
-1,-1,0,-1,0,0,0,-1
-1,-1,-1,0,2,0,0,0
-1,-2,-16,-1,2,-1,0,0
-1,-1,-1,-5,9,0,-1,0
-1,-1,2,0,2,1,0,0
-1,-1,8,-1,-3,-1,0,0
-1,0,12,-1,-3,-1,0,0
0,-1,-6,3,0,-1,1,0
0,0,-6,-4,-4,-5,-1,0
0,0,-4,-4,-4,-5,-1,0
0,-1,0,-2,2,-2,-1,0
0,0,4,0,0,-1,0,0
-1,-1,-9,0,4,0,0,0
-1,-2,3,1,3,2,0,-1
-1,-2,3,-1,-3,-3,0,-1
-1,-2,-2,-3,-12,-4,-1,-1
-1,0,11,-2,-3,-3,0,0
0,0,-9,-3,-3,-3,0,0
0,0,-8,-1,0,0,0,0
0,0,-5,-1,8,1,-1,-1
0,0,-3,1,-2,0,-1,-1
0,0,-2,2,0,0,-1,-1
0,0,3,-1,-3,0,0,0
-1,-2,-13,0,-2,0,0,0
-1,-1,-8,-4,-3,-1,0,0
-1,-1,-6,-4,0,0,0,0
0,0,-10,-1,-1,0,0,0
0,1,6,-3,-2,-3,-1,-1
0,0,0,0,0,-2,-1,0
0,0,0,0,-10,-3,-1,-1
0,-1,0,-1,1,-2,-2,0
0,-1,0,1,2,0,0,0
0,-1,3,1,2,1,-1,0
0,0,-2,1,10,0,0,0
0,0,3,1,-5,-2,0,-1
0,0,6,0,-7,-2,-1,-1
0,0,3,1,-4,-3,0,-1
-1,0,8,-5,-5,-1,-1,0
-1,-1,-1,0,1,0,0,0
0,-2,-2,-5,-8,-4,-2,0
-1,-1,-1,-3,-5,-3,-1,0
0,-1,1,0,0,-3,-1,0
0,-2,4,-7,-3,-5,-2,0
0,-1,1,0,-8,-3,-1,0
0,-1,1,0,3,-3,-1,0
0,0,2,1,2,1,-1,0
0,0,3,7,1,1,0,0
-1,0,-3,-1,12,2,-1,-1
-1,0,0,-2,-5,1,-1,-1
-1,0,-5,-2,-2,-3,-1,-1
-1,0,-5,0,2,0,-1,-1
0,0,0,2,-1,-2,0,-1
0,0,-1,0,0,-1,-1,0
1,0,1,0,0,-1,0,0
0,0,10,-2,-4,-2,0,0
0,-1,8,-2,-14,-3,-1,0
0,0,5,0,-12,-1,0,-1
-1,0,5,-1,-10,-1,0,-1
-1,0,-14,-2,-9,-2,0,-1
0,0,-15,-2,0,-1,0,-1
0,-1,-9,-3,0,0,0,-2
1,-1,-4,-2,2,0,-1,-1
0,0,8,1,2,2,0,-1
0,0,7,-1,5,3,0,-1
0,0,1,0,1,0,0,0
-1,-1,-2,-1,-1,0,0,0
-1,-2,2,-3,-1,-1,0,0
-1,-1,5,-1,0,-1,0,0
0,-1,1,-6,-7,-2,0,1
2,-1,-1,0,7,0,-1,1
0,0,16,14,10,1,-3,19
8,1,14,4,-2,-2,-5,18
-1,-8,-2,8,11,0,-6,28
-2,-7,1,14,-2,-1,-4,36
21,0,1,-10,-5,-9,-10,15
-8,-18,-10,-21,-3,0,-6,20
5,-14,2,-24,-9,-1,-2,19
-2,-20,25,-21,-6,2,-2,13
-32,-30,-29,-31,-7,8,-1,6
-10,-2,15,15,3,0,1,2
4,9,0,4,-2,-4,-1,-7
2,7,-3,11,-2,-8,-23,-3
9,5,37,13,-8,-13,-18,23
4,-7,-26,10,-4,-7,-18,1
3,0,-20,24,8,0,2,21
24,19,-8,0,4,3,12,29
24,34,-7,22,11,9,19,37
21,47,42,15,6,6,12,58
-2,34,42,12,3,6,-1,18
-11,16,6,16,4,5,11,15
-10,-4,-13,18,17,3,3,-22
-4,-32,-13,-9,14,6,3,0
8,-25,-2,-12,8,3,3,32
-13,-31,-29,-15,6,-1,-5,2
-5,-23,-19,-26,-5,-1,-2,25
-5,-17,-46,-27,-4,-2,13,2
-14,-5,-15,12,6,0,-4,-20
-2,6,48,17,2,-2,5,6
-12,10,22,18,-3,-1,-2,-16
-3,14,15,28,-10,-6,-7,6
-25,-1,2,0,-5,-3,-1,5
-13,-3,-18,-2,-2,2,-3,-8
-12,-2,-3,-10,-2,2,9,-4
-6,-1,2,0,2,3,-4,-13
6,6,-3,-4,-9,-3,1,-8
-5,9,-25,-8,-6,-3,-4,-19
-10,-7,-38,-10,-9,-8,5,-5
-22,2,-17,-15,-2,-10,5,-15
-2,10,0,11,-2,-5,-8,-12
-2,-9,-7,1,-2,-2,-5,1
7,4,42,34,-3,1,-25,-26
5,13,24,20,3,7,-7,-25
-2,-6,-5,-4,3,4,11,-13
6,13,14,2,-4,-2,5,-9
-2,9,-7,-9,3,-4,8,3
-3,-17,3,-3,-6,-4,0,-7
-15,-6,32,5,-8,-7,-7,-29
-27,-13,12,10,1,-1,-3,-28
-19,-7,37,15,4,1,0,-14
-23,2,17,15,2,-2,-6,-20
-15,7,10,-3,0,-1,3,21
-2,12,27,0,-4,-4,-6,-1
-2,11,-12,-4,-2,4,4,-8
5,16,4,-12,-2,5,11,2
-6,-8,-24,-5,0,9,2,-31
-3,-1,-23,-9,-3,7,16,-8
-6,-12,-22,-23,-8,-2,-2,-23
0,-5,-18,-7,-6,0,-10,5
11,-2,-7,-3,-6,-5,-1,1
3,-5,-12,-2,0,0,2,0
6,-8,6,13,0,0,4,15
-5,-21,-2,17,1,0,11,-15
-5,-20,-20,10,-10,-6,-2,-8
5,-16,-12,10,0,-4,-7,1
3,-6,-25,3,3,2,0,4
5,-6,-14,-8,1,1,3,19
13,1,16,-3,10,6,7,35
0,-8,12,-3,-4,-1,4,21
1,-5,13,-8,-5,-7,4,15
0,1,18,1,-8,-6,2,4
-2,1,2,0,0,-1,4,0
0,3,1,-1,1,1,5,-4
0,1,-1,0,-1,2,2,4
-1,-2,-12,-2,1,3,1,3
-4,-1,-10,-5,-6,0,0,-12
-1,0,-15,-4,-6,0,2,-1
-2,1,0,1,-2,0,1,-6
-2,0,3,0,-8,-2,0,-6
0,-1,2,-3,-4,-3,0,2
-2,0,10,0,-2,0,-1,-2
-1,-2,0,-1,-1,0,0,2
0,0,-3,0,0,1,0,2
-2,0,-6,3,-4,3,0,-2
0,-2,-23,0,3,3,0,0
0,-1,-20,0,1,2,0,-4
0,0,-20,-1,-5,2,0,-2
0,-2,-20,0,10,2,0,1
-2,0,0,2,-2,-2,-1,-1
-1,-1,-4,-1,-1,0,0,0
-1,-1,-7,-1,5,0,0,0
-1,-1,-1,-1,-8,0,1,0
-1,-1,-4,-2,0,3,2,0
-1,0,-4,-2,-4,-3,0,-1
-1,0,-2,-2,-2,-3,0,0
-2,0,0,0,0,0,1,-1
-2,0,1,-5,-3,-2,0,-1
-2,-1,0,-2,0,0,0,0
-1,-2,8,-2,-7,0,-1,0
-1,-3,0,-6,-5,-5,-2,0
0,-1,8,-1,-9,-4,-1,0
0,0,15,0,-1,-2,0,-1
0,0,9,0,2,-1,1,0
0,0,12,4,2,3,1,0
0,-1,-12,2,9,1,0,0
-1,-1,-15,0,-6,0,-1,0
0,-2,-21,-2,-4,-2,-4,-2
0,-2,-12,-8,-9,-4,-4,-1
0,-1,-5,-3,-4,0,-2,-1
0,-1,-3,-3,0,0,-3,-1
0,0,0,-3,0,0,-1,0
0,-1,-7,1,3,0,0,0
-1,0,2,-1,-3,-4,-1,0
-1,-1,-7,0,7,0,0,0
-1,-1,-6,1,5,-1,0,0
0,-1,-1,0,5,0,0,-1
0,-1,-11,0,7,0,0,-1
0,0,2,-1,-6,-1,0,-1
0,0,5,-1,-2,0,0,-1
0,0,1,-1,-3,-1,0,0
-1,0,4,-1,-3,-1,-1,-1
-1,-1,0,-5,-1,-1,-1,-1
-1,-1,-6,-1,2,0,-1,-1
-1,0,-2,1,3,3,0,0
0,-1,5,0,1,4,0,0
-1,-1,2,4,6,3,0,-1
0,-1,3,-1,1,1,-1,-1
0,-1,-3,-4,-5,-2,-1,-1
0,0,-11,-1,-1,-2,-2,-1
0,-1,-5,-1,-9,-4,-1,0
-1,0,-6,0,3,-1,0,0
-1,-1,-2,1,4,-2,-1,0
-2,-1,-1,-1,0,-2,0,0
-1,-1,-3,4,9,0,0,0
-1,-2,-7,1,-6,-2,0,0
0,0,-2,2,0,-2,0,0
-1,-1,1,3,-2,0,-1,0
-1,-2,-9,-3,-4,0,0,0
-1,0,-9,0,0,3,0,0
-2,-2,-16,-4,-4,3,-1,0
-1,-1,-14,-3,-2,1,0,0
0,0,-4,-2,-5,0,-1,0
0,0,3,-1,-8,-3,-1,0
0,0,6,0,-3,-2,0,0
0,0,0,0,-8,-2,0,0
-1,0,2,0,-4,-4,0,1
-1,0,12,-4,-3,-2,0,1
0,0,19,-3,-6,0,0,2
0,0,22,-4,-1,0,0,0
0,0,21,-3,-1,3,0,-2
0,0,16,1,-4,0,0,-3
0,0,5,0,-2,-4,0,-3
0,-1,-3,0,3,-2,0,-3
0,0,-5,1,2,-4,-1,-1
0,-1,-12,0,5,-2,-1,-1
0,0,-9,0,1,-1,0,-1
-1,-1,-8,-1,-4,-3,0,-2
0,-2,-14,-4,-2,-2,-1,0
0,-2,-14,0,-1,-1,-1,0
-1,-3,-15,0,1,-1,0,0
0,-2,-9,1,4,0,0,0
0,-1,-10,3,1,0,0,0
0,-1,-6,0,2,-3,-2,0
0,0,-4,0,0,-2,-1,-1
0,0,-4,0,0,0,-1,-1
0,0,0,-2,-6,-2,-1,-1
0,0,6,-1,-1,0,1,-1
0,1,7,0,-2,0,0,0
0,0,-5,0,-3,0,0,0
0,0,-1,2,6,0,0,-1
0,-1,-14,0,-7,-1,-1,0
-1,-1,-14,-9,-4,-4,0,0
-2,0,-1,-2,-2,0,0,0
-2,0,0,-4,-2,-1,0,0
-2,0,17,-7,1,0,0,0
-1,-1,12,0,1,0,-1,-1
-2,-1,11,-5,-2,-4,-2,-1
-1,-1,8,-3,-3,-1,-2,-1
-1,-1,3,0,-3,0,-1,-1
0,0,13,3,4,1,0,0
1,-1,13,4,4,2,0,0
0,0,17,2,8,0,0,0
0,0,14,3,11,-1,0,0
-1,0,9,0,2,-1,0,0
-1,0,6,0,4,0,0,-1
-3,0,-6,-3,-2,-1,-1,0
0,0,-12,-1,0,0,0,0
-1,0,-1,-1,-4,1,0,0
1,0,0,-1,0,-2,0,1
-2,0,-8,-1,-3,-2,0,0
-3,-1,1,0,2,-1,0,-1
-2,0,-3,0,2,-2,0,-1
-4,-1,-3,-1,1,0,0,-3
-1,-1,3,-1,2,0,1,-1
0,-1,4,-1,-2,-2,0,0
-1,-1,2,0,0,-1,0,-1
0,0,5,0,-1,-2,-1,0
0,0,8,0,0,-2,-1,0
0,0,6,0,-2,-1,-1,-1
4,0,12,-3,-5,0,-1,1
2,0,9,-1,8,3,0,1
4,-1,6,0,3,2,0,1
7,-1,4,-2,3,2,0,3
7,-1,2,0,4,1,0,3
2,-2,-2,-3,-10,-3,-2,0
2,-1,-3,-3,-5,-3,-3,-3
-2,0,-5,-4,-4,-2,-1,-1
-3,0,-10,-3,0,-3,0,-1
5,0,-3,0,1,0,0,2
0,0,0,1,2,0,2,9
2,1,-5,0,0,0,0,4
-2,0,2,2,-4,1,-1,1
-3,1,5,1,0,-1,-2,4
-1,2,-11,-9,0,2,0,7
-1,0,3,-1,1,2,3,12
2,0,-5,-4,4,0,1,16
0,-2,-4,-3,0,2,2,8
2,-2,5,10,-1,-2,0,5
4,0,0,0,-3,-5,-1,7
-3,0,-5,-2,-12,-1,0,1
-2,3,-9,-5,-9,-2,1,7
-4,3,-21,-7,-10,-1,4,13
-9,0,-45,-1,-6,1,4,-2
3,4,-33,-5,4,0,7,9
3,4,-40,-8,-3,-3,7,15
4,0,-35,-12,0,0,1,4
12,2,2,-7,2,1,6,17
9,10,29,11,0,1,4,15
6,11,47,14,6,4,1,8
2,-2,49,12,-2,-2,0,2
-1,-3,51,2,-18,-7,-4,5
-4,-15,20,-11,-6,-5,-6,5
-2,-14,21,-6,-6,-2,0,18
2,-6,45,-15,-6,-4,-3,13
-12,-6,12,4,13,1,3,-1
-20,-3,1,10,-1,1,-7,-29
-11,4,-1,6,-2,-1,-10,-32
-12,-6,-26,12,3,4,-1,-11
3,-10,9,7,-8,0,-7,-12
10,-4,55,16,2,2,10,21
-6,-12,28,10,5,1,9,24
-8,3,54,20,0,-6,7,3
-4,11,40,11,-1,-6,8,38
3,-2,-1,-4,3,-3,9,39
18,6,32,17,3,0,13,9
21,9,16,10,7,6,18,24
19,-1,15,4,9,5,12,-15
0,17,17,15,-6,-2,1,-24
-4,-1,4,-19,-8,-6,-3,-12
2,-1,-4,-16,-8,-3,0,-6
-9,-9,-24,-24,-7,-2,-12,-5
12,-7,-21,-43,-6,-2,-12,-26
3,-3,-41,-30,-6,1,-16,-23
-9,7,-8,-24,2,0,-16,-31
13,26,-10,-19,-3,0,-6,-49
13,8,-3,3,4,-1,-16,0
19,11,-20,-6,4,-2,3,-23
24,8,-37,-3,-4,1,2,-43
20,-4,-27,1,8,7,12,13
4,19,-16,-3,-2,-2,9,-29
9,30,16,19,1,1,11,16
-1,-1,20,18,3,2,2,31
-17,20,24,17,-4,-8,-8,6
-10,7,7,3,0,1,6,9
-22,-8,-3,12,0,-7,-2,-23
-8,16,-14,-6,-9,-14,-17,-6
1,15,-25,-14,4,-4,-2,-10
5,-5,-20,-14,0,-3,1,0
4,2,-2,-43,-6,-3,-6,6
8,-7,-3,-25,4,0,21,0
-3,-8,27,-9,-3,-3,12,-6
-7,11,20,-10,0,1,23,0
3,6,4,-9,-1,8,23,7
1,22,-2,-16,-2,13,13,-3
4,5,-30,-21,-4,14,23,6
0,0,-12,-6,2,2,0,-5
-7,-5,-2,-4,2,5,1,0
-11,-8,15,12,5,0,6,0
-13,-4,13,19,7,-4,-4,-1
-8,-4,20,12,3,6,5,5
-5,-3,23,25,6,-2,7,-10
-3,-6,8,6,-1,-3,4,-3
0,-3,26,5,0,1,6,0
0,-1,12,6,-10,-3,4,-3
1,3,10,1,1,-2,0,2
0,2,9,4,1,3,3,0
0,2,-4,-1,-4,1,0,-2
-4,-6,-11,-2,7,0,-2,-6
-4,-6,-38,-5,-7,-2,0,-6
-4,-4,-33,-7,1,-10,-7,-4
-3,-3,-24,-4,1,-8,-2,-3
1,0,-20,-5,0,-2,1,-1
1,1,3,-2,3,-1,-1,0
0,1,3,1,2,1,3,-1
0,0,2,0,-9,1,0,-2
-1,-2,0,-2,0,-2,-2,-3
-1,-1,0,0,1,0,1,-3
-2,-2,0,0,-2,0,-1,-3
-3,-2,4,-1,11,1,0,-3
-1,0,3,1,-5,1,2,0
-1,0,-1,-3,-4,0,0,0
0,1,10,-4,-4,-2,0,0
0,0,4,-4,-6,-3,-1,1
0,0,6,0,0,-3,-1,0
0,0,8,0,2,-1,0,0
0,-1,-3,2,-1,0,0,-1
0,0,-4,-1,0,0,1,-1
-1,-1,-6,-1,0,0,0,-1
0,-2,0,0,-4,-2,0,-1
0,-1,-3,-6,-4,-3,0,-1
-1,-1,-2,-4,-10,-3,-1,-1
-2,-1,0,-4,-7,-4,-1,-1
-2,0,-8,-6,-7,-2,-4,-1
-2,0,-1,0,-7,-3,-2,-1
-2,-1,-10,0,-2,-2,-1,-1
-1,-1,-7,0,-5,-3,-1,-1
-1,-2,-6,1,0,0,2,-1
0,-1,-5,0,1,2,0,-1
0,0,5,0,3,1,0,-1
-1,0,1,0,3,2,0,-2
0,0,0,2,-2,-1,0,-1
-1,-1,3,-5,1,1,0,-1
-1,-1,0,-1,1,0,0,0
-1,-2,0,-2,0,1,0,0
-1,-2,5,-5,0,3,0,0
-1,-1,2,1,-6,-3,0,-1
-1,0,4,-3,-4,-2,-1,-1
0,0,4,-1,-1,0,0,-2
0,0,3,-1,-3,-2,0,-1
0,0,-6,1,8,0,0,-1
0,0,-4,0,-1,0,2,0
-1,0,-2,1,-1,0,0,0
-1,0,-7,0,3,0,0,0
-1,0,8,0,-6,1,0,0
0,0,-4,1,-1,-1,-2,-1
0,0,-3,0,-2,-2,-1,-1
0,0,0,0,-6,-3,-3,-1
0,-1,-8,-7,-1,0,0,0
0,-1,5,-5,0,1,0,0
0,0,1,-3,1,2,0,0
0,0,-8,-2,1,2,2,0
-1,0,-10,2,0,-3,-2,-1
-1,-1,-9,0,-1,-4,-2,-1
-2,-2,-11,-1,1,-4,-3,-1
-2,-2,0,-1,1,-4,-3,0
-1,-1,5,0,3,-2,-2,0
-1,0,0,1,1,-1,-1,0
0,0,6,1,-1,-1,0,0
1,0,-1,2,2,0,0,0
1,0,2,1,1,1,0,0
0,0,7,0,1,0,0,0
0,0,3,-1,-3,-3,-1,0
-1,0,9,-1,-3,-1,-1,0
-1,0,-2,0,-4,-2,-1,0
-2,0,-3,-6,-1,0,0,0
-1,0,-2,-3,0,2,0,0
-1,0,0,0,0,-1,-1,0
-1,0,3,-1,2,1,-1,0
-1,0,0,3,-1,0,-2,0
-1,-1,0,0,-5,0,-2,0
-1,-1,-7,-3,-4,0,-1,0
0,-1,-3,0,1,0,-1,0
0,-1,5,1,0,0,0,0
0,0,1,3,8,2,0,0
0,0,5,2,2,0,0,0
0,0,5,-2,-6,-2,0,0
0,0,-1,0,-3,-2,0,0
0,0,5,1,-3,-1,-1,0
0,0,5,2,0,0,-1,0
0,0,1,-2,1,1,0,0
0,0,-1,-3,1,2,-1,0
-1,0,-3,-7,-5,-2,-1,-1
0,0,-1,-3,5,-1,-1,-1
0,0,2,1,4,0,0,-1
-1,0,12,2,6,0,-1,-1
-1,0,9,4,6,1,0,-1
-2,-1,5,-4,-11,-2,-1,-1
-2,-2,11,-4,-6,-4,-2,-1
-1,-1,-5,-2,-5,-2,0,0
-1,-2,4,-1,0,-2,0,0
-1,-1,5,3,6,0,0,0
-1,0,-8,3,2,1,0,0
-1,-1,0,0,-4,-4,-1,0
0,0,-10,0,-3,-1,0,0
0,0,-11,-1,-5,-2,0,0
0,-1,-6,-6,-10,-2,0,0
0,0,-6,0,9,4,2,0
0,0,-1,0,7,1,1,0
0,0,11,0,9,2,1,0
-1,0,8,5,11,2,0,0
-1,0,6,-2,-8,-3,-2,-1
0,-1,5,-3,-7,-1,-2,-1
0,-1,-8,-3,-9,-3,-2,0
0,-2,-8,-1,-3,-2,-1,0
0,-1,4,0,1,-1,-1,0
0,-1,4,1,12,0,-1,0
0,-1,8,0,-5,-1,0,0
-1,0,-3,0,-1,0,0,-1
-1,0,-1,0,-5,0,0,-1
-1,-1,-6,1,0,0,-1,-1
-1,0,-6,2,0,2,-1,-1
-1,-1,-2,5,4,1,-1,0
0,-1,0,4,3,1,-1,0
0,0,0,0,-2,0,-1,0
0,-1,-7,2,-1,-4,-1,-1
-1,0,3,-2,-5,-4,-1,-1
-1,0,1,-2,-3,-2,0,-1
-1,0,3,-1,-2,-1,0,-1
-1,-1,6,-5,-3,-1,0,0
-1,0,-3,-3,-5,-1,0,-1
-1,0,-6,0,3,0,0,0
0,0,-4,-1,6,1,0,0
-1,0,-4,1,11,3,0,0
1,0,-3,1,14,5,0,0
2,-2,-14,-2,5,2,0,-1
0,-2,-20,-1,3,0,0,-2
0,-1,-13,-2,1,0,0,-3
-1,-1,-17,-3,-1,0,1,-2
0,0,-7,1,-2,-2,0,0
1,0,-2,1,0,-1,0,0
3,-1,-6,1,1,1,0,8
3,-2,-7,-5,0,-2,-1,-1
-3,-2,-3,-6,2,2,-1,-6
2,0,-12,-13,-1,0,-8,-15
-1,2,-11,-15,0,-1,-9,-22
3,1,-13,-15,2,3,-6,-8
2,-2,-13,-18,-5,-1,-11,-12
-5,-5,0,-7,-2,0,-3,-7
0,-2,6,0,-4,-2,2,6
3,10,29,11,-2,-3,-4,22
5,8,36,7,-4,-2,5,13
-6,10,27,0,2,0,3,19
-10,0,-8,-13,0,0,-4,10
-20,-5,-17,-3,2,1,9,-7
-7,0,-4,-5,6,-1,1,11
1,-2,-20,-12,-7,-4,0,3
-1,3,22,5,0,-1,9,-14
5,0,2,0,-2,0,1,2
6,4,14,0,-2,0,14,-11
2,2,22,6,-1,1,12,-15
8,10,-7,0,-3,-1,3,-2
3,3,8,-2,-1,1,6,-12
1,1,-30,-5,0,0,-5,9
18,15,-19,10,5,2,4,27
11,-7,13,-1,2,4,8,33
13,2,28,-2,-2,-3,7,25
9,15,59,20,5,2,14,16
1,-6,44,-5,3,1,6,8
4,26,46,15,4,2,1,-16
1,36,45,10,4,2,-6,-17
-13,7,6,23,0,0,-9,-21
-21,6,47,53,-2,-4,-17,-29
-22,-7,-3,20,-6,-1,6,-14
-11,-15,-19,17,-5,0,15,2
-2,-6,-24,1,-3,0,4,28
6,11,-33,-6,4,4,17,19
13,2,-27,4,5,0,-1,14
13,-1,-5,7,6,0,-9,7
6,13,18,0,4,-1,-5,-20
22,5,17,-4,-1,-1,-17,0
9,7,31,9,-4,-1,-2,-7
-1,7,13,-4,-8,-4,3,-15
15,-5,7,-4,-9,-4,5,-6
-5,-16,-25,-8,-11,-6,16,-1
8,-30,-16,-25,-19,-7,1,-1
12,-11,-1,-4,-3,-2,-4,28
7,-24,-15,-4,-4,-4,-8,26
0,-24,-8,-25,-1,1,-9,7
2,0,7,0,10,1,-11,24
-2,-17,-5,-25,-3,-1,-10,-2
-3,1,13,-19,0,0,-5,-18
-3,13,4,-30,-4,-4,-4,0
-7,12,0,-35,-4,-2,-2,-2
-8,5,9,-14,-5,-3,-2,-5
-15,2,10,-16,-2,-3,0,-12
-2,4,23,14,0,-2,-3,-16
4,9,29,10,-3,0,-10,-8
5,8,28,15,7,2,-21,-17
11,4,-5,3,5,3,-13,3
12,5,-14,0,7,5,-13,-3
-1,-11,-26,3,12,9,0,-6
-5,-13,-63,-10,5,6,8,-1
-13,-13,-8,-1,0,5,-2,4
-17,-18,6,0,-2,0,-1,3
-10,-6,28,5,2,-7,-12,6
-7,-5,27,6,-10,-6,-6,3
1,-5,7,6,3,-5,0,0
2,2,21,11,4,0,2,0
-2,-5,-1,0,-9,-4,0,-3
-1,1,12,5,3,-1,1,-2
-2,1,3,-2,-11,-2,1,-1
-5,0,-24,-2,-5,-3,-5,0
-1,0,-12,-6,-2,2,1,3
-4,-3,-12,-14,-4,-3,-2,5
0,0,-12,-3,-1,0,-2,5
-5,-2,10,-6,-5,0,3,0
-8,-2,0,-2,-1,-4,2,-2
-7,2,-2,1,4,0,0,-4
-11,-1,-2,0,4,-4,0,2
0,0,-5,-4,3,-4,-4,7
0,-2,-19,-7,-5,-7,-2,3
0,-3,-7,-12,-9,-3,0,5
0,0,-4,-6,-4,-3,-2,2
0,0,-9,-6,-8,-4,-1,2
-1,1,-7,-4,-4,0,-1,3
0,2,15,5,0,-3,-1,2
0,0,3,-1,-10,-2,0,-1
-2,-1,16,-2,-1,-1,-2,-2
-2,-1,18,0,2,-1,-2,-2
-2,-2,1,-1,-5,-2,-2,-1
-2,0,13,0,6,0,-1,0
-1,-1,-5,0,-5,0,-1,0
-1,0,-4,-3,-3,0,0,0
-2,0,-12,-3,-2,0,-1,0
-2,-1,-9,-3,-5,-1,-1,0
-1,0,-8,-2,1,-1,0,0
0,-2,-6,-1,-1,-1,0,-1
0,-2,-5,-1,1,-1,-1,-1
0,-2,-4,-3,-3,-2,-1,-1
0,-2,-4,-1,-1,-2,-1,0
0,-1,-3,-1,-2,-1,-1,0
-1,0,3,0,-5,-2,-2,0
-1,-1,-10,-5,-2,0,-1,0
-1,-1,-7,-6,-5,-3,-2,0
-1,-2,-5,-5,-7,-2,0,0
0,-3,-12,-6,-3,2,1,3
-2,-1,7,1,0,0,0,-2
-2,-1,1,0,0,2,0,-2
-2,0,0,0,1,0,-2,-1
-4,0,-1,-1,0,-3,-3,-6
0,0,-8,0,-2,-3,-2,0
-1,0,-2,1,1,-4,-2,-1
0,0,1,1,-8,-3,-1,0
0,0,2,4,5,0,0,0
0,0,-4,0,3,1,0,0
0,0,-2,-1,-2,0,0,0
-1,-1,-12,0,9,-1,0,-1
0,0,-7,-1,-6,-2,-2,0
0,0,17,-4,-6,-4,-2,-1
0,0,8,2,-2,-1,-1,0
0,-1,24,1,-1,0,-1,-1
-1,-3,16,-2,-2,-2,-1,-2
-1,-3,-6,2,2,0,-1,-1
0,-2,0,-2,0,0,-1,-1
0,-2,-15,-3,-3,-1,-2,-1
0,0,-2,0,-1,0,-2,-1
-1,0,-1,1,-2,1,0,-1
-1,0,-1,-1,-1,0,-2,0
-2,-1,-12,-1,6,0,-1,-1
-2,-1,-17,-2,4,0,1,0
-2,-2,-14,-3,5,-2,-1,0
-1,0,-12,0,7,-3,0,0
0,1,0,0,0,-2,0,0
0,0,-4,0,4,-3,0,0
0,0,-11,0,0,-2,1,0
0,-1,-18,-3,-3,0,0,0
0,-2,-13,-1,-2,-1,0,0
0,0,-4,0,-2,0,-1,-1
0,0,3,0,-1,-1,-1,0
0,1,-4,0,-2,0,-1,0
0,0,-10,-2,-1,0,-1,0
0,0,-12,-2,-1,-1,0,1
0,0,-13,-2,0,0,0,0
-1,-1,-6,0,-2,-1,-1,0
-1,0,-4,0,-6,-4,-1,-1
-1,-1,-3,0,-5,0,-1,-2
-1,-1,-5,-1,-8,-1,-2,-3
0,0,8,0,2,2,0,-2
1,0,0,1,3,4,-1,0
6,0,1,1,1,-1,-1,1
0,0,-2,-1,1,-1,-2,-2
-1,-1,-10,-2,-5,-2,-1,-2
0,-1,1,-2,-2,-1,0,-2
-6,-2,-12,-5,-4,-1,0,-2
0,-1,-6,-2,-9,0,0,1
0,-3,-1,-1,0,-2,0,1
0,-2,0,-1,0,0,0,1
-1,-1,13,1,0,1,0,0
0,0,7,1,5,0,0,1
-1,0,19,0,-4,-1,-1,0
-2,-1,9,-1,-4,-1,0,0
-2,-1,4,-2,-3,-2,0,0
-2,-1,13,0,1,0,0,0
3,0,-3,-1,2,0,0,3
-5,0,5,-1,1,-2,0,-1
-4,0,10,-1,0,-3,-1,-1
-4,0,3,-6,-3,-4,-2,-3
-6,0,9,-2,1,-2,-2,-4
1,0,2,-2,1,0,0,0
1,-1,-2,0,3,3,0,0
1,0,-3,3,1,3,1,1
0,0,-10,0,-1,0,1,0
-1,-1,-4,0,-1,-1,0,0
0,-1,-5,-1,-10,-3,0,0
0,-1,-3,0,1,-4,-1,0
-1,-1,-2,0,-1,-2,0,-1
0,-1,-8,1,0,-1,0,0
0,-1,1,3,14,1,0,0
0,-1,0,1,-1,2,1,0
0,0,-4,1,2,0,0,0
0,0,-2,0,0,1,0,0
-1,-2,-3,-2,-3,-1,0,-1
-2,-2,-2,-1,0,0,0,-1
-2,-2,-1,-2,1,0,0,0
-1,-3,1,-2,1,-1,0,-1
0,0,-6,0,-1,0,0,-1
0,0,5,2,-2,-1,-1,-1
0,0,4,3,-4,-2,-1,-1
0,0,4,2,-7,-2,-1,-1
0,0,5,2,4,0,0,0
0,0,-6,0,3,0,0,0
-1,-1,-9,-1,4,0,0,0
0,-1,-11,-2,8,2,0,0
-1,0,-8,-2,-3,0,0,-1
0,0,-4,-2,1,-1,0,0
0,0,-17,-3,-3,0,0,0
-1,0,-13,-3,-4,-2,-1,0
-1,-1,-17,-3,-3,-2,-1,0
-1,-2,-22,-3,-4,-2,-1,0
0,-1,-8,-1,-1,-2,-2,0
0,-1,-9,-1,-1,-2,0,-1
0,-1,0,0,-1,0,0,-1
0,-1,3,0,0,0,-1,-2
0,0,4,0,0,2,-1,-2
0,0,-7,4,12,3,-1,-3
0,0,-7,1,-5,1,-1,-3
-1,-1,-2,0,0,0,-2,-4
0,-1,-5,5,1,0,-1,-1
-1,-1,-4,-1,-5,0,-1,0
-1,0,0,0,-2,-1,-1,0
-1,0,-3,0,0,0,0,0
0,0,4,0,0,0,0,0
0,0,10,0,-1,0,0,0
1,0,4,0,0,1,0,0
1,0,0,0,0,0,0,0
0,0,0,0,-2,-1,-1,-2
-1,-1,-10,-1,6,1,0,0
-1,-1,-7,-1,3,-1,0,0
-2,-1,1,-3,0,0,0,-1
-1,-1,-2,-2,2,0,0,-1
-1,-1,-2,-1,1,0,0,-2
0,0,3,-2,0,1,0,0
-2,0,-4,0,1,-1,0,-2
-1,0,-1,-1,0,0,0,-1
-2,0,-2,-3,-3,-2,-1,-1
-3,0,-8,-1,0,-2,-1,-3
0,0,-11,-1,0,0,-1,1
-1,-1,-14,-2,-9,-2,-1,0
0,-1,-10,1,6,1,-1,0
0,-2,-8,0,0,1,-1,0
2,0,0,1,0,0,-1,0
4,0,3,2,10,2,-2,-3
3,0,-9,-2,-9,-2,-1,5
3,0,0,1,-4,-3,-1,4
0,-1,2,2,-2,0,0,0
-1,0,-6,1,-3,0,3,18
0,0,2,2,0,1,6,-4
-3,-7,-13,-6,1,2,1,-34
-6,-6,-9,0,-4,0,4,-22
-9,-5,8,6,0,-1,7,-30
-1,-4,-10,-2,1,0,1,5
7,4,20,6,-3,-1,4,34
23,5,27,-1,3,-1,5,31
14,-3,8,2,-2,0,-3,32
2,-2,20,8,0,4,6,33
-5,-1,10,16,3,2,4,30
-5,-4,-22,1,-3,1,1,18
5,-1,-37,-8,-1,1,1,7
1,4,-11,-3,1,0,0,9
9,2,-25,-19,-4,1,5,1
-12,-7,6,2,0,0,0,7
-9,2,34,-7,-1,-1,2,15
-4,12,3,2,-2,-4,-20,-30
-16,-4,8,-12,-4,-5,-22,-19
2,3,-4,-9,-11,-6,-11,-13
3,9,-1,10,5,1,-6,-17
-2,-24,18,-4,1,0,10,4
3,-14,-7,11,3,1,8,-10
-10,-11,20,14,12,4,3,-32
-6,-17,-5,6,-7,-3,-5,-40
0,-5,-26,-11,-11,-5,-16,-47
9,0,2,-3,-7,-3,-4,-3
-7,-7,-50,-18,-6,0,0,12
-9,-14,-12,-9,-5,-1,18,14
-16,-5,-6,16,4,5,17,35
-24,-3,-33,-4,4,6,16,18
-12,-5,7,-8,-6,-5,1,-3
-20,-8,-15,-13,-7,-4,-16,10
-13,-11,-12,-19,-11,-8,-1,12
-15,-7,-5,-22,-16,-7,-14,-6
2,-3,-9,-3,-8,-2,7,5
-2,5,24,-1,-8,-3,-6,-11
17,-3,37,7,-2,0,-8,-17
7,-22,58,22,-1,-4,9,11
-8,-10,19,-8,-2,-1,-11,31
-11,-14,-41,-38,4,-2,-6,19
-29,-13,-17,-32,0,-4,0,24
-13,-3,-17,-18,7,2,-6,8
-19,15,13,-14,8,-2,-2,20
-6,-3,55,17,0,-2,3,40
-3,18,42,13,-2,1,-2,18
-13,26,64,2,-4,-7,-19,-2
6,6,67,28,-1,0,-5,-19
6,32,63,31,3,1,-1,-24
-2,7,34,12,3,-4,-4,-14
7,10,30,24,0,0,13,9
3,2,4,2,0,-2,0,-3
-4,-11,-21,-13,-12,-4,-1,-7
0,0,-7,0,4,1,1,-14
-2,-2,-40,-18,-1,0,-6,-6
2,3,-22,-11,-3,-2,-1,7
11,4,-5,-7,8,-2,-4,3
4,5,-2,-10,-10,-1,-1,2
6,1,-16,-6,-5,0,0,-22
-3,-1,-19,0,1,0,0,-21
-3,6,-17,1,2,2,7,-15
4,3,-16,4,-8,0,4,-10
-3,1,-6,3,5,0,0,-4
2,1,1,2,0,2,1,-9
0,-2,-5,-2,-2,1,-2,-4
0,-2,-5,-2,12,0,-4,-1
1,0,3,3,-3,0,0,4
-2,0,-5,0,-3,-3,-2,0
0,1,0,3,-2,0,0,0
1,1,-5,1,-3,-2,1,0
1,1,-8,-1,-3,-1,0,-4
2,1,-5,0,0,0,0,-4
1,0,-19,0,0,0,0,-4
0,0,0,0,-2,0,0,-3
3,1,1,2,2,2,0,0
2,1,-1,3,1,1,0,3
1,0,20,4,3,4,0,4
1,0,-3,0,-2,4,0,0
0,0,5,0,-2,0,-1,-2
1,0,4,-2,-4,0,-1,-3
1,-1,-1,-4,-6,-4,-2,-3
0,0,3,-2,2,-3,-2,-1
0,0,-4,-2,1,-2,0,0
0,0,-2,0,-1,-1,-1,0
0,0,-2,-3,0,-2,-1,0
0,-1,3,0,-1,-4,0,-2
0,-2,4,0,-4,0,-1,-2
-1,-1,4,1,9,0,-1,-2
0,0,-2,7,9,0,0,-1
-1,0,-5,3,5,2,-1,0
-1,0,-8,2,9,-1,0,0
-1,0,-6,0,-2,-1,0,0
-2,-1,-3,-2,-4,0,0,0
-1,-1,-8,-1,-2,0,0,0
-1,-1,-4,-1,-2,0,0,0
0,-2,-2,-1,-4,-4,-1,0
0,-1,-3,-4,-2,0,-1,0
0,0,6,-3,-5,-1,-2,0
0,0,13,-3,9,-2,0,0
0,-1,12,-2,5,2,2,0
0,-1,13,-1,-1,-1,1,0
0,-1,7,-1,5,-1,1,0
0,0,7,0,-10,-1,1,0
0,0,0,0,-1,0,0,0
0,0,14,3,3,2,0,0
0,0,10,2,1,3,0,-1
0,-1,2,1,1,4,0,-1
0,0,9,2,-2,0,0,-1
-1,-2,-9,-1,-12,0,-1,-1
-1,-1,-1,2,0,0,-2,0
0,-1,13,1,0,0,-2,0
-1,-1,6,-3,-6,0,-1,0
-1,-1,14,-1,0,-2,-2,0
-1,0,10,-4,-9,0,-1,-1
0,0,-5,-4,-7,0,-1,-1
0,0,0,0,0,0,0,-1
0,0,-8,0,3,1,0,-1
0,0,-8,0,0,-1,0,-1
-1,0,-12,-5,-2,-3,-1,-2
-1,0,-14,-3,-1,-2,-1,-1
0,0,-4,-2,0,-1,0,0
-1,-1,-5,-3,0,-1,0,0
0,0,-5,1,2,0,0,0
0,0,-3,0,0,0,0,0
-1,0,-9,1,-1,-2,0,0
0,0,3,0,-7,-3,-1,0
-1,0,5,0,-4,-3,-1,0
0,0,7,0,-1,-2,0,0
0,0,7,-2,-2,0,0,-1
0,-1,-4,-2,4,2,1,-1
0,0,-5,-1,1,0,1,-1
0,0,-5,-1,-2,-1,0,-1
-1,-1,-8,-2,-2,-3,-1,-1
-1,-1,-7,-1,-4,-4,-1,-1
-1,-1,0,0,-2,-2,0,-1
-1,-2,-7,-2,-3,-1,0,0
0,-1,-4,-2,3,0,0,0
-1,-1,-15,-1,6,0,0,0
-1,-1,2,-3,0,-3,-1,0
-1,0,8,-1,4,0,-1,0
-2,-1,10,-1,-5,0,-1,0
-1,-1,17,-1,-10,-1,-1,0
-1,-1,0,-1,-5,-1,-1,-1
0,-1,-1,-1,-7,-3,-1,-1
0,-1,-14,-5,-10,-3,0,-1
-1,-2,-4,-3,7,0,0,0
-1,-2,-12,-4,1,0,1,0
-1,-2,-11,-2,5,0,1,0
0,-1,1,1,10,0,0,0
0,0,-6,-2,-12,-4,0,0
-1,0,-3,-1,-5,-3,-1,0
-1,0,-6,-2,-7,-2,0,0
-1,-1,-10,-1,-10,-2,-1,0
-2,-2,0,0,0,1,-1,0
-1,-2,0,1,0,0,-1,0
0,-1,2,2,-1,-1,-2,0
-1,-1,5,0,0,-2,-1,0
0,0,-5,0,-2,0,0,0
0,-1,-4,-5,-10,-3,-1,0
0,-1,-4,-5,0,0,0,0
0,0,5,-3,-1,2,0,-1
0,0,5,-1,-5,-1,0,0
0,0,5,1,0,0,0,-1
0,0,4,0,-8,-2,0,0
0,0,-5,0,-5,-2,0,0
0,-1,-6,-2,-3,-2,-1,0
-1,0,-4,0,1,-1,0,0
-1,-1,-3,0,-3,0,-1,0
-1,0,1,0,1,-3,-1,0
0,0,4,3,3,1,0,0
0,0,3,2,1,1,0,0
0,0,4,1,2,-1,0,0
0,0,10,1,4,2,0,0
0,0,5,0,5,0,0,0
0,0,5,2,6,0,1,0
-1,-1,-4,-2,-6,0,-1,0
-1,-1,-16,-3,-2,-1,-1,0
0,-1,4,-1,0,0,-2,-2
0,-1,3,-5,-5,0,-2,-2
0,-2,-3,-1,0,-1,-1,-2
0,-1,4,-2,-1,0,-1,-3
-1,-1,-9,-2,-1,-1,0,-1
0,-1,-6,2,1,0,0,-1
-1,-1,2,-2,-3,-2,0,-1
0,-2,1,-2,-12,-2,0,0
0,-1,4,-1,1,0,0,0
0,-1,3,1,2,-1,0,1
1,0,-2,2,4,3,0,1
0,0,-1,4,13,2,0,0
0,0,-8,1,-6,0,-1,0
0,-1,-5,-2,-6,0,-1,-1
-1,-1,0,-1,-3,-2,-2,-1
0,-1,-11,-4,-5,0,-1,-1
0,-1,-2,-2,-1,0,0,-1
-1,0,-10,-1,4,0,0,-1
-1,-1,-13,-1,-2,0,0,-1
0,0,7,0,-1,0,0,-1
0,0,7,0,4,-1,-1,-1
0,0,10,-1,2,-1,-1,0
0,-1,10,-1,-7,-3,-1,0
0,0,-1,0,6,-4,0,-1
0,0,0,0,1,0,0,-1
0,0,1,1,2,0,0,-1
0,0,0,0,10,1,-1,-1
0,-2,0,2,-4,2,-1,0
-2,-3,-8,1,-3,-3,-1,0
1,-3,-3,-2,-6,0,-1,0
-5,-3,-3,1,0,0,0,-5
-11,-2,5,-1,-1,0,1,-12
-6,3,18,3,2,0,2,-4
-10,-1,12,13,4,0,1,-12
7,6,17,8,3,1,5,10
12,4,9,13,4,0,0,0
-7,0,3,9,0,0,5,-3
3,7,-4,-14,-5,-4,-6,9
-2,-10,-11,8,-3,-4,0,-14
-13,-2,-24,-22,-2,-2,0,-14
5,-4,-20,-16,0,0,3,7
-13,0,2,21,8,3,13,-22
-22,-9,0,-25,0,0,1,-16
0,-13,45,15,-5,-1,7,-11
-6,-17,31,6,-4,-2,-10,-51
6,-18,26,-11,-5,0,8,4
7,-3,45,26,0,3,8,-7
2,1,18,-6,1,2,-3,10
9,14,29,-11,0,1,4,14
0,18,43,-4,-3,-3,-15,-48
1,26,9,0,-3,-3,-36,-6
0,2,-25,-8,-15,-4,-9,-11
-3,-6,0,2,-2,-3,-8,-9
17,5,-10,7,-2,0,3,45
4,-3,32,-11,-2,-1,10,-5
1,36,60,11,13,0,-23,0
0,8,0,-8,-8,-4,-12,2
-23,-21,-30,-24,0,-2,-19,-9
4,10,-35,-5,3,1,2,12
6,-34,-46,-4,2,1,3,41
14,17,3,22,7,0,-4,49
27,13,-8,4,-6,-5,-30,57
4,-13,-12,-3,-11,-8,-29,49
2,4,-8,2,-6,-6,-10,17
-12,-15,-30,-10,0,-3,-13,20
-20,8,28,19,0,0,17,-24
-12,-12,-12,-15,5,-2,-5,-5
-5,20,30,12,4,0,8,-11
2,4,9,12,2,0,-2,-23
-6,-16,-14,2,2,0,6,0
4,6,15,17,-4,0,16,-30
-2,-10,-10,-11,-1,1,14,-8
5,7,33,7,-2,0,29,-1
8,9,17,-20,-6,-3,0,19
12,17,30,2,-2,-1,21,53
16,-7,39,-2,-6,-3,3,35
2,-12,22,-10,-5,-1,1,40
10,8,50,26,2,0,13,23
2,10,18,1,-7,-8,-7,1
-25,4,-24,8,-4,-7,-23,-20
-19,11,-28,-11,0,-2,-15,-40
-14,9,-56,-37,-7,-4,-7,-44
-22,-2,-42,-28,0,0,-17,-36
0,12,-6,-19,-2,-2,15,-24
2,-7,-16,-10,-6,-6,9,4
0,-18,10,11,-2,-3,3,19
-2,-14,-9,19,-1,-1,17,2
12,12,-6,3,-2,-2,-1,0
13,12,1,-3,0,0,3,-4
8,20,17,4,3,3,7,-15
10,7,27,9,5,3,0,-3
-3,-10,-14,-4,-4,0,3,-11
0,0,-13,12,7,1,5,-17
0,-8,-30,16,10,2,-3,-21
0,-3,-38,-12,9,3,0,-26
5,0,-6,11,15,5,6,4
-2,-5,-2,-2,-5,-3,-8,-5
1,-4,-24,-20,-13,-6,-6,-5
4,0,-10,1,-10,-5,-6,4
0,-3,2,-6,-10,-5,-9,-2
1,0,-1,0,9,3,-3,3
0,-2,-13,-6,9,2,-2,6
-1,-8,-3,-1,4,0,1,2
1,-7,-6,-9,6,1,1,6
3,-3,-19,-12,-6,-1,-3,2
1,-2,25,4,-1,-2,-3,0
4,1,9,-2,-2,-2,-3,5
1,0,-14,2,-3,-1,-4,1
0,-1,8,5,0,-2,2,6
1,0,-31,-8,7,-4,4,9
0,-1,-18,-6,6,0,3,5
1,-2,-12,-8,6,-1,1,5
2,0,-12,-2,9,-1,-1,3
0,-1,-2,0,-4,0,-4,0
0,0,-2,-3,-6,-4,-3,0
0,0,0,-2,-2,-3,-2,0
0,-1,-1,-4,-7,-2,-1,0
0,-1,0,-4,-8,-3,-1,0
0,-1,0,-4,0,0,0,0
0,0,3,-1,0,3,0,0
0,0,7,-2,-1,1,-1,0
0,0,-2,-4,-1,1,-1,0
-1,0,-1,-2,-3,-3,-1,0
-1,0,1,-1,-2,-2,-1,0
-1,-1,-14,-3,1,-2,-1,0
0,-1,8,-1,5,-1,0,0
0,-1,-1,2,7,3,0,0
1,0,7,0,0,-1,0,1
1,-1,10,-1,-3,0,0,1
0,-1,-2,-1,-8,-2,-1,0
0,-1,5,-7,-8,-5,0,0
-1,-2,-6,-6,-5,-3,-1,-1
-1,-1,-1,-5,-2,-2,-2,-1
-1,0,-3,-3,4,0,-1,0
-1,-1,-3,0,-3,-1,-2,0
0,0,-1,-2,-6,-2,-1,0
0,0,0,-2,-5,-1,-1,0
0,0,4,0,4,1,0,0
0,1,-5,2,5,3,0,0
0,1,-6,3,8,1,0,0
0,0,-10,3,7,2,0,0
0,1,-5,2,-6,-1,0,0
-1,0,-2,-1,-2,-2,0,0
0,0,-10,-1,-5,-3,0,0
0,0,-5,0,0,0,0,0
-1,0,-15,-1,1,-1,0,0
-1,0,-7,0,-3,0,0,0
0,0,3,0,3,4,0,0
0,0,2,0,-6,-3,-1,-1
0,-1,6,-2,-4,0,0,-1
0,-1,4,1,1,-1,0,-1
0,-1,0,1,-2,-1,0,-1
0,-1,-2,0,0,0,0,-1
0,-1,-10,1,-5,-3,-1,-2
0,-1,-8,-1,0,-3,-1,-2
0,-1,-5,-6,4,-3,-1,-1
0,0,-2,-2,6,-1,0,-1
0,0,10,-3,10,-1,0,0
0,-1,8,-4,1,0,0,0
0,0,6,0,2,0,1,0
0,0,11,0,0,0,0,0
0,-1,14,3,0,1,0,0
0,-1,6,2,0,-1,0,0
0,-1,8,2,-2,-2,-1,0
-1,-1,-4,0,-2,0,0,0
-1,-1,-11,-3,-4,0,1,0
-1,0,-1,1,0,0,0,0
-1,0,-3,2,-4,1,0,0
0,1,0,2,0,0,0,0
0,1,0,4,3,0,-1,0
0,0,1,2,-2,0,0,-1
0,0,-3,0,0,0,0,-1
0,0,2,1,-3,0,0,-1
0,-1,7,0,-5,0,-1,-1
0,-1,-1,-2,-1,-1,-1,0
0,-1,6,0,2,0,-1,-1
-1,-1,-1,-1,-2,0,-1,-1
-1,-1,-7,-2,-3,-2,-2,-1
-1,-1,-3,0,-5,-2,-1,-1
-1,-2,-1,0,-8,-2,-2,-2
-2,-3,5,0,-3,-3,-1,-2
-2,-2,5,-2,-9,0,-1,-1
-1,-2,4,-4,-6,0,-1,-1
-1,-1,-1,-4,-5,0,0,0
0,0,-5,-2,-5,0,-1,0
0,0,-5,-1,0,1,0,0
0,0,-2,1,2,4,0,0
0,0,0,-1,1,2,0,0
0,0,4,-2,-3,2,0,0
0,0,1,-1,-3,-3,-1,-1
0,-1,0,-5,-4,-3,-2,-1
0,0,5,0,-11,-4,-1,0
0,-1,-9,0,1,-3,-1,0
0,-2,-5,-1,5,1,0,0
0,-1,-4,2,-2,0,0,0
-1,-1,-13,-3,3,-1,-1,0
0,0,4,0,-3,0,0,0
-1,0,0,-1,-5,-2,-2,0
-1,0,-1,0,0,-1,-2,-1
-1,0,1,0,3,0,-1,-1
-1,-1,-6,-2,-6,0,-1,-1
0,-1,-5,0,0,0,-1,-1
0,0,-5,0,0,0,0,0
0,0,-3,0,-6,0,0,0
0,0,-4,2,5,0,0,0
0,0,-6,0,-1,0,0,0
0,-1,-4,1,1,-1,0,0
0,-1,5,0,2,-1,0,0
-1,-2,3,-1,-2,-3,-1,-1
-2,-2,13,0,-2,-2,-2,0
-2,-2,2,-4,-4,-2,-1,0
-2,-2,-13,-3,-2,-2,-1,0
0,0,-2,-1,-1,-1,-1,0
0,0,-17,-1,-8,-3,-1,-1
0,0,-3,0,1,-3,-1,-1
0,0,3,-4,0,0,0,-1
-1,0,0,-2,0,0,0,-1
-1,-1,6,-2,8,3,0,-1
-1,-1,-1,-1,-4,1,1,0
0,-1,-6,-1,-1,-1,0,-1
0,-1,5,0,-3,-1,-1,-1
-1,-1,10,0,-4,-3,-1,-1
-1,0,3,0,1,0,-1,-1
-1,0,7,0,2,-1,-1,0
-1,0,-7,0,0,-2,0,0
-2,0,-2,0,-1,-1,-1,0
-2,-1,-4,-2,-4,-3,-1,0
-2,0,-3,-3,-8,-3,0,-1
-1,-1,-1,0,0,-2,-1,-1
-1,-1,-9,-1,-1,-2,-1,-1
0,-1,-3,-5,2,1,0,-1
0,-1,-5,-5,3,0,0,0
0,0,-6,-6,0,1,0,0
0,0,-9,-5,1,2,0,0
0,-1,-23,-1,-2,-2,-1,0
1,-1,-13,-2,-2,-2,-2,1
-1,-1,-14,-1,-2,-2,-1,-3
-1,-1,-10,-1,-2,-2,-1,-3
0,0,12,2,2,1,0,0
0,0,-2,0,2,2,0,-7
4,0,5,1,0,0,0,4
4,-1,7,0,-2,-1,0,5
2,-1,-1,-2,-5,-4,-1,0
2,-2,7,0,-2,-3,-1,6
2,-1,4,-2,-12,-3,-1,1
-1,0,2,8,1,-1,-2,-2
-1,0,-3,2,-1,1,-1,1
-3,0,2,2,-4,0,1,3
0,1,-11,1,11,1,1,2
2,-2,-11,-6,-4,-1,1,5
9,-1,-3,-1,0,-4,0,5
12,4,11,-6,0,-3,0,8
5,3,30,-5,-3,-2,-1,-3
8,3,9,-5,0,-2,-1,-2
0,-1,23,-21,-2,0,-1,-6
0,-7,-16,-14,-1,-1,-4,-12
-2,-5,-19,-9,-1,-1,0,-4
-5,-4,20,-6,-3,-2,-1,-2
-5,-1,7,9,2,0,0,-1
-7,0,3,11,0,0,1,0
-2,1,19,13,0,-1,0,7
-1,1,1,5,-2,-2,-3,-2
0,-3,-28,0,-6,-5,-6,2
4,1,2,-5,-6,-5,-7,0
5,1,5,-17,-13,-6,-8,-9
5,8,-9,-6,-4,-3,-1,-1
-6,6,39,-5,-4,-2,3,14
-3,1,58,-3,-1,-1,-1,-11
-4,-4,16,1,2,0,0,9
1,-9,49,0,0,2,-3,29
16,7,3,-3,0,3,-2,21
19,18,-2,-2,11,5,1,61
1,13,7,4,11,5,6,50
3,17,-26,-5,7,2,0,24
-2,10,6,13,13,2,-4,11
-19,-15,-36,1,-8,0,1,-10
13,11,-57,-2,-3,-1,-14,-26
-2,1,-47,-12,0,0,-3,-9
0,-4,-36,-2,-3,0,0,-8
8,19,-18,-11,5,1,0,-10
-8,1,-1,4,4,0,9,-1
-18,-19,20,17,1,0,9,-35
-16,-26,10,-1,-4,-1,10,-45
-24,-35,16,43,-1,-1,7,-40
-21,-31,3,1,-6,1,11,-25
-1,-15,-3,29,4,0,-7,-20
-2,7,-8,26,15,2,-4,-19
11,11,1,6,-1,-4,-2,-7
21,11,3,26,2,-4,-6,-10
16,26,-27,0,-5,-3,7,11
14,8,-33,-1,-7,-2,4,25
3,-6,-59,-20,3,1,2,2
-6,-17,-67,-20,3,0,-4,7
-1,-4,-29,-6,1,0,-3,-2
-4,-11,-20,-9,-6,-5,-12,-21
9,-8,-2,20,1,-3,-8,23
2,9,27,24,-1,-2,5,-6
7,5,28,-2,0,0,8,13
14,1,36,10,4,4,4,30
8,2,27,-17,4,7,10,25
9,5,44,-9,4,12,8,30
9,-17,19,22,12,14,15,25
13,13,16,0,6,9,25,31
-3,3,34,12,-4,-1,7,-19
-5,-9,22,-7,-4,-5,-5,1
-5,7,55,-17,-11,-7,-3,-14
-19,-20,46,9,-5,-6,-19,-30
-10,-11,-3,-16,-4,-3,-9,-4
-1,-2,-13,-2,-3,0,0,-14
-11,-18,-69,-34,-20,-3,-10,-7
2,-10,-50,-45,-12,-5,2,-8
-7,-6,-10,-31,-10,-2,0,-17
1,-14,-10,-22,-9,-1,-3,-12
3,-5,29,5,7,0,1,-18
3,1,14,7,-1,2,4,-4
15,2,-15,6,1,2,-1,4
1,0,-5,-2,0,-2,3,11
2,2,-5,-3,-4,-3,-6,13
-1,-4,0,-3,-3,-2,-9,13
-2,-5,12,13,12,-2,-3,19
0,-3,17,9,7,-2,-6,5
0,-8,-6,1,11,0,-2,8
0,-2,-11,-5,6,-1,-1,-3
-1,0,-4,-8,-12,-1,0,-6
-1,-1,-14,-9,-8,0,0,0
0,2,12,2,-7,-1,-1,-1
0,0,-1,7,-3,0,0,4
2,1,3,3,6,0,0,5
1,1,1,9,1,0,-1,0
0,-2,-8,-3,-1,-1,-2,0
0,0,-7,0,3,0,-2,-4
-2,-2,-12,3,-5,0,-1,-6
-2,-2,-14,0,-1,-2,-1,-4
-2,0,-11,9,9,2,0,-2
-1,0,-8,6,0,0,0,3
0,0,-13,4,1,-1,0,0
0,0,-8,4,1,0,-2,-4
0,-2,-11,2,-8,-3,-2,-6
0,0,0,1,-6,-4,-2,-5
0,0,10,2,-2,-4,-3,0
1,0,5,-2,1,-3,-1,4
3,0,6,-2,2,-3,-1,5
3,0,-10,-2,6,0,-1,3
2,-1,4,-1,6,1,-1,0
1,0,3,2,-3,0,-1,1
0,0,2,0,-8,-4,-1,0
0,0,19,-1,-3,0,0,0
1,0,-6,-1,-3,0,0,0
-2,-1,-1,-1,2,1,0,-1
-2,-2,-8,-3,6,6,0,0
-3,-1,-7,1,0,2,0,1
-4,-2,-14,-3,0,1,0,2
-1,-1,-13,-2,0,0,0,1
-1,0,-9,0,0,0,0,1
-1,-1,-17,0,1,0,-1,1
-1,-1,-8,2,13,0,-1,0
-2,-1,-2,1,7,0,-1,1
-1,-1,1,1,4,0,0,1
0,-1,7,1,7,0,0,0
0,-1,5,0,-7,0,0,-1
1,-1,-2,-2,-3,2,0,-1
0,0,-7,2,2,0,0,-1
0,-1,-10,0,-2,0,0,-2
0,0,-5,0,-2,0,0,0
-1,0,-8,1,1,-1,-1,-1
-1,0,-6,-4,-2,-2,-1,0
-1,0,-7,-3,-1,0,-1,0
-1,0,-5,-2,3,0,-1,0
-1,0,1,-2,-1,0,-1,0
-1,0,2,0,-3,4,0,0
-1,-1,6,-1,-3,3,0,0
-2,0,4,-1,-6,1,0,0
-1,0,-9,-4,-6,2,0,0
-1,0,-6,-1,-1,-2,0,0
0,0,-14,0,-3,-1,0,0
0,-1,-13,-1,0,0,0,0
0,-1,0,1,-1,1,0,0
-1,-1,-2,-1,-3,0,0,0
-1,-1,5,-1,-14,-4,-1,0
0,0,4,2,0,0,-3,0
0,0,0,-2,1,0,-2,0
0,0,0,0,1,0,-1,0
-1,0,0,0,14,3,0,0
-1,0,3,-4,-5,-3,0,0
-1,-1,2,0,-6,-3,0,-1
-1,-1,0,-1,-5,-2,0,-1
-1,-1,0,0,-2,0,0,0
0,-1,-1,0,0,1,0,0
0,0,0,1,3,2,0,0
0,-1,-3,2,4,2,0,0
0,-1,5,0,2,0,-1,0
0,0,1,0,0,2,-1,-1
0,0,0,-1,-2,-1,-2,-1
0,0,8,-7,-12,-1,-1,-1
1,0,-6,-2,3,2,-1,0
0,0,1,-3,4,-1,-1,0
0,0,2,-5,1,0,0,-1
0,0,0,1,12,0,0,0
0,0,1,-1,-3,-1,0,-1
0,0,-4,-2,-2,0,0,-1
0,0,-4,2,7,2,0,-1
0,0,-6,0,2,3,0,0
0,0,0,1,5,2,0,0
0,0,3,4,3,0,0,0
0,0,5,1,-9,-3,0,0
0,0,-2,3,1,-2,0,-1
-1,0,-8,2,1,0,0,-2
-1,-1,-8,0,-1,1,0,-2
-1,-1,-8,0,5,2,-1,-2
-1,-2,2,-2,0,0,-2,-1
0,-1,-4,-3,-4,-3,-1,-1
0,-1,-9,-2,-2,-2,-1,-1
0,0,-10,0,0,-1,-1,0
0,0,-16,-1,-4,0,-1,0
0,-1,-11,0,-7,-3,-1,0
0,-1,-7,-5,-4,-1,0,0
0,0,-6,-4,-9,-2,0,0
0,0,5,-2,1,-2,0,0
-1,0,9,-3,8,2,0,0
0,0,16,1,4,0,-1,0
0,0,8,0,9,1,0,0
0,0,9,1,0,2,0,0
0,0,4,0,-2,1,0,0
0,0,3,2,4,0,0,0
0,0,7,2,2,-1,-1,0
0,0,-4,0,1,-2,-1,0
-1,0,8,0,-2,-4,-1,0
-1,0,-4,-2,-4,-2,-1,-1
-1,-1,-2,-5,-7,0,-1,0
0,0,-9,0,4,0,-1,-1
-1,0,-18,0,9,2,-1,-1
-1,0,-1,0,4,0,-1,-1
-1,0,-1,2,9,0,-1,-1
-1,0,7,0,-2,0,0,-1
-1,0,3,0,-4,-2,-1,-1
-1,-1,-5,1,-2,-2,0,0
0,0,-5,0,1,0,-1,-1
-1,0,0,4,1,-1,0,-1
-1,-1,0,2,0,0,0,-1
-2,-1,0,2,6,2,0,-1
-1,-1,2,4,-1,1,0,0
-1,-1,0,-2,-6,-6,-2,-1
-1,0,-2,0,4,0,-2,0
-1,-1,0,1,1,0,-2,0
0,-1,6,-1,6,1,-2,0
0,-1,8,0,6,4,-1,0
0,-1,7,-1,-7,-1,0,0
0,-1,2,-5,-5,-3,-1,-1
0,0,-6,-2,-6,-2,1,-1
0,0,-5,-3,-2,-1,0,-1
-1,0,-3,-2,-3,-2,-1,-1
0,0,0,-2,-2,0,-1,-1
0,-1,0,-1,-1,-2,-1,-1
0,-1,0,0,-3,-2,-1,0
0,-2,-1,0,0,1,0,-1
0,-1,-2,1,0,0,0,0
-1,0,-1,1,-3,2,0,0
-1,-1,-3,-6,1,2,0,0
-2,0,-1,-4,0,-1,0,0
-2,0,0,-5,-2,-1,0,0
-1,-1,0,-5,-1,-1,0,0
-1,-1,0,1,-6,-2,0,0
-1,-1,0,0,0,-2,0,-1
0,-1,0,1,1,-2,0,-1
-1,0,-1,0,5,-1,-1,-1
0,0,2,-1,0,-2,-2,-1
0,0,-5,0,-4,-1,-2,-2
0,0,-13,0,1,4,0,0
-4,0,5,4,-1,2,0,-2
-2,0,5,8,5,4,1,-9
-8,2,-1,14,6,2,3,12
-6,2,19,8,-1,-12,0,-7
3,-1,-26,0,-1,3,-4,18
0,3,-7,10,1,12,4,39
12,-1,32,-5,-3,1,1,19
14,5,29,4,-2,15,-4,40
9,12,80,20,0,1,11,45
0,-8,31,-15,-11,-16,-12,6
-1,4,31,-2,-7,8,-19,-16
-9,0,31,-13,0,4,-2,-6
-2,-14,-8,-4,-6,-1,-20,-37
15,11,26,16,5,2,-9,10
-2,-17,-31,-5,-2,-12,9,16
0,-14,-50,15,0,-13,-7,-1
1,-1,-4,-21,8,-3,9,15
-14,-23,-44,-28,-1,-5,3,-1
12,10,3,0,7,-6,5,1
10,-9,-10,-34,-20,-4,6,9
2,-7,-48,-13,-6,-5,-3,-27
10,7,13,2,-2,3,12,-18
-8,-8,-17,-27,-2,10,5,-10
-8,-5,-9,1,12,0,-3,-20
-10,-20,-16,-17,-8,-6,-22,8
-8,-16,-14,-1,-2,-9,-11,21
-13,-16,10,5,-9,-15,-23,3
3,9,42,8,1,-9,-8,7
2,36,76,38,5,12,-2,-7
-5,17,17,4,5,13,-20,-17
7,28,-3,0,8,7,-12,12
-1,25,-12,-7,-4,-1,-5,17
6,7,-43,-23,-4,-10,26,47
6,17,-34,-18,-7,-6,20,22
10,20,-18,17,-1,8,19,9
3,-7,-47,-2,-3,14,14,5
4,-5,-31,23,12,-1,-9,-15
14,-9,-17,25,7,-4,16,6
4,-28,0,18,3,-13,15,28
11,-11,21,22,13,-4,16,29
-1,-4,45,16,-4,2,25,22
-2,2,36,3,0,2,11,17
0,10,45,-23,-4,-12,14,-3
10,18,36,9,-5,-17,-13,-1
16,-10,1,-29,-11,-14,-18,0
10,-6,40,-10,-8,-18,-22,-14
19,-10,8,8,-5,-6,-29,-5
-2,-30,-9,-16,-6,-8,7,-11
-2,3,11,-5,-1,-9,7,-12
-4,5,-3,3,-6,-10,7,-13
-10,-15,9,-14,-5,-5,12,-17
-6,-1,37,-9,-7,-3,-2,-30
-6,-14,0,-4,-12,-8,-5,-18
-4,-18,-6,-12,-12,-2,-5,-16
-7,0,-40,1,8,-8,13,-8
1,0,-30,15,9,2,10,4
0,1,-8,21,12,10,13,0
4,4,-9,6,10,-1,11,10
1,4,-3,8,-12,1,-14,-5
-2,3,-7,-19,-12,-14,-21,-5
9,3,-19,-11,-1,-1,-1,22
1,2,-8,-5,3,10,6,4
4,0,3,-15,5,8,10,11
4,0,4,6,7,17,22,13
-6,0,13,-3,-2,-5,0,-11
0,-3,-3,0,0,-9,-7,2
0,0,0,2,-1,-1,-4,3
0,0,-8,-1,-9,-5,-8,3
-2,0,-4,0,0,-4,-7,-10
-3,-1,-1,-2,-1,-1,-6,-8
-2,-2,-6,-2,0,-1,-6,-15
-3,0,-2,-1,8,0,-5,-15
-2,-1,0,0,-5,3,-3,-10
-2,-1,-2,-2,-4,1,-3,-11
-1,-1,0,0,-4,0,-2,-1
0,-2,-3,0,0,0,-2,-2
0,-1,-2,-1,2,0,-2,0
0,0,-3,0,-3,-2,-3,1
0,1,-1,3,-3,-3,-3,-5
-1,0,6,2,-4,-1,-2,-3
-1,0,5,2,-4,-3,-3,-5
-1,0,5,-2,-13,-3,-3,-6
-1,-1,10,-4,1,-2,-2,-4
-1,0,0,-4,-1,-1,-2,-4
-1,1,-5,-3,1,0,-1,-1
-1,0,0,4,12,-1,0,-2
-1,0,-5,1,-7,-1,-1,-1
0,0,-3,0,-4,0,-1,-1
0,0,1,-1,-7,-1,-1,-2
0,0,-3,0,0,3,-1,-1
0,0,-4,1,1,1,-1,-2
-1,0,-13,0,1,-1,-1,-2
-1,0,-10,3,3,0,-1,-1
-1,0,-7,2,0,-2,0,-1
-1,0,-3,2,0,-1,-1,0
0,0,2,4,0,-1,-1,0
0,0,0,0,0,-1,-1,0
0,0,0,-1,-1,-1,-1,-1
0,-1,-5,-1,-1,-2,-1,-3
0,-1,-3,-1,-4,-2,-1,-2
0,-1,-2,-3,0,0,0,-2
0,-1,-3,-2,-1,0,-1,-2
0,-1,-1,-3,-9,-2,-1,-1
0,0,2,-1,5,2,0,-1
0,0,-3,3,0,0,-1,0
-1,0,2,0,0,1,-1,0
-1,0,4,2,12,5,0,0
-1,-1,-1,-4,-9,-2,-1,0
-2,-1,1,-4,-3,0,-1,0
-1,0,-4,-4,-7,-3,-1,-1
-1,0,-6,-3,-6,-4,-2,-2
0,0,-4,0,0,0,-2,-1
0,0,-3,-1,-3,-2,-2,-1
0,-1,0,1,-1,-2,-2,-1
0,0,0,-1,-1,-1,-1,0
0,0,-1,-1,0,-2,-1,-1
0,0,3,1,0,-3,-2,-1
0,0,-1,-1,1,-4,-1,-1
-1,0,13,0,2,-3,-2,-1
-1,0,12,2,1,0,0,-1
0,-1,10,0,0,3,2,-1
0,0,10,-6,-7,2,2,0
1,0,-9,-2,3,3,2,0
0,0,-2,-4,1,-2,-1,0
0,-1,-4,-3,4,-1,-1,0
-1,-1,-2,3,9,1,-1,0
-1,-1,0,-3,-7,-3,-1,-1
-1,0,-5,-1,-4,-1,-1,-1
-1,0,-7,-2,-5,-3,0,-1
0,0,1,1,0,-2,-1,-1
0,0,4,3,2,-1,-2,0
0,0,9,4,4,2,0,0
-1,-1,-2,4,5,2,0,0
-1,-2,-14,0,0,-1,2,0
-1,-1,-13,-1,-1,2,0,0
-1,-1,-19,0,2,0,-1,-1
0,0,-11,0,1,1,0,-1
0,0,-10,1,3,1,-3,-1
0,0,-10,2,2,3,0,0
0,0,-14,-3,-5,2,0,0
-1,-2,-1,0,7,2,0,0
0,0,-1,-3,4,4,1,0
0,0,2,-1,8,-2,0,-1
-1,1,4,2,13,-1,0,-1
-1,0,-7,-1,0,-4,0,0
-1,0,-5,-1,1,-4,-1,-1
0,0,-7,0,2,-2,0,0
0,-1,-9,-1,-5,-4,0,0
0,0,0,1,-5,-3,-1,0
0,0,7,1,-3,-3,0,0
0,0,10,1,-1,-1,0,0
-1,0,12,3,3,0,0,0
0,0,7,1,1,0,0,0
0,0,2,3,0,0,0,0
0,0,-11,0,0,-2,0,-1
0,1,-4,0,-2,-2,-1,-1
0,0,-4,-1,-2,0,0,-1
0,0,3,-2,-8,-3,0,-1
-1,-1,0,-2,-1,-1,0,-1
0,0,5,-1,0,-1,0,0
0,0,6,-1,0,-1,0,-1
-1,0,-5,0,11,2,0,-1
-1,0,12,0,-2,1,0,0
-1,-1,0,-1,-7,0,0,0
-1,-2,3,0,-3,-2,-2,-1
-1,-2,3,-4,-7,-2,-1,-1
0,0,5,-2,0,0,-1,-1
0,0,1,-1,7,-1,-1,0
0,0,-3,1,0,4,0,0
0,0,-1,3,0,1,0,0
0,-1,-11,0,-1,0,0,0
0,-2,-7,-1,-6,0,-1,0
0,-1,-2,-2,-1,-2,0,0
0,-1,4,-4,-6,1,0,0
0,-1,-2,-2,-3,-1,0,0
0,0,4,1,2,1,0,-1
0,-1,2,0,-1,-2,-1,-1
0,0,-8,2,4,0,-1,0
0,0,0,0,0,0,0,-1
0,-1,-2,-2,-2,0,-1,0
-1,0,-5,-2,-11,-2,-1,0
0,-1,-3,-1,1,0,0,0
0,0,4,1,8,2,0,0
0,0,4,-1,-9,-3,0,-1
-1,0,3,-6,-9,-4,-1,-1
-1,0,2,-5,-10,-3,-1,0
-1,-1,0,-4,-8,-2,0,0
0,0,1,-4,0,0,0,0
-1,0,-1,1,-7,0,0,-1
0,0,-3,0,6,1,0,-1
0,0,-1,0,-1,0,0,-1
0,-1,-2,0,1,1,0,0
0,-1,-1,0,8,0,0,0
0,-1,2,0,-8,-2,-1,0
-1,-1,-1,0,-2,-2,-1,0
-1,0,3,0,-4,-1,-1,0
-1,0,1,3,2,0,-1,0
0,0,0,2,4,2,0,-1
0,0,3,2,4,1,0,-1
0,0,3,2,3,2,0,-1
0,0,6,0,-1,1,1,0
0,-1,-1,0,0,0,0,0
0,0,-3,0,0,-1,0,0
5,-1,-18,-2,-2,-4,-2,2
-7,-2,2,-2,-1,-3,-2,-5
-7,-2,12,-3,-2,-3,-2,-4
-1,-3,-6,-5,-2,-3,-2,-2
-14,-4,2,-4,-2,-4,-5,-9
2,0,-9,-5,9,0,-2,1
3,0,-7,-2,8,1,-2,1
-1,1,-1,-5,10,1,-2,0
5,1,-5,-5,6,1,0,-3
2,0,-17,-4,-6,-6,-1,7
-8,-2,-34,-7,-4,-6,-5,-11
-8,-3,-11,-3,-8,-6,-6,-17
-6,-2,2,4,-1,-2,-2,0
-9,-2,-6,8,2,1,1,-7
0,4,-3,11,2,1,2,-5
0,0,-33,5,2,2,4,-1
1,-2,-31,-7,-5,0,2,-3
10,4,1,5,-6,-3,2,8
0,0,8,0,-8,-9,-1,20
-4,3,37,8,-7,-9,-5,0
-6,6,13,12,0,-19,3,3
-17,-2,-13,-5,-2,-12,-5,-23
-7,-5,-44,-11,0,5,4,-19
4,10,-44,3,3,10,8,0
9,11,-41,0,3,27,8,-8
16,10,-41,15,2,10,15,13
-3,-6,-23,18,-3,-11,1,-10
-12,-8,-28,-13,-12,-16,-1,0
-10,-7,-2,12,-11,-28,-19,3
-19,-8,10,15,-5,-19,-15,9
-8,-4,-2,2,-2,-10,-31,17
-8,-9,3,23,6,-6,-13,-14
-17,-7,0,-9,6,1,0,0
-4,4,-17,-23,2,0,-9,-11
9,18,24,1,1,-8,22,3
0,0,9,-33,-13,-34,-4,8
-8,0,15,-2,-11,-2,-22,9
-4,-9,46,17,-6,4,3,22
-10,16,50,37,-7,13,-6,11
10,1,38,49,11,36,10,52
0,-11,43,46,7,0,44,24
0,-15,29,16,1,-4,17,-2
2,-28,14,-4,8,-7,28,15
-8,-3,19,1,0,-7,14,-2
11,-5,-9,-8,0,-7,5,20
-5,17,2,-8,-5,-6,0,8
-1,14,-23,-28,-5,-1,-14,2
0,13,7,-9,-3,-2,-1,-2
2,28,35,-37,-7,-4,-22,-39
12,10,10,3,5,0,-10,-13
11,0,38,14,4,7,7,6
14,-4,12,15,7,14,-7,0
12,-5,8,42,8,25,10,16
7,-10,-10,-6,1,21,7,9
3,0,2,5,0,12,6,-5
-1,12,9,-13,-9,0,12,-5
-1,12,4,-10,-11,-11,3,-3
7,25,24,15,2,-12,2,7
2,10,-15,-2,9,-10,-4,11
0,6,-8,12,16,0,-3,9
5,0,-14,0,17,2,2,17
-2,-14,-21,0,8,10,3,3
1,-4,-5,1,2,7,8,-4
5,-9,-28,-3,2,0,5,0
-4,-11,-36,3,2,0,-5,-4
-3,-8,-18,-6,-13,5,-1,-4
-5,-12,-27,-8,-1,-1,-5,-3
-5,-10,-13,-5,-4,0,-1,1
0,-3,-17,-13,-5,0,7,-3
-2,0,-26,-11,9,-11,2,-5
-2,-1,-21,-7,-13,-11,0,-6
-1,0,-7,-13,-8,-11,0,-7
-2,-2,-2,-6,-10,-5,-2,-2
-2,-1,1,-2,7,0,0,-1
0,0,2,-1,11,1,0,0
0,0,-6,2,6,5,1,1
0,-2,-5,0,8,2,1,-1
1,-2,-4,-3,-10,-4,0,-1
0,-3,-2,-3,-7,0,2,-2
0,-3,-5,-3,-8,-3,2,-2
0,-2,0,-4,-3,-2,1,0
0,-1,0,-3,-8,-3,0,-1
0,-1,-7,-2,-3,-3,-1,-1
0,0,-4,0,-1,-1,-2,0
0,0,-9,-1,-5,-3,-1,-2
0,-1,-20,1,4,0,-1,0
0,-1,5,2,-2,0,0,-1
0,-2,-1,-3,-2,-3,0,-2
-1,-3,-3,0,-4,-1,-1,-1
0,-3,-14,-4,-9,-2,0,-1
0,-2,-11,-4,-6,-4,-1,-1
-1,-2,-5,-2,-11,-2,-1,-1
-1,-1,-6,-3,-7,-4,-1,-1
-1,-1,17,-4,-4,-5,-1,-2
-1,-1,-9,-2,-7,0,0,-2
0,-1,-8,-1,3,0,0,-1
0,-2,-14,-3,3,2,0,0
0,-1,-12,-1,1,3,0,0
0,-1,-11,0,3,1,0,0
0,-1,-10,-1,0,7,0,0
0,0,-4,1,4,6,0,0
0,0,-10,2,4,5,0,0
0,0,-4,0,2,4,0,0
0,-1,-4,-3,-2,-4,-2,0
-1,-1,5,-1,-2,-3,-2,-1
-1,-1,2,-4,-3,-4,-2,0
-1,0,4,-3,-1,-2,-1,0
-1,0,3,0,0,-1,0,0
-1,0,-3,-3,-1,-2,0,0
0,0,0,-2,4,-1,0,-1
0,0,-1,0,5,-2,-1,-1
0,0,-3,-2,4,-1,0,0
0,0,-8,-2,-3,-1,0,0
0,0,3,-1,-7,0,0,-1
-1,0,3,-1,-6,0,0,0
-1,0,6,-4,-3,0,-1,0
-1,0,5,-3,0,0,-1,0
-1,-1,-7,-8,-3,-3,-2,-1
0,0,-7,-6,-3,-1,-1,-1
0,0,-9,-1,-7,-1,0,-1
-1,0,-4,-2,-5,-2,0,-1
0,0,-2,1,-1,0,0,-1
0,0,-1,-1,-3,-3,0,0
0,0,1,0,-2,-2,0,0
0,0,-1,0,0,-2,-2,0
0,0,0,0,-1,-4,-1,-1
0,-1,6,1,-7,0,0,-1
0,-1,8,2,9,2,0,0
-1,-1,5,2,4,2,1,0
-1,0,9,3,1,3,1,0
-1,-1,-6,0,8,0,0,0
-1,-1,-18,-1,-7,-1,0,0
0,-1,-7,0,-2,-1,0,0
0,-2,-14,-3,-3,-2,0,0
0,0,-3,0,-2,-2,0,0
0,0,4,0,-1,0,0,0
0,0,-5,1,0,0,-1,-1
0,0,-4,-1,1,2,-1,-1
-1,-1,-3,0,0,2,-1,-1
0,-1,-6,-1,-2,-1,-1,0
0,-1,-1,-3,-7,0,0,0
0,-1,2,0,-4,-3,-1,0
0,0,-2,-3,-8,-3,0,0
-1,-1,-15,-4,-4,-2,-1,0
-1,-1,-8,-2,-10,-1,-1,0
-2,-3,-26,-4,-14,-1,0,-1
-2,-3,-23,-3,-11,-2,-1,-1
-1,-3,-3,-2,-10,0,-1,0
-1,-2,-2,-2,-5,-3,-1,0
0,0,12,0,-1,-2,-1,0
0,0,12,-1,-2,-1,0,0
0,0,6,0,-2,-2,0,-1
0,0,3,2,2,1,1,-1
0,0,2,1,2,0,1,0
0,0,3,2,5,2,0,0
0,0,3,3,5,0,0,0
0,0,-1,1,1,-1,-1,0
0,0,3,0,2,0,-1,0
0,-1,3,2,-2,0,-1,-1
-1,-1,-8,-1,-2,0,0,-1
-1,-1,-4,-2,-1,0,0,-1
-1,-1,-11,-4,-12,-3,0,-1
-1,0,-11,-3,-1,-5,-2,-1
0,0,2,-1,2,0,0,0
0,0,4,-1,-3,-3,-1,0
-1,0,11,0,6,-1,0,0
-1,0,7,0,0,-1,0,0
-1,0,8,-1,-6,-6,-2,0
0,-1,0,-2,-3,-4,-1,0
0,-1,-2,-5,-1,-3,-1,0
0,-2,3,-5,-4,-3,0,0
0,-2,1,-5,-1,-2,0,0
0,-1,4,-1,5,2,0,0
0,-1,5,1,2,1,0,0
0,0,-2,-1,0,0,0,0
0,0,20,0,-3,-1,-1,0
0,0,15,-2,-7,-2,-2,0
0,0,12,-1,-5,-2,-1,0
0,0,15,3,7,3,0,0
0,0,-11,2,10,3,0,0
-1,0,6,3,11,1,1,0
0,0,4,2,7,2,0,0
-1,-1,10,-1,-6,-4,0,0
-1,0,3,0,-5,-3,0,-1
-1,0,5,1,6,1,-1,-1
0,0,0,2,-7,-2,-1,-1
0,0,-2,3,-2,-1,-1,-1
0,0,-3,6,3,0,-1,-1
0,0,1,4,1,0,0,0
0,-1,0,-1,0,1,0,0
0,-1,5,-2,-2,-1,0,0
-1,-1,5,-4,5,-2,0,-1
-1,0,0,-1,5,1,0,-1
-1,0,1,0,9,1,0,-1
-1,0,-4,2,12,3,0,-1
0,0,-4,1,-3,1,0,0
0,-1,-8,-3,-4,-4,-1,0
-1,-2,-7,-3,-4,-3,-1,0
-1,-1,0,-2,-7,-3,0,0
0,-1,-1,-2,-1,-2,0,0
0,0,3,0,1,-2,0,0
0,-1,0,0,1,-1,0,0
0,0,0,-3,1,-1,0,0
0,0,-1,-3,0,-2,0,0
0,0,0,0,5,0,0,0
0,1,-1,0,1,0,0,0
0,0,-14,-1,0,-1,0,0
0,0,-8,0,1,-1,0,0
-1,-1,-17,-3,-4,-1,0,0
0,-1,-15,-2,-4,-2,0,-1
0,0,6,0,-2,-2,0,-1
0,-1,3,-3,-2,-1,-1,-1
0,0,5,-4,-5,-5,-1,-1
6,0,11,-4,-7,-2,-2,0
-7,1,8,2,6,2,2,5
-3,1,0,3,2,1,3,6
-3,1,8,12,10,5,3,10
-14,0,21,13,10,-5,0,-7
0,0,33,1,-8,-21,-8,-11
-8,-3,58,8,-2,-7,-1,-18
-2,-4,63,-7,-6,-2,8,-1
2,11,54,-15,-6,0,19,35
-19,-7,9,-25,0,20,9,15
-11,-12,-36,-30,0,5,20,45
-28,-10,-57,-16,-7,-4,14,9
-28,-18,-40,-11,0,2,0,-29
-11,-4,-39,12,-3,-3,22,-1
-20,1,-19,8,-3,1,-6,-15
8,13,-27,-6,1,1,-7,22
0,14,-20,10,3,0,0,26
13,20,36,1,7,-3,-12,14
28,22,56,3,5,-7,9,13
4,7,50,1,2,1,0,6
0,8,17,-6,-3,-2,-15,-6
9,18,-12,21,-3,-3,-10,16
-12,-1,-21,17,-17,-13,-15,-2
4,-1,-3,26,-2,-8,-25,-49
12,-20,12,12,-1,-10,-22,-28
5,-31,1,-6,-1,5,-12,-51
23,-16,-11,-20,11,15,-20,-49
8,-25,-4,-2,1,0,-7,-30
20,-21,-19,18,1,3,0,-29
10,-21,11,32,-3,-13,0,-14
6,-1,32,37,-9,-13,-9,-16
0,-9,9,10,-10,-13,-10,-26
-2,22,0,14,-4,-8,1,9
1,19,12,-16,-12,-6,-18,-22
1,8,-20,-5,-2,2,-4,-31
9,29,16,5,-4,9,3,10
0,6,42,-15,-7,-2,-15,-46
1,3,-11,0,5,21,17,-1
6,1,0,-5,7,17,15,33
-2,0,-13,-2,6,24,20,9
19,-1,-52,3,6,28,43,67
8,2,-17,1,0,-3,17,41
0,1,-11,30,2,-2,20,24
11,0,-27,-4,1,-19,7,35
-2,1,28,12,4,-8,-4,1
-1,-3,23,5,3,1,-7,-2
-3,-3,33,-14,-6,-5,-3,1
-2,-8,40,10,2,3,-4,-8
-5,-6,2,-5,-1,3,0,-13
-2,-5,-19,-8,0,-4,5,-7
0,-5,-32,-11,4,9,-1,-2
0,0,-27,-8,-2,5,4,3
-2,-1,-16,-9,-5,-1,-1,5
-1,3,-8,-4,-1,4,-2,8
0,2,6,4,-1,-12,2,2
-1,0,-2,10,0,-7,1,-4
-2,0,-13,7,-3,-6,0,2
-2,-4,-1,-2,3,-3,-2,3
-2,-3,-8,-5,0,-2,-3,0
0,0,9,-6,0,-4,-6,4
0,0,15,-2,10,0,-3,0
0,2,9,-1,-3,-2,0,-1
-1,0,12,0,-3,2,-1,-1
-1,0,1,-1,-1,9,3,0
-1,0,2,-5,-7,-1,2,1
-2,-3,0,0,-6,-5,-1,-3
-1,-2,-5,-1,-8,-2,-1,-2
-1,-3,0,2,2,-7,-4,-2
-1,-2,0,6,2,-5,-2,0
0,0,5,12,9,1,0,2
0,-1,6,11,15,-2,0,1
0,0,0,8,2,0,1,1
0,0,0,5,1,1,1,0
-1,0,-3,0,0,0,0,-1
-1,0,-12,0,2,0,0,-1
-1,0,2,0,-1,-5,-3,-1
0,-1,-2,-2,1,-3,-2,-1
0,-1,1,-4,-2,-3,-2,-1
0,-2,11,-5,-5,-3,-2,-1
-1,-1,0,-6,-14,-5,-1,-2
-1,-2,3,-4,-4,1,-1,-1
0,-1,1,-5,0,2,0,-1
0,-1,2,0,5,3,1,0
0,-1,2,-1,14,8,1,0
0,-1,1,-2,-2,-2,0,0
0,-1,0,2,-2,0,0,0
-1,-2,0,-4,-10,-1,-1,-1
-1,-2,-1,-3,-5,-3,-2,-1
0,-1,2,-1,2,11,4,0
-1,-1,-1,-1,3,5,1,-1
0,0,-4,0,2,4,1,-1
0,0,-4,1,2,5,0,-1
-1,0,-5,0,-3,-6,-4,-2
-1,0,0,-1,-4,-5,-3,-1
0,0,0,0,0,-1,-3,0
0,0,3,-5,1,-1,-1,0
0,0,3,-2,4,2,-1,1
0,0,-1,-4,0,0,0,0
0,0,-1,-4,-2,-5,-1,-1
0,-1,8,1,-2,-2,-2,-1
-1,0,11,0,-1,-5,-1,-2
-1,-1,7,0,-5,-1,0,-2
-1,0,10,0,3,0,0,-1
-1,0,0,1,5,-1,0,0
-1,-1,-3,1,5,-1,0,0
-1,-1,2,1,10,-1,-2,0
0,0,11,1,0,0,0,0
-1,0,3,0,-4,-4,-1,0
0,0,0,0,-4,-5,0,-1
0,0,3,1,0,-3,0,-1
-1,0,-4,0,2,-6,-3,-2
0,0,0,1,0,-4,-1,-1
0,0,-2,-3,-2,-3,-1,0
0,0,-2,-1,-3,-5,-1,0
0,0,-6,-2,-4,-1,1,0
-1,0,-3,-3,-1,-1,0,0
0,0,-3,2,-1,0,1,-1
0,0,-3,-2,-12,0,1,-1
0,0,0,0,-5,-1,0,-1
0,-1,-13,0,-7,0,0,0
-1,-2,-8,0,-9,-1,0,0
-1,-2,-11,0,1,-1,0,0
-1,-2,-12,0,-2,0,-1,0
-1,-1,-1,-1,-1,-3,-1,0
0,0,-7,-2,-1,0,1,0
0,-1,0,-1,-1,0,1,0
-1,-2,-7,-6,-6,-1,2,0
-1,-1,0,0,-1,0,0,0
-1,-1,-1,1,3,-2,-1,0
-1,0,5,1,5,1,-1,0
-1,0,10,3,6,1,-2,0
-1,-1,4,0,0,-2,-1,-1
-1,-1,8,-4,0,-1,-2,0
-1,-1,-7,-5,-8,-2,-2,-1
-1,-1,-2,-5,-4,-3,-2,-1
-1,-1,7,-3,0,0,-1,-1
0,0,8,1,-10,-2,0,-1
0,0,10,3,-6,-2,-1,-1
0,0,5,0,-9,-3,0,-1
0,0,-4,-2,-16,-4,0,0
-1,-1,-4,-2,-5,-3,-1,0
0,-1,-1,-2,-5,-2,0,0
0,0,-1,0,-4,-1,-1,0
0,0,0,0,-1,-1,-2,0
0,0,0,0,-1,-2,-2,-1
0,0,1,0,-2,-2,-3,-1
0,-1,-7,-2,-2,-1,-2,-1
-1,-1,-17,-3,-3,0,-1,-1
-1,-1,-13,-1,1,1,0,0
-1,-1,-17,-3,0,-5,-2,0
-1,0,-10,0,0,-1,0,0
0,0,1,1,5,-1,0,0
0,0,-2,0,-1,-1,0,0
0,0,-3,0,2,4,1,0
0,0,-2,0,-6,-2,-1,0
0,0,4,-1,2,-3,-3,0
0,0,-6,-2,1,5,0,0
0,0,5,1,6,8,1,0
0,0,2,2,13,8,3,0
0,0,-17,0,0,9,3,0
0,0,-2,1,-1,-4,-2,-1
-1,-1,-12,-3,-8,-7,-3,-1
-1,-1,-11,-2,-11,-7,-4,-2
-1,0,2,-6,-5,-5,-2,-1
0,-1,-1,3,3,1,0,0
0,0,-6,4,5,2,0,0
0,0,1,3,11,3,0,0
0,0,-8,6,5,1,-1,0
0,0,-3,-5,-7,-4,-2,-2
0,0,5,-5,-10,-6,-2,-2
0,0,0,-4,-9,-7,-1,-2
-1,0,-3,-2,-1,0,0,0
-1,0,0,-3,-6,-1,-1,-1
0,-1,0,-3,-3,-3,-1,0
0,-1,3,-2,-3,-1,0,0
0,0,0,-1,0,0,0,0
0,0,1,-1,-1,-1,0,0
0,0,2,0,4,2,0,0
0,1,4,2,8,1,0,0
0,0,2,0,8,0,0,0
-1,0,1,0,6,1,0,0
-1,0,2,-1,0,-1,-1,0
-1,-1,1,-3,-7,-3,0,0
-1,0,0,-4,-7,-3,-1,0
0,0,-1,-3,-5,-3,-1,0
0,0,-9,-3,-3,-1,0,0
0,0,7,-2,-1,0,-2,-1
0,0,6,-2,-4,-2,-1,-1
0,0,-3,-2,-2,-1,0,-1
-1,0,4,0,0,-1,-1,-1
-1,0,-12,3,-3,-4,-1,0
-1,0,-11,-1,-6,-4,-1,-1
-1,-1,-2,-3,-5,-2,-1,0
0,-1,0,-2,-8,-2,-1,0
0,-1,-11,-7,-5,0,-1,-1
0,-2,-3,-5,-3,0,-1,0
-1,-2,0,-3,-8,-4,-2,0
-1,-1,-3,-4,-5,-6,-2,0
0,-1,25,-2,-8,-5,-2,2
1,0,18,0,-4,-3,-1,0
-6,0,20,0,1,-3,-1,-5
-7,-1,7,-1,-5,-1,-1,-3
-5,-2,-10,-3,-5,-3,-1,-3
-3,-2,-14,2,-1,1,-2,1
8,-1,-5,6,-10,0,2,23
4,0,6,7,6,-4,0,11
1,-1,-16,2,1,-7,-2,-6
-9,-3,12,-16,-4,-3,-2,-12
3,-6,-1,-19,5,-4,-9,-34
-9,-11,-3,-10,-8,-16,-10,-36
-10,0,39,0,1,8,5,-18
-4,-2,0,1,2,0,-2,8
-16,-1,25,9,2,7,9,-1
-9,0,16,-5,-5,21,-5,-4
-3,1,-23,-39,-12,3,3,25
17,8,-31,-16,-13,1,7,-2
16,18,-75,-20,-6,-5,1,9
33,21,-57,-3,-3,-2,6,22
23,0,-52,32,0,-4,-15,6
-6,-1,-6,40,9,-1,-6,11
-16,-9,41,39,-1,6,-13,20
-14,-5,48,48,21,10,8,54
-27,-8,51,35,18,4,0,25
-20,-4,54,42,14,5,15,20
-18,-8,2,16,15,-1,2,4
-25,-21,3,-15,-9,-8,10,-22
-18,-9,17,6,7,0,18,-30
-2,-3,-6,-16,5,0,-1,-7
12,7,26,8,11,8,24,6
25,10,9,22,13,5,0,5
35,4,-7,17,0,2,-6,23
21,-3,10,19,-9,0,-5,-1
13,-8,-4,4,-4,-6,-19,0
0,-5,-15,1,-5,-5,-16,7
-4,-4,-20,6,0,0,-7,12
-1,-5,-38,-3,8,-7,-30,1
0,-4,-33,21,0,1,-22,27
-4,1,-38,24,7,5,-17,-11
2,0,-38,-3,-3,-2,-14,-13
-1,-7,-58,-14,-2,3,12,3
-1,1,-49,-37,-5,7,-6,-43
-1,-2,-22,-26,-2,6,-7,-26
-10,4,1,-10,-1,6,-19,-49
-6,12,11,6,0,11,-17,-45
-9,1,5,16,-1,-7,-6,-25
1,1,-16,-14,1,-12,0,-6
6,2,-13,-15,4,-6,9,24
-2,-11,-15,-7,0,-9,-8,17
-2,-13,-8,-2,0,-9,-8,2
-17,-6,16,24,-3,-6,-7,-8
-14,-9,16,18,-4,-5,-1,-26
-9,2,42,12,0,-5,10,-22
-11,3,27,9,-2,-10,11,-14
-2,2,13,-4,-1,-2,1,-9
-3,2,-3,1,2,-4,9,8
-1,-2,-17,-9,-8,-9,0,15
3,2,-3,-6,3,3,4,11
-4,-7,3,-7,-3,-9,3,1
1,-2,11,-10,-4,-9,-6,0
-3,2,11,6,9,-3,1,-1
-7,-3,0,2,-4,-3,-2,3
-2,1,0,-3,-3,4,3,12
-7,-2,-8,-5,-2,2,1,6
-4,0,-14,-2,-5,2,0,6
-3,0,-1,0,4,3,3,0
-5,-2,-8,8,1,0,1,-1
-1,1,0,10,-1,2,1,0
-4,-4,3,-2,-5,0,1,-3
-2,-1,-2,-4,5,3,0,2
-1,0,2,-3,3,1,0,1
-3,-1,2,-3,0,0,-1,2
0,0,7,-2,0,-1,-2,4
-2,0,13,2,-11,-2,-2,2
-1,0,12,8,-3,0,0,4
-1,0,16,6,3,3,0,1
-2,0,7,9,10,5,2,0
-2,0,0,1,1,0,1,0
-3,-3,7,-5,-2,0,0,0
-3,-1,2,-4,-7,1,2,0
-1,0,3,-6,-6,1,1,-1
-1,-1,3,-2,6,3,3,-1
0,0,-7,0,1,2,2,0
-1,0,-4,-4,7,2,0,0
-1,0,-2,2,5,1,1,-1
-1,0,-1,0,-3,0,-1,-1
-1,0,0,0,3,0,0,0
-1,-1,-1,4,-2,-3,-1,0
-1,-1,-3,-4,-5,-3,-2,0
-2,-2,-3,-3,-6,-3,-2,0
0,-1,-4,-1,-5,-2,-2,0
0,-1,-3,-1,-3,-2,0,0
0,0,-5,0,-8,-5,-1,-2
0,0,-3,0,-1,0,0,-1
0,-1,-5,-2,-2,-2,0,-1
0,0,-4,-1,-1,-2,-2,-1
0,-1,2,1,5,4,0,0
0,-1,-2,0,-3,-2,-3,-1
-1,-1,1,-2,-13,-4,-1,-1
-1,-1,1,-2,1,0,-2,-1
0,0,-1,-1,0,-3,0,0
0,0,1,-1,6,1,2,0
0,0,0,2,14,4,0,0
0,0,-1,-1,-6,-1,1,-1
-1,0,0,-2,-7,-2,-1,-2
-1,0,-1,0,-4,-2,0,-1
0,0,1,-3,-5,-2,0,-1
-1,-1,0,-1,-2,-2,0,-1
-1,-1,-1,-1,0,-1,0,0
-1,-1,-4,0,-3,0,0,0
-1,0,0,2,2,4,0,0
0,0,-2,4,6,7,1,0
0,-1,-15,1,2,5,-1,0
0,-1,-11,-2,-3,0,-1,0
0,-1,-20,-4,-10,-3,-1,-1
0,-2,-16,-2,0,-5,-1,-1
0,0,3,0,0,-1,0,-1
0,0,-1,-1,5,0,1,0
-1,0,0,0,9,0,0,0
-1,-1,3,-5,-11,-3,-1,0
-1,-1,-2,-1,0,-4,-3,0
-2,-1,2,0,-2,-1,-2,0
0,-1,10,-2,-2,-2,-2,0
0,0,8,0,2,0,-2,0
0,0,8,-4,-2,-1,0,0
0,0,9,-3,-3,0,-1,0
0,0,3,0,0,0,-1,0
0,0,-2,1,4,1,-1,0
0,0,0,1,0,0,-2,0
0,0,1,2,1,-4,-1,-1
-1,0,0,0,-3,-3,0,-2
-2,0,12,-1,-3,-1,0,-2
-1,0,-1,-2,-8,-1,0,-2
0,0,-7,-1,0,0,0,-2
-1,-1,0,-1,5,2,0,-2
0,0,-9,-2,1,1,0,-1
0,-1,10,2,8,1,0,-1
0,0,13,0,-6,0,0,0
0,-1,10,0,-4,-2,0,0
0,-1,18,4,1,0,0,0
-1,-2,2,-1,0,0,-1,0
-1,-2,0,0,4,0,0,-1
-1,-1,-2,0,-1,0,0,-1
-1,-1,-6,-2,-3,0,-1,-1
0,0,3,0,-2,-3,0,0
0,0,0,-1,-1,0,-2,0
0,0,1,-2,-2,-2,-2,0
0,0,-3,-1,-1,-1,-2,0
0,0,-5,-1,-1,1,-1,-1
0,0,-10,-1,-2,0,-1,-1
0,0,-3,-2,-3,0,-1,-2
0,0,5,0,-2,-1,-1,-1
0,-1,-5,-2,-3,0,0,-1
0,0,3,-1,-3,-2,-1,0
-1,0,-7,-4,-13,-3,-1,0
0,0,-10,1,0,0,-1,0
0,0,-5,0,4,1,-1,0
0,0,8,4,7,4,0,0
0,0,11,7,18,3,0,0
0,0,-5,-2,-4,0,0,0
-1,-2,7,0,-6,0,0,0
0,-1,-4,-3,-6,-1,0,0
0,-1,-13,-2,-7,-1,0,0
0,-1,6,0,-1,-4,-1,0
0,0,-1,0,-2,-5,-2,0
0,0,-5,-1,-3,-3,0,0
0,0,4,-1,0,-1,-1,0
0,0,0,0,2,0,0,0
-1,-1,-2,-2,0,0,1,0
-1,0,5,-1,-1,-2,-1,-1
0,0,-1,-1,0,-1,0,-1
0,0,-1,0,-1,-2,-1,-1
0,0,-1,0,-1,-2,0,-1
0,0,-2,0,2,0,0,0
0,-1,-4,0,0,0,0,0
0,-1,-14,-1,0,1,1,0
0,-1,-23,0,8,1,-1,0
0,-2,-26,-8,3,-1,1,0
0,-1,-18,-4,6,0,1,0
-1,-1,-9,-3,4,0,1,0
-1,-1,-6,-5,-9,-6,-1,-1
0,-1,0,-1,-6,-3,0,-1
0,-2,0,-1,-5,-1,0,0
0,-1,2,-3,-9,-1,0,-1
0,0,7,0,-4,0,0,0
0,0,-1,-4,-11,-3,-2,0
-1,0,-4,-4,-7,-2,-1,0
-1,0,2,-2,-4,-1,-1,0
0,0,1,-3,0,0,-1,0
0,0,5,-3,2,0,0,0
0,0,3,-3,-2,-1,0,0
0,0,-5,-1,0,0,0,0
0,0,-4,0,-1,0,0,0
0,-1,-12,-1,-11,-1,0,-1
0,-1,-7,0,0,1,0,-1
0,-1,1,0,-1,0,1,-1
0,-1,-4,0,0,1,2,-1
-1,-1,7,1,12,3,0,-1
0,-1,11,0,4,1,0,0
-1,-1,6,0,7,3,0,-1
0,-2,2,-2,5,1,0,-1
0,0,-1,0,4,1,0,-1
0,-1,-4,0,0,-1,0,-1
0,-1,-4,0,-1,-4,-1,-1
-1,-1,-1,-1,-2,-3,0,0
-2,-1,0,-1,-3,-4,-1,0
-1,0,-7,-3,-1,0,0,0
0,0,-10,-2,-3,0,-1,0
0,0,-13,-2,-2,-1,0,0
-1,0,-12,-4,-7,0,-1,-9
-2,0,-1,-3,-3,-1,-2,-9
1,0,-10,0,3,0,0,-4
-1,-1,-2,1,2,1,-1,-6
3,1,10,5,9,0,4,17
-4,2,-3,3,-4,0,0,2
-1,-5,25,0,-6,-5,-9,11
-4,-7,0,5,-2,-2,-7,-3
-10,-5,-22,9,-1,3,-12,-28
-5,-3,1,7,7,0,-7,-25
-8,2,-23,10,3,2,6,-15
-4,8,-11,15,0,-2,4,-10
-6,10,1,20,3,-5,8,-19
-3,5,-15,25,4,-4,2,16
3,7,-26,9,6,3,1,-14
18,2,2,-14,0,-1,-2,-3
22,-1,7,-24,-4,-3,6,43
32,6,15,-4,-2,-1,2,-8
12,-9,47,2,-3,-3,-3,23
-10,-5,5,6,-1,1,3,16
-5,-7,0,27,-1,1,-13,2
-22,-21,-18,12,-1,0,-1,25
-9,-4,-53,22,1,6,6,1
-9,-26,-27,25,9,5,10,15
-13,-27,-26,7,8,5,16,4
1,-9,0,12,5,6,17,27
-3,-8,-11,-4,6,-2,7,19
10,6,6,7,-4,-10,3,3
-4,7,-18,0,-11,2,10,-7
-9,-4,0,-18,0,1,10,-2
-12,-10,56,7,-11,-9,5,14
-9,-14,6,-19,-12,4,6,26
5,-12,32,-4,0,-7,1,53
0,-17,-8,14,-8,-1,-11,40
12,-7,-34,-14,3,4,-11,29
0,4,22,24,9,1,-8,15
8,8,20,2,-1,-4,-18,-11
7,2,30,2,-1,-10,-5,-15
0,-13,36,16,-2,-15,-10,-20
2,-9,23,13,-1,-10,-20,-28
6,-14,28,19,5,7,-8,-5
2,-6,29,1,1,17,-3,-7
19,6,16,9,3,23,9,3
28,3,8,-7,-4,8,9,27
0,-10,-26,-12,-1,-3,2,-18
-2,10,-20,-1,-3,-17,-2,-17
-18,-8,-42,-8,-2,-1,-4,-22
-25,-5,-59,-26,0,-1,-10,-17
-11,10,-29,-17,-7,-4,-4,7
-2,2,-13,-16,-7,0,-9,14
-3,27,14,-11,-9,-10,-6,8
5,13,43,15,-3,-7,3,4
-4,10,23,3,-2,-10,-11,-1
1,9,25,18,5,-3,3,-9
0,-5,10,4,4,0,4,-4
-6,6,-9,-4,1,2,2,-11
5,9,14,-1,-2,0,6,0
-4,3,-22,-21,7,-3,-1,2
-3,5,-6,-8,7,-3,-6,3
-3,1,-7,-1,14,1,-5,-2
-2,1,-8,2,13,11,2,-1
-5,0,3,5,-5,5,-3,-10
-4,-2,0,3,-3,1,-3,-11
-4,0,1,-1,-11,0,-1,-5
-6,-2,-1,4,-1,2,-3,-7
-3,-1,-5,1,0,1,-1,-1
-3,4,4,-3,-16,0,1,-1
-5,3,7,0,8,4,0,0
-2,1,1,0,0,1,0,3
-1,1,4,5,4,0,0,-4
-1,0,1,8,19,6,0,-4
-1,0,-6,1,-13,-1,0,-4
-2,0,7,4,-6,-3,-1,-5
-2,-1,-5,-2,-7,0,-1,0
-1,-1,-1,-2,-8,-3,0,1
-1,-2,2,-1,1,0,-2,1
-1,-1,-9,-3,2,2,0,0
-2,-1,6,0,1,0,-5,-1
-1,0,-9,0,0,0,-3,0
-1,0,4,0,1,-3,-1,-2
-2,-1,0,-1,-4,-5,-2,-2
-1,-1,1,-1,0,1,3,0
-1,-1,2,-2,-3,1,-1,0
0,-1,-8,-3,-4,0,-2,0
0,-1,-3,-2,3,3,-1,0
0,-1,-8,-1,-7,-3,-1,0
-1,0,-1,-1,-3,-5,0,0
-1,0,2,2,-4,0,0,0
-1,0,0,1,-4,0,0,0
-1,0,2,0,0,0,0,0
0,0,-2,0,0,2,0,0
0,0,-7,-1,0,-3,-1,-1
0,0,-12,-1,-6,-4,-2,-1
0,0,-7,1,0,-4,-2,-1
-1,0,0,0,0,0,0,-2
-1,-1,-6,-1,1,0,0,-1
-1,-1,5,0,2,1,2,0
0,-1,-2,-3,0,2,1,0
0,0,-2,0,12,0,0,0
0,0,6,0,9,2,1,1
-1,0,3,-1,9,1,0,0
-1,-1,-1,0,11,0,0,0
-2,-1,0,-7,-6,0,0,0
-2,-2,2,-4,0,-1,0,-1
-2,-2,-6,-4,0,-2,0,-1
-2,-1,9,-4,-2,0,0,-1
-1,-2,-1,0,2,-3,0,-1
0,-2,-10,-2,2,-2,-2,-1
0,-1,-4,-3,1,-2,0,-1
0,-1,-15,-1,2,0,0,0
0,0,-20,0,12,7,3,0
0,0,-11,2,5,5,3,0
-1,0,-10,2,-1,2,1,0
-1,-1,-7,0,0,0,0,0
-1,-1,3,0,-13,-8,-1,-1
-2,0,-7,0,-7,-2,0,-1
-1,0,-10,-5,-1,0,0,-1
-1,0,-8,-4,0,0,0,-1
-1,0,-10,-4,-1,4,0,0
0,0,-3,-5,0,0,0,0
-1,0,-2,2,-2,0,0,0
-1,-1,5,1,0,1,0,1
0,0,9,2,2,0,-1,0
0,-1,4,2,-2,-2,-1,0
0,0,18,0,0,-2,-2,0
0,0,8,0,-1,-1,-1,0
0,-1,0,-2,-2,-3,-1,0
-1,-1,1,0,0,0,-1,0
0,0,-11,-3,-7,-1,-1,0
0,0,-11,1,4,-1,-1,0
0,0,-5,1,1,1,0,0
0,0,0,0,2,0,0,0
0,0,0,4,10,0,1,0
0,-1,2,0,-4,0,0,0
0,0,-1,0,0,-2,0,0
0,0,-5,0,-5,-2,-1,-1
0,-1,-4,-3,-2,-3,-1,0
-1,-1,-5,-4,-6,-2,-1,0
0,-2,-5,-1,0,-3,-2,0
0,-2,-8,2,16,2,0,0
0,-3,-7,0,7,4,0,0
0,-4,-8,2,13,3,0,-1
-1,-2,-8,1,6,2,0,0
-1,-2,-2,-7,-4,0,-1,0
-1,0,-4,-4,5,0,0,0
-1,0,2,-2,2,0,0,0
-1,0,3,-4,2,1,0,0
-1,-1,0,0,0,-2,-1,0
0,-1,1,-1,-4,-3,-1,-1
-1,-1,2,-2,-3,-2,-1,-2
0,0,-2,-1,-5,-1,0,-2
0,0,0,0,2,0,0,-2
0,-1,1,1,-12,-1,-2,-2
0,-1,-6,2,5,0,0,-1
0,-1,3,3,6,2,0,0
0,0,4,3,-4,0,0,0
0,1,5,4,11,1,1,0
0,1,4,-1,-6,-1,0,0
0,1,-2,-1,-6,-4,-2,0
0,0,-4,-1,-2,-1,-1,0
0,0,-8,0,0,-1,0,0
0,-1,0,3,-2,0,0,0
-1,-1,-9,0,2,0,0,0
-1,-1,8,0,3,0,0,-1
0,-2,17,-3,0,0,0,-1
0,-1,0,-2,-7,-4,0,-1
0,-1,10,0,3,-1,0,-1
0,0,-2,1,1,-2,0,0
0,0,-8,2,6,-2,-3,0
0,0,2,1,13,2,0,1
-1,0,3,-1,-7,-2,0,0
-1,0,0,0,-4,-2,0,0
0,0,-2,-4,-9,0,2,0
0,0,-2,0,-5,-3,-2,-1
0,-1,-4,3,0,0,-2,-1
-1,-1,-7,0,2,1,-3,-1
0,-1,-8,3,1,-1,-3,0
-1,-1,-6,0,-1,0,-1,0
0,-1,12,0,0,1,0,0
0,0,12,-1,-1,0,0,0
0,-1,8,0,-1,1,0,0
0,-1,10,-4,-8,0,0,0
0,0,-9,-2,4,0,0,0
0,0,-9,1,-4,-1,0,0
-1,-1,13,0,-2,-3,-1,-1
-1,-1,15,-3,-10,-5,-2,-1
0,0,10,-1,-7,-3,-2,0
0,0,6,-1,0,-1,-1,-1
0,-1,8,2,-1,-1,0,-1
0,0,7,1,3,0,0,0
0,-1,6,2,6,3,3,0
-1,-2,-5,0,-3,1,1,-1
0,-1,-5,-3,-3,4,2,0
-1,-1,-6,1,0,4,1,0
-2,-1,-12,-1,0,0,-1,-1
-1,0,-6,-1,-8,-1,-2,0
-1,0,-3,3,5,-4,-2,-1
-1,0,0,0,0,-1,0,-1
0,0,5,2,-1,-1,0,0
0,0,0,-2,10,2,1,0
0,0,0,-2,-6,0,0,-2
0,0,-2,-3,-3,-3,0,-1
-1,-1,-3,-3,-2,-2,0,-3
0,-1,-2,3,-2,-2,0,-1
0,-1,-2,-1,-1,0,0,0
0,-1,-5,-3,-2,-2,0,-1
0,-1,-5,-4,-5,-2,0,0
0,-1,-3,-2,-2,-2,0,0
-1,-2,-3,1,3,-1,0,-1
0,-1,-2,2,3,1,0,0
-1,-1,0,2,5,0,0,-1
0,0,2,1,3,0,0,0
0,0,-9,-1,-4,-3,-2,-1
0,0,-8,-3,-11,-6,-3,-1
0,0,-9,0,4,-1,-2,-1
0,0,-13,-1,2,2,0,0
0,-1,3,0,8,5,1,0
0,-1,-3,0,12,6,0,-3
0,-1,-7,-1,-6,0,-1,-4
-1,0,7,2,-2,-4,-1,-6
0,0,1,2,-6,-5,0,9
-4,3,5,7,0,-1,0,5
-11,-1,20,4,0,0,4,5
-1,-1,1,-4,-3,0,-1,25
4,-6,-10,-13,-1,5,9,8
14,3,-23,-28,-6,-1,9,23
10,-6,-43,-51,-9,0,5,53
-4,10,-22,-36,-12,-5,8,8
-9,0,-15,-50,-23,-17,-26,23
-9,-15,16,-20,-23,-12,-16,-9
3,4,58,38,-26,-14,-16,-18
1,-18,16,24,-15,-8,-14,31
11,16,14,26,0,-4,2,-3
-8,7,17,6,0,-1,-11,21
-4,4,-1,-30,12,13,20,4
5,23,4,-27,3,26,7,-43
4,-8,14,-29,-5,29,7,-15
29,15,26,3,1,29,12,-26
19,2,-18,-11,-5,10,-16,-29
21,-23,8,7,-7,-9,-12,-3
-7,-11,-8,46,4,-10,-9,-21
-18,-29,-41,-4,4,-11,-12,-26
-21,-11,-3,24,10,-8,-8,-51
-20,-9,-22,-12,8,-2,-22,-53
1,5,-1,-8,1,-3,-33,-35
6,22,28,30,0,-9,-20,5
12,8,-10,-8,-3,-7,-14,49
18,19,29,15,2,8,19,76
16,0,30,2,2,8,40,69
7,-7,4,-17,-8,6,9,42
4,-17,13,15,-4,4,-2,20
-7,-7,-19,8,-3,-9,-2,13
-13,-6,-36,11,-2,-13,-15,-7
-18,-13,-54,-9,-7,-14,7,-8
-15,6,0,14,1,4,13,-11
-13,-2,23,-6,-4,-1,-5,-17
-14,0,44,-15,-10,4,1,-19
-10,-4,58,7,4,17,-11,-6
-12,0,7,-19,-5,-8,-16,7
-11,-1,3,0,-4,14,-10,5
-2,-1,1,-2,-5,8,-2,27
-3,4,-7,-11,2,-1,0,5
-1,-7,-4,-15,-2,12,-3,3
-4,-5,-7,-6,0,-6,-2,-1
-5,-4,-17,-19,5,-2,-7,-10
-1,-3,-1,6,2,3,3,5
-2,1,9,6,4,-1,4,6
0,-3,-6,0,4,1,1,1
2,-3,-7,12,1,-6,1,15
0,-1,-16,-7,-4,-15,-3,24
5,-1,-9,-1,-8,-8,-3,0
2,0,-10,1,2,-8,-2,-1
0,0,-7,4,10,2,0,-4
6,1,-1,9,8,4,0,-10
-1,0,-7,-1,7,-9,2,2
-1,-1,0,-14,-11,-9,5,1
-4,-2,-3,-15,-7,-12,2,-1
-6,-2,-5,-11,-3,-4,4,-7
-3,-2,-1,-15,-1,3,5,0
0,1,0,13,11,7,3,2
0,0,0,4,3,6,4,0
0,0,0,-1,-4,0,2,4
-2,-2,-1,10,-4,-4,0,-4
-5,-3,-2,-4,-9,-9,-1,-5
-4,-4,-17,0,-12,-11,-3,-4
-4,-3,-13,-2,-6,-3,-4,-4
-2,-2,-14,2,5,0,1,0
0,-1,-11,0,2,0,0,2
0,0,16,0,11,3,0,0
0,-2,0,-1,0,-3,4,0
0,-1,1,-3,-9,-6,-1,-2
-1,-1,-1,-8,-3,-3,0,-3
-1,-1,-12,-4,-9,-2,0,-3
-1,0,3,-4,0,-2,-2,-3
-1,0,10,-5,0,-2,1,-2
-1,-1,9,1,-2,0,0,-1
0,-1,7,0,3,0,2,-1
0,-1,7,1,1,3,2,0
0,-1,-2,3,4,4,0,-1
0,-1,0,4,4,0,-3,-2
0,-2,3,1,-6,-2,-3,-3
0,-3,-4,0,-5,-4,-1,-2
0,-2,3,0,5,4,1,0
0,-1,7,0,0,4,3,0
0,-1,1,1,4,6,2,0
-1,0,8,2,8,5,2,0
-1,0,3,0,-6,0,-1,-1
-1,-1,-1,0,-3,-3,-2,-1
-1,0,0,-1,-4,-4,-3,-1
-2,0,5,0,-1,-2,-1,-1
-1,0,5,0,-2,-3,0,-1
0,0,0,0,2,0,0,0
0,0,3,0,2,1,-1,-1
0,0,-3,-2,-5,-2,-2,-1
0,-1,-8,0,-14,-1,-1,0
-1,-1,-2,1,-5,-3,-3,-1
-1,0,-1,0,-3,0,0,0
0,0,-1,0,-3,3,0,0
0,0,3,-3,11,4,1,-1
0,0,-4,-5,-4,6,4,-1
0,-2,-9,-2,-5,4,2,-1
0,-1,-8,-3,-3,1,2,-1
0,-1,-7,-5,-4,3,1,-1
0,-1,-10,-2,4,3,1,0
0,0,-10,-2,3,1,0,0
0,0,-16,0,5,1,0,0
0,0,-7,3,2,-3,-1,0
0,-1,-10,-1,-6,-8,-7,-1
-1,-1,-6,-3,-14,-3,-3,-1
-1,-2,-4,0,-1,0,-2,-1
0,-1,-12,0,-1,2,0,0
0,0,6,2,2,7,3,0
0,0,8,4,16,0,-2,0
0,0,12,2,3,0,-1,0
-1,0,10,1,3,0,-2,0
0,0,0,0,6,2,0,0
0,0,8,0,2,4,1,0
-1,0,-2,-2,-2,0,0,-1
-1,-1,1,-2,0,-2,-1,-2
0,0,0,-3,-4,-4,-2,-1
-1,0,-13,-4,-5,-3,-2,-1
0,0,7,0,1,0,-1,0
0,0,-4,-5,-5,0,0,0
0,0,16,0,-1,0,1,0
0,0,20,-1,-6,0,0,0
0,-1,10,-4,-2,-3,-2,0
0,0,14,3,2,0,0,0
0,-1,-1,0,1,2,0,0
-1,-2,-9,-1,5,4,0,0
0,-1,-12,0,-2,3,0,0
-1,-1,-11,-2,-5,2,-3,0
-1,-1,-17,-2,-6,-3,-3,-1
-1,-1,-13,0,-1,-3,-2,0
-1,-1,-15,-1,-2,-2,0,-1
0,0,-6,-1,0,-6,-1,-1
-1,0,-1,-3,0,-1,0,-2
0,0,1,-1,0,-2,0,-2
0,0,13,2,0,-1,0,-1
0,1,12,4,3,0,0,-1
0,0,13,5,5,-1,-1,0
0,0,12,0,-9,-3,-2,-1
-1,0,1,-3,0,-4,-3,-1
0,-1,-5,-4,-2,0,-2,0
0,0,0,-1,-1,0,0,0
0,-2,4,0,12,4,0,0
1,-2,-3,0,-1,0,1,0
0,-2,-2,-2,-4,-3,1,0
0,-2,-9,-3,-2,1,0,0
0,0,-10,-1,-5,0,0,0
-1,0,-3,1,3,0,1,0
-1,0,5,3,4,0,-1,-1
-1,0,7,4,1,-5,-2,-2
0,0,1,3,1,-7,-2,-2
0,0,4,2,-2,-6,-4,-1
0,0,-3,0,-4,-6,-1,-1
-1,0,-4,-3,-4,-4,-4,-1
-1,0,-5,0,8,2,-1,0
-1,0,-4,-2,2,2,-1,-1
-1,-1,-7,-3,2,2,-1,-1
-1,-1,-9,-4,2,0,0,-2
0,-1,-6,-5,-11,-4,-2,-2
0,-2,-6,-2,0,0,0,-1
0,0,6,1,4,2,0,0
0,0,9,3,3,6,3,0
-1,0,8,0,0,3,3,0
-1,1,7,1,-4,0,1,-1
-1,0,-2,1,-3,0,1,-1
0,0,-3,-5,-1,0,0,0
0,-1,-9,-2,0,0,-1,1
0,0,-4,-3,1,1,-2,1
0,0,-10,-4,0,0,0,1
0,0,-3,-1,-8,-3,-2,0
0,0,10,-2,-3,-4,0,-1
-1,-2,12,-2,-8,-4,0,-1
-1,-2,16,-3,-9,-7,-2,-2
-1,-2,14,-2,-5,-6,-1,-1
-1,-1,9,0,-4,-4,-1,-1
0,0,-3,1,-1,-2,0,-1
0,0,-2,0,-4,-2,-1,0
-1,0,-11,0,-1,0,0,-1
-1,-1,-7,-3,-6,-3,-1,-1
-1,-1,-2,-2,-5,-4,-1,-1
0,-2,-15,-3,-2,-2,-2,-2
-1,-2,-11,-2,1,-3,-3,-2
0,-1,-16,0,2,0,0,-1
0,-2,-20,-2,1,-2,-2,0
0,0,-8,0,-5,1,2,1
0,0,-10,3,-1,-2,0,1
1,0,-5,2,-7,-3,0,2
-1,-1,-7,-1,-8,-4,-1,0
0,0,0,1,-2,-2,-1,0
0,0,-1,-1,-9,-4,-2,0
0,0,-7,-1,0,-3,0,0
0,-1,-8,0,3,2,0,0
0,-1,-1,-6,-3,0,0,0
-1,-1,15,-2,0,0,0,-1
-1,-1,13,0,-1,1,-2,-1
-1,0,27,0,-3,-4,-2,-1
-1,0,18,2,0,-3,-2,-1
0,0,2,-1,-5,-5,-2,-1
0,0,3,-3,-12,-4,-3,0
0,0,-13,-1,-2,0,-1,0
0,0,-2,0,-2,2,-1,0
0,0,3,1,1,5,0,0
0,-1,2,0,10,0,0,-1
0,-1,0,-1,-7,-2,-2,-1
0,-1,-11,-1,-4,-4,-2,0
0,0,-10,0,0,-2,-1,0
0,0,-8,1,-1,0,-1,0
-1,0,-3,2,2,0,0,0
0,0,-5,2,2,0,0,0
0,0,0,0,0,0,0,2
-1,-1,5,0,0,3,1,0
-1,-1,5,1,1,0,1,0
-3,-1,19,-1,-3,3,0,0
-4,-1,8,-1,-5,-2,-1,-3
-1,-1,4,-2,-5,-6,-3,-1
2,0,7,-1,-4,-5,-2,1
-1,0,-5,-2,-7,-9,0,8
0,0,-3,-1,-9,-8,-3,-3
-1,0,5,-2,-6,-6,0,0
2,2,10,-2,-6,-5,0,-1
0,3,1,2,0,-6,5,15
1,6,12,8,2,-3,0,13
5,3,-11,5,-1,-3,-2,19
3,3,-18,0,-2,-1,-2,25
1,-1,-29,18,-9,-16,-23,3
11,0,-59,-6,-1,8,0,26
20,-2,-33,3,-3,6,2,39
2,-8,-29,11,1,11,7,13
6,-23,-9,-26,1,25,18,24
-11,-27,20,8,-4,-13,-10,0
-12,-8,41,9,2,-10,-10,-1
-5,-4,21,-1,-6,-23,-24,5
8,15,7,25,5,-16,-19,10
-4,-4,-12,0,0,-4,-16,18
-18,-17,-42,6,-8,-5,-14,-10
-12,-12,-16,16,9,3,-4,0
-25,-13,33,5,0,-4,-24,-40
-14,0,28,10,-1,-9,-7,-27
-15,15,32,-10,6,0,-19,-52
-8,4,7,-11,-7,-1,-9,-56
-2,-6,-38,-34,-3,18,14,-10
1,-9,-13,-17,0,16,-1,-33
4,-25,-31,1,4,4,16,-6
-3,-33,-10,9,4,0,6,11
-1,-14,-6,24,3,-9,9,2
5,2,-19,18,16,-3,21,44
-4,-20,-32,-3,0,-21,-8,40
7,-2,-21,10,7,3,-3,42
-9,-10,1,4,2,4,7,18
-2,-15,23,21,-11,8,0,-6
4,7,27,11,-4,15,2,-24
0,-12,2,-29,-12,-7,-10,-45
4,4,12,6,-2,-7,-19,-23
-10,-8,7,-21,-3,-4,-6,-18
-5,-11,36,-4,1,10,2,-10
-8,12,57,28,8,7,6,0
-1,-14,17,0,1,10,-4,-2
6,20,18,-6,4,12,5,7
-2,8,-14,-7,3,9,0,9
-9,1,-43,-30,-4,17,3,-7
-7,6,-33,-10,0,4,1,-10
-5,-12,-24,13,2,5,-19,-19
3,8,17,10,0,5,-2,8
7,2,14,0,1,3,10,37
1,8,24,-23,-1,22,3,6
0,12,15,-21,-10,19,5,-8
0,-6,-2,-2,-2,33,18,-10
-5,-5,28,15,3,20,-7,-32
1,-2,8,17,0,3,4,-8
-5,-10,6,5,8,-5,9,-4
-5,5,12,-2,-3,-20,-13,-9
0,6,16,0,-9,-12,-2,-8
-1,4,29,9,2,-10,-5,-6
0,0,6,8,1,-7,-12,-2
3,-1,-3,6,5,-8,-5,-2
1,-6,-27,-1,3,-11,-11,0
0,-3,-23,-4,-9,-24,-7,-1
-1,0,7,1,-12,-6,0,-1
-4,-3,-11,6,-2,-10,0,-4
0,-1,-14,8,12,8,12,-2
0,0,-10,9,17,21,4,0
0,-2,-31,0,16,-7,-3,1
1,-3,-5,-5,-4,-13,-10,3
1,0,2,-1,-11,-13,-13,5
0,-1,-1,0,-11,-11,-9,3
1,0,0,2,-10,-13,-6,0
-1,2,-6,2,7,-2,-1,-1
-1,0,-4,0,0,-16,-2,-2
-1,0,1,-3,-2,-16,-2,0
0,-1,-6,-4,-9,-8,-2,0
0,-2,-7,-13,-18,-8,0,1
0,0,2,3,-7,-3,1,1
0,1,-2,8,-5,-1,0,0
0,1,6,3,-3,3,2,1
0,1,9,10,-1,3,1,0
-1,-1,-15,-7,-9,1,-1,-1
0,0,-11,-6,-8,0,0,0
0,-1,-21,-4,-3,0,-1,0
-1,-1,-25,-2,2,0,-3,0
-1,0,-4,-2,0,0,-1,0
-1,-1,-7,-5,-14,-3,-3,-2
-1,0,4,0,0,-1,-2,-2
0,0,5,0,-4,0,0,-1
0,0,5,1,-3,-4,0,0
0,0,7,0,9,0,0,0
0,0,8,0,0,2,0,0
0,0,6,0,0,1,0,0
0,-1,4,-3,-3,3,0,-1
0,-1,3,-3,-3,0,2,-1
0,0,1,0,0,-5,0,0
0,0,4,-1,-1,-6,-2,0
0,0,1,0,6,-2,-1,0
0,0,-1,-3,4,-3,-4,0
-1,0,-1,-3,-2,0,-1,0
-1,0,-1,-3,-1,1,0,0
0,0,1,-4,-1,-1,0,0
0,0,0,1,0,0,0,0
0,0,-1,-2,0,0,0,0
0,0,0,-4,1,0,0,0
0,-1,-1,-1,0,0,0,0
-1,-1,1,-1,-1,-1,-1,-1
0,-1,1,-1,1,0,-1,-1
0,-1,0,1,0,0,-1,-1
0,-1,0,-1,-3,-3,-1,-1
0,-1,0,0,-2,0,0,-1
-1,-1,0,1,0,0,0,-1
-1,-2,-1,-1,-2,-1,-2,-1
-2,-1,0,1,0,2,0,-1
-1,-1,-1,-1,0,0,-1,-1
0,-1,-1,-3,-4,-2,-1,0
0,0,3,-1,-1,-3,0,0
0,0,-9,0,1,-1,-1,0
0,0,-1,-2,-5,0,-1,0
-1,0,-2,0,4,1,0,0
0,0,-4,2,11,5,0,0
0,-1,6,0,3,1,0,0
0,0,-6,1,7,0,0,0
0,-1,-8,-1,0,0,0,0
-1,-2,-24,-3,-8,-1,0,0
-1,-1,-17,-2,-1,1,-1,-1
-1,-2,-14,-1,0,1,0,-1
-1,-1,-10,-1,-3,0,0,-1
0,0,9,0,-1,-3,-1,-1
0,0,2,0,-4,-2,-1,0
0,0,1,-1,-1,0,0,0
0,0,6,0,2,1,0,0
0,0,3,-1,0,0,0,0
0,0,6,-2,2,0,0,0
0,0,9,1,14,0,0,-1
1,0,5,3,17,1,0,0
0,0,0,5,16,2,1,-1
0,0,8,6,16,2,1,0
0,0,-1,0,-4,-2,0,-1
-1,0,-9,-2,-10,-4,0,-1
0,-1,-9,-3,-6,-4,-1,-1
0,0,-15,-1,-8,-4,-1,0
0,0,-4,0,-2,0,0,-1
0,0,3,1,1,0,0,-1
0,1,11,1,-2,0,0,-1
-1,0,16,-2,-1,3,0,-1
-1,-2,-1,-2,1,0,-1,-1
-1,-3,-10,-3,1,-2,-1,-2
-1,-4,-11,-3,-8,-1,0,-2
0,-4,-24,-2,4,-3,-1,-1
0,-2,-2,-1,0,-1,-1,0
0,0,4,0,-3,0,0,0
0,0,-1,1,8,0,0,0
0,0,5,1,-4,-3,0,0
0,0,3,0,-5,-3,0,-1
0,0,4,2,-2,-2,-1,0
0,-1,2,-1,-2,-3,-1,-1
-1,-1,0,0,-3,-1,0,-1
0,0,-4,2,4,0,0,0
-1,-1,-8,-1,4,1,-1,0
-1,-1,-5,1,3,1,0,0
0,-1,2,0,6,2,0,0
0,-1,1,-1,3,2,0,-1
0,-1,-2,-1,0,0,-1,-2
0,-1,11,-2,-1,0,0,-2
0,-2,4,-3,-4,-3,-2,-2
-1,-1,4,-4,-6,-4,-1,-1
-1,0,13,1,0,0,0,-1
-1,0,-1,-1,-7,0,0,0
-1,0,0,3,6,2,0,0
-1,0,1,4,2,2,-1,0
-1,0,0,-1,-1,-1,-1,0
-2,0,3,4,8,-1,-1,0
-2,0,-4,-2,-7,-2,-1,0
-1,-1,-6,-2,-5,-1,-1,-1
-1,-1,-1,0,-4,0,-1,0
0,-1,-6,-2,-2,-1,0,-1
0,0,-1,0,1,-1,0,-1
0,0,2,0,2,0,0,0
0,-1,-5,-1,2,0,0,0
-1,0,0,0,2,2,0,0
0,0,0,0,3,2,0,0
0,0,8,0,-9,0,0,0
-1,-2,-3,-1,5,3,-1,0
0,0,-2,0,7,2,0,-1
0,0,11,3,5,3,0,-1
-1,0,15,3,-3,0,0,-1
0,0,13,2,-5,-3,0,0
0,0,8,0,-7,-3,0,0
0,0,-7,-3,-5,-3,-1,0
0,0,-17,-3,2,-1,-1,0
-1,-1,-23,-3,-1,-4,-2,0
-1,0,-15,1,3,-3,-2,0
0,0,-17,-3,3,-2,-1,0
-1,0,-4,-1,-3,-2,0,0
0,1,1,0,0,0,0,0
0,0,11,-2,-1,0,0,0
-1,-2,-10,0,-2,-1,-1,-1
-1,-3,-15,-4,-9,-1,-1,-1
-1,-3,-17,-5,0,-2,-1,-1
-1,-2,-22,-7,-3,-2,-1,-1
0,0,1,-3,-5,-2,-1,0
0,0,2,-2,3,-3,-1,0
-1,0,0,-1,-5,-3,-2,0
0,0,0,0,-5,-4,-2,0
0,0,0,-2,-4,-3,-2,0
0,0,-3,-2,-1,-1,-1,0
0,0,-5,-1,-2,0,-1,0
0,0,4,-1,0,0,0,0
-1,-1,-5,0,0,0,0,0
0,-1,-6,0,1,0,0,0
0,-2,0,1,0,0,0,0
-1,-2,-9,-2,0,-1,0,-1
1,0,4,3,2,-1,1,0
-1,1,8,4,0,1,-1,-1
-1,3,26,5,4,3,3,22
0,1,4,6,4,4,-2,9
0,0,-1,3,1,6,0,19
4,0,-5,3,1,3,1,16
11,1,0,8,0,0,0,19
10,4,26,1,-3,-9,3,14
-3,-2,0,-9,-2,-5,-1,16
-5,-2,27,9,5,0,5,44
-16,2,0,-15,8,-6,0,-13
-26,1,18,-13,7,1,4,22
-6,0,46,-9,6,-7,7,7
-3,-4,23,-9,0,-11,2,4
19,-12,22,0,-12,-7,2,29
21,-5,5,23,0,0,7,20
14,5,16,24,-9,-4,4,25
16,6,34,4,-2,2,12,2
-3,1,26,17,7,7,23,17
17,1,35,-1,0,1,5,14
-1,-7,0,9,10,7,6,-14
-10,-8,-31,1,-3,0,-5,-33
-10,0,-12,-1,-4,-1,-13,-35
-18,1,-37,12,-3,0,0,-35
-12,3,-21,-6,0,0,-5,-28
-6,3,0,-12,8,0,3,21
0,15,11,-8,5,0,-11,25
-10,5,3,-3,6,-3,-18,7
-18,3,22,7,1,2,-10,21
-15,3,-8,30,-8,-2,-34,-29
-31,-5,-32,24,-1,3,-15,-28
-12,1,-46,0,0,9,-10,17
-10,8,-56,13,-1,4,-11,5
-17,-3,-34,-7,5,2,11,18
-2,-9,-44,-13,-1,-1,-7,-12
-24,-14,-10,-3,-4,3,-15,-67
-3,-8,3,-3,4,3,-37,-46
4,-4,-12,-4,-4,7,-31,-39
8,8,18,-11,-4,-5,-23,-16
12,11,-3,-23,-13,-10,-11,4
14,9,-41,-39,-11,-8,11,-10
6,11,-26,-14,-1,-1,4,-4
4,-6,-26,-6,-4,10,14,-7
8,-11,-15,8,9,9,3,-14
-5,-22,12,-3,-7,-3,0,-3
4,-9,24,-4,-7,-8,-3,-3
-12,-3,-3,15,-1,-5,0,-9
-3,1,19,16,-2,-10,3,23
2,11,43,43,0,-8,12,5
-6,11,35,32,3,-5,22,20
5,-6,38,15,2,-4,-12,8
-6,-8,32,8,0,-4,-6,-7
1,-12,11,-10,-8,-2,-9,37
13,-15,-1,2,0,1,-15,23
10,-2,37,3,-1,-5,6,37
17,9,29,14,3,-3,2,30
15,7,24,13,14,-2,-3,-2
-4,-2,8,-4,-9,-11,-3,-9
0,1,-22,-1,-10,-9,0,0
-8,-13,0,-2,-11,-11,-1,-5
-11,-8,-19,2,-8,-7,3,10
-9,-2,20,14,4,1,9,4
-10,4,20,8,7,-2,12,9
-8,5,-6,-2,6,8,16,21
-10,-4,-3,1,8,5,15,-4
1,0,-23,-8,1,1,0,10
5,-3,-14,-4,-2,6,7,3
2,-5,-6,-7,-10,-10,-8,-10
0,3,5,-14,2,3,-8,-2
-3,-1,13,-5,2,4,-9,-5
-5,-2,11,-6,3,8,-7,-2
0,1,-16,-3,10,10,2,5
1,0,-11,3,-5,-4,0,4
4,3,-18,1,-3,-2,7,0
1,0,-33,1,0,-7,-7,-6
0,-1,-17,-2,-2,-1,0,-7
1,-2,-18,-4,-8,0,1,3
-1,-2,-23,-4,6,1,2,2
1,0,-6,-2,1,2,7,3
1,0,7,-1,4,1,6,2
-1,0,-3,-2,7,1,6,-3
0,0,3,-4,-12,-1,1,-1
-1,0,0,-9,-7,0,0,-4
0,-2,-4,-2,-4,3,0,-3
0,-1,4,0,-1,3,-3,-2
0,-1,0,2,7,4,1,-2
1,-1,2,3,3,2,2,2
0,0,2,-1,-3,-2,0,0
1,0,-2,-4,-1,-1,1,1
0,0,3,-2,-7,-2,1,0
-1,-1,0,-3,-2,0,2,-1
0,-1,-1,0,0,2,0,0
-1,0,1,1,2,2,1,-1
0,-1,-1,2,5,1,0,-1
0,-1,0,0,-5,-1,-3,-2
0,-1,-1,-2,-2,-2,0,-1
0,-1,1,-2,-4,0,0,1
0,0,2,-2,-2,0,0,1
0,0,0,0,4,1,1,1
0,0,1,1,1,1,0,0
-1,0,-2,2,-7,-1,0,-1
-1,-1,-2,0,2,-1,0,-1
0,0,-2,-1,0,-2,-1,-2
0,-1,-1,-1,0,0,0,-1
0,-1,0,-2,6,-3,-1,-1
0,0,1,-3,-11,0,0,-1
0,-2,-5,-2,-3,0,0,0
0,0,-9,-1,-3,0,0,0
0,0,-11,0,0,4,0,0
0,0,-12,-1,4,-1,0,0
0,0,-1,0,-2,-1,-2,-1
-1,-1,1,1,-3,-4,-1,-1
0,0,3,0,0,-1,0,-1
-1,0,3,4,2,1,0,-1
-1,-1,2,0,-1,0,1,-1
-1,0,0,-3,0,2,0,0
-1,-1,2,0,0,-1,-1,0
-1,-1,2,-3,-1,-1,0,0
-1,-1,0,-1,3,0,0,0
-1,-1,-1,0,-4,-3,0,0
-1,-1,4,-4,-4,-2,0,-1
-1,-1,11,-1,2,0,0,-1
-2,-1,23,-1,6,-1,0,-1
-1,-1,22,1,15,3,0,-1
0,0,13,1,5,1,0,0
0,-1,3,0,-2,-3,0,0
0,-1,-9,-3,-6,-1,-1,0
0,-1,-8,-3,-10,-3,-1,0
0,0,-8,-1,-4,-1,-1,0
0,-1,-10,-2,-2,0,0,0
0,0,-14,1,-4,0,0,0
0,0,-10,-2,-2,0,0,0
-1,-1,-10,-3,-2,-2,-3,-1
0,0,-7,-3,-1,0,-2,-1
0,-1,-13,-2,0,0,-2,-1
0,0,0,0,0,0,-1,0
0,0,0,1,0,3,0,0
0,-1,3,-2,-5,-3,-2,-1
-1,-1,22,-4,-7,-4,-2,0
-1,-1,15,0,-3,-1,-1,0
0,0,6,-2,4,0,0,0
0,0,3,1,6,2,1,1
0,0,-1,1,5,2,0,0
0,0,-4,-2,0,-1,0,-1
0,0,15,-4,-11,-3,-1,-2
-1,0,15,0,-3,0,-1,-1
-1,-1,7,0,-1,1,0,-1
-1,0,0,-1,-1,0,-1,-1
-1,-1,-17,0,4,5,0,0
-1,-1,-13,-2,2,4,0,0
-1,0,-7,-2,3,3,0,0
-1,0,-7,0,3,2,0,0
-1,0,-1,-1,-4,-5,0,-1
0,-1,-3,-5,-3,-4,-1,-1
0,-1,-3,0,-6,-2,0,-1
0,0,2,2,5,-1,0,-1
0,-1,2,4,6,3,0,0
0,-1,3,5,0,1,0,0
0,-1,-1,1,5,0,0,-1
-1,-1,-5,0,-5,-1,0,-1
0,0,-6,-1,-2,-1,0,-1
0,0,-12,-2,0,0,0,-1
0,0,-2,-2,1,1,0,-1
0,0,-4,-2,-2,0,-1,-1
0,0,2,-1,0,0,0,0
-1,0,13,-1,0,1,0,0
-1,0,-3,0,-2,0,0,0
-2,-1,2,0,0,2,0,0
-1,-1,-1,-2,-4,2,0,0
-1,0,-8,-2,-4,-2,0,-1
0,-1,2,-3,-3,0,0,-1
0,0,3,0,-4,-2,0,-1
0,0,6,0,-2,-5,-1,-1
0,0,18,1,-11,-4,0,0
0,0,21,2,-9,-3,-1,0
-1,0,16,0,-8,-1,-1,0
0,0,13,2,-5,0,0,0
0,0,0,1,4,0,0,0
0,0,0,2,1,0,0,0
-1,0,-1,0,1,-1,0,0
-1,0,0,-1,-2,-1,0,0
-1,0,2,-3,-1,-1,0,0
-1,0,-8,-4,-1,-2,0,0
-1,-1,0,-3,-3,-2,0,-1
-1,-1,-7,-3,-2,-4,0,-1
-1,-2,1,-1,2,1,0,-1
