-1,0,-7,0,0,-1,-1,0
-1,0,0,-1,0,-1,0,-1
-1,0,0,-2,0,1,0,-1
0,0,1,0,1,2,0,-1
0,0,3,0,1,3,0,-2
0,0,4,0,0,1,-1,-1
0,0,5,1,1,-1,-1,-1
-1,-1,0,1,-1,-1,-1,-1
0,-1,-2,6,-1,-3,-1,0
-1,-2,-10,-7,-4,-2,-1,-1
-1,-1,-10,-5,-3,-1,0,-1
-1,0,-4,-10,-3,-1,0,-1
0,1,1,-6,-2,0,1,0
-1,-4,13,13,2,0,0,0
0,-3,1,2,0,0,0,0
1,-3,-3,6,0,0,0,1
-1,-4,-3,0,-1,0,12,0
0,0,-11,-6,-2,0,31,2
0,0,-1,1,0,0,24,1
0,1,2,-1,0,1,30,1
0,-1,-4,0,0,0,7,0
1,4,-3,-2,1,-1,7,-3
1,2,2,-1,2,1,20,-1
-1,1,7,-3,0,0,22,-5
-1,-1,16,-2,-1,0,31,-2
-6,-9,14,0,-3,-2,-4,-5
-4,-7,5,4,-1,-1,21,-1
-5,-8,10,3,-1,-3,2,0
-1,-2,-1,-1,-2,-2,6,3
0,0,-5,-5,-1,0,31,4
-2,-2,3,-8,-3,-2,5,-2
0,0,4,-6,-1,0,2,2
-2,-4,-6,-5,-2,-3,-8,-4
-1,-1,-4,-3,-3,-2,-17,2
0,0,3,-10,-3,-1,-15,3
-1,-1,-13,-5,-3,-1,0,0
1,8,25,-4,-2,0,-6,2
0,2,11,2,-1,0,10,6
-3,-1,2,1,-1,-1,0,-7
-4,-1,7,-2,-2,0,-8,-12
-5,-10,-14,-2,-2,-3,-8,-4
-1,0,11,0,-1,-3,-28,-9
2,6,17,11,3,-3,-24,1
1,0,5,11,2,-6,-18,3
2,5,29,18,4,-2,-2,-1
-1,-4,-5,6,1,-1,5,-4
0,-7,-4,17,0,0,4,0
4,5,31,13,3,4,-7,2
3,3,-1,-9,0,3,0,0
3,6,29,2,2,0,-20,-1
0,-3,5,-27,-1,-2,-10,3
-2,-9,-14,-10,-1,-4,6,1
-5,-15,-32,2,0,8,-10,-4
-6,-22,-50,-26,-6,10,6,-4
-3,-16,-38,-15,-4,15,10,-11
-2,-16,-23,-4,-1,10,7,-6
2,-3,-11,-10,-3,-11,6,-3
2,10,5,27,2,-5,10,2
2,10,18,35,5,-10,13,-6
-6,6,12,4,-2,-11,-19,-14
-4,4,19,0,3,14,2,3
-2,5,29,-18,3,9,13,-10
-8,-2,5,-7,0,-1,-8,0
1,4,16,-13,1,1,28,11
-7,-13,6,-5,-6,-16,-6,-15
1,0,20,9,0,-7,14,-10
9,6,15,4,-1,-3,7,-17
0,2,-2,17,2,4,1,-29
0,11,33,18,1,2,9,-30
6,11,20,22,1,-7,-17,-29
-3,3,14,-6,0,10,-28,-34
-3,-9,12,-11,-5,1,-16,-29
2,6,3,-8,2,9,0,-5
-11,-13,-30,-35,-3,15,2,-14
0,-3,-6,1,3,11,25,0
-1,-6,-31,9,5,14,20,3
-4,-20,-58,18,3,4,7,-13
-1,-24,-17,11,-5,-6,0,5
-7,-27,-34,2,-5,-12,11,6
0,-10,9,10,-4,-11,0,14
-2,-10,37,-17,-9,-9,12,1
-4,-5,21,16,-1,-1,13,4
-9,0,24,8,2,0,3,4
-11,-8,-25,-18,-1,0,0,-12
-5,4,-4,-5,3,8,-7,10
-4,2,-6,4,4,-3,-15,8
-1,-12,-4,7,1,11,-12,-2
-5,-11,3,24,2,6,-5,2
0,-16,-10,21,2,0,3,10
0,-3,-5,1,3,13,-7,5
0,-4,-4,-19,-6,-13,-20,12
-1,-9,2,-14,-3,-10,-22,16
-1,-1,0,15,0,-13,-36,9
-4,-13,-3,3,-6,-14,-24,6
1,6,16,5,-1,-9,-20,5
0,13,39,7,1,-3,-27,-4
-7,1,2,1,-1,9,-10,-17
-4,5,-7,3,1,5,-16,-9
-3,4,-14,9,5,14,-19,-16
-2,-5,-32,1,2,8,-10,-4
0,-3,-16,-15,0,-4,-16,7
0,-3,-22,-29,2,5,1,4
-1,0,0,-17,-1,-2,3,12
5,7,12,-6,-1,-1,3,13
0,5,21,-10,-2,-1,0,11
2,2,24,8,-3,-9,0,8
-1,-2,7,7,-1,-8,-1,11
1,6,12,-4,0,-7,-3,-1
4,6,6,0,0,-1,0,-5
0,7,39,0,0,-2,-6,-6
6,7,3,-8,1,3,0,-7
0,-3,2,-3,-2,-7,7,-4
0,-1,6,-12,-4,-5,8,9
2,-4,-14,-3,0,1,12,7
-4,-8,7,-8,-3,-5,7,3
0,2,-5,-19,1,9,10,18
0,3,-11,-4,4,4,1,3
-1,0,-20,-19,-2,-5,-3,7
-1,3,-14,-8,-1,-3,-1,6
-1,1,-14,-1,-2,-7,-3,-7
-1,-1,-7,-12,-4,-8,-8,-5
0,1,-2,-7,0,0,7,-8
0,0,-3,-12,0,-2,10,-2
0,1,0,-9,-1,0,11,4
-2,0,-7,-2,-2,3,21,5
-3,0,-10,-3,-4,-1,4,-2
-2,2,-5,-2,-2,3,6,-4
-2,1,-6,-4,0,2,3,-15
-2,0,-4,-6,0,-1,-7,-4
-1,0,-1,-5,0,-1,-10,1
0,-1,-4,-6,0,-5,-13,0
0,-1,0,-3,-1,-4,-8,12
0,0,0,-1,-1,1,9,-4
0,0,-7,0,0,2,12,-1
0,0,-3,-1,-2,0,10,1
-1,-1,-5,-2,-2,-1,6,-3
0,0,7,-3,-3,-2,0,1
0,-1,4,-5,-5,-4,-1,0
0,0,2,-2,-1,-1,0,-2
0,0,5,0,0,0,-1,-2
0,0,-11,-1,0,0,-1,0
0,0,8,0,0,0,-1,0
0,0,-9,0,0,0,0,2
-1,0,-1,0,0,-1,0,1
-1,0,5,0,0,0,0,0
0,0,-24,0,2,0,0,0
-2,-3,-15,-5,-1,-2,-5,-1
-1,-2,-20,-3,0,-1,-5,0
-1,-2,-22,-2,-1,-1,-3,0
-3,-4,-6,-3,-3,-1,-1,-1
-1,2,7,1,0,1,1,0
0,2,-8,0,-1,0,1,0
-1,0,-28,-2,0,0,1,-1
0,0,-1,-3,0,0,0,0
1,-1,-14,-4,0,-1,0,0
0,-2,0,-4,0,-1,-1,0
0,-1,31,0,2,1,-1,0
-1,-1,11,0,2,1,-1,-1
-1,-1,26,0,2,2,-1,-1
-1,-1,19,0,1,2,-1,-1
0,0,-9,0,-1,0,-1,0
0,0,6,1,-2,-1,-1,0
0,1,10,2,0,0,0,0
1,3,13,4,0,0,0,0
1,1,32,1,0,0,0,0
0,1,13,0,-2,0,0,0
0,0,-2,0,-3,-1,0,0
0,-1,-6,-3,-2,-2,0,0
-1,-2,3,-2,0,-1,-1,-1
0,-1,-3,0,2,-1,0,-1
0,-1,3,0,2,-1,-1,-1
0,-1,1,-1,0,0,-1,-1
0,-2,-19,-4,-1,-1,-1,0
-1,-2,-15,-5,-4,-2,-1,0
-2,-2,-16,-4,-3,-3,0,0
-1,-2,3,-4,-4,-3,0,0
-2,-3,25,-3,-3,-4,-1,-1
-2,-2,22,-3,-3,-3,-1,-1
-1,-2,26,-4,-3,-3,-2,-1
0,-2,3,-3,-3,-3,-1,-1
0,-1,-3,-3,-2,-2,-1,-2
0,-1,-4,-2,-2,-1,-1,-1
-1,-1,-8,-2,-3,-2,-1,-1
-1,-1,-7,-3,-4,-3,-2,0
0,0,-9,-1,-4,-2,-1,0
-1,0,-8,-1,-2,-1,-1,0
-1,0,-6,0,-1,0,0,0
-1,-1,0,0,0,0,0,0
-1,-1,0,0,1,2,0,0
0,-1,5,0,0,0,0,0
0,-1,4,0,0,1,0,-1
0,0,0,0,1,1,0,0
-1,0,0,0,0,-1,0,-1
-1,-1,-2,0,0,0,0,0
-1,0,-3,1,2,0,0,0
-1,0,0,0,0,0,0,0
0,0,0,0,0,0,0,0
0,1,0,-1,-1,-1,-1,0
1,0,-6,-1,-3,-2,-1,0
0,0,2,0,-2,-2,-1,-1
0,-1,-17,-1,-1,0,-1,-1
-1,-2,-9,-2,0,0,-1,-1
-1,-2,0,-2,0,0,-1,-1
-1,-2,-10,-3,-1,0,-1,-1
0,-1,8,-1,0,0,-1,-1
0,-1,0,0,0,0,-1,0
0,-1,-1,0,0,0,0,0
0,0,0,0,0,0,0,0
0,0,3,0,0,0,0,0
0,0,4,0,0,0,0,0
-1,0,1,-1,-1,0,0,0
-1,0,4,-1,0,0,0,0
-1,0,0,-1,0,0,-1,-1
-1,0,-1,-2,-1,-2,-1,-1
-1,-1,2,-2,-1,-2,-1,-2
-1,-1,2,0,0,-1,-1,-2
0,-1,-2,0,2,0,-1,-1
0,-1,-1,0,1,0,-1,0
0,0,-4,0,1,1,0,0
0,0,-3,-1,-1,0,0,0
0,-1,1,0,-1,0,0,0
0,-1,2,-1,0,0,0,0
0,-2,4,-1,0,0,0,0
0,-1,0,-2,-1,-1,-1,0
0,-1,-1,-1,-2,0,-1,0
0,-1,2,0,-1,0,-1,0
0,-1,-6,0,-1,-1,-1,-1
0,0,-6,2,1,0,0,-1
0,0,-14,1,0,0,0,-1
0,0,-17,0,-1,0,0,-1
0,0,-9,0,0,0,0,0
0,0,-9,0,0,0,0,0
-1,0,-1,0,2,0,0,0
0,-2,0,-1,0,0,-4,-1
0,0,0,-1,-1,-1,4,0
1,-1,8,4,-1,-1,2,0
0,-1,1,-2,-1,-1,-6,-2
-1,-4,0,-5,-2,-1,-5,-1
-1,-1,6,-3,0,0,-6,0
-1,-1,-4,-8,-2,-1,-5,0
-2,-2,0,3,-1,-2,0,-1
0,0,2,0,-3,-5,6,-1
-1,-1,-5,-2,-2,-4,4,-3
0,1,8,0,0,-3,5,-2
0,0,-9,-5,-1,-2,14,-3
-1,1,0,-2,1,0,4,-4
-1,-1,-3,4,-1,-2,-3,-2
-3,-3,-6,3,-2,-3,-10,-2
-3,-3,-1,4,-2,-2,-14,0
-1,-1,-2,-1,-4,-1,-9,1
-1,2,21,0,-3,-1,-4,-2
0,0,-6,-6,-1,1,10,-1
0,2,6,-5,0,0,1,0
0,0,-11,-2,0,0,-1,0
2,1,-26,-5,3,0,-5,-1
3,2,-7,0,1,-1,-15,0
2,1,-9,0,0,0,-8,-1
0,0,4,4,0,0,2,-4
-1,-1,0,0,-2,-1,7,0
-1,0,2,1,-3,-2,6,-1
-3,-4,-17,-7,-3,-3,3,0
-2,-3,-19,-9,-5,-5,-10,2
0,-2,-22,1,-1,0,2,1
-1,-2,-14,-2,-1,0,5,1
1,2,1,-1,-3,1,9,1
1,-1,-14,3,0,2,11,2
0,-2,-11,-12,-2,0,4,0
1,1,10,4,0,1,0,2
3,4,8,10,4,2,12,2
1,3,7,-5,0,0,6,0
4,9,6,-7,0,0,3,0
-1,-2,-25,-18,-6,-5,-3,-1
-2,-5,-36,-10,-7,-7,-11,-3
2,6,-8,4,-2,-4,-27,-2
-1,-4,11,13,0,-3,-22,3
2,0,17,2,2,2,6,4
0,0,37,-9,0,-2,8,1
0,-8,12,-14,-3,-5,15,3
0,-15,-20,-25,-3,14,36,-8
4,-5,-29,-10,0,12,13,-5
6,-16,-47,-27,-3,18,14,13
0,-14,-35,-23,-3,12,25,-9
0,1,-4,-7,-4,-14,-19,-7
-2,-5,12,14,-2,-8,3,-22
-1,6,19,32,2,1,-10,-14
3,11,30,33,4,8,1,9
6,3,36,42,6,19,2,23
-4,-1,1,8,0,16,-15,57
-4,-1,-17,6,0,13,8,36
-7,-10,-7,-7,-3,16,21,42
-11,-6,-50,-17,-3,14,33,22
5,5,-3,-17,0,11,38,14
2,1,19,-1,-2,-10,6,4
0,-5,-34,-16,0,-13,-13,-1
9,2,0,-14,1,-18,2,20
2,-5,-29,-33,-4,-15,6,-6
4,-4,-36,-37,1,1,30,5
1,-5,-1,-16,-1,-2,34,3
-5,-11,-2,-19,-2,0,22,-26
2,-2,13,13,1,1,21,14
-8,-7,38,31,0,-4,3,-16
-1,1,27,10,-3,-9,-24,-2
0,1,25,-12,-7,-12,-32,23
-4,-6,-1,-21,-5,-15,-37,1
5,9,-11,-28,-6,-13,-32,30
6,4,-11,-25,-2,-3,-12,13
4,1,-43,0,-2,-7,-17,5
1,11,10,9,0,1,-2,-5
-3,1,-9,4,0,0,14,0
-1,7,-9,16,4,4,26,0
1,15,39,19,6,10,30,5
0,10,8,19,7,0,26,7
-5,7,40,-3,-1,-5,-5,-1
-1,13,50,19,0,-3,5,-14
-6,2,26,-21,-6,-4,-10,-20
-6,-11,4,-31,-7,6,-17,-21
10,1,-8,-24,0,15,6,-8
0,-8,16,-19,-2,8,-17,-3
0,-12,-18,7,3,5,-12,0
-1,1,34,5,-1,-15,-3,2
-2,-4,2,9,2,7,-15,-5
-2,-13,-26,-8,0,3,-14,-1
-1,-10,10,-6,-1,2,8,-2
0,-14,-23,-2,2,13,-12,-1
0,-11,26,30,8,-5,-5,-6
0,-2,10,7,-3,-11,-16,-4
7,12,30,31,1,-2,2,-6
5,7,30,41,2,0,1,-22
-4,-1,-20,0,-9,-8,2,-4
0,6,20,36,5,1,21,-7
-9,-10,-32,12,0,-7,-6,0
-4,-8,-30,-19,-10,-9,-8,21
-2,-2,-15,0,-7,-14,-14,2
-6,-11,-32,-17,-7,-5,-15,10
-2,-7,-30,-33,-9,0,-3,7
-1,-2,-33,-5,0,1,10,-2
-6,-12,-6,-20,-4,8,-2,-3
-3,-5,-43,-28,-9,-6,-2,3
-2,-6,2,-7,-3,0,-13,6
-7,-10,17,-4,-2,-7,-20,6
-2,0,-10,-13,-1,-7,-4,11
-1,0,46,1,1,-4,-10,5
4,11,58,24,9,1,3,7
2,5,55,0,0,-2,-4,10
2,7,88,28,3,0,1,11
3,8,83,23,5,3,2,6
-2,0,44,3,-3,-5,3,-3
0,6,15,14,2,1,11,0
2,5,-6,11,2,1,-7,-2
-1,2,-29,5,1,-3,-12,-4
0,2,-16,0,1,0,-14,-2
0,2,-2,-6,0,-4,-9,-5
-3,0,-9,-14,-3,-8,-3,-6
-2,-1,-7,-3,-1,-9,0,-2
-1,-1,-17,-9,0,-11,-10,4
-1,-2,-9,7,-2,-7,-16,-1
-3,-3,-7,3,-2,-7,-9,1
-1,0,0,0,-6,-3,-3,0
-2,-1,1,2,-8,-1,-2,-5
-1,1,-4,-1,-2,-3,0,-1
0,0,-3,0,-4,0,-3,-2
0,-1,-13,-2,-5,-7,-7,-1
0,2,-7,0,-1,-1,-1,-2
0,2,-4,1,-3,0,1,-1
0,2,-3,2,-1,-1,0,1
0,2,4,10,5,4,4,0
-1,0,-3,9,5,-1,0,0
-2,-1,4,3,0,-3,-2,1
-1,0,3,4,0,-1,1,0
-1,-1,-5,-3,-1,0,-1,0
1,0,-1,-3,0,-1,0,2
2,1,-13,-3,0,1,1,0
2,1,-4,1,5,2,0,-1
3,6,1,2,0,-2,1,0
-1,1,-4,1,-5,-5,-2,-2
-2,0,3,1,-1,-1,-2,0
-3,-2,-4,-3,-9,-5,-2,-1
-4,-7,0,-5,-4,0,-3,-2
-1,0,7,-1,2,3,-1,0
-1,0,1,-1,-2,-2,0,-1
-1,0,14,0,1,0,0,-1
0,0,8,0,0,0,0,0
0,0,3,0,-3,-1,0,0
0,-2,11,2,0,1,-1,-1
1,1,-6,1,2,1,-1,0
0,0,-1,0,0,0,-2,-1
-2,0,4,0,-1,-1,-1,-1
0,1,-7,-2,-1,-1,-1,0
0,1,-2,0,1,4,0,0
0,0,-3,0,0,3,0,0
2,1,-8,-1,0,2,0,0
0,0,1,0,0,3,0,0
0,0,3,0,-1,-1,0,0
0,0,1,1,1,1,0,0
-1,-1,3,0,1,0,0,0
0,-1,-3,-1,-4,-3,-1,0
-1,-1,-3,-1,-3,-2,-1,0
0,-1,-3,-1,0,-2,0,0
-1,-1,-1,-1,-2,0,0,0
-1,-1,2,0,0,0,0,0
-2,-1,0,-2,1,0,0,-1
-1,0,1,-3,-3,-1,0,-1
-2,0,-1,-2,-1,-2,0,-1
-2,-1,-4,-1,0,-1,-1,-1
-1,0,0,0,-2,-1,-1,-1
-1,0,-2,-1,-1,0,-1,-1
0,0,1,-1,-2,-1,-1,-1
-1,-1,-4,-2,-1,0,0,-1
-1,-2,-22,-2,-2,-1,-1,-1
0,-2,-14,-2,-3,-2,-1,-1
0,-3,-23,-2,-1,0,0,0
0,-1,-9,0,-1,-1,0,0
0,0,10,0,-2,0,0,0
-1,0,3,0,0,0,0,0
-1,0,5,0,-1,-1,0,0
0,-1,-1,-2,-3,-2,0,0
0,-1,-2,-2,-1,-1,0,0
0,0,-3,-1,0,0,0,0
0,0,1,0,0,0,-1,0
-1,0,2,0,0,0,-1,0
-1,0,-6,0,0,0,-1,0
0,0,-5,0,-2,-1,-1,0
-1,-1,-12,-2,-2,-1,-1,0
0,-1,-11,-2,-1,0,-1,0
0,-1,-6,-1,0,-2,-1,0
0,-1,-6,-1,0,-1,0,0
0,0,0,0,-1,-2,-1,0
0,0,3,0,-1,-2,0,0
0,0,2,-1,-3,-1,0,0
0,0,3,-1,-1,-1,0,0
0,0,4,0,1,0,0,0
0,-1,2,0,0,0,0,0
0,-1,3,0,2,0,0,0
-1,-2,-3,0,0,0,0,-1
-2,-1,-3,-1,0,0,-1,-1
-2,-1,-2,0,0,0,0,-1
-1,0,-1,0,1,0,0,-1
0,0,1,1,1,1,0,0
0,0,0,0,2,1,0,0
0,0,-3,0,0,0,0,0
0,-1,0,-1,0,0,0,0
0,0,-1,-1,-1,-1,-1,0
0,0,-5,-1,-2,-1,0,0
-1,0,-7,0,0,-1,0,0
-1,0,-8,0,0,0,0,0
-1,-1,-4,-1,0,-1,0,0
-1,-1,-1,-1,-1,0,0,0
0,-2,0,-3,-3,-1,-2,-1
0,-2,-1,-3,-5,-2,-2,-1
0,-1,-3,0,-1,0,-1,-1
0,-1,-3,0,1,1,0,-1
0,-1,-5,0,2,2,0,0
0,0,-1,0,3,2,0,-1
0,-1,-1,-3,-1,-1,0,0
0,0,1,-1,-3,-2,-1,0
0,0,4,-1,-4,-2,-1,0
-1,0,1,0,-3,-2,-1,0
-1,0,4,0,-2,-1,-1,0
-1,0,5,-1,-1,-2,-2,0
-1,0,0,-1,-2,-2,-1,0
-1,0,0,-2,-2,-3,-1,0
-1,0,1,-1,0,-2,-1,0
0,0,0,0,0,0,-1,0
0,1,5,1,-1,-2,0,-1
0,0,7,0,-1,-2,0,-1
0,0,4,-1,-1,-1,0,-1
-1,0,-5,-2,-2,0,1,-1
-2,-1,-12,-2,-2,-1,-1,-2
-2,-1,-11,-2,-2,0,-1,-2
-1,-1,-15,-1,-1,-1,-1,-2
-2,-1,-2,0,0,0,-3,-2
-1,-1,2,-2,0,0,0,0
0,1,6,0,1,1,0,0
-1,-1,1,0,0,0,0,0
0,0,3,0,-1,-1,-1,0
-1,-1,2,0,0,-1,-9,0
0,-3,-2,0,-1,-1,-2,0
1,0,-6,0,0,0,-2,0
1,1,-2,0,1,1,4,-1
0,-1,-8,-1,0,0,-3,0
0,1,-8,1,1,0,-5,0
0,0,0,-1,-1,0,-8,0
0,-2,-4,2,-2,-1,-7,1
0,1,-11,-10,-3,-1,8,0
-1,0,-4,-13,-4,-2,7,0
0,3,2,-8,-1,0,6,0
-4,-6,-25,-11,-3,-2,-21,-3
-3,-5,20,10,-1,0,-3,2
-3,-6,-7,-4,-3,-3,-12,-3
-3,-8,-3,-10,-3,-3,3,-1
1,1,22,-7,-1,0,34,9
1,0,-8,-13,0,-1,12,4
3,4,16,0,2,2,26,12
2,2,8,1,0,0,17,8
0,1,12,6,4,2,4,-3
0,0,13,8,3,2,-8,-10
-1,0,24,14,-2,-4,-11,-8
1,5,7,19,7,1,-10,-3
-2,-2,-9,-4,-2,-2,-9,-2
-2,-3,-15,1,0,-2,8,8
-3,-4,-32,-17,5,3,4,0
-6,-9,-14,-21,-8,-5,-1,-4
-1,1,0,1,-5,-2,-5,0
-1,0,-9,-6,-6,-2,0,-2
-1,1,7,17,-5,-2,-3,-1
0,1,-1,-1,0,1,-2,1
-1,0,-19,-9,-2,0,4,-1
0,2,4,-10,-4,0,1,1
2,2,-26,-16,-3,0,5,3
5,6,-5,8,1,2,5,3
3,5,9,8,2,1,2,2
2,1,-6,5,2,1,0,0
0,0,17,11,0,0,0,0
-1,-1,0,-2,1,0,1,-1
-1,-4,0,2,0,0,5,-2
1,4,19,0,0,0,-16,1
2,4,-3,-11,3,2,-8,0
-5,-11,-7,-1,-2,-1,-2,4
-3,-4,-9,-16,-4,-2,-12,-1
-1,-13,-27,0,0,1,28,0
-8,-9,-15,-13,-6,0,15,3
-1,3,10,-1,-1,-1,2,-1
-5,1,-17,8,1,0,1,4
-8,6,9,-7,0,-3,-2,0
-2,-2,22,14,-2,-11,-5,-12
-7,-7,-10,-17,-6,-5,-20,-4
-1,-4,38,-10,-3,1,2,0
0,-4,-2,2,0,4,-10,-1
0,-1,-26,-4,4,7,-9,12
2,5,-17,8,5,0,9,-4
1,-3,-18,16,5,-7,-15,2
-1,-3,-12,-6,-1,-7,0,5
4,12,27,2,-1,-6,-1,4
7,3,13,19,0,-2,7,7
-1,4,-28,-2,-2,1,19,1
1,11,8,37,4,-4,4,-6
-3,-8,-35,7,0,-5,-15,0
-7,0,10,-4,-1,1,3,-14
6,7,44,16,0,0,-10,-7
0,-5,9,-12,-6,6,-15,-4
3,4,36,22,2,9,11,-12
7,6,32,52,9,4,-16,11
-4,-8,-9,5,0,-7,-7,2
-2,-2,4,13,0,-26,-29,-8
-4,-13,-25,0,0,-1,0,-13
-5,-17,-46,-23,-5,-1,-3,-16
0,-6,7,0,2,7,-13,-15
2,-3,24,-4,3,15,25,-9
4,6,47,2,1,4,22,3
3,13,50,-12,0,4,16,7
4,3,3,-14,-4,5,32,2
1,-4,-24,-14,-2,14,10,14
-3,-4,3,-35,-10,-13,-30,5
-4,-11,-16,-13,-9,-16,-18,-3
-3,4,2,-17,-5,-11,-8,-2
-2,3,-6,-14,-4,-12,-1,0
-7,1,-19,7,0,1,16,-10
-10,2,-14,-10,0,-1,20,-2
-1,0,9,22,4,-3,16,22
-15,-3,39,13,1,1,17,-9
-5,-5,14,16,-3,-19,-15,-10
3,-10,30,1,-2,-1,-11,10
-9,-14,0,-9,-5,5,-18,-15
12,0,4,2,1,9,-20,19
8,2,15,0,8,26,11,32
-6,-6,4,11,4,0,4,-6
-2,-7,31,18,2,-12,-7,-12
-3,-2,11,2,-2,-22,-26,-19
-7,-17,-18,-14,-9,-17,-29,-17
5,3,15,11,-3,-4,-37,5
0,1,-30,7,-4,-2,-38,1
-3,-8,-20,17,0,3,-5,-5
6,9,3,24,0,1,-7,6
0,3,-2,21,-2,1,-11,-3
11,12,2,-14,-2,-4,-14,29
-3,1,-6,-5,-1,4,-22,42
-5,0,-18,5,7,8,-20,40
-3,0,-44,-13,4,10,8,25
-10,-1,-24,27,4,4,28,-4
3,3,-48,25,4,4,19,-10
0,-11,0,11,-6,-9,25,-11
-9,-15,-28,-3,-5,2,0,2
4,-13,2,-24,0,25,22,24
-2,-2,12,-24,-2,12,34,12
-5,5,-29,-25,1,12,12,-11
6,10,10,11,1,-9,22,3
-2,6,10,-4,-5,-22,-29,-28
-2,0,41,-9,-6,-7,-5,-24
2,9,76,12,0,1,-5,-7
-5,-1,42,-25,-3,9,-1,-23
-8,-1,14,3,2,18,30,-4
1,1,13,10,0,-8,-12,15
6,4,16,7,1,-7,14,0
0,-5,37,8,-1,-13,-24,11
-2,-5,31,2,0,-14,-16,12
-4,-5,20,7,3,0,-1,3
-9,-13,-26,9,3,5,-7,6
0,3,-35,11,5,4,18,1
2,-1,-15,-9,3,2,-17,-3
-2,-11,-40,-46,-2,-1,-16,-18
-6,-11,-6,-56,-8,-10,-29,-11
2,-9,23,-30,0,3,-8,-3
1,-6,15,-4,-3,-1,6,-3
3,9,69,36,1,2,4,1
4,6,39,25,4,4,15,6
5,4,47,33,0,-2,2,6
-5,2,13,10,2,6,15,-12
-7,-2,0,-1,0,3,13,-6
-4,4,44,26,2,7,16,-3
-9,9,18,5,2,3,4,-19
0,1,27,14,-2,-13,-6,11
-3,1,-3,7,-4,-19,-13,5
3,-7,-47,-6,-2,-5,-21,-20
-2,-16,-48,-28,-7,2,-6,-15
7,4,-9,-5,0,14,1,-13
8,0,-14,-1,3,19,11,-21
-2,2,30,-13,-5,-11,9,4
-2,-2,15,1,-3,-10,0,1
-3,-7,2,-8,-6,-17,0,-9
0,-2,22,-9,-6,-11,0,2
1,1,13,3,-1,-1,7,0
3,7,40,15,0,-4,6,0
2,6,31,9,0,0,13,6
0,2,23,6,2,2,3,1
2,2,4,4,2,3,0,3
0,1,-15,-1,1,0,-3,2
0,0,-3,4,3,1,-14,0
0,1,6,4,0,-1,-1,2
-2,-1,-12,-1,0,-2,-1,-3
0,0,-1,6,0,0,4,2
-4,-2,-19,-3,-3,-3,1,-1
-4,-3,-15,0,-1,-5,-3,-4
-1,0,0,2,-1,-1,-21,-6
-1,0,9,-4,-1,-2,-19,-5
1,0,10,0,-1,-3,-11,-1
0,1,6,-2,-1,-3,-10,3
0,-1,5,-2,-1,-3,12,7
0,0,-13,-3,0,0,7,3
-2,0,-31,-8,0,1,3,-2
-1,-2,-16,4,3,1,1,-3
-1,-1,-9,4,0,-1,-6,-4
-1,-2,7,7,0,-1,1,0
0,-1,30,8,3,0,2,0
0,0,5,-3,2,0,-1,1
0,0,-5,-3,2,0,3,1
0,0,-5,-11,0,0,2,1
0,1,-2,10,5,2,0,0
0,0,1,6,2,2,1,0
0,0,4,8,3,1,0,0
0,0,-1,15,5,0,-1,0
-2,-2,-3,-8,-8,-5,-3,-1
-3,-2,0,-8,-7,-1,-1,0
-2,0,-1,-9,-5,0,0,1
-1,0,0,-8,-6,0,-2,0
1,0,1,-2,1,3,1,1
2,0,1,-2,-1,0,1,1
1,-1,-1,-6,-4,-1,0,0
1,-1,0,-2,-2,-1,0,-1
0,-1,0,0,-3,-1,0,-1
-1,-2,-2,-2,-2,-2,0,-2
-3,-1,0,-1,-1,-1,-1,-2
-2,-1,0,-2,-1,-1,0,-1
-2,-1,1,-2,-1,-2,0,-1
-1,0,6,-1,-2,0,-1,-1
-1,-1,3,0,1,0,0,0
-2,0,2,0,0,0,-1,0
-2,-1,0,-3,0,1,0,0
-1,-2,-20,-2,1,0,1,0
0,0,1,-2,-2,-2,1,0
0,0,-1,-3,0,-1,0,0
0,0,-3,0,-1,-3,-1,0
0,0,15,0,-3,-1,-2,0
-1,-1,3,-2,1,0,-2,0
0,0,2,-1,-1,0,-1,0
-1,0,-1,-1,0,0,0,0
0,1,-1,0,3,0,0,0
0,0,-8,1,-1,-1,-1,0
0,0,-6,0,0,-1,0,0
0,0,2,0,0,0,0,0
0,0,-15,0,1,0,0,0
0,-2,-12,-4,0,0,0,0
-1,-1,-4,-1,-1,-1,-1,0
-1,-1,-12,0,0,-1,0,0
-2,-1,3,0,-1,-1,-1,0
-1,0,0,4,0,0,-1,0
-1,0,-4,0,2,0,0,0
-1,0,10,0,1,-1,0,0
-2,-1,8,-2,1,0,0,0
-2,-2,7,-2,0,-1,0,0
-2,-2,4,-2,-1,-1,0,0
-1,-2,-9,-2,-2,-1,0,0
0,-1,-6,-1,-1,-2,0,0
0,-1,-3,-1,0,0,0,0
0,0,-4,0,0,0,0,-1
1,0,0,1,3,2,1,0
1,0,0,0,1,1,0,0
0,0,0,0,-1,-1,-1,-1
0,1,-3,0,0,-2,-1,-1
0,0,-3,-3,-4,-3,-2,-1
0,0,10,-1,-4,-1,-2,-1
0,0,12,-2,-1,-1,-1,-1
-1,-1,1,-1,-1,0,0,0
-1,-1,0,0,0,0,0,0
0,0,-12,-1,-1,-1,-1,0
0,0,-9,0,-2,-1,-1,0
0,0,3,0,-2,-1,-2,0
0,0,4,0,-3,-1,-1,0
0,0,2,0,0,-1,-1,0
0,0,-3,-1,-2,-2,-1,0
0,0,-3,-1,-2,-1,0,-1
-1,0,0,-2,-3,-1,-1,-1
-1,0,0,-1,-2,-1,-1,-1
0,0,4,0,0,0,0,-1
0,-1,0,0,1,0,0,0
0,-1,-2,1,1,0,0,0
0,-1,-5,0,0,0,-1,0
0,0,-6,0,0,0,-1,0
0,-1,0,-1,0,0,-1,0
0,-1,-2,0,0,0,-1,-1
-1,-1,2,0,0,0,0,-1
-1,-1,-4,0,-1,-1,-1,-1
-1,-1,-18,-1,-1,-2,0,-1
-2,-1,-12,-1,-1,-3,-1,-1
-2,-1,-7,-1,-1,-1,0,-1
-1,-2,-6,-2,0,0,0,0
-1,-1,6,-1,0,-1,0,0
0,-1,0,-2,-2,-2,0,0
0,0,-4,-2,-3,-2,-1,0
0,0,0,0,-1,-2,0,0
0,0,-1,-1,0,-1,0,0
-1,0,3,0,1,1,0,0
-1,-1,3,0,2,0,0,0
-1,-1,2,-1,0,0,-1,0
-1,-1,-3,0,1,2,0,0
-2,-1,0,0,2,2,0,0
-1,-1,-3,0,2,3,0,-1
-1,0,-5,0,2,1,0,0
-1,-1,3,0,0,-1,-1,0
0,-1,-2,0,-2,-2,-1,-1
0,0,-2,-1,-3,-2,0,0
0,0,0,0,-1,-1,0,0
0,0,1,-1,0,0,0,0
-1,0,0,-1,-1,0,0,0
0,0,-1,0,0,0,0,0
0,1,9,2,0,1,1,0
0,1,10,3,0,1,2,0
3,8,12,5,2,0,1,0
1,1,2,2,0,0,0,0
0,-1,-11,-1,-1,-1,-1,-1
0,-2,-9,-2,-2,-1,-2,-1
-2,-8,-16,-3,-1,1,-8,-2
0,0,-4,-2,-1,0,-1,0
0,0,0,-1,0,2,0,0
0,0,1,-1,0,0,3,-1
0,-1,0,-2,-1,-1,2,0
-2,-2,-4,-2,0,0,-5,-1
-3,-3,-5,-4,-3,-2,-3,-1
-2,-1,1,-2,-2,-1,-9,0
0,1,0,0,0,0,1,0
0,-1,-12,-12,-2,-1,-4,-1
1,0,-13,-14,-5,0,1,0
1,-1,-21,-8,-2,-2,-11,-2
0,-4,-22,-24,-10,-4,-15,-3
0,-2,-7,-13,-8,-3,-16,-2
-2,-2,-6,-16,-1,-4,-35,-5
-1,1,4,-25,-5,-4,-29,0
0,4,21,-1,0,-2,-24,2
-1,0,15,2,-2,-4,-20,0
-1,0,17,13,0,-2,-14,0
-2,-2,4,9,0,-1,-4,-3
-1,-4,-10,-1,-3,-2,0,-3
2,2,-4,-9,-1,1,14,1
2,0,5,-1,1,3,21,3
2,2,18,1,-1,3,25,5
2,2,16,11,2,3,16,3
2,0,22,0,0,1,3,1
0,0,18,6,-3,-1,-10,-1
-1,-4,-2,-5,0,0,-10,-2
-1,-1,4,-12,0,0,-4,-1
-1,0,-11,10,3,0,3,-9
-12,-13,-39,-7,-2,-1,4,-18
-10,-8,-12,-2,-3,-3,-8,-10
-14,-13,-13,-13,-10,-6,-4,-23
-10,-6,24,5,-4,-1,-10,-7
4,9,36,3,1,3,-5,-1
3,8,47,0,0,-5,4,-9
0,14,57,13,4,-10,-10,3
0,0,21,3,-1,-8,-2,14
-7,1,40,0,-2,-19,-18,6
-1,-1,-11,-5,-1,1,-18,17
2,-11,-10,-4,-3,12,0,16
7,2,-10,-10,-3,1,-16,-5
-13,-13,-8,-12,-9,9,-3,8
-10,-4,9,5,-5,-2,-8,7
-8,2,25,15,-1,-2,-3,-16
-22,-9,14,-16,-6,-6,-1,1
10,1,-15,-6,0,-4,8,6
-5,-4,1,11,-1,-7,7,-21
3,-6,-52,-20,-4,-11,-10,9
4,-3,-25,13,0,-1,-7,-11
0,0,-17,12,0,-3,-4,-16
7,0,-5,-20,0,2,10,3
1,4,11,6,3,1,0,0
6,4,10,-11,0,5,15,8
5,9,2,-10,1,8,16,14
5,1,-15,15,2,0,18,29
1,5,26,11,2,13,29,11
-2,-3,-12,5,0,7,9,10
-3,-7,-13,-6,-2,5,8,-7
-11,-5,-32,-4,-2,6,-14,-28
-7,-7,-61,-8,-4,-7,-9,-2
-1,8,-26,18,2,-1,-8,0
-9,1,7,17,0,-10,-14,8
-4,6,35,9,-1,-3,-12,-2
-2,4,21,-1,-3,-4,-17,-14
1,2,38,3,-4,-10,-5,8
-7,5,13,12,1,-2,-4,-5
-4,-1,-23,5,1,0,0,24
-13,-3,18,28,4,-2,9,24
-15,-7,-2,1,-1,4,-1,11
1,-5,14,-5,-1,4,-2,15
1,0,49,18,0,0,-5,-13
5,-1,-13,-23,-7,-15,-23,-4
-6,-4,-32,-10,2,-20,-7,-20
-2,2,-4,7,4,-20,-21,-1
-3,2,-8,-2,4,-25,-11,8
-2,8,26,16,8,-7,-7,2
11,7,29,15,5,-6,-16,4
4,0,-27,17,6,-3,3,-18
1,-2,-53,-17,-3,-6,-15,-12
1,-9,-49,2,-2,-2,3,-4
-7,-12,-57,-26,-8,-10,-14,-8
0,-10,-16,-34,-6,-6,-16,9
6,-3,35,-10,-4,-4,-16,-10
4,-10,-4,-39,-6,1,-28,4
6,-10,18,-12,-7,2,3,6
-3,-10,-3,-2,-8,-7,-16,-2
1,-8,-44,-15,-2,6,12,24
1,0,-25,-9,-2,-4,-4,-12
4,5,-15,6,2,1,-16,1
7,3,-13,-33,-4,0,-1,-2
-1,-1,8,-11,-6,-1,-11,-10
3,7,16,-4,-3,1,3,2
-5,8,2,-13,-2,0,0,-6
-4,8,38,17,1,7,17,17
1,10,-1,2,4,-1,15,22
-6,2,23,0,0,0,14,4
3,2,40,0,-1,0,19,2
2,3,6,14,2,0,12,-2
-1,-1,21,14,-1,4,5,-10
-5,-1,22,29,2,0,5,-4
-4,-4,8,31,1,-1,0,1
-9,-6,23,6,-3,-3,-11,-20
-9,-4,30,-1,-2,-5,-5,-20
-1,-2,7,0,0,0,-4,-6
-6,-1,-5,1,0,-1,3,-10
0,0,-11,10,1,-2,3,1
3,1,-13,11,5,1,10,5
0,0,4,0,1,-3,4,0
1,0,20,-2,5,0,10,4
0,-2,2,-11,2,2,13,0
-2,-3,5,-1,-3,-1,12,-1
-1,-4,-23,-4,0,2,17,0
-1,-3,-26,-15,-6,0,6,-11
0,0,-11,-4,0,1,1,0
-2,0,-4,-11,-3,-1,-10,-2
-1,0,2,-20,-7,-3,-11,-1
-1,0,1,4,-4,-3,-12,5
-4,-3,-1,0,-5,-3,0,-6
-2,-2,0,15,3,-1,0,1
-1,-2,0,25,5,0,3,3
-3,-3,-3,-1,0,-2,-3,-3
-2,-2,-2,-6,-1,-2,-10,4
-2,-3,0,-19,-6,-2,-7,-1
-3,-2,5,-10,-3,-2,-6,-2
0,-2,4,-10,-2,0,2,1
0,-2,12,-6,-1,-1,1,0
0,-1,-3,0,1,0,5,-1
-1,-2,-17,-7,0,2,1,0
-1,0,1,1,2,1,0,-1
-2,-2,2,-1,-3,0,-1,-2
-1,-2,14,-2,0,0,-3,0
0,-1,30,1,0,-1,8,-1
0,-2,-9,-8,-3,-1,6,0
1,0,-22,-5,0,1,8,0
0,0,-8,-6,-2,1,22,1
-1,0,-16,-13,-5,0,13,0
0,0,3,-4,-3,0,11,1
0,0,1,3,-3,0,8,0
1,-1,-16,3,-3,0,-6,0
2,0,-12,8,-2,-1,-11,-1
-2,0,-5,5,0,0,-6,-1
-2,-2,12,-7,0,-1,-6,-1
0,-1,13,-5,-2,-1,-3,0
-2,-2,16,-4,0,0,0,-1
1,-2,8,1,2,0,-3,-1
0,-1,-9,5,1,0,-2,-1
-1,-1,4,2,2,1,-1,-1
-2,0,10,0,0,0,-3,-2
-3,-1,15,0,-2,-1,-2,-1
-2,0,11,0,-1,0,-2,0
-2,0,-1,3,-1,-2,-5,0
-1,0,-8,1,-1,-1,-3,0
0,0,-9,0,-1,0,-2,0
-1,-1,4,-2,-1,0,-2,0
0,0,-2,-3,-1,-1,0,0
0,0,-2,-1,-1,-1,-1,0
-2,0,4,-1,0,0,-1,-1
0,1,-3,0,-1,-1,-1,0
-1,1,4,0,-1,-2,-1,-1
-1,0,10,0,-3,-2,-1,-2
0,0,5,-1,-2,-2,-1,-1
-1,0,15,-2,-2,-2,-1,-1
0,-1,12,-3,-1,0,-1,0
-3,-1,0,0,-1,0,0,0
0,-2,-2,-1,1,0,0,1
0,0,-5,1,1,0,0,0
1,0,-2,0,3,0,0,0
4,0,1,-3,2,0,0,0
1,0,8,-2,1,0,0,0
0,-1,-3,-3,0,0,0,0
-2,-1,-3,-3,-2,0,0,0
0,0,0,0,-1,0,-1,0
1,0,-6,0,-1,0,-1,-1
1,0,-1,0,-1,0,-1,0
1,0,-1,0,-2,-1,-1,-1
-2,-2,-1,-1,0,-1,-1,-1
-2,-2,-3,-2,-1,-1,-1,0
0,-1,6,-1,0,0,-1,0
0,-1,5,0,1,0,0,1
2,0,1,0,0,0,0,1
0,0,3,-1,-1,0,-1,0
-1,-1,-6,0,0,0,-1,0
-2,0,-7,0,0,0,-1,0
-2,0,-7,0,0,0,0,0
-1,0,-7,5,2,-1,0,0
-1,0,-3,2,0,0,0,0
0,0,0,2,0,-1,0,0
1,0,0,3,-1,-1,0,0
1,0,1,0,0,-1,0,-1
1,0,-1,0,0,-1,0,-1
0,-1,0,-1,-2,-1,-1,0
0,-1,0,-1,0,-1,-1,0
0,0,-1,-1,-2,-1,-1,0
-1,-1,1,-2,-2,-1,0,0
-3,-1,-1,-1,0,-1,0,-1
-1,-1,-2,-1,0,0,0,-1
-1,0,2,-1,0,0,0,-1
0,0,-6,-1,0,0,0,-1
2,0,-3,-1,0,-1,0,-1
-1,-1,-4,-3,-1,-2,-1,-1
-1,-2,-7,-3,-1,-1,-1,-2
-3,-2,0,-2,-2,0,-1,-2
-2,-1,-4,-3,-1,1,-1,-1
0,-1,-1,0,0,1,-1,-1
0,0,-1,0,-1,0,-1,-1
1,0,0,1,0,0,0,-1
0,-1,1,0,0,0,0,0
-1,-2,0,-1,-3,0,0,0
-1,-2,1,-1,-2,0,1,0
-1,-1,0,-1,-3,0,0,0
-1,0,0,-1,0,1,0,0
0,0,-2,0,0,0,0,0
-1,-1,-3,0,0,0,-1,0
-1,-1,0,-1,0,-1,-1,-1
-1,0,0,-1,-1,-1,-1,-1
-1,0,0,-1,-1,0,-1,-1
-1,0,1,-1,-1,-1,-1,-2
-1,0,0,-1,-1,-2,-1,-1
-1,-1,-2,-2,-3,-2,-1,-1
-1,-1,-2,-1,-1,-1,-1,-1
0,-2,-2,-1,-1,-1,0,0
0,-2,-4,-1,-1,0,0,-1
-1,-1,-1,0,1,0,0,0
-1,-1,-1,0,0,0,0,0
-1,0,0,0,0,0,0,0
0,-1,0,1,0,0,0,0
0,-1,0,0,0,0,0,0
0,0,0,-1,-1,0,0,-1
1,-1,0,-2,-1,0,0,-1
0,0,3,0,0,0,2,1
0,1,-2,-1,-1,-1,-1,0
0,0,0,-2,0,-1,-2,0
1,2,-4,-1,-1,-1,2,-2
0,2,-2,-1,-1,-1,-9,-2
4,-2,-8,0,1,0,-3,-1
1,0,5,1,0,1,-2,0
0,-4,-4,0,1,0,-7,0
2,-5,-12,0,0,1,3,1
-1,0,-1,0,0,0,-4,1
0,-2,-12,-4,0,-1,-13,0
-1,0,6,-2,0,0,-6,0
-2,0,8,-4,-3,-3,-2,-1
-2,-3,3,-4,-3,-2,0,-2
-1,0,0,0,-1,0,4,-1
0,1,-2,-1,-1,-1,7,-2
0,2,-1,0,0,0,-7,0
1,7,1,-3,1,0,0,2
-2,-5,-1,-8,-1,0,2,-1
-1,-1,-4,-4,-1,0,-9,-1
0,3,-6,-1,0,0,4,0
-3,-9,-19,2,0,0,-5,0
-1,1,9,7,0,-2,-12,-3
-2,-7,7,3,0,-1,-10,-5
-3,-9,16,2,0,-1,-7,-5
0,2,35,2,1,0,-2,-4
4,10,17,3,1,0,12,9
6,14,15,-2,1,-1,8,16
7,16,7,-1,0,-1,14,17
2,9,-1,-2,-1,-4,-1,9
0,4,-10,-3,0,-3,-2,4
0,4,-3,2,-1,-2,4,3
-1,-3,-12,-8,-4,-1,1,-2
0,-1,-5,-3,-6,0,0,0
0,-4,-9,3,-2,-1,-3,-1
-1,-2,9,23,2,2,1,-7
0,-1,-6,10,1,0,-12,-4
-2,-4,1,19,3,2,5,0
2,4,8,-10,-3,2,6,1
0,-1,-11,-26,-9,-4,-4,-1
-3,-4,-1,-3,-4,0,-10,-4
2,12,7,-23,-4,-4,-21,-10
-7,-10,-19,-5,-5,-5,-13,-6
-2,-1,-1,-7,-1,1,-10,-2
0,4,29,0,-2,-4,-2,1
-9,-5,-14,8,1,-8,7,-1
-7,0,32,13,0,-19,-22,1
-9,-9,31,10,0,-11,-2,6
-4,-3,30,5,1,-10,3,4
0,-10,32,-5,-4,-7,8,8
7,12,37,5,2,-3,29,4
0,7,2,18,0,-22,-15,1
-4,6,-12,4,-3,-13,-11,18
-12,-2,-25,-16,-6,-15,-21,0
-6,0,-19,-23,-5,-1,-15,1
8,16,22,-39,-6,9,11,13
1,7,33,-18,-2,7,13,-18
10,17,70,19,5,13,12,7
10,19,44,-6,3,9,14,6
-12,0,15,0,2,8,0,-12
-1,2,-8,-7,-2,4,-8,16
-2,0,-27,-20,-6,0,1,18
-11,-11,-12,30,0,0,-21,1
21,6,-23,20,6,0,-3,18
10,-2,-13,5,2,-1,-7,6
4,-14,-10,10,2,0,-12,-13
9,-15,-33,-19,-3,-2,-1,3
-5,-20,-1,-15,-9,-2,-4,-9
0,-16,6,3,-5,-2,-8,-5
6,-5,24,28,0,-2,-19,1
15,1,18,10,-1,3,1,14
-8,-15,-22,7,-4,-8,-4,-8
-8,-7,-2,4,-1,4,-11,-15
-3,9,-11,-10,-1,5,-7,-2
-13,-3,13,-4,0,2,-46,-18
1,9,24,5,6,14,-42,6
0,6,18,5,6,4,-24,7
-7,-4,23,4,6,10,-8,-19
-16,-7,5,9,1,3,15,-7
-14,-2,4,27,7,6,31,-14
-12,-8,-5,13,3,3,13,-10
-1,-4,-9,3,1,0,11,21
-1,5,-8,21,5,4,9,5
-1,0,19,-9,-5,-8,-7,4
-3,11,0,1,1,4,20,5
-3,5,12,18,0,7,26,13
-1,6,13,-4,-2,10,33,6
-1,2,-9,2,1,21,37,11
0,-2,7,14,-5,1,18,5
-3,11,0,5,3,4,3,-18
-1,-3,-18,3,-1,-5,-10,-5
5,20,22,5,1,-7,-2,6
4,14,-1,-11,2,-1,0,0
7,4,-15,-29,-4,-5,-7,5
5,9,-18,-32,-5,-4,0,6
18,2,-37,-23,-5,-1,-2,2
23,16,-17,5,0,2,0,25
17,8,-30,9,0,-1,13,19
18,17,25,39,6,6,14,-2
-10,0,-7,20,1,0,13,-20
-11,-9,-40,-4,0,-1,16,-21
-11,-4,2,1,-1,-2,3,-23
-4,-6,-18,-6,-1,-3,-6,8
7,-1,-11,-4,1,-2,-7,21
5,0,41,3,-1,0,-9,9
12,3,28,5,2,1,-1,17
1,0,8,-3,-2,-3,3,2
-2,0,-3,9,1,1,11,6
-1,0,-30,4,-1,-5,1,6
-18,-9,-14,15,-2,-4,-5,-22
-13,-10,-6,11,-3,-2,-2,-17
4,-1,23,5,-4,-4,-15,-17
4,0,31,9,-1,0,-6,-24
13,2,-3,-4,-3,-2,0,3
11,4,22,6,-1,-2,-4,-7
-6,-2,11,9,-1,-2,-2,-3
-6,-5,5,4,-1,-2,-5,-7
-6,-2,25,7,3,0,-2,-5
2,-2,-8,6,2,2,1,2
-11,-1,-8,6,3,4,0,-13
-13,0,3,4,1,3,3,3
-9,0,-3,-2,-3,-1,-3,-4
-18,0,1,0,1,0,-6,-9
1,2,14,-4,-2,-4,-2,7
7,-2,-19,-18,-6,-3,-4,1
6,1,-31,-10,0,0,-9,7
6,0,-27,-15,-2,1,0,16
4,-4,-39,-19,-5,0,-7,-4
-5,2,-6,-3,-1,-2,-14,11
-5,-2,7,-7,-4,-2,0,2
-4,0,4,-9,-6,-4,-11,3
-3,3,9,-3,-2,-3,-4,14
2,1,-4,0,0,0,-3,1
-2,2,-5,-1,-1,0,-2,5
-1,0,-6,0,0,-1,-3,-2
-1,-2,-1,1,0,-1,-5,0
0,0,1,0,0,0,0,-2
3,0,0,0,1,0,-1,-1
2,0,2,0,1,0,0,1
2,2,-11,0,3,1,0,0
1,0,3,0,0,0,0,1
3,0,-8,-2,0,1,-4,0
3,1,0,4,1,0,-15,3
0,0,-6,-3,0,1,-14,0
1,-1,2,-1,0,1,-13,-4
0,-2,13,-2,0,-1,-12,-1
-1,-3,0,-9,-3,-3,1,-5
1,0,25,3,-2,-3,0,-3
2,2,-5,0,-1,-3,-10,0
-4,2,-1,3,0,-1,-10,1
-8,0,-1,4,1,1,-7,0
-2,-5,-17,-9,-1,0,-8,0
-5,-7,-2,-7,0,0,1,-2
-1,-9,-13,-9,-1,-1,1,-2
1,-6,-7,-9,-1,-1,0,-2
-6,-2,1,1,0,0,1,0
-2,-1,-4,0,-1,0,2,0
-2,2,-2,1,-1,0,4,0
2,1,-2,1,-3,-2,1,1
3,1,-6,0,-2,-1,0,0
0,0,-5,0,-2,-2,0,0
0,0,-6,0,0,0,-1,0
-2,-1,-5,2,1,1,0,0
-2,-2,-2,1,1,0,1,0
0,-1,-4,0,1,0,1,0
-1,-1,0,-1,-1,-2,1,-1
0,-1,0,-1,-1,-1,1,-1
0,0,-1,0,-2,-1,1,-1
-1,0,1,1,0,-1,1,-1
-1,0,-2,0,-1,-1,0,-1
-1,0,-3,-1,-2,-2,0,-1
-2,-1,-2,-1,-2,-1,0,0
-1,0,-3,-1,-2,-1,-1,0
-2,-1,0,-1,0,0,0,0
-2,-1,0,-1,-1,0,0,0
-1,0,0,-1,-2,-1,0,0
-1,-1,1,-2,-4,-2,0,-1
0,0,0,0,0,1,0,0
0,0,0,1,0,0,0,0
0,-1,-1,0,0,0,0,0
-1,-1,-3,0,0,0,0,-1
-2,-1,-2,0,-2,-2,0,-1
-2,-1,-2,-1,-2,-2,0,-1
-2,0,-1,-1,-2,-2,0,0
-1,0,0,-2,-1,-2,0,0
-1,0,-1,-2,-1,-3,0,-1
-1,0,-1,-2,-2,-2,0,-1
-1,0,0,-2,-1,-2,-1,-2
-1,0,-4,-1,-1,-1,-1,-1
0,-1,1,0,-1,-1,0,0
-1,-1,-8,-1,-1,-1,0,-1
0,-1,-2,-1,-1,-2,-1,-1
-1,-1,2,-1,-1,0,-2,-2
-1,-1,-6,-2,-2,-1,-2,-2
-1,0,4,-1,-1,0,-2,-1
0,0,3,-1,-2,0,-1,-1
0,0,5,0,0,0,0,0
0,0,6,1,1,0,0,0
0,-1,6,1,0,-1,0,0
0,0,-1,2,1,0,0,0
0,-1,-13,0,0,0,-1,0
-1,0,-14,0,0,0,0,0
0,0,-13,1,1,0,0,0
-1,0,-7,0,0,0,0,0
-1,0,-2,0,0,-2,0,0
0,0,1,0,0,0,0,0
0,0,1,-1,0,0,0,0
0,0,-7,-1,0,0,0,-1
0,0,2,0,1,1,-1,-1
0,-1,1,0,0,-1,0,0
0,-1,0,-1,-1,0,0,-1
0,-1,7,-1,-2,0,0,0
1,0,-1,0,-1,-1,0,0
0,-1,-4,0,0,0,-1,0
0,-1,-10,0,0,-1,-1,0
-1,-1,0,0,0,-1,-1,-1
-1,-1,2,-1,-1,-1,0,-1
-1,0,5,-2,-3,-2,0,-1
0,0,12,-1,-1,-1,0,-1
0,0,-1,0,0,0,0,-1
0,0,-3,-1,0,0,0,-1
0,0,-4,0,0,0,0,0
0,-1,-4,-1,0,-1,0,0
0,0,-3,-2,-1,-2,-1,0
0,0,3,0,-2,-1,-1,0
0,0,1,0,0,-1,0,0
0,0,0,1,0,0,-1,0
-1,0,1,3,1,0,0,0
-1,-1,-5,1,2,0,0,0
0,0,0,0,0,-1,-1,0
0,0,1,0,-1,-2,0,0
0,-1,0,-1,-3,-2,0,0
0,0,0,-1,-2,-2,-1,0
0,-1,-3,0,0,-1,0,0
-1,-1,-3,0,0,1,0,-1
-1,-1,-3,0,1,1,0,-1
-2,-1,-3,0,0,1,0,-1
-2,-1,-1,-1,-1,0,-1,-2
0,-1,-1,0,-4,-3,-2,-1
1,0,-14,-2,-1,-1,0,0
0,-1,-2,-2,0,0,0,-1
0,-1,6,-1,0,0,0,0
-1,-4,-6,-1,0,0,0,0
-1,-3,-1,-1,-1,-1,0,-1
0,0,0,0,-1,-1,0,0
0,-1,-19,-1,-1,0,0,-3
0,2,8,1,-1,-1,0,0
0,0,-10,-1,-3,-3,-14,0
-1,-1,-6,0,-2,-1,0,0
0,2,16,3,-1,-2,-4,4
-1,-2,-23,-1,0,0,-4,0
-3,-3,-4,1,0,2,12,-1
-1,0,-8,1,-1,-1,-8,-2
-1,-1,-8,11,0,-1,-5,-1
1,1,7,-4,-1,0,-2,3
2,4,6,-7,0,-1,-4,4
0,2,-4,0,1,0,2,4
0,2,3,-15,0,0,5,5
0,3,11,6,0,0,-3,-1
-1,-1,5,9,0,-1,-2,-1
-1,-1,14,5,-1,-1,4,-3
0,0,-6,3,-1,0,10,-8
0,-1,-9,1,-1,0,8,0
0,1,-8,-2,-1,1,7,0
-1,0,-8,-5,-1,0,-12,-2
-1,-1,-5,-1,0,0,-5,2
-2,0,0,3,0,-3,-11,-1
-1,-1,-6,4,0,0,-7,-2
0,1,13,5,0,0,5,2
0,1,8,9,0,0,-6,0
0,0,-4,-20,-5,0,5,0
0,1,2,-19,-11,-2,-7,-4
-1,-1,-11,-12,-4,-2,-8,-4
-2,-2,-7,-14,-3,-2,-18,-4
-2,-1,12,20,6,0,-8,-3
0,1,7,18,11,-1,1,0
0,1,2,3,0,-1,0,-1
0,0,0,-1,-4,-3,6,0
0,0,-8,-9,-8,-2,4,0
0,-3,2,-6,-3,0,8,0
1,0,11,5,1,2,7,2
2,4,19,2,1,1,0,1
1,1,24,9,3,1,-2,0
0,0,41,10,1,0,-9,-2
-1,-1,34,8,1,0,0,-1
-1,-4,33,10,1,2,8,-1
2,8,38,6,1,2,-1,0
0,0,8,11,1,4,14,2
-2,-5,-6,-4,-4,-1,19,0
0,0,-7,-3,0,0,16,1
-3,-11,-26,-11,1,1,25,1
1,3,-10,-13,1,0,7,0
6,15,26,0,5,2,-10,1
1,3,20,5,0,-1,-5,-2
4,11,31,7,0,0,-8,0
-1,-2,4,-13,-4,-3,-4,0
-2,-6,-14,-18,-5,-3,0,-3
4,3,17,-10,-2,-13,-5,-3
-2,-3,-3,-21,-7,-10,-7,-4
3,11,40,8,-1,-11,2,-8
0,0,15,-2,-3,-10,11,1
-3,2,-1,-5,1,17,29,8
4,0,21,0,2,7,42,21
4,-3,-24,1,2,23,27,8
-6,0,7,-2,2,18,10,-21
2,-6,-22,-2,-3,-5,0,-10
-4,-5,-38,-5,-1,3,1,-33
-4,-7,-4,-16,-2,-12,9,-30
9,-5,-36,11,2,-6,13,-5
-2,-1,-25,-8,0,-1,18,-23
7,15,-1,9,3,-2,13,-3
-3,0,-7,1,-1,-7,3,3
-6,-6,0,-6,-3,-9,9,-4
-6,-6,3,-1,0,-7,-9,-8
-11,-19,-24,1,-3,-10,-18,-17
-1,3,-9,7,0,-6,-11,-4
1,9,4,0,-1,-5,-14,4
2,4,18,6,-1,-4,-9,4
-5,-4,-1,-14,-2,1,-3,14
-12,-8,-16,-9,-4,-7,-8,-13
-9,-6,5,3,-2,0,-10,3
-15,-11,-15,-8,-2,8,-6,15
-8,-6,-1,-2,-5,-1,-18,-7
3,-2,-1,0,2,33,-9,29
3,11,-2,-3,2,17,2,5
5,14,9,2,4,15,-4,10
8,18,35,9,7,18,-5,6
1,9,25,7,2,-11,7,-9
-1,-6,-15,1,1,-2,-20,-8
5,0,3,3,2,-5,2,-21
0,-8,-25,-9,-6,-13,-21,-8
-2,-9,-30,-18,-8,-10,-40,-4
-1,-7,-15,-18,-9,-9,-11,-4
0,-6,-33,-5,-11,-22,-29,-7
1,3,18,16,2,-2,-9,-9
4,0,19,13,1,0,-6,2
-1,-4,7,15,0,0,-14,4
-7,-9,-2,1,-1,8,-17,-2
0,-10,-45,-6,0,0,1,7
4,7,-40,2,3,-2,0,0
-7,-7,-43,-4,-2,-9,-10,-7
-1,-4,-29,8,2,-6,-4,-3
-7,-2,-9,10,1,8,9,-18
-9,-10,-17,10,-2,14,5,-33
2,7,31,17,4,16,20,-17
-2,0,20,15,5,16,19,-6
-3,-4,1,3,-1,-10,-6,0
-5,-5,13,-10,-3,-20,-5,21
0,-5,-2,-5,-1,-13,-7,12
-3,-8,11,-18,-9,-18,-12,10
-1,-6,0,-13,-5,-5,-3,23
-2,-8,22,1,-3,-1,0,0
-2,-3,28,11,0,1,2,15
2,7,3,-1,1,0,5,13
3,6,19,10,2,-1,3,3
4,7,-12,-5,3,0,0,14
1,1,-35,-20,-3,-6,-9,5
3,0,-14,-2,0,0,-24,7
2,2,6,-11,-1,-3,-25,8
0,-1,7,2,-4,-9,-26,2
0,-2,-3,-4,-5,-8,-11,4
-2,-2,-6,0,-4,-10,-1,-3
-1,-2,-30,-6,-3,-11,-8,2
0,-1,-8,-5,0,-2,-6,-1
0,-1,-3,-1,2,-3,-25,-4
0,0,-13,-5,0,-3,-7,2
0,-1,3,-3,-3,0,2,1
0,-1,-11,-3,-3,-5,8,1
0,-1,-13,-7,-3,-1,20,0
-1,-3,5,-5,-4,0,3,1
0,-2,-6,-3,-1,-2,2,0
0,0,-5,-3,-1,0,3,0
0,0,-2,-2,-1,0,-6,-1
0,0,-10,-3,1,0,1,0
-1,-1,-7,-7,0,0,-6,-3
-1,-1,-4,0,0,0,-6,0
-1,-3,-1,0,-2,-2,3,-1
-1,-2,-3,0,-3,-5,0,-3
0,2,-3,3,-1,-1,5,-3
-1,-1,-5,-4,-3,-1,0,-3
-1,0,-7,-4,-2,-2,-4,-2
-1,0,-6,-2,-1,0,-1,-1
-2,-3,-1,-1,-3,-1,-1,-1
-1,0,0,0,-2,-2,-6,-1
-1,0,0,2,1,0,-5,0
-1,0,1,1,0,0,-3,1
-1,-1,-3,-1,-1,-2,-3,0
0,0,-1,0,0,0,2,0
0,0,-7,0,-2,-2,0,0
0,-1,1,-2,-2,-1,-1,0
0,-2,-18,-3,-1,-1,-3,0
-1,-1,-17,-4,-1,-2,0,0
0,-1,-10,-2,1,0,0,0
0,0,-21,0,3,0,0,0
0,1,5,2,3,1,0,0
0,1,0,1,2,3,0,0
-1,0,16,0,0,1,2,-1
-1,0,16,-1,-1,0,0,-1
-1,0,15,0,0,1,0,-1
-1,0,13,0,0,-1,-1,-1
0,0,-5,0,-1,0,-1,-1
-1,0,-2,1,0,-1,0,0
-1,0,-4,0,0,-2,0,0
-1,-1,-6,0,-1,-2,0,-1
-2,-1,-3,0,0,0,0,-1
-1,-1,-5,0,0,0,0,-1
-1,-1,-4,-1,0,1,0,-1
0,0,1,0,0,1,0,0
0,-1,1,0,0,0,-1,-1
-1,0,3,0,0,0,0,0
-1,-1,0,0,-1,-1,0,0
-1,-1,-2,0,-2,-1,0,-1
-1,0,-1,-1,-2,-2,0,-1
-1,0,3,0,-1,0,-1,-2
0,0,0,0,0,0,-1,0
0,0,2,0,0,1,-1,0
0,0,3,2,3,1,0,0
0,0,0,0,2,0,0,0
-1,0,3,0,1,1,0,0
-1,-1,0,0,1,0,0,0
-1,-1,-1,-1,0,0,-1,-1
0,0,-2,-1,-1,0,0,-1
0,0,-3,0,0,-1,0,-1
0,0,0,0,0,0,0,0
-1,0,-1,0,0,0,0,0
-1,0,-2,0,0,0,0,0
-1,0,-2,-1,0,0,0,0
-2,-1,-2,-1,0,-1,0,-2
-2,-1,-2,-1,0,-1,0,-1
-2,-1,-2,-1,0,0,0,-1
-1,-1,-3,0,-1,-1,-1,0
0,-1,5,-1,-2,-1,0,-1
0,0,4,-1,-2,-1,0,-1
0,0,6,-1,-2,-2,0,-1
0,-3,-1,-5,-2,-2,-1,-2
0,-2,-7,-3,-2,-2,0,-1
0,-2,-8,-3,-2,-2,0,0
0,-2,-10,-3,-3,-2,0,-1
0,0,4,0,-1,-1,0,0
0,0,1,0,0,-1,0,0
0,0,0,0,-1,-2,0,-1
-1,-1,3,-1,-2,-3,0,0
-2,-2,-3,-1,-4,-4,0,-1
-2,-1,-1,0,-2,-1,0,0
-2,-2,-2,0,-1,0,0,0
-1,-1,9,0,-1,-1,0,0
0,-1,17,-1,0,0,0,0
0,-1,10,-2,-2,-1,0,0
0,-1,15,-2,-2,-1,0,-1
-1,0,0,0,0,0,0,0
-1,0,-7,0,0,1,0,-1
-1,0,5,1,-1,-1,0,0
-1,0,2,1,0,-1,0,0
-1,-1,1,0,0,0,-1,0
-1,-1,-3,-1,-1,-2,-1,0
-1,-1,-8,0,0,-1,-1,0
-1,-1,-8,-1,-1,0,-1,0
0,-1,-7,-1,-2,-1,-1,0
0,-1,0,0,-1,0,0,0
0,-1,-1,0,-1,0,0,-1
0,-1,-1,0,0,-1,0,-1
0,-1,-1,-1,0,0,0,-1
0,-1,-11,-2,-1,-1,-1,-1
0,-1,-12,-2,0,1,-1,0
-1,-1,-11,-1,0,1,-1,0
-1,0,-9,0,-2,0,-1,0
0,-1,-4,0,-1,0,-1,0
0,-1,-4,-1,-3,-2,-1,-1
0,-1,0,-1,-2,-2,0,0
0,-1,-1,-1,-1,-2,0,0
-3,0,-1,3,0,0,-5,-2
-2,0,-18,3,0,0,0,-1
-3,0,-11,4,0,-1,1,-2
-2,-3,1,2,0,-1,-7,-2
0,-1,7,5,0,-1,0,-1
0,-2,5,3,-1,-2,-9,-1
0,-1,4,-1,-1,0,-10,-1
0,0,-4,1,0,1,13,0
-1,0,-9,0,1,1,7,0
0,0,-11,-5,0,2,12,0
0,0,-7,-3,0,1,13,0
0,-2,-4,-3,-2,0,3,-2
0,0,-5,-6,-4,0,0,-1
-1,-1,0,1,-1,0,1,-1
0,-1,2,0,0,0,0,-1
-1,-1,-4,0,1,0,-2,-1
-1,-3,-6,0,0,-1,1,-1
-1,-2,0,-1,-1,-1,2,0
0,-1,-11,-1,-2,-1,4,0
0,-2,6,-2,-4,-3,-1,-2
0,0,11,0,0,-1,0,0
0,0,2,5,2,-2,0,-2
0,-1,8,2,2,0,-1,0
0,0,-15,3,2,0,-8,0
0,0,-17,1,0,-2,-9,-1
0,-1,-16,-1,-3,-1,-13,-2
0,0,-15,-1,-3,-2,-9,-2
0,0,2,0,-1,-1,1,-1
-1,0,3,0,-2,0,0,-1
-1,0,14,-1,-1,-1,4,-2
-2,-2,2,-2,-2,-2,-3,-5
-2,-1,3,-3,-1,-2,-6,-5
0,3,5,0,2,0,-6,-4
-1,0,-19,-3,2,1,-5,-2
-2,-1,-12,-4,0,0,0,0
0,1,-24,-5,0,0,1,1
-2,-5,-17,-8,-4,-3,-1,-1
-2,-1,2,-2,-4,-4,-5,0
1,6,32,3,0,0,-1,0
-2,-1,17,0,0,0,-2,-3
-1,-2,-5,1,0,0,-2,-1
1,2,10,2,3,3,3,2
-2,-8,-23,-6,0,0,-2,-1
0,-1,5,-1,-2,-2,-4,6
-1,-5,10,-5,-4,-4,-13,0
-4,-5,6,0,-2,12,-11,0
2,-1,15,-7,1,13,3,10
0,2,10,-12,-2,7,-8,12
14,16,12,-2,8,30,14,17
8,1,5,-6,1,-5,-13,24
-1,0,-5,6,0,7,-12,7
2,1,-17,22,7,15,2,-10
-6,-4,0,6,-4,-13,-33,-3
-2,5,5,8,0,-2,6,-7
0,0,-4,-5,-5,-17,-15,-4
2,-5,-12,-14,-8,-21,-8,8
-6,-3,-6,6,-3,-13,24,-6
3,-9,-38,-2,0,4,10,7
2,-2,-20,15,3,0,25,-2
-1,-3,14,7,1,6,11,6
1,-10,-19,-10,0,11,8,20
-6,-5,-21,-18,-5,0,-3,-15
4,6,4,-3,0,12,4,1
0,15,12,-2,1,23,36,-17
6,21,14,8,3,29,47,-4
10,27,48,26,4,16,49,16
-1,1,10,-10,-6,12,12,0
5,4,-10,-8,-5,0,-8,1
4,-1,-3,-15,-5,0,-22,0
0,-2,-32,-20,-5,5,-26,-14
6,10,-28,0,0,-10,-2,-1
0,4,-46,3,4,-4,15,7
-4,-3,-34,1,0,-18,11,-12
-3,-9,-34,5,3,-15,22,-5
-5,-2,-4,1,3,-1,20,-6
1,-9,0,-5,-5,-17,-37,-16
4,3,-19,17,-2,-19,-16,-11
5,0,-27,-11,-4,-9,-18,1
1,-2,-14,-5,-3,-12,-15,-14
-6,-6,10,11,0,-8,14,3
-3,-4,17,-14,0,-3,-6,-3
-4,7,75,20,0,-10,-4,-15
4,-5,11,10,0,-5,-1,19
14,0,11,-13,-4,-2,3,15
-1,-5,25,-1,-2,7,10,16
-6,-11,5,1,-2,8,10,1
1,2,5,-3,2,10,3,-4
1,8,15,14,7,6,-5,-1
12,8,16,-7,1,-6,3,18
12,3,5,-23,-1,-1,0,11
1,0,35,-2,0,-6,0,9
-18,-8,-3,2,-2,-4,1,-17
-20,-9,19,3,0,6,-5,-33
-15,-2,24,11,2,0,-1,-3
-19,-17,-6,0,-3,-2,-6,-6
-4,-14,-12,-21,-5,2,12,12
-6,-14,-22,-6,-5,-2,8,4
-3,-10,-34,-13,-5,-5,-1,-1
3,9,-23,-9,0,2,25,0
11,7,14,-10,-1,2,11,11
2,5,-32,-3,0,0,17,9
-2,-1,-18,-2,2,5,23,23
-5,-4,-12,-7,0,0,1,4
-10,-4,-54,-3,0,-6,6,-23
-4,-5,1,2,1,14,5,3
-11,-8,-3,7,-2,8,7,-14
-9,-9,16,9,-2,6,1,-18
-12,-7,45,17,0,13,6,11
0,-2,-14,0,-1,-9,-2,-1
6,4,-14,-5,-2,-13,-8,0
12,8,-5,-3,0,-9,1,18
4,3,-12,-10,-3,-16,0,-8
2,3,24,-1,0,-7,-11,-13
4,0,18,0,2,0,-11,-8
0,-5,10,-9,-1,-7,-12,-4
0,-2,14,-4,-1,-15,-19,0
-2,-2,4,-6,0,2,14,15
-2,-2,15,-8,-3,2,-4,-12
-2,1,6,0,-1,5,-6,-1
0,0,-1,-1,0,19,-6,9
1,0,4,1,-3,0,-21,-7
1,0,-16,4,1,4,12,21
0,0,-25,1,1,14,11,5
0,0,-15,3,3,15,16,4
-1,-1,-30,-2,1,11,5,0
0,1,-11,-5,-1,1,-8,-1
0,0,-6,-3,-1,-3,0,1
-1,-1,-12,-3,-2,-9,-6,3
-1,-1,-6,-1,-1,-10,3,8
0,0,-18,0,0,-3,12,8
0,1,18,1,0,-3,7,4
1,1,20,1,0,-1,7,1
2,2,53,3,0,0,4,2
1,0,55,2,-1,-2,-1,-1
0,0,19,0,-3,-4,-3,0
0,1,24,0,-3,-3,0,0
-1,1,-2,0,-3,-4,-1,-1
-1,1,-2,4,-1,-3,-2,-1
-2,0,0,4,0,0,-1,-1
-2,-1,-11,2,1,-1,-2,0
-3,-1,-21,0,0,-1,-1,0
-1,-1,-28,-4,0,0,1,1
-1,-1,-12,-5,1,1,0,1
-1,-1,-7,-3,0,2,0,0
0,0,4,-2,1,2,0,0
-1,0,12,-1,0,0,-2,0
-2,0,-13,0,0,-1,-2,0
-1,0,-7,-1,0,-1,-1,0
-1,0,-5,-2,-1,-2,-1,0
0,0,-1,-2,-1,-1,0,0
0,0,9,-1,0,0,0,0
0,0,3,0,0,0,0,0
0,0,0,-1,1,1,-1,0
0,0,-3,-1,1,0,-1,0
1,0,0,-1,0,0,0,0
0,-1,15,-1,0,0,0,0
0,0,14,0,0,0,1,0
0,0,14,0,0,1,1,0
-1,0,14,0,1,2,1,0
-1,0,-2,0,-1,0,0,0
-1,0,-2,-1,-3,-2,-1,0
-1,-1,0,0,-2,-2,-2,-1
0,-1,0,0,-1,-3,-1,0
0,-1,0,0,0,0,-1,0
1,-1,1,0,1,1,0,0
0,-2,8,-4,0,1,-1,0
0,-1,4,-4,-1,0,-1,0
0,-3,3,-5,-2,-2,-1,0
-2,-3,2,-4,-2,-1,-1,0
0,-1,-5,-1,-1,-2,0,0
0,-2,-7,-1,-1,-1,0,-1
0,0,-5,1,1,0,0,0
1,0,0,1,1,0,0,0
0,0,-3,0,0,0,0,0
0,0,0,0,0,-1,-1,0
0,0,-2,0,-1,0,0,0
0,0,-6,0,-2,-2,-1,-1
0,0,-5,0,-1,0,-1,0
0,0,-5,0,0,0,-1,0
-1,0,-4,0,-1,-1,-2,0
-3,0,5,0,-1,-1,-2,0
-3,0,10,0,-1,-1,-1,-1
-3,0,-1,0,0,0,0,0
-2,0,1,-1,0,0,0,-1
-1,0,-10,0,0,0,0,-1
0,0,-15,1,2,3,0,0
0,-1,-5,0,3,1,0,-1
0,0,-6,1,3,2,1,0
0,0,-4,0,3,2,2,0
-1,-1,-3,-1,0,-1,0,0
-1,-1,0,0,-1,-1,0,0
-1,-1,-1,-1,-1,0,0,0
-1,0,-1,-1,-2,-1,-1,0
0,0,-2,0,0,0,-1,-1
0,0,-3,-1,0,1,-1,0
0,-1,-2,-2,0,0,0,0
0,-2,-6,-2,0,0,0,0
0,-1,-7,-2,0,0,0,0
0,-1,-8,-1,-1,-2,-1,0
0,-1,-3,0,-1,-1,-1,0
-1,0,10,0,0,1,0,0
0,0,10,2,2,2,0,0
0,0,12,1,2,2,0,0
0,0,5,0,1,1,0,0
0,0,-2,-1,-1,-1,-1,0
0,-1,-1,-1,-2,-1,-1,-1
0,-1,-3,-1,-1,-1,-1,0
0,-1,0,0,0,0,0,-1
-1,-1,-4,0,0,0,0,0
-1,-1,-6,-1,0,0,0,0
-2,0,-6,-1,-1,0,0,0
-2,0,-7,-1,-2,-1,-1,0
-2,-1,-2,-3,-3,-2,-1,-1
-1,-1,-2,-3,-4,-3,-1,-1
-1,-1,1,-1,-3,-3,-1,-1
0,0,3,-1,-1,-1,0,0
0,-1,1,-2,-2,-2,-1,-1
0,0,1,-1,-2,-2,-1,-1
-1,-1,-2,-2,-3,-2,-1,0
-1,-1,-2,-3,-5,-5,-2,-1
0,-1,-3,-2,-4,-3,-2,-1
0,-1,-2,-1,-2,-1,-1,-1
0,0,1,-1,0,0,-1,-1
0,-1,0,0,1,1,0,-1
-1,-1,-6,0,2,1,0,-1
-1,-2,-4,0,0,0,0,0
-1,-2,-7,-1,-1,-1,0,-1
-1,-2,-7,-3,-4,-4,-1,-1
-1,-1,0,-2,-2,-2,-1,-1
-1,0,0,0,0,0,-1,0
-1,0,-2,0,0,-1,-5,-1
-1,0,-1,-2,-2,-1,0,-1
-2,0,1,-3,-3,-2,0,-1
0,1,-1,-2,-3,-2,2,0
0,1,13,0,1,0,2,0
0,2,7,1,2,1,0,1
0,-1,-1,0,2,2,1,0
0,-2,1,-1,1,1,-2,0
0,-3,-13,-3,-2,-2,-2,0
-2,-3,-4,-2,-2,-3,-1,0
0,0,-1,0,-1,-2,-7,0
-1,-1,-3,1,0,-1,-1,-1
-1,0,0,2,1,0,8,0
0,0,-1,1,0,0,8,0
-2,-3,-4,-1,-1,0,12,0
-2,-1,-2,-1,-2,-1,7,-1
-2,-1,-4,-3,-2,-2,-4,-2
-2,-3,-10,-4,-2,-2,-6,-2
0,2,5,-1,0,0,-2,-1
2,7,11,2,1,1,-1,0
1,1,-2,1,1,1,1,0
1,7,10,3,2,0,1,0
-1,-4,-10,2,0,-1,-2,0
-3,-9,-13,-1,-3,-2,-2,-1
-2,0,3,0,-2,0,-3,0
-1,-6,-8,0,-1,3,-2,0
1,5,6,-1,-1,1,-1,0
1,4,3,3,1,0,-1,0
0,-1,7,0,1,-2,-3,-1
0,0,1,-3,0,-4,-4,-1
-1,-2,-1,-4,0,-3,-3,-2
3,4,1,-1,0,-1,-3,5
0,-1,-7,-2,0,0,1,-2
-2,-4,-14,-2,-2,-2,1,-3
0,-5,-1,13,0,-2,-12,-9
-12,-12,-2,-11,-3,-7,1,-9
-5,1,20,-4,-3,-1,7,-4
-5,2,22,-3,0,3,5,9
-7,5,25,-10,0,4,26,9
1,3,24,30,5,2,10,-8
7,2,38,42,8,-8,-28,6
-7,-4,32,20,1,0,-7,-17
-6,-3,27,13,-2,2,-18,-4
-6,-4,38,-2,-4,0,-24,7
-16,-9,10,1,-6,-9,17,-6
6,1,40,17,1,-2,4,15
4,1,38,3,1,-5,-3,1
12,14,44,25,6,-7,-3,-6
9,0,27,-15,0,11,10,9
6,4,42,-8,-3,-6,16,-4
6,2,11,2,1,1,18,4
-8,-10,-3,-20,-6,1,28,20
3,6,32,20,4,-5,-9,0
-1,-13,-27,0,0,-14,-26,-8
-1,-16,-9,-8,-1,-3,0,-3
12,8,-5,-29,3,12,-1,-10
0,-10,-51,-68,-7,10,30,1
2,2,-16,-48,-4,9,23,8
6,8,-3,-13,1,4,4,-4
4,7,15,0,0,0,5,0
3,13,14,16,4,4,-22,-8
2,14,43,22,4,8,-8,-10
0,6,11,-8,-6,-7,-11,-5
-12,-12,-34,-9,-6,-9,-14,-8
3,-4,-3,4,-4,-9,-9,-10
4,-3,-14,21,0,-4,-10,22
1,-1,-6,36,3,-1,-24,12
11,-1,25,49,4,-10,-19,0
-2,-13,5,21,1,-10,-18,5
-1,-9,0,11,0,-8,-33,-17
2,-10,38,12,3,-7,-29,-6
2,-6,4,-28,-4,0,-26,-1
3,9,22,12,1,-2,-25,-1
3,0,-17,-11,-3,-13,-25,-16
0,-6,-56,-21,-6,0,-7,-10
-6,-6,-67,2,-2,-1,-10,-10
-1,-14,-80,-21,-5,-4,-15,-8
1,0,-48,16,5,18,-1,8
0,-9,-44,12,1,-2,-17,24
2,-9,0,6,0,1,-6,10
-7,-10,-9,22,4,10,4,13
-11,-10,6,-10,-3,-7,7,5
-5,9,2,-2,0,-2,21,-22
-4,5,7,34,3,-5,3,3
6,10,31,10,0,-12,-4,1
6,9,4,18,2,-5,10,-5
-1,5,29,-1,0,1,11,-12
-5,-3,-12,-40,-6,-4,16,-21
3,12,12,-8,2,7,25,-11
0,1,-16,-12,-1,2,7,-13
4,7,-17,22,3,-2,9,5
13,16,23,33,5,0,3,4
0,-2,-16,9,-1,-3,7,0
2,0,11,16,0,0,11,18
-1,-4,21,-7,-3,-2,9,13
0,2,11,1,4,3,19,28
8,-2,6,-18,0,-3,-2,0
5,-1,29,-16,-1,-6,-5,-5
11,-1,29,-9,0,-3,-1,-3
9,-2,13,-20,-3,0,6,-18
-1,5,36,8,3,3,14,1
1,5,13,1,1,6,18,-1
0,6,-6,1,1,4,9,-3
-2,0,-1,11,-2,-5,-11,-2
7,9,-5,9,0,2,-1,4
-7,-9,-26,1,-3,0,-4,0
0,-4,-21,-2,-3,0,-6,-8
-2,-5,-20,-8,-3,2,0,-4
-11,-17,-31,-16,-6,-5,-9,-10
4,5,2,4,0,-2,2,-7
-4,-1,10,10,0,-3,5,0
-3,0,-11,-10,1,2,8,-3
1,1,-4,-1,1,1,11,-1
-2,-1,-16,-10,0,3,-5,-2
-2,-1,-25,-12,-1,2,-4,0
0,1,-4,-1,-2,0,-3,6
-1,-1,-2,-5,-3,0,5,-1
-1,0,7,-1,-1,0,0,2
-2,-1,3,-2,-1,-2,-14,-1
-2,-1,12,7,0,-2,-17,-5
0,-1,7,4,-2,-3,-22,0
0,-2,2,-2,-3,-3,-11,-3
1,-1,0,-1,0,1,2,0
0,0,0,-1,0,1,6,-1
0,0,-3,-3,0,0,-7,-2
-1,-1,-5,-1,-1,0,-3,0
-1,0,2,-3,-3,-1,0,3
-1,-1,2,0,-3,-2,-16,-3
-1,-1,-6,-5,-1,0,1,0
0,0,-4,-9,-2,0,5,-2
0,0,-8,-4,2,0,11,-6
-1,0,-15,-8,4,2,36,1
0,1,0,1,5,2,24,-4
-1,0,-5,0,4,0,14,-1
-2,-1,-1,-1,-1,-2,0,-2
-2,-1,0,-2,-4,-3,-11,-5
-2,-3,-2,0,-5,-3,-24,-1
0,-2,3,1,-3,-1,-22,-3
0,0,1,1,0,-2,-29,0
0,0,1,2,-1,-2,-18,0
0,-2,-3,0,-1,-2,-9,-2
-1,-2,-3,0,0,-1,-2,0
-1,-3,-2,-1,0,0,3,2
-1,-3,-2,-1,1,1,-4,7
0,0,2,0,1,1,7,12
0,1,8,0,0,0,0,11
0,1,-4,1,0,0,0,6
1,1,0,0,0,0,1,0
0,0,-1,0,0,0,1,-6
0,-1,-7,0,1,1,-2,-8
0,-1,3,-2,-1,-1,1,-9
1,0,-4,-1,-1,-1,2,-6
0,0,-5,-3,0,-1,5,-6
0,1,-7,0,-3,-1,11,-4
0,0,-1,-2,-3,0,15,-3
-2,0,0,-1,-1,0,12,-4
-1,-2,0,-3,-3,-2,4,-3
0,0,8,-1,-1,-1,0,-3
0,2,2,2,0,-1,-8,-1
0,1,3,1,-2,-2,-2,-1
0,3,6,5,0,0,-1,0
-1,-1,-3,0,1,1,-1,0
-1,-2,-2,-1,0,0,3,-1
-1,-2,-1,-1,1,1,-6,-1
-2,-2,-2,-2,0,0,-7,-1
-2,-1,0,-1,-3,-3,-4,-2
-1,-1,0,-1,0,-2,-3,-1
-1,0,-1,-1,-1,-3,0,-1
0,-1,0,-1,-2,-3,3,-2
0,0,2,1,2,0,0,-2
0,-1,-1,0,0,1,-1,-1
0,-1,6,0,0,1,-2,0
0,-2,-11,-3,0,1,-2,0
1,-2,-11,-4,-4,-2,-1,0
0,-2,-9,-3,-4,-3,0,0
-2,-3,-9,-3,-1,-1,1,-1
-2,-1,8,1,0,0,1,-1
-2,-1,-2,0,0,0,-1,-1
-1,1,7,0,-1,0,-1,-1
0,0,0,-1,-3,-2,-1,0
0,0,0,-1,-2,0,-2,0
-2,-1,10,0,-1,0,-1,0
-2,-2,-1,0,-2,0,-1,0
-2,0,0,2,2,1,0,0
-1,0,0,0,-1,-1,0,0
0,1,3,0,0,0,1,0
-1,1,2,0,3,2,2,0
0,0,2,0,-1,1,0,0
0,0,-1,0,1,1,-1,-1
-1,-1,-1,0,0,0,-2,-1
0,-1,0,0,-1,-2,-4,-2
0,-1,-5,-1,-4,-3,-4,-2
0,-1,-2,-1,-2,-1,-3,-1
0,-1,-3,-1,-2,-2,-2,-1
0,0,-3,0,-1,-1,0,0
0,0,2,0,0,0,0,0
0,0,3,-1,-2,-1,-1,0
0,0,-1,0,0,0,-2,0
0,-1,0,-1,-2,-1,-2,0
-1,-2,-1,-1,-1,-1,-2,0
0,-1,-1,0,0,0,-1,0
0,-2,0,0,0,1,0,-1
0,-1,0,1,1,2,0,0
0,-1,0,1,0,2,0,-1
-1,0,-1,0,-1,-1,0,-1
-2,0,-1,-1,-2,-2,0,-1
-2,0,0,0,-1,-2,0,-2
-1,0,-1,0,0,-1,1,-1
-1,-1,-1,0,2,0,0,0
0,-1,-2,0,1,0,0,0
0,-2,-3,-2,0,-1,0,0
0,-1,-2,-1,-1,-2,-1,-1
0,0,-1,-2,-1,-2,-1,-1
0,0,-6,-1,-1,-1,-1,0
0,0,-1,0,0,-1,-1,-1
0,-1,-1,-2,-1,0,-1,-1
-1,-1,-3,-2,-1,0,-1,-1
-1,-1,4,-3,-1,0,-1,0
0,0,-2,-2,-2,0,-1,0
-1,0,-3,0,-2,-1,-1,0
0,-1,2,0,-2,-2,-1,0
0,0,-2,-1,-1,0,0,0
0,-1,0,0,0,0,0,0
0,0,4,1,2,1,0,0
0,-1,-5,1,1,1,0,0
0,-1,-1,1,0,-1,0,0
0,-1,-2,0,0,-1,-1,0
0,-1,1,0,-1,-1,0,0
0,0,0,-1,-2,0,0,0
0,0,0,-1,-3,0,0,0
0,0,2,0,-1,0,0,0
0,0,-5,0,0,0,0,0
-2,-1,-4,0,-3,-1,0,-1
-2,-2,-16,-4,-2,-1,-1,-1
0,-1,-12,-2,-3,0,-7,0
0,0,-10,-2,-1,0,-5,0
0,0,-8,-2,-1,0,-6,0
-1,0,-6,-1,-2,-2,-4,0
-2,0,-2,-2,-3,-3,1,-1
-2,-1,2,0,-1,0,0,0
-2,-2,0,-1,-1,-2,-6,-1
-1,-1,6,0,0,0,4,0
-1,-2,9,6,2,2,8,0
-2,-1,5,-3,-1,-1,7,0
-1,1,-5,-6,0,0,-4,3
-2,-3,-11,-3,-2,0,0,2
-1,-3,-11,-7,-3,0,-4,3
0,-2,-12,2,-1,0,-3,1
0,-7,-22,3,-1,-1,8,-2
1,0,-6,0,-1,-1,-30,-3
0,0,7,0,0,0,-7,-3
1,0,11,2,1,0,-12,0
1,2,38,4,1,3,1,2
0,0,4,0,3,2,14,1
0,0,-9,2,1,0,4,2
0,0,-13,-7,0,0,14,0
0,2,-20,-4,1,1,12,0
-1,-1,-8,-5,0,0,9,0
-2,0,-3,-10,-1,0,-1,-2
-3,-2,-5,2,-2,0,-8,-3
-3,-3,-5,2,-3,-4,-13,-3
0,1,-4,-1,-1,-1,0,-1
-1,0,1,10,-1,-1,6,0
1,1,1,-5,0,0,8,2
1,0,11,-9,0,0,10,2
0,0,25,12,1,0,8,1
1,3,12,0,0,-2,-1,0
0,2,14,0,0,-1,10,1
-3,-4,3,-1,0,-1,-4,-3
-3,-4,-6,-17,-5,-3,-12,-4
-4,-6,7,4,-1,-2,-11,-4
-2,-4,-2,-2,-1,-1,-4,-1
0,0,-6,9,1,1,11,4
2,3,6,-2,0,1,22,2
3,2,1,-20,-2,4,34,3
4,3,9,7,0,1,20,0
6,6,3,-18,-4,-2,4,-4
2,1,-14,-3,-1,-2,-4,0
3,5,-16,-9,-1,-2,-12,4
-4,-5,-15,-15,-6,-5,-19,0
-5,-13,-26,3,-5,-12,15,-16
-2,-2,-12,-11,-3,-9,48,6
-7,-15,-29,-2,-3,-14,39,0
-2,-9,-9,-13,-3,-16,54,0
-1,5,0,-14,-1,-3,40,35
-7,-12,-12,-3,-8,-18,4,1
5,14,26,-4,-4,-9,1,16
4,8,-11,15,-2,-7,-24,17
-8,1,22,18,-2,-14,-29,-4
-3,6,33,22,4,0,-36,2
-7,-9,0,18,2,-1,-29,-2
-13,-5,-5,-4,1,0,-21,-4
-12,-17,-43,-29,-6,-2,-31,-5
-7,-8,-54,-42,-4,-1,-17,-2
-12,-18,-54,-52,-6,-1,-6,-7
-10,-14,-32,-38,-3,-4,-4,-13
-2,4,0,-6,3,-7,-19,-18
1,-7,8,9,0,-2,-12,-12
2,2,28,17,0,6,-2,-14
13,3,23,25,-3,11,1,5
11,-7,9,10,-7,14,25,14
3,4,39,38,-2,4,5,0
2,-3,6,20,-7,-15,-32,0
-8,-9,19,21,-2,-17,-28,-21
0,1,7,-7,-2,-11,-26,-12
-2,-2,-15,-20,-2,-4,-23,-3
-8,-3,3,11,2,2,1,-12
-4,3,3,-19,-3,1,-3,-4
-7,-2,-9,-5,-2,-4,-15,7
-8,-7,-9,-17,-5,-7,3,3
6,1,-20,-30,-1,-1,24,18
3,2,-27,-13,1,-1,20,19
6,2,-20,1,3,3,26,7
-4,1,-18,3,2,1,9,0
-2,12,17,12,3,5,0,4
-3,7,10,11,2,4,1,3
-7,9,36,19,5,7,5,7
5,14,31,29,7,7,18,7
-5,1,27,14,-1,-10,-11,-17
-4,-3,49,-6,-5,-8,-11,-5
-6,-5,27,-20,-10,-9,-15,-16
-3,0,15,-33,-11,-9,-15,-5
0,0,23,-19,-7,-3,-11,5
1,1,-4,-3,-3,0,-6,-1
12,9,9,20,0,0,0,6
3,-2,10,6,0,2,4,1
2,-3,-27,9,2,7,16,10
3,2,1,37,6,10,15,8
-7,-4,0,0,0,7,11,16
-4,-3,-5,7,-3,-7,-13,-8
0,1,-11,4,0,8,-2,-14
0,-3,-38,-29,-2,6,-2,-8
0,-5,-39,-13,0,5,-19,-14
4,-1,-46,-24,4,18,14,6
-4,-10,-49,-27,-3,-2,7,4
-5,-10,-60,-4,-3,-7,-4,1
-5,-6,-32,6,-3,-7,8,-8
-2,-2,-22,10,-5,-8,-9,6
-2,-2,2,17,0,-6,-13,15
-2,7,25,8,0,-2,-10,-6
0,0,-10,17,1,-4,-8,5
-6,-3,-7,22,1,-5,-15,-6
-2,0,0,-9,-8,-12,-18,-13
-5,-1,4,-10,-8,-11,-8,2
-5,5,35,0,-6,-4,-10,-7
-2,1,26,3,-5,-5,0,1
-8,4,15,21,2,6,16,0
3,-2,6,14,0,0,1,-11
2,-2,-17,-14,1,1,12,-10
1,-2,9,-17,0,0,10,-12
7,-4,-12,-13,2,-2,1,-14
-2,-5,6,-8,3,1,9,4
-1,-3,4,-2,2,-2,3,5
-3,-2,5,6,4,1,1,4
-5,-4,2,-13,-2,-2,-2,1
-1,-1,-24,-10,-1,0,-2,4
-2,-3,-16,-9,-3,2,-3,2
0,-2,-23,-12,-2,0,-2,3
1,0,-1,5,3,3,-1,1
0,0,7,2,1,0,3,3
0,0,14,5,2,-1,5,4
0,1,3,0,0,-2,3,1
-1,0,0,-1,1,-5,-6,5
-2,0,4,2,6,-4,-10,0
0,0,-4,1,4,-2,-10,0
0,-1,-3,2,3,-2,-7,-1
0,-2,-1,3,1,-1,0,1
-1,-1,-2,1,-3,-3,-3,-4
-2,-2,-5,-2,-2,-3,-1,-3
-2,0,-5,-1,1,-2,-3,-2
0,3,-6,-5,0,-1,-1,-2
-2,0,-2,-7,-1,-1,3,0
-1,-2,-9,-5,-3,-3,0,0
-2,-2,-9,-4,-2,-1,0,-1
-3,-5,-23,-1,-4,-1,2,0
-1,0,-1,3,0,0,0,0
0,3,13,7,4,2,2,0
-1,-1,5,0,1,0,2,0
0,0,18,-1,2,-1,1,0
0,-2,-19,-6,-3,-2,2,0
0,-3,-19,-9,-2,-1,0,0
2,2,-2,1,-1,-1,0,0
1,1,-4,2,-2,0,-1,0
0,1,20,5,1,0,-1,-1
-1,-1,13,2,0,-1,0,-1
-2,-2,5,0,-1,-2,0,-1
-1,-1,9,-2,-1,-2,1,0
-1,-1,-2,-1,1,1,0,0
-1,0,3,1,1,0,-2,0
-1,0,-1,-1,0,1,0,0
-2,-1,-2,1,0,1,-1,-1
0,-1,-2,0,-1,-1,-1,-1
0,-1,-4,0,0,0,0,-1
0,-1,0,0,0,0,-1,-1
0,0,-1,0,1,0,0,-1
0,-1,-5,0,0,0,0,-1
-1,-1,-5,-1,-3,-1,0,-1
-1,0,-1,0,0,-1,0,-1
-1,-1,-2,0,0,-1,0,0
-1,-1,-2,0,0,-1,0,0
-1,-2,-5,0,3,1,0,0
0,-1,0,-1,-1,0,0,0
0,0,1,-2,-3,0,-1,0
0,0,1,0,-1,0,-1,0
0,0,-6,-1,-3,-1,-1,0
0,0,-10,-2,-1,0,-2,0
0,0,-11,-2,-2,0,-1,0
0,-1,-11,-2,0,0,-1,0
0,0,0,-1,-1,-1,0,0
-1,0,-1,-1,-2,0,0,-1
-1,-1,-2,0,1,0,0,-1
-1,0,0,0,0,0,1,-1
-1,0,2,0,-1,0,0,-1
0,0,-5,-1,0,0,0,-1
0,0,-3,-1,-2,0,0,0
0,-1,-3,-1,-1,-1,0,-1
-1,-1,-10,-1,-1,-1,0,0
-2,0,2,0,0,0,0,0
-1,0,0,0,0,0,0,0
-2,-1,0,0,-2,0,0,0
-1,0,8,0,0,0,0,0
0,-1,5,0,0,-1,0,0
0,-3,5,-2,-1,-1,0,0
0,-2,7,-1,-1,-1,0,-1
0,-3,1,-1,-1,0,0,0
-1,-2,3,0,0,2,0,-1
-1,0,4,0,1,0,0,-1
-1,-1,-1,-1,0,0,0,-1
-1,0,0,-1,-1,-1,0,-1
-1,-1,-5,0,-2,-2,0,-1
0,-1,5,0,-2,0,0,-1
0,0,5,0,-1,0,0,-1
0,0,3,2,0,0,-1,0
0,-1,7,0,0,-1,-2,-1
0,-1,-5,0,-1,-2,-2,-1
0,0,0,1,0,-2,-2,0
0,-1,4,-1,0,0,-1,0
0,-1,4,0,0,0,0,0
0,-1,3,0,2,1,0,0
0,-2,1,-3,-1,0,0,0
-1,-1,-3,-3,-4,-3,0,-1
-1,0,-13,-3,-4,-1,0,-1
-2,-1,-12,-5,-4,-2,0,-2
-1,-1,-11,-3,-2,-1,-1,-2
0,-1,-9,-2,0,-1,-1,-1
-1,-2,0,-2,0,0,-1,-2
0,0,-2,0,0,-1,-2,0
0,0,-5,-1,-1,0,-1,0
0,-1,-5,0,-1,0,-1,0
0,0,-2,0,-1,0,-1,0
-1,0,1,0,-1,0,-1,0
-2,0,4,1,1,0,-1,0
-1,0,2,0,0,-2,0,0
-1,0,-1,1,0,-2,0,0
-1,0,-1,0,0,-1,0,0
0,0,-5,0,0,-1,0,0
0,-1,2,0,0,-1,0,0
-1,-1,3,-1,-1,-1,0,-1
-1,-1,3,-2,-2,-2,0,-1
-1,-1,6,-1,-2,-2,0,-1
-2,0,-3,-1,-2,-1,0,-1
-2,0,0,-1,-2,0,0,0
-1,0,-4,-1,-2,0,-1,0
-2,0,-4,-1,-2,1,-2,0
0,0,-5,-2,-4,-2,-1,-1
-1,-1,13,2,0,-1,-1,-2
0,0,7,2,0,-1,0,-1
0,-1,-11,0,0,0,0,-2
-1,-1,-6,0,0,0,-6,0
-1,-1,-18,-2,-3,-1,-7,0
-1,-1,-9,-2,-2,0,0,0
0,0,2,-3,-3,-1,-3,1
0,1,9,0,0,1,3,0
0,1,4,-5,0,1,5,0
0,0,2,0,0,1,-3,0
-1,0,1,3,2,1,-2,-1
0,0,-4,0,0,-2,0,-1
0,-1,-1,1,0,-1,1,-1
1,6,1,-8,-4,-3,1,-1
0,-2,-7,0,-2,-2,6,-2
-1,-2,1,1,0,0,0,-2
-1,-2,0,5,0,0,-2,-1
-2,-11,-7,19,7,2,-10,-2
1,2,4,1,3,0,-2,-1
1,2,-6,2,4,0,-16,0
0,3,-2,3,6,1,-7,1
-1,3,-1,-4,1,-1,6,0
-2,-3,-8,5,0,-3,-17,-3
-2,-5,-4,1,-1,1,18,4
-2,-3,-4,0,-4,-1,0,0
-1,-2,-5,-5,-4,0,-3,2
0,1,-1,-27,-9,1,19,9
1,5,7,-1,0,-2,-5,-3
0,-2,0,2,6,-1,-1,-2
0,0,8,13,6,-2,0,-6
0,-3,3,36,17,1,-12,-5
-1,-4,-9,-1,1,-2,-19,-4
-1,-2,-9,2,-4,-4,-11,-4
-1,-2,-17,-6,-3,-2,-12,-1
-2,-3,-12,-8,-8,-4,-8,-4
-2,-2,-10,-2,-6,-2,5,-1
-2,-2,-8,-6,-4,-1,2,-1
-2,-3,-5,-3,-4,-1,0,-1
-1,-2,12,9,1,1,3,-1
0,-1,2,5,5,2,6,0
1,4,15,7,3,3,7,0
1,2,13,6,1,4,0,1
0,2,-4,-2,-2,0,-9,0
-2,0,-4,0,-2,0,-2,-3
0,2,0,-10,0,2,9,1
-2,-1,-2,-6,0,2,12,-1
-1,-2,-16,-27,-2,1,8,-1
0,-3,-10,-19,-2,0,-8,0
-3,-8,-22,3,-1,-3,-20,-7
3,0,-36,-22,-4,-4,-18,2
-2,4,-3,-1,0,0,-2,1
-5,0,7,0,0,-2,-11,2
-2,-5,3,-9,-2,1,-14,3
-4,-2,27,18,3,7,8,2
0,-11,-4,-3,-1,2,-8,5
4,4,0,14,3,5,15,8
6,12,28,7,4,4,23,8
0,2,3,1,-1,-5,-6,0
5,5,7,14,0,-4,2,4
1,-2,-3,-7,-3,-4,-8,-7
-2,-9,-37,-17,-6,-8,7,1
1,6,9,-2,-1,-8,0,5
-6,-2,25,-1,-1,-7,10,15
-1,-1,27,0,-3,-8,3,15
4,11,50,-8,2,0,-22,3
-1,-8,17,-38,-4,0,5,0
4,4,7,-34,-2,0,-7,-7
-4,-2,15,-31,-3,0,-6,-10
-7,-11,-17,-3,-6,-9,-13,-4
-1,0,-1,21,2,0,-7,7
-4,-2,-8,7,1,0,-2,-7
3,-4,-26,-3,0,1,4,3
3,-1,-17,-4,-2,1,14,19
-3,-7,-49,-26,-4,-1,6,-4
-12,-9,-31,-13,-5,-2,-1,-24
-12,-4,-20,3,0,0,17,-27
-18,-10,6,7,1,3,1,-42
-12,-6,-4,1,0,0,-3,-32
-1,-4,-20,2,-1,-2,-5,0
-2,-1,4,-3,-1,1,-23,12
0,0,0,-1,0,1,-3,13
-1,0,20,29,1,2,-1,17
-1,-1,20,6,0,10,11,7
0,1,-3,13,0,3,12,-5
-1,0,-42,-17,-5,-1,19,-9
1,6,-39,-23,-4,0,2,-6
2,9,-11,-7,1,0,5,-3
-5,-2,-28,-17,-2,-6,3,-4
-5,-4,3,1,2,-5,-12,-8
-5,-10,21,-1,-2,-3,8,1
-7,-6,-17,12,-3,-9,20,2
1,-3,-8,1,-3,1,19,-5
9,0,5,11,-4,5,17,15
3,-1,3,-3,0,2,-1,-10
5,-2,17,-25,-1,4,-18,-19
4,0,-5,-9,0,-2,-20,-9
-5,2,1,-14,0,-2,-11,-25
1,4,-16,2,-3,-3,1,-12
-4,-1,-31,0,-8,-8,-12,-2
-4,0,21,15,-8,-6,-8,1
2,7,-36,-7,-4,-4,-9,-1
-5,-8,-15,-17,-6,-5,-12,-3
-1,-3,11,18,4,0,0,-3
0,-1,-9,-6,6,4,-7,-2
-3,-7,52,13,5,4,13,5
2,1,11,7,6,5,14,2
1,-3,-3,-23,-2,2,6,-8
5,0,-1,-2,-2,-1,11,0
6,0,-24,4,-1,0,6,3
2,5,-3,23,-1,0,5,3
2,5,9,29,2,2,12,10
-3,0,-6,12,1,1,12,1
-7,-1,-38,2,1,0,-3,-13
3,0,-12,-3,3,2,-13,-3
2,2,-7,4,7,2,-15,-2
2,0,-5,4,6,0,-16,-3
6,1,22,-3,2,-4,-8,4
-1,0,1,0,4,-1,2,-1
-2,-1,-6,-1,0,-3,0,-1
0,0,0,3,1,-1,2,0
-2,0,-4,1,0,1,-4,-4
-1,0,-5,0,-2,-2,7,-1
-2,-1,-7,-5,-2,0,1,2
-2,-1,-6,-12,-3,1,5,-4
0,0,-3,-4,-2,0,2,1
0,0,0,-3,-1,1,-11,0
0,0,0,0,0,-1,0,-2
0,1,3,6,0,-1,-3,5
-1,0,0,1,0,2,4,0
0,0,-5,-1,-1,0,2,-1
1,0,-1,-1,0,2,7,-1
1,0,-4,-3,0,1,1,-3
2,1,0,1,1,0,1,-1
2,1,4,2,3,0,4,0
2,2,12,0,0,-2,-3,0
1,1,-2,0,-3,-2,0,0
0,1,4,0,-4,-2,-1,-1
0,1,6,0,-1,-1,-1,-1
-1,-1,-20,1,1,0,0,0
-1,-1,1,0,3,0,-1,-1
-1,-2,-1,0,4,0,-1,-1
-2,-3,-2,-1,-1,0,-1,-2
-1,0,11,0,-1,-1,-1,-1
-1,-1,5,0,-2,-1,0,0
-2,-1,5,-1,-3,-1,-1,-1
-1,-1,-6,-2,-2,-1,-3,-1
0,-2,-7,-1,-1,0,-3,-1
0,-1,2,0,0,-1,-4,-2
0,-2,-7,-1,0,-1,-8,0
0,-1,14,0,0,0,-5,0
0,0,14,2,0,-1,-6,-1
-1,-2,23,-1,-2,-1,-6,-1
-1,-2,33,-2,-1,-1,-3,-1
0,-1,26,0,0,-1,-3,-1
0,-2,16,-3,-1,-1,-2,-1
1,0,-10,1,0,0,-1,0
1,0,-13,2,0,-1,-1,0
0,-1,-24,0,-1,-1,0,0
0,0,4,1,-1,-1,0,0
-1,0,0,0,-3,-1,1,0
-1,0,-6,-1,-2,0,1,0
-1,1,-8,-1,-1,0,1,0
0,1,-23,0,0,1,1,0
0,0,-9,0,1,1,0,0
1,0,-7,-1,0,0,0,-1
0,0,6,-1,-1,0,1,0
0,-1,2,-1,-3,-1,0,-1
0,-1,2,-1,-3,-1,1,-1
-1,-1,3,0,-1,0,0,0
0,0,1,1,0,0,0,0
0,0,9,0,1,1,0,0
0,-1,11,1,2,1,0,0
0,0,10,0,2,0,0,0
0,0,12,0,0,0,0,-1
0,0,6,2,0,-1,0,-1
0,1,-3,0,0,0,0,0
0,1,-4,0,0,0,0,0
0,0,-9,0,1,0,0,0
1,0,-1,0,2,0,0,0
1,-1,2,0,0,0,0,0
1,0,-3,-1,0,-1,0,0
0,0,-1,0,0,0,0,0
0,-1,-7,0,0,-1,0,0
0,-1,-7,-1,0,-1,-1,0
0,-1,-4,0,0,-2,-1,0
0,-1,-4,0,0,0,-1,0
0,0,-1,-1,-1,-2,-1,0
-1,0,0,0,0,-1,0,0
-2,0,-1,-1,0,0,0,0
-2,-1,0,-1,0,-1,-1,0
-1,-1,0,-1,0,0,-1,0
0,-1,0,-2,-2,-1,-2,-1
0,-1,4,-1,-4,-2,-3,-1
1,0,-3,-1,-2,-1,-2,-1
0,-1,-4,-1,-1,-2,-1,0
0,-1,-2,-1,0,-1,0,0
0,0,-1,0,2,0,0,0
-1,0,1,0,1,0,0,0
0,0,2,0,0,0,0,0
-1,0,-7,0,0,-1,0,0
0,0,-1,0,-1,-2,-1,0
0,-1,11,-1,-2,-1,-1,0
-1,-2,9,-3,-2,-1,-2,-1
-1,-2,18,-1,-1,-1,-2,-1
-1,-2,10,-1,0,0,-2,-1
-1,0,-3,-1,0,-1,-2,-1
0,0,0,0,0,-1,-1,-1
0,0,-3,0,0,-1,0,-1
0,0,-2,0,0,-1,0,0
-1,0,-2,0,0,-1,0,0
-1,0,-2,1,1,0,0,-1
-1,0,-11,0,-1,-1,0,-1
-1,0,-8,0,-1,0,0,-1
-1,0,-5,0,0,0,0,0
-2,0,-7,0,0,-1,0,0
-1,0,2,1,1,0,0,0
-1,0,-7,0,0,-1,0,0
0,0,-8,0,-3,-1,0,0
0,0,-6,0,-2,-2,-1,0
0,0,-4,1,-2,-1,0,0
0,0,4,1,0,-1,0,0
0,0,6,1,3,0,0,-1
0,0,3,0,1,0,0,-1
-1,-1,0,-1,0,-1,0,-1
-1,-1,0,-2,-2,-1,0,0
-1,-1,-1,-2,-3,-1,-1,0
0,-1,7,2,2,0,0,-1
0,0,-6,0,0,-1,0,0
-1,0,-21,-1,-1,-3,0,0
-1,1,-10,-2,0,0,0,0
-1,0,-7,-2,0,0,0,0
0,0,-3,0,0,0,-1,-1
-3,0,13,0,1,2,0,-1
-1,-2,8,-1,-1,0,0,-2
-5,-3,0,-3,-2,0,0,-2
-6,-4,3,-3,-1,0,1,-2
-2,-2,-4,-2,-1,0,1,0
-4,-1,0,-1,0,0,0,0
1,1,3,0,-2,-1,-2,0
0,2,0,0,-1,-2,-1,0
0,0,-2,0,0,-1,-5,-1
0,0,4,3,2,0,1,0
0,-2,3,0,2,1,6,0
0,-1,18,2,1,0,5,0
2,0,16,0,0,0,8,-1
1,0,3,-11,-4,-2,-2,-2
0,1,7,-3,-7,-3,2,-3
2,0,1,-1,-3,-1,16,0
-3,-1,-4,0,0,1,8,0
-3,-2,-3,12,7,3,7,1
-3,-2,-4,1,8,3,-1,1
-6,-4,-16,-3,0,0,-16,-1
0,-3,-10,-11,-9,-5,-2,0
0,-2,-10,-17,-13,-5,1,0
1,0,-3,7,2,0,1,0
3,3,7,14,10,2,2,0
3,3,8,23,16,4,-2,0
3,7,21,24,16,5,-6,-2
0,0,-2,-5,-3,0,2,-3
-2,-2,2,-4,-7,-3,5,1
-4,-4,11,-1,-9,-6,-6,-4
-3,-5,-7,-7,-7,-5,0,5
-1,1,13,0,-5,-4,-11,3
-2,-1,7,5,-1,-5,-18,-6
-3,0,4,-3,-1,-3,-3,-1
-2,0,2,4,0,-2,-9,-5
-3,-5,-7,0,3,0,0,-3
-2,-4,-11,-11,-3,0,0,-1
0,-4,-32,-12,-2,2,0,-1
-1,-5,-21,-10,-3,-1,2,0
-1,-2,-2,5,-5,-10,-5,-6
1,4,27,3,-3,-7,-9,-1
1,6,35,-1,-2,7,-3,-5
1,0,16,-5,-3,7,-6,-5
6,0,2,-1,-3,-3,-26,13
2,3,0,-8,1,12,-4,7
1,-7,-16,-1,0,13,7,10
-2,-1,9,7,0,20,15,10
-1,4,29,-10,-1,39,39,-7
0,-7,-20,-4,-4,-9,-5,-13
4,9,31,19,0,-22,-40,12
0,1,-3,-8,-6,-19,-11,-8
-1,9,3,28,4,-11,-11,4
5,10,48,41,5,7,8,9
2,11,26,10,1,6,0,-12
11,18,34,11,4,4,-2,13
7,8,-1,-23,-4,-14,-29,1
0,3,-9,-39,-6,0,-13,13
-2,-8,-40,-47,-6,-3,7,3
-4,-3,-24,-12,-1,-4,-20,-1
3,-7,-9,-3,2,1,2,14
4,1,-38,11,4,1,-10,11
11,8,0,20,5,3,-1,20
7,-1,17,29,3,-3,-14,23
-3,-6,-13,-1,-5,-9,-13,-7
1,2,37,-9,-4,-10,8,7
-5,0,5,7,-5,-11,2,19
-6,-7,-23,-32,-10,-3,10,-3
-9,1,10,-2,-1,6,3,9
-11,-8,-12,20,2,6,-25,-10
-12,-11,-22,-10,-1,0,-37,-15
0,3,-16,15,6,-1,-10,0
6,0,-40,6,4,4,9,5
3,3,-33,-16,1,6,26,4
3,-4,-15,1,7,14,52,-2
-4,-5,2,1,3,7,11,-4
-2,-1,7,-11,-1,-5,5,-5
-4,-12,12,11,-3,-12,-26,-3
-2,-1,18,18,-5,-13,-21,-5
8,0,5,-22,-11,-15,-17,11
0,-5,25,24,-5,-2,-13,13
2,12,5,6,-2,0,7,10
-1,-3,-8,-7,-5,0,-12,8
-10,-2,2,50,10,9,-16,-2
1,1,19,16,3,0,-4,1
0,-7,22,9,-3,2,-5,3
8,6,43,52,4,5,-6,1
3,-4,25,12,-7,1,12,-13
-5,-5,-9,-4,-5,-9,-2,-12
5,-8,-28,-5,2,-1,7,-8
-10,-4,-10,-38,-4,-4,-1,-13
-7,-5,1,-15,-3,-1,3,3
-7,-11,-5,16,0,14,-19,-8
-17,-13,-18,-5,-6,0,1,1
1,-14,-37,-6,-4,-5,-1,1
1,-6,-28,-6,-2,-12,-12,5
5,1,-10,-10,-3,-16,-3,8
1,2,25,23,2,-8,-14,-22
-1,0,30,44,2,0,0,-18
-2,0,31,29,2,1,4,-27
6,3,19,29,1,4,15,-10
0,-1,7,6,0,-1,-18,-18
-1,-3,5,3,0,-5,-12,-9
2,2,-22,-2,-1,-4,-17,-14
-6,-1,-7,2,0,-1,-15,-22
3,1,-9,-5,-2,-3,2,4
0,5,-22,-41,-5,-2,-2,2
-3,-7,-27,-25,-5,-4,3,9
-6,-8,-18,-37,-7,-10,-1,7
-6,-4,-22,-12,0,6,6,1
-7,-8,-1,4,1,2,6,-4
-2,2,16,-2,2,7,4,-4
0,4,5,1,2,9,9,-6
-2,-2,6,-10,-5,-7,0,-1
1,2,-1,13,1,-1,1,5
-2,-1,6,12,0,-1,13,-1
-2,-3,-4,7,-3,-3,-4,-2
-2,0,2,14,0,-2,3,-9
-2,-1,1,4,-2,-3,3,-3
0,0,-9,-7,-2,-4,-11,0
0,0,-5,-4,2,0,6,0
2,2,-5,1,19,11,5,4
2,1,-11,-2,17,11,3,-2
0,0,-2,8,10,7,5,-1
1,1,0,7,17,11,6,-1
0,-1,-2,5,-4,-2,2,0
0,-2,-1,0,5,2,5,0
0,-2,0,1,8,5,4,1
-1,0,-4,7,4,-1,0,1
0,2,-1,2,5,0,0,1
-1,0,7,3,-7,-5,-3,0
-2,-2,-16,-3,-8,-5,-2,-1
-3,-4,-10,-4,-10,-3,-1,-1
-2,-1,-23,-3,-5,0,0,-1
-1,0,-15,-1,-5,-1,1,-1
0,1,21,3,0,0,1,0
0,0,19,-2,0,1,2,0
-1,-1,33,0,0,1,1,0
0,0,26,0,0,0,0,0
1,2,12,3,3,2,0,0
1,2,3,2,1,0,-4,0
0,1,34,3,0,-1,5,1
-1,0,10,1,1,0,4,1
-1,1,0,0,-5,-1,1,0
-1,2,24,8,-4,-3,6,1
-1,2,-10,2,0,-1,0,0
0,2,4,3,-1,0,0,1
0,0,8,0,0,0,0,0
0,-1,-10,-3,1,0,0,0
0,0,-5,-2,-1,0,-2,-1
0,0,-19,-4,-1,-1,-4,-1
0,0,-15,-4,-2,-2,-2,-1
0,0,-16,-5,-3,-2,-3,-1
0,-1,-17,-6,-2,-1,-1,-1
-1,-2,0,-2,-2,-1,0,0
-1,-1,-12,-2,-2,0,-1,-1
0,-1,-9,-1,-3,-1,-1,-1
0,0,-5,-1,-2,-1,-2,-1
0,0,-9,-2,0,0,-1,-1
0,-1,2,0,1,0,-1,-1
1,-2,-1,-2,0,0,-1,-1
1,-1,-6,-2,-2,-1,-1,-1
0,-1,-4,-2,-2,-2,-2,-1
0,-1,-7,-2,-4,-3,-1,0
0,-1,0,-1,-4,-1,-1,-1
0,-1,0,-2,-5,-2,-1,0
-1,-2,-6,-2,-3,-1,-2,0
-1,-1,-4,-1,0,0,-2,0
-2,-1,-6,-1,0,0,-1,0
-1,0,-5,-1,0,0,0,0
-1,0,0,-2,-2,-1,0,-1
0,0,-2,-2,-5,-2,-1,-1
0,0,-2,-2,-2,-1,-1,0
0,-1,-6,-2,-2,-2,-1,0
-1,-1,-4,-1,-3,-2,-1,0
-2,0,-3,0,0,-1,-1,0
-2,0,0,0,-1,0,0,0
-2,0,5,0,-1,0,0,0
-2,0,2,0,0,0,0,0
-1,0,0,-2,-3,0,-1,-1
0,0,-1,-1,-3,-2,0,-1
-1,0,-7,-2,-1,-1,-1,-1
-1,-1,-7,-2,0,-1,0,0
0,0,-4,-1,0,-2,0,0
0,-1,-5,-2,0,0,-1,0
0,0,-7,0,0,-1,0,0
0,0,1,-1,-2,-1,0,0
0,0,-1,-1,-2,0,-1,0
0,0,0,-2,-2,0,-1,0
-1,0,4,-2,-2,0,-1,-1
-1,0,-5,0,0,0,0,0
-1,-1,-4,0,-1,0,0,0
-1,-1,-1,0,0,0,0,-1
0,-1,0,0,0,0,0,0
0,-2,2,0,-1,0,0,0
0,-1,4,-1,0,0,0,0
0,-1,0,-1,-3,0,0,-1
0,-1,-1,-1,-2,-2,0,-1
0,0,-1,-1,-1,-1,-1,-1
0,0,-1,0,0,0,-1,-1
-1,0,0,0,3,0,-1,0
-1,0,0,0,-2,0,-1,0
-1,0,0,-1,-2,-1,-2,-1
-1,0,2,0,-1,0,-1,0
0,0,2,-1,-5,1,-1,-1
0,0,1,-1,-4,-2,0,0
-1,-1,2,-1,-7,-2,0,0
-1,0,-2,-1,-5,-1,0,0
-1,0,0,0,-5,-7,0,0
-2,0,-1,1,0,0,0,0
0,0,-2,2,3,0,0,0
0,0,-2,0,-1,-3,0,0
0,0,-2,0,1,0,0,-1
0,0,-2,-2,-2,-2,0,-1
0,0,-1,-3,-2,-3,-1,-2
0,0,0,-1,-2,-3,0,-1
0,0,0,0,2,2,0,0
0,0,-1,-1,0,0,0,0
0,0,-2,0,0,2,0,0
0,-1,-2,0,3,3,0,0
0,-1,-2,0,-1,-2,-1,-1
0,-2,0,-1,-2,-1,-1,-1
0,-1,0,0,2,-1,-1,-1
-1,-1,1,0,-2,-2,-1,-1
-1,-1,-6,-2,-4,-2,-1,-1
-1,-1,0,-1,0,-1,-1,-1
-1,0,0,-2,-7,-2,-2,0
0,0,-2,-1,-3,0,-1,-1
0,0,6,0,0,0,-1,0
-1,0,-1,1,0,0,0,0
-1,0,-2,1,1,1,0,0
0,0,-1,-1,0,0,-1,0
0,-1,0,-1,-2,0,-4,-1
0,-1,-4,-1,0,1,-1,0
-3,-1,-2,0,4,1,0,-3
-4,-1,-5,0,3,1,1,-3
-2,-1,-6,0,2,0,1,-1
-4,-1,-1,0,0,-2,-6,-3
2,0,-3,0,0,-2,0,0
2,0,0,4,0,0,4,0
0,-1,1,0,0,0,-9,0
0,-1,-4,-8,-1,1,6,1
-5,-2,-9,-10,-3,0,3,2
-2,-3,-18,-15,-5,-1,7,4
1,-1,-6,-5,-2,0,25,3
0,-1,1,2,-1,0,15,0
2,0,22,6,0,0,13,-1
1,1,25,3,1,0,-3,-1
0,1,25,1,0,1,-2,-2
2,2,14,0,0,-1,-7,1
5,2,-12,-2,-1,0,-6,1
2,0,1,0,-1,-1,0,1
1,-1,-9,-2,-3,-2,-7,1
-1,-2,1,-1,-2,-2,-5,-2
-4,-2,7,-4,-2,-2,-9,-1
-1,2,11,16,6,1,-9,0
0,5,15,13,6,1,-9,-3
0,-1,-3,16,4,0,-5,-3
0,-2,1,21,9,0,-4,-3
-3,-5,-12,-13,-6,-4,1,-4
-3,-8,-19,-7,-5,-5,-2,0
-2,0,10,-3,-1,-1,1,0
0,3,7,-6,-4,0,2,0
-1,1,7,9,5,2,-3,-2
-1,2,15,4,4,3,8,-1
-4,-10,-17,-9,-2,-1,-1,-3
-5,-12,-31,-13,-4,-3,0,-3
1,0,-6,-2,-1,0,3,-1
-5,-14,-30,-2,-3,-4,-20,0
0,0,-4,5,3,2,-2,0
-1,-2,8,8,4,2,-5,0
-8,-17,-12,-5,0,0,-8,-1
2,5,18,0,2,1,18,-3
0,0,5,13,0,-9,8,0
-1,-2,9,7,-2,-12,-8,0
0,2,16,-2,-5,-13,-22,0
0,3,19,13,-1,-12,-24,1
1,3,28,13,0,-6,-33,0
5,10,13,16,0,-16,-27,-3
2,2,-1,19,-2,-23,-28,-2
5,0,1,4,-5,-11,-23,5
-3,-4,19,1,-5,-2,-12,-13
-2,-9,10,-6,-5,17,4,-11
3,7,3,7,1,26,11,-18
-3,0,-32,7,0,11,8,-25
2,5,-54,-9,-3,2,9,6
-1,0,-35,-6,-3,-2,6,-2
7,8,-3,-7,0,3,19,12
1,0,-2,-4,2,8,-1,9
2,3,20,-4,-1,4,1,4
1,12,33,6,2,5,-13,-8
-2,-7,15,-10,-3,0,2,2
6,7,27,-12,-4,-13,6,-12
15,10,17,-17,0,-6,-14,-7
12,1,7,-12,-2,3,13,13
8,-12,-13,-4,-4,0,-27,-3
-8,-17,17,-2,-1,14,5,15
-12,-28,4,7,-2,11,20,11
-14,-19,1,15,-3,-7,-5,-1
-16,0,32,27,1,0,19,-10
0,1,-14,10,0,0,-9,2
-7,8,14,18,3,2,10,12
7,4,13,21,7,5,8,28
1,0,-22,19,6,-2,11,24
-10,-2,-4,34,5,-5,9,28
-6,-6,-24,39,4,-7,-23,-11
-9,-6,0,17,0,5,-2,-12
-1,-2,18,28,5,19,-5,-3
13,-2,5,0,2,14,-10,-13
10,0,-2,-7,0,6,19,19
4,0,-20,0,2,8,15,33
11,4,-10,-12,0,-4,10,43
13,28,38,17,5,6,33,28
14,25,17,4,0,10,15,19
14,24,36,9,1,0,2,-2
4,27,24,5,-3,-1,-9,-16
-15,-5,-29,-20,-12,-8,-11,-14
-14,0,15,-1,-5,-1,-9,-18
-6,8,-34,-23,-6,-3,-3,-6
-6,-3,-28,-18,-6,-3,-3,0
-6,-6,-22,-3,-1,-4,-14,-2
-2,-11,-35,-2,-1,-9,-14,-2
4,-12,12,17,-2,-26,-26,13
-3,-9,9,20,5,2,-1,9
3,-3,10,5,6,7,-8,-1
0,-2,-21,-13,2,14,-3,3
-9,-4,-15,-20,4,31,13,-9
1,-1,-24,-27,-1,-1,-7,-8
4,3,9,-4,-3,-6,-4,9
3,6,29,12,0,-11,15,18
8,6,20,16,0,-9,13,4
1,-5,50,2,-4,-7,19,2
4,0,46,3,0,1,25,11
1,0,33,3,0,0,1,-8
-9,-8,21,0,-3,-5,-4,-1
-6,0,-9,5,1,1,-4,0
-6,-4,-39,-24,-3,-3,-6,-20
-3,1,-21,-24,-6,-7,0,-14
0,6,-14,-18,-4,-4,2,-21
2,10,-7,-3,2,-1,7,-19
-4,8,16,20,4,1,14,-14
-3,3,29,23,6,11,16,-14
-1,0,2,21,7,14,19,-7
0,0,26,19,0,8,8,-8
3,2,16,20,3,7,0,-5
3,-1,8,10,0,-1,-15,-6
-2,3,12,5,-1,-4,-20,-7
-6,-3,2,-6,-6,-7,-17,-11
-5,-3,-6,-10,-5,-5,-9,-12
-4,-2,-12,-8,-2,0,-9,-11
0,-2,-3,-9,-2,-2,-5,-2
0,-1,7,0,0,0,0,1
-1,-1,-5,-3,-1,0,-8,2
-2,-3,-8,-1,-2,-1,2,3
-2,-4,0,3,0,0,-5,-8
-1,-3,-25,-3,-1,0,-6,-4
0,-2,-7,0,-1,-1,-4,-2
-3,-2,-8,-5,-2,-3,-15,-7
-3,-1,-21,-8,-4,-6,-20,-6
-1,-1,-7,0,-1,-2,-16,-2
-1,-2,-3,0,0,0,-16,0
0,-1,-8,0,0,0,6,6
1,-1,-3,1,1,2,4,7
1,-1,-8,0,-1,0,-2,-2
0,0,-9,-1,-4,-2,-4,-4
0,-1,-4,-1,0,-1,-14,-4
-2,-3,-14,-3,-2,-2,1,-1
-3,-3,-11,-4,0,-1,4,-1
-2,-3,-24,-5,0,-1,7,2
-2,-1,-22,-2,-4,-2,1,-2
0,3,-4,2,0,0,0,1
-1,2,3,0,0,0,-1,2
0,2,12,0,2,3,0,0
0,3,12,0,3,4,3,4
0,0,10,-5,-1,0,-1,0
1,1,-18,-3,-1,0,0,1
0,0,-10,-1,-1,-1,1,1
0,0,-7,0,-1,-1,-1,-1
-1,0,-12,0,0,0,0,0
-1,0,0,-1,-1,-1,0,-1
0,0,0,1,-2,0,-1,-1
-1,0,0,0,-2,0,0,0
0,0,-6,0,-3,0,1,0
0,-2,1,0,-2,0,1,0
0,-2,0,0,0,-2,-1,0
1,-2,2,-3,-4,-2,-1,0
1,-1,6,-2,0,0,-1,0
0,-2,4,-3,0,-1,-1,0
0,-1,-3,-5,-3,0,-1,0
1,-2,-5,-3,0,0,-1,0
0,-1,-4,-1,-1,0,-2,0
0,0,-2,-1,0,1,0,0
1,-1,0,0,1,0,0,0
-3,0,3,0,0,-1,0,-1
-2,-1,8,0,0,-2,-1,-1
-3,-1,-7,-1,-2,-2,0,0
-2,-1,-2,-2,-1,0,0,0
0,0,-12,-2,-1,0,-11,2
-1,-1,-14,-1,-2,-1,-8,0
0,0,-2,0,-2,0,-14,0
-1,-1,-4,2,-1,0,-4,1
-1,-1,5,1,-1,-2,4,-2
-1,0,0,0,0,-1,-3,-2
-2,-1,2,0,0,-1,-3,-1
2,1,3,-1,-1,-3,-12,-3
-1,0,0,0,-1,-1,-8,0
-1,0,0,0,-1,-1,3,0
1,0,1,1,0,0,16,0
-2,-1,1,0,-1,-1,8,0
0,-1,-2,0,-2,-1,6,0
1,0,-1,-1,-2,0,1,0
0,0,0,-1,-2,0,-4,0
0,0,0,0,0,1,3,0
0,0,1,0,0,0,1,0
-1,0,1,0,-1,-1,8,0
-1,0,1,-1,-3,-1,8,1
-1,0,0,-1,-3,-2,6,1
-1,-1,0,-1,-2,0,10,4
0,-1,1,-1,-1,0,4,2
0,0,-1,0,1,0,1,2
1,-1,5,0,1,0,1,2
0,0,4,0,1,0,3,0
0,0,3,0,1,0,-3,-1
0,-1,5,-1,0,0,0,0
0,0,-1,0,1,0,0,-1
-1,0,-1,0,0,0,-3,-1
-1,0,2,-1,-2,-1,1,0
-2,-1,-2,0,-1,-1,1,-1
-1,0,4,0,-2,-1,3,0
0,0,-6,0,0,0,2,0
-1,0,-4,0,0,0,1,-1
0,0,-2,0,0,0,0,0
0,0,-8,-1,-1,0,-2,0
0,0,3,-1,-3,-1,-1,0
0,0,-1,0,-2,0,-1,0
0,0,-1,-1,-1,0,0,-1
-1,0,0,0,0,0,0,-1
-1,-1,0,0,0,0,0,-1
-1,-1,1,0,-1,0,1,-1
-2,-2,4,0,1,1,0,-1
-1,-1,2,0,1,1,0,0
-1,0,2,1,2,0,-1,0
0,0,0,2,2,0,-1,0
0,0,2,-1,-1,-2,0,0
1,0,4,-2,-2,-3,0,0
1,-1,4,-3,-5,-2,0,0
0,-1,3,-4,-3,-1,-1,0
0,-1,0,0,-2,0,-2,-1
-2,-1,1,0,0,0,-2,-1
-2,0,-1,0,-1,-1,-2,-2
-1,0,0,0,-1,0,-2,-2
0,-1,-2,-1,-2,-2,-2,-2
0,-1,2,0,0,-1,-2,-1
1,-1,-4,0,1,0,0,-1
1,-1,-4,0,0,0,0,0
1,0,-2,0,1,2,0,-1
0,0,-7,-1,-2,0,0,0
-1,0,2,0,-2,-1,0,0
-1,0,1,0,-2,-1,0,0
-2,0,0,-1,-3,-2,0,0
-2,0,0,-1,-1,-1,0,0
-1,0,1,0,0,0,0,0
0,0,3,0,0,0,0,0
0,-1,3,0,0,0,0,0
0,0,6,0,0,0,-1,0
1,0,1,-1,1,-2,-4,-1
2,3,15,1,2,-1,-2,0
0,0,14,-2,0,-3,-6,-4
0,-1,5,-1,0,0,-11,0
-1,0,9,0,-1,0,-13,0
0,1,1,-1,-1,-1,-14,1
0,-1,-3,0,0,2,-5,3
-1,0,-2,-1,-2,-1,-2,-3
-1,0,0,1,-1,-1,-7,-2
-1,0,2,3,1,1,7,-1
-1,-1,6,3,-2,-2,-8,-2
-1,-2,10,8,0,-1,0,-1
-1,0,10,6,1,-1,5,0
0,-2,3,2,-2,-2,-2,-1
0,0,4,6,0,-1,8,-2
0,1,3,2,1,0,2,0
1,1,2,0,0,1,5,0
-1,1,-1,3,1,0,1,-1
0,3,-1,0,3,0,-9,0
-1,0,-7,-2,0,-1,7,-1
-2,-2,-10,-3,-2,-3,-12,0
-2,-1,-6,-4,-2,-1,-9,0
-3,-4,-9,-3,-4,-1,0,0
-2,-2,-3,-7,-5,-1,-12,0
-1,1,9,-1,-1,0,4,-2
-2,-4,-2,-6,-1,-1,-5,-2
-1,-4,-4,-4,-1,-1,-1,-2
-1,-2,-3,-1,1,-2,-4,-2
1,-3,6,2,0,-1,0,-1
2,3,16,8,0,1,7,1
1,3,20,-4,-1,1,4,0
1,4,15,-2,-1,1,8,0
0,0,-11,-5,-1,0,5,0
0,1,3,7,0,-2,0,-1
-3,0,9,15,1,-2,16,-6
-3,-2,14,6,0,1,4,-2
-3,-2,20,9,0,1,7,-7
-2,0,2,-3,-3,1,17,-7
4,3,20,24,0,5,-20,9
5,8,26,20,0,-1,-7,-2
1,11,39,24,0,-1,4,0
-4,-2,35,47,2,1,-2,-1
-4,1,21,7,-2,-3,5,-11
-1,3,15,14,0,2,24,9
-3,-7,-21,0,0,2,-4,8
3,0,-21,-30,-3,0,5,14
2,-6,-28,-4,1,2,26,13
-1,-8,-34,12,1,0,1,16
3,3,-16,5,0,1,12,8
3,7,-3,10,2,0,3,7
8,15,13,14,3,0,8,8
6,20,27,-3,3,-3,-5,18
0,7,57,14,-1,-7,3,22
-3,0,61,3,-3,2,0,23
-6,-11,47,-24,-11,0,-20,8
-1,-17,16,-6,-8,11,8,-12
6,0,22,0,0,14,2,-7
5,0,-16,4,1,-3,-14,-7
1,0,-33,-6,6,1,8,3
-12,0,15,4,2,-4,-6,14
-11,-3,-21,-2,2,-3,-5,25
-10,-1,9,-13,-2,0,15,-2
-14,1,-2,11,-2,-4,-17,13
-2,-2,-13,6,0,0,-4,-9
-9,-9,-10,-14,-5,-2,-10,-29
-1,-8,-20,1,-1,2,1,6
-2,-8,16,25,1,1,10,-22
-6,-7,2,-12,-6,-10,-1,-23
0,-2,-16,-9,-1,-4,0,8
-3,-3,9,11,0,-1,-19,-5
6,0,-11,-28,-8,-3,-13,7
8,-5,-15,-8,-3,-2,-9,13
0,-14,-19,1,-4,-10,8,-13
-1,-11,-40,-31,-7,0,-5,-17
-7,-15,-42,5,-1,-1,-10,-1
7,-1,-60,2,0,7,-10,7
2,3,-36,-12,-1,13,-21,3
9,8,-62,-2,-2,-3,6,21
2,5,-28,-26,-2,1,11,6
-11,-2,-2,-28,-7,-4,4,-8
-2,7,29,-22,-4,-3,5,9
-9,1,51,14,2,1,6,-21
0,1,24,-11,-1,0,0,-4
-6,0,33,1,-1,-1,5,-5
-9,-11,12,16,-2,-4,-3,-19
1,-3,11,-9,-3,-3,-8,-9
-6,0,5,14,5,2,20,-16
10,10,1,24,7,4,20,13
3,6,-30,29,8,3,9,4
-5,8,-11,7,0,3,9,22
1,4,-20,-5,-4,-1,-15,19
-10,0,-3,-7,-4,-3,-9,9
8,10,41,-14,-5,0,-7,26
0,0,7,-12,-4,-5,-25,8
7,7,55,18,-1,-5,-20,7
2,0,12,-7,-2,0,-33,-13
-6,1,-2,11,-1,-2,-28,-15
3,7,42,22,6,3,3,-7
-4,-5,22,13,3,3,-4,-4
1,-1,27,2,1,0,1,11
-1,-6,-10,-24,0,1,16,12
-4,-10,3,-12,-3,-4,-3,2
-13,-8,-23,-26,-8,-7,4,-4
-3,3,1,6,0,-2,2,-5
-3,4,51,24,4,1,23,-4
2,2,1,-2,0,5,22,21
3,2,0,-2,3,-2,-2,26
-8,-10,12,-6,-6,-9,24,18
-4,-7,-2,-12,-7,0,-10,22
-8,-2,12,14,1,0,-19,3
-2,1,48,12,0,8,4,-7
-1,2,17,6,3,11,-15,-3
3,7,14,4,2,-2,-21,-14
0,3,20,-4,-5,-4,-11,-13
1,4,-5,0,-4,-6,-19,-13
5,7,16,2,-3,-5,-24,-14
2,7,18,10,-1,-4,-6,-6
-3,1,-1,3,-1,-2,-9,-9
0,4,12,1,0,-1,-3,-1
-2,3,3,12,1,-2,-2,5
-5,-6,-17,-4,-3,-6,3,0
-1,1,-4,3,1,-6,11,2
-3,-4,-21,12,-3,-3,16,6
0,-3,-34,-1,6,1,11,0
-2,-4,-21,3,3,2,0,-3
-2,-4,-20,-1,0,1,4,-4
0,0,6,0,6,1,0,-7
-2,-3,9,-6,-9,-4,0,-1
0,1,14,-2,-2,-3,1,-2
1,1,20,-4,-2,1,-1,0
0,1,1,-5,5,0,-4,-2
0,2,-4,-3,8,0,-3,-5
-2,-1,-2,-8,5,3,7,-4
-1,-2,-8,-4,7,1,-1,-3
0,-2,-7,-4,-4,0,-3,-2
0,-2,-2,-6,-4,0,-1,0
0,-3,-4,-4,-2,-2,-8,0
0,-2,0,-5,-5,-1,-1,0
-2,-4,0,-4,0,0,2,-3
-2,-3,-1,0,3,0,2,-3
-1,-1,-2,-3,-1,0,-3,-2
-2,-1,0,0,0,0,-3,-3
-1,0,1,0,0,2,-1,-2
-1,0,-1,-2,-1,-1,-3,-2
-1,0,-2,1,0,0,-1,-3
-2,-1,-6,-4,-2,-1,-2,-1
-1,-2,-3,-3,-2,-2,-2,-1
-1,-3,-9,-2,-1,0,0,0
-1,-2,-12,-6,-2,0,-2,0
0,-1,-16,-1,-1,-1,-1,-1
-1,0,-14,0,-1,0,-4,-1
0,1,-2,1,0,0,-3,-3
0,1,-1,1,-1,-2,-19,-2
0,0,12,-1,0,0,-10,-1
0,-1,3,-3,0,0,-5,-1
0,-2,1,-3,-2,-1,-8,0
0,-2,-1,-3,0,1,16,0
0,-1,11,0,0,0,3,0
0,-1,10,0,-2,0,1,0
0,0,19,0,0,0,5,-1
0,0,22,0,-1,-1,0,0
0,0,-13,-1,-1,-1,1,0
0,0,-4,-3,-1,0,6,0
0,0,-7,-1,-2,-2,-1,0
0,1,3,0,1,0,2,0
0,0,6,0,1,0,3,0
0,0,-1,2,1,0,-3,-1
0,0,2,0,2,2,-1,0
-1,-1,-2,-1,-1,-1,-6,0
-1,-1,12,-2,-1,-2,-6,-2
0,-1,12,-4,-2,-1,-2,0
0,-1,0,-3,-2,-3,-1,-1
1,0,-3,0,0,-2,0,-1
0,-1,-4,0,0,-1,0,0
-1,-1,7,1,0,-2,-3,-1
-1,-1,1,0,0,-1,-1,-1
-2,-2,3,-2,-2,-1,-3,-1
-2,-1,3,-2,-3,-2,0,-2
-1,-1,-5,-1,-2,-2,2,-1
-1,0,0,-1,-1,0,2,-1
0,0,0,0,-1,-1,3,-1
0,0,-6,-1,1,0,1,0
0,-1,-7,-1,2,1,0,0
-1,-2,-7,-1,0,-1,0,0
-1,-1,-7,-1,0,0,-2,0
-1,-1,0,0,-3,-2,-1,0
0,-1,1,0,-2,-1,0,0
0,0,2,0,-1,0,0,0
0,-1,0,0,-1,-1,0,0
0,-1,-3,0,0,-1,0,0
0,-1,-2,0,-1,-1,-1,0
0,-1,-2,0,0,-2,-1,0
0,0,0,-1,-1,-1,-1,-1
0,0,0,0,0,0,-1,-1
0,0,-2,0,0,0,-1,0
0,0,-2,0,1,2,0,-1
0,0,-3,0,2,0,0,-1
0,-1,3,0,0,0,0,-1
0,-1,1,-1,-1,-1,0,-1
0,-1,1,-2,-3,-2,-1,0
0,-1,4,-2,-3,-1,-1,-1
0,0,-2,0,0,0,0,-1
0,0,-2,0,0,0,-1,-1
0,0,1,1,1,1,0,-1
0,0,-2,1,1,0,-1,0
0,0,-2,0,-2,-2,-2,0
0,0,-1,-1,-2,-2,-1,0
0,0,-3,-2,-3,-3,-2,0
0,-1,-2,-2,-3,-2,-1,0
0,-1,0,-1,0,1,0,-1
0,0,0,0,0,1,0,-1
0,0,-1,0,1,2,1,-1
0,0,0,0,0,1,0,0
0,-1,-1,-1,-1,-1,0,0
-1,-1,-1,-2,-2,-1,0,-1
-1,-1,0,-1,-2,-2,0,-1
-2,-1,0,0,0,0,0,-1
-2,0,-1,0,0,0,-1,-1
-3,-1,-2,-1,0,-2,-2,-1
-1,0,0,-2,0,-1,-2,0
0,0,-4,-2,-2,-1,-2,0
0,-1,-2,-1,-1,-1,-1,0
0,0,-2,0,-1,0,0,0
0,-1,-4,0,-2,-1,0,-1
0,0,1,0,0,1,0,-1
0,0,-4,0,-1,0,-1,-1
-1,0,0,0,0,1,-1,-1
-1,0,0,0,0,0,0,-1
-1,-1,-2,-2,-3,-2,0,-1
0,-1,-1,-3,-3,-2,0,-1
0,-1,-1,-2,-2,-2,0,-1
0,-1,-1,-2,-2,-2,-1,-1
0,-1,-2,-1,0,0,-1,0
0,0,1,0,0,0,-1,0
0,0,0,0,0,0,-1,0
-2,0,1,0,-3,-2,-1,0
-1,-1,-1,0,-2,-2,-1,0
0,0,-1,-1,-1,-2,-1,0
1,0,-6,0,0,1,0,0
0,0,-2,-2,1,1,0,0
0,0,0,-2,0,2,0,0
0,-1,-4,-1,0,1,0,0
0,-2,-9,-4,-1,-2,-1,0
0,0,-1,0,-1,-2,0,0
-1,-1,-10,1,0,-1,-2,-1
-1,0,-3,0,-1,0,-3,0
-2,0,2,0,-1,0,-3,-2
-2,0,4,0,-1,0,-4,-2
0,0,5,0,0,0,0,0
0,0,-17,0,0,0,1,0
2,0,-2,0,0,0,0,-2
3,2,-1,0,-1,-2,-11,0
0,3,-9,0,-1,-2,-10,-2
0,2,3,-7,-2,-4,-14,-3
-1,3,-3,1,0,-1,-8,2
-1,1,-8,-3,0,-2,0,0
-1,-1,0,-3,-1,-4,-11,-2
-1,-1,16,4,-1,0,11,2
-2,-1,2,-9,-4,-2,-6,-1
-1,0,7,1,-2,0,-12,0
-2,-3,9,2,-1,3,2,2
-1,-2,-1,8,0,1,-17,0
-2,-4,3,9,-2,0,-9,0
-2,-6,-11,-2,-3,0,-4,1
-2,-2,-9,1,-3,-3,-11,0
-2,-3,1,3,-2,-1,-10,-1
1,4,21,22,6,5,6,2
-1,-4,3,11,0,2,19,0
0,-2,1,-10,-5,1,5,-4
-1,-4,-12,-13,-6,-2,6,-3
-2,-10,-24,-13,-4,-5,-6,-4
-1,-1,18,9,1,-4,-16,-7
-3,-5,3,12,2,-2,-4,-6
2,8,14,18,8,1,-1,-2
1,3,4,-8,0,0,-1,-3
-3,-7,-12,-1,-2,0,-2,-4
0,-1,0,9,2,0,0,2
-6,-14,-5,-8,-2,-2,-18,-2
-4,-4,20,29,3,-1,0,0
3,7,-2,-4,2,3,8,4
0,-2,7,0,-3,1,3,0
4,7,11,12,-3,0,14,0
3,1,-5,-12,-2,17,5,11
2,-3,25,3,-2,16,6,15
3,6,-7,-10,2,33,12,14
2,7,9,2,6,29,10,14
-1,2,15,-13,-3,-1,1,-2
-2,4,11,8,-3,-11,3,1
-2,-1,41,14,-6,-37,7,-1
1,-3,0,-11,-7,-9,10,-1
3,0,-27,17,0,3,9,0
-1,6,-7,11,3,11,-5,-17
1,7,-33,0,6,25,-10,-15
-7,-6,-24,-3,0,-5,-15,-20
-6,0,9,0,0,-1,-27,-15
-3,-11,-13,-17,0,2,-3,-3
-1,-1,12,-5,-1,0,0,5
-1,8,27,13,2,1,-21,-2
0,3,15,18,3,4,6,-3
2,16,22,-6,-5,-3,-14,4
5,13,16,-5,-2,-5,-12,-6
1,11,33,0,1,5,18,19
4,11,25,-19,0,5,1,17
8,9,10,27,9,8,21,7
6,1,2,19,9,24,20,32
13,2,-39,-1,4,23,21,17
7,4,-20,-5,2,11,19,5
3,-3,-33,-17,1,14,7,4
-1,3,-2,9,2,-4,-13,-17
0,0,-5,12,4,-9,0,-15
2,-2,5,39,7,-6,9,2
1,0,9,5,-2,-9,7,4
4,-8,7,7,-2,-2,23,21
1,-5,56,4,-5,-2,7,35
1,-17,0,-28,-9,-2,0,30
-9,-23,31,18,-3,-5,-20,19
-9,-15,-2,-4,-7,-11,-12,-14
-1,-11,-14,15,-4,-23,-26,-39
6,0,4,-2,-6,-35,-17,-21
5,0,23,-13,-2,-18,7,-2
4,0,11,-11,0,-13,-3,32
-7,-7,18,-25,-2,1,3,25
-20,-8,2,-17,-1,15,-4,9
-9,-4,-18,-3,0,0,-16,15
-11,-4,1,15,3,6,-16,1
-6,-5,-26,12,1,0,-20,15
-1,0,-25,29,7,2,-16,17
-4,-1,-27,20,2,5,-10,-6
-6,-11,-40,5,-5,0,-5,-2
0,0,-44,-8,-2,2,2,-2
-7,-8,-34,0,-6,-2,4,-7
-4,-5,-36,-20,-7,-4,-11,-11
-2,1,-26,-36,-6,-5,-12,-16
-5,-4,-19,-24,-4,-11,0,-5
-4,4,5,-24,0,9,4,3
-6,0,-8,-20,2,4,5,0
-2,2,21,-8,0,4,10,-5
-7,-2,18,12,1,8,-2,-7
0,-3,2,-7,-4,-19,-14,-21
-1,0,0,-3,-4,-12,-7,-4
-1,1,-9,0,2,-7,-17,0
0,0,-8,-20,-2,-1,-14,-10
-1,-1,-16,-11,0,4,-12,0
1,2,4,-3,-2,4,-8,-5
0,0,2,0,-4,5,3,-5
3,1,-17,-2,-5,-3,1,-3
-4,-1,20,13,-4,-3,-1,-8
-4,-5,-10,3,-1,0,4,-10
-6,-4,-24,-6,-4,-16,-16,-5
-4,-3,1,4,2,14,8,7
1,-2,-28,-19,0,16,9,8
-2,-4,-24,-9,-1,5,5,10
2,-4,-19,-12,0,14,18,2
-2,0,-13,-6,-1,-8,0,-3
-1,0,-6,10,0,-9,4,-1
2,0,-4,0,0,-4,1,-3
0,0,3,9,0,0,2,-1
-1,-2,-9,2,-3,-4,-4,-3
-1,-1,-5,-4,-3,0,-3,0
-2,-1,-4,-6,-3,2,-3,0
0,-2,-15,-8,-1,2,-4,0
1,-2,-10,-11,-2,4,1,0
0,-2,-14,-9,-1,0,2,-3
0,0,-6,0,-1,-3,-1,-1
0,0,1,2,-1,-3,1,-1
0,0,-2,4,1,-2,0,-1
-1,0,-1,0,0,1,4,-2
-1,0,-1,-3,1,4,2,-6
0,0,-3,-11,-2,1,1,0
0,-1,2,1,0,0,1,1
1,-1,-3,-1,-1,-1,-7,3
0,-1,0,5,1,-2,3,7
-1,-3,0,15,5,0,3,-1
-1,-1,-8,1,-1,0,3,-2
-2,-1,-1,4,-1,0,1,-3
-1,0,-1,-5,-4,0,-1,-4
0,0,-6,-7,-4,-1,-5,-2
-1,0,6,-4,-2,-1,-3,0
0,0,-7,-3,0,-1,0,0
-1,-1,0,-2,0,-1,-1,0
-1,-2,0,-4,-2,-2,0,0
-1,-1,-2,-5,-3,-2,0,0
-2,-1,8,-3,-1,-1,-1,0
-1,0,2,-1,0,-1,-1,0
-1,-1,5,0,0,0,0,-1
0,-1,-3,-2,1,0,0,-2
0,0,-5,-4,-1,0,-2,-1
-1,-1,3,-1,-2,0,-2,0
0,0,-1,-1,0,0,-1,0
-1,-2,0,0,0,1,0,0
-1,-2,0,0,0,1,0,0
0,-3,-15,-3,-2,0,0,0
0,-2,6,-2,-4,0,0,0
0,0,6,0,-4,-3,-1,0
0,0,4,0,-3,-3,0,0
0,1,1,0,-2,-3,-1,0
-1,0,-4,0,0,-2,-1,0
0,0,-14,0,0,-1,-1,0
-1,0,-14,-1,-1,0,-1,-1
-2,-4,0,-2,0,-1,-2,-1
-2,-3,-11,-2,-1,-2,-1,-1
-2,-3,0,-2,-2,-3,-1,-1
-2,-2,5,-2,-1,-1,0,-1
0,1,-3,0,-2,0,0,0
0,0,-7,-1,-2,1,0,-1
1,1,2,0,-1,2,0,-1
1,0,-2,0,-2,0,-1,-1
1,0,-3,0,-1,0,-1,0
0,0,1,0,0,0,-1,0
0,-1,-5,-1,-1,-1,-1,0
0,-1,-3,0,0,0,-1,0
-1,-1,-5,-1,0,1,-1,0
-1,-1,-6,-2,0,0,-1,0
-1,0,-1,-1,0,0,-1,0
-1,0,-4,-2,-2,-1,-1,0
-1,0,-2,-1,-3,-2,-1,0
-1,0,-3,-1,-2,-1,-1,0
-1,0,-5,-1,-3,-2,-1,0
-1,0,0,-1,-2,-2,-1,0
0,0,0,0,-2,-2,0,0
0,-1,-1,0,-2,-2,0,0
0,0,-1,0,-1,-2,0,0
0,0,-5,0,0,-1,0,0
0,-1,-1,-1,0,-1,0,0
1,-1,2,-1,0,-2,0,0
0,-1,2,-1,0,0,0,-1
0,-1,2,-1,-2,-1,0,-1
-1,0,12,0,-2,-1,0,-1
-2,-1,-2,0,-1,0,0,0
-1,-1,-2,0,-2,-1,-1,0
0,-1,3,-1,-3,-1,-1,0
0,-1,-9,-2,-1,0,-1,0
-1,-1,-1,-1,-1,0,0,-1
-1,-1,-3,-2,-2,-1,-1,-1
-1,-1,-6,-1,0,0,0,0
0,-1,-14,-1,-1,-1,-1,0
0,-1,-3,0,0,0,0,0
0,-1,-4,0,1,0,0,0
0,0,-8,-1,0,-1,0,0
-1,0,1,0,-1,-1,-1,0
0,-1,-3,0,-1,-1,-1,0
0,-1,-2,0,-1,-1,-1,-1
0,-1,0,-1,-1,-1,-1,-1
0,0,0,-3,-1,-2,-1,-1
0,0,0,-1,0,-1,-1,0
0,0,1,0,0,0,-1,0
0,0,-2,0,0,1,-1,0
-1,0,2,0,1,2,-1,0
-1,-1,1,-1,0,1,0,0
-1,-1,0,-2,-1,0,0,0
0,-1,3,-1,0,0,0,0
0,-1,-1,-1,0,0,0,0
0,0,0,0,0,0,0,0
0,0,0,-1,0,0,-1,-1
0,-1,-1,-2,0,-1,-1,0
0,0,-5,-1,0,-1,-1,0
0,-1,-4,-2,-1,-1,-1,-1
0,0,-7,-1,0,-1,0,0
0,0,-2,-2,-2,-2,-1,-1
-1,0,4,0,-1,-2,0,-1
-1,0,5,0,0,-1,0,0
-1,-1,10,-1,-1,-1,0,-1
-1,0,6,0,0,-1,0,0
-1,-1,5,0,-1,0,0,0
-1,-1,3,0,-1,0,0,-1
0,1,-3,2,0,0,9,0
-1,0,1,1,2,1,0,-2
-1,0,9,1,2,0,-8,-1
0,0,9,0,0,-1,-11,-1
0,-1,7,-3,-1,-2,-11,-2
0,0,7,-2,-3,-2,-15,0
0,0,1,0,-1,-1,-2,-1
0,0,5,5,0,1,-1,0
0,0,-2,2,0,0,0,1
0,-1,1,2,0,0,-5,0
0,0,3,0,0,0,-4,0
0,0,-10,-11,-2,-1,-3,-1
0,-1,-11,-8,-3,-1,-3,-1
0,-1,-15,-6,-2,-1,4,-1
-1,-2,-16,-6,-1,-2,3,-1
0,-2,-12,-2,0,0,8,0
0,-1,-1,-2,1,0,3,0
1,-1,-3,-2,1,1,9,0
3,0,-4,-2,1,0,0,0
1,0,5,6,0,-1,1,0
0,-1,2,0,0,0,12,0
-1,-1,-1,-2,-1,-2,-1,-1
-3,-2,3,1,-2,-1,0,-3
-5,-8,-13,-8,-2,-1,-4,-6
-5,-7,-18,-14,-2,-1,-10,-7
-4,-6,-23,-14,-3,-2,-12,-8
-2,-3,-14,-10,0,0,-8,-4
1,4,4,0,0,0,-6,-2
1,2,12,14,3,0,-9,-1
1,1,12,9,2,0,4,-1
3,1,-4,0,1,0,-3,0
0,-2,-8,-2,-1,-2,-7,0
0,-1,1,-1,-3,-1,-6,0
4,9,32,18,2,1,-24,-8
4,5,18,13,0,-2,7,-3
6,9,27,6,4,2,5,1
8,10,2,9,3,-1,7,-10
4,1,-23,-8,0,-3,18,11
4,3,-8,0,3,0,-7,-3
7,5,-2,14,1,-11,-11,-8
10,6,13,9,0,-16,-34,28
15,13,0,-8,0,0,-9,13
12,6,23,-5,-3,-7,-14,25
16,11,19,-2,-1,-6,-9,31
-5,-5,8,-13,-4,5,15,-9
-6,-8,19,12,-1,-13,-2,-7
-11,-2,-12,6,-2,-5,-14,-16
-15,-11,-21,-9,-4,-2,-17,-8
8,17,5,20,2,-9,-7,22
2,3,-12,5,-2,-6,-15,24
4,2,-21,3,-2,-2,19,26
-5,-6,-6,25,0,-1,13,10
-6,-19,-28,-6,-5,-2,-7,-6
-4,-13,-31,-4,-1,1,-1,1
0,-3,6,0,0,-4,-11,1
-2,-3,-35,5,2,7,-5,-7
-6,-2,-9,-3,-1,13,-21,2
2,3,-1,25,2,20,4,-9
0,-4,-2,20,2,10,-21,1
9,5,35,-25,-7,1,-14,-5
11,17,31,12,7,6,15,-15
0,1,30,-16,0,0,-6,-16
3,0,-6,2,3,9,10,-30
-4,-7,-31,7,5,-1,-4,2
-7,-20,-75,-9,0,-6,-9,-1
-3,-9,-67,6,0,-6,-2,16
-12,-13,-63,-32,-3,-5,1,12
-9,-8,-64,-7,0,-2,9,-5
-12,-12,-53,-28,-5,0,4,4
0,-7,-13,-10,-2,0,-1,11
7,-3,20,10,-2,-14,-10,19
16,-1,36,0,-2,0,1,28
16,0,77,29,-2,-8,4,17
9,0,38,0,-1,-13,-5,2
7,-3,1,2,1,-2,-10,-3
-2,-4,8,-7,0,-13,-19,-15
-5,-2,-15,-23,0,-13,-18,-13
-1,-5,-28,-18,-2,-8,-12,-20
-3,-3,-5,-20,-5,-8,2,-14
4,5,-15,-12,-3,1,17,-2
5,3,-19,-2,0,3,18,-2
-1,1,2,-8,0,0,9,7
-2,4,9,14,7,5,8,-2
-4,0,-15,-3,4,4,-7,-3
0,0,4,-14,3,2,-12,-1
-1,0,-16,3,0,1,-5,-16
2,-2,-36,-19,-6,-1,-8,2
2,-4,0,3,-4,-3,-4,-4
1,-1,-19,16,-10,0,1,-3
-1,-1,0,4,0,2,0,-1
-1,1,6,13,4,4,5,-6
-4,-1,-7,22,4,3,-10,-8
-3,-2,-18,8,8,0,-13,-3
1,0,-4,17,5,3,-8,2
0,-1,-5,8,2,0,-14,-1
1,-1,-3,-1,-1,-1,2,1
0,-1,11,6,2,0,6,0
-3,-2,4,-2,-3,0,1,-1
-3,-1,8,1,1,1,5,-1
-3,-2,8,1,1,1,1,-1
-2,0,10,-3,0,2,0,0
-1,0,8,-1,2,0,2,-1
-1,-1,4,-5,-5,-2,1,0
0,0,5,-6,0,0,-6,1
0,-2,1,-1,0,-2,-3,0
0,0,0,-1,-2,-2,-4,1
0,0,5,-1,0,0,-5,2
0,0,-4,0,-5,-1,2,2
0,-1,-7,0,0,0,-3,-1
-1,-2,3,2,-2,0,-6,-1
-2,-3,10,0,-2,-3,-2,-2
0,0,26,1,-1,-2,0,-1
0,0,29,0,-4,-1,1,0
-1,-1,26,-2,-2,-1,3,-1
-1,0,20,1,-2,-2,1,0
-2,-1,8,0,0,0,0,0
-1,0,10,0,0,1,0,0
-2,0,-21,-2,-2,2,1,0
-1,0,-17,0,1,5,3,0
0,0,-17,0,2,2,1,0
-2,-1,-26,0,0,-1,0,0
0,-1,0,2,0,0,0,0
0,-1,-6,-1,-2,0,0,0
0,0,0,-1,-4,-1,0,0
0,0,2,-1,-2,0,2,0
0,0,1,-2,0,0,0,0
0,0,-4,-2,-1,-2,-1,-1
0,0,-1,-1,-2,-1,0,0
0,0,2,-2,-3,-1,-1,-1
0,-1,-1,0,0,-2,0,-1
0,-1,2,0,1,-1,1,0
0,0,-3,0,0,0,0,0
0,-1,11,0,1,1,1,0
0,-1,11,-1,0,1,0,0
0,0,8,-1,1,1,0,0
0,-1,14,-1,0,0,0,0
0,0,1,0,0,-2,-1,0
0,0,0,0,-3,-3,-1,0
0,0,4,0,-3,-3,-1,0
0,0,0,0,-2,-2,0,0
0,-1,-4,0,-1,0,0,0
-1,-1,-3,0,0,-1,0,0
-1,-1,-8,0,-2,-1,0,0
0,-1,-8,0,-1,0,0,0
0,-1,-3,0,-1,0,0,0
0,0,-4,0,0,0,0,0
0,0,-1,0,1,1,0,0
-1,0,0,-1,0,-1,0,0
-1,0,-3,0,0,0,0,0
0,0,3,-1,-2,0,0,-1
0,0,2,-1,-2,0,-1,0
0,0,1,0,-1,0,-1,0
0,0,7,-1,-2,-1,-2,0
0,-1,-4,0,0,0,-1,0
0,-1,-4,0,-1,0,0,0
0,-1,-4,-1,-1,-1,0,0
0,-1,-5,0,0,0,0,-1
0,0,-1,0,1,-1,-1,-1
0,0,0,0,1,-2,-1,-1
0,0,0,0,0,0,0,-1
0,0,-2,0,0,-1,-1,-1
0,-1,-1,-1,-3,-2,-1,-1
0,-1,-1,-1,-3,-1,-1,-1
-1,-1,-1,-1,-1,-1,0,-1
-1,0,-1,-1,-4,-2,0,-1
0,0,1,0,-1,0,0,-1
0,0,1,-1,-1,0,0,-1
0,0,0,-1,-1,1,-1,0
0,0,0,-1,0,1,-1,0
0,-1,-3,-2,-2,0,-1,0
0,-1,0,-2,-3,0,-1,0
0,-1,0,-1,-3,-1,-1,0
0,-1,-2,-3,-3,-1,-1,0
0,-1,-3,-2,-2,-1,0,0
0,0,-5,-1,-1,-1,0,0
0,0,-6,-1,-1,-2,0,0
0,0,2,0,-1,-3,0,0
0,0,2,-2,0,-1,0,0
-1,-1,4,-2,0,-2,0,0
0,-1,2,-1,0,0,-1,-1
0,-2,-3,0,1,0,-1,-1
-1,-1,-1,1,0,0,-1,0
0,-1,-2,0,-2,0,-1,-1
0,-2,0,0,-1,0,0,-1
0,-1,0,-1,-2,0,-1,-1
0,-2,1,-1,0,0,-1,-1
-1,-1,0,0,1,0,-1,0
-1,-1,1,-1,-1,-2,-1,0
-1,0,1,-1,0,-3,-1,0
-1,-1,0,-1,0,-1,0,0
0,0,-1,0,0,0,0,0
0,0,0,0,0,0,0,0
0,0,-1,0,1,1,0,0
0,0,-2,0,0,1,0,0
-1,0,0,0,1,0,0,0
-1,0,0,0,2,1,0,0
-1,0,0,0,0,1,0,0
0,0,3,0,0,0,0,0
0,0,-5,0,-1,0,0,0
0,0,0,-1,-2,0,0,-1
0,-1,-17,0,-1,0,0,-1
-2,-2,-3,0,-1,0,-1,-2
-1,-2,-6,0,-1,0,-1,-1
0,-1,1,1,0,1,-1,0
0,0,9,0,-1,0,-9,-1
1,0,0,0,0,0,6,1
0,0,3,-2,-1,0,7,1
0,-1,2,-2,-1,0,8,2
-1,-2,0,-5,-1,0,16,2
-2,-2,12,-2,0,-1,3,0
-2,-2,-2,-2,2,-1,2,-1
-2,-2,-4,-2,2,-1,0,-1
-1,-2,-9,1,1,-3,-2,-1
0,-1,-4,-2,1,0,-2,-1
0,0,7,0,-1,0,-1,1
-2,0,12,-1,-2,-1,0,-3
-2,1,8,-2,-1,-1,-23,-3
-3,0,4,0,-1,-2,-11,-3
-1,-2,8,-9,0,0,9,0
-1,-2,7,-7,-2,0,6,2
0,-1,17,-4,1,2,29,3
0,0,3,-6,-1,0,6,0
1,6,13,7,0,-2,-19,-1
0,0,-6,9,0,-2,-18,-4
-3,-6,-19,-12,-7,-5,-12,-5
-4,-6,-10,1,-5,-4,-5,-2
-5,-10,-31,-4,-5,-3,2,-2
-1,2,5,-6,-5,-4,-1,3
3,8,20,18,2,3,2,5
3,4,10,3,0,3,7,1
3,2,16,5,-1,2,1,0
0,-2,1,11,3,2,8,-3
0,-1,3,6,0,-2,2,-4
0,-1,13,15,1,-2,-1,-1
0,0,4,7,-1,-3,0,-2
0,3,2,0,-2,-3,-2,-1
-3,-5,-6,1,0,-2,-10,0
-3,-2,-21,-12,-1,0,2,-1
2,2,7,13,1,-1,-7,8
-6,-9,-9,2,-1,0,-7,0
-5,-1,2,0,-3,1,1,1
-2,0,27,18,0,-2,-16,4
-8,-6,0,-17,-1,-3,0,-7
7,11,41,21,4,1,4,1
3,0,31,0,-1,-2,-11,2
4,3,1,-17,-4,2,-14,3
8,6,15,6,1,10,-3,14
0,-6,-4,-19,-4,0,-5,12
6,5,-7,10,2,-3,14,5
4,-1,33,14,1,-15,21,8
3,0,34,5,0,-3,3,3
4,2,13,6,1,1,8,10
1,-4,0,-14,0,6,12,16
1,1,-23,-10,2,24,14,-3
-3,-2,-6,-14,0,0,12,0
0,1,5,-31,-3,0,10,-8
7,4,-5,-12,-1,-1,-8,-4
8,3,16,-6,1,-7,5,13
1,-4,-28,-11,-3,-12,9,22
-2,-2,-9,27,1,-12,9,15
-13,-9,7,10,-4,-10,6,4
-10,-2,5,-15,-5,-4,3,1
-4,-1,18,-10,-5,4,-3,-17
1,-9,-28,-50,-9,-1,-8,5
5,4,3,-17,0,-1,7,10
0,-3,-38,-2,-1,-3,-9,6
-1,0,-15,18,2,-6,0,-3
-2,3,45,24,4,0,-13,-25
-10,-1,28,-3,1,3,-7,-26
-7,-1,45,6,5,2,3,-16
-1,13,29,1,7,2,2,-3
-12,-11,-4,-1,3,12,26,5
0,-5,-20,18,4,13,-3,2
-12,-11,-17,10,0,9,1,0
-9,-22,-18,2,-4,12,0,-6
3,14,8,31,0,-1,-11,-9
-5,-8,1,-4,-5,-9,12,-6
4,4,3,-17,-4,-5,1,-12
2,3,-16,-16,-2,-4,-3,-2
-4,-16,-57,-45,-8,-10,-8,2
-5,4,-32,-18,-3,-6,-12,-1
-2,0,-28,18,0,-2,-7,-2
-6,-1,-5,-4,-4,-5,-5,6
0,0,3,15,3,6,-3,4
5,2,12,25,0,1,-16,-2
-5,-10,3,16,-3,-18,-25,1
-2,-10,7,18,2,-4,-17,-15
-3,0,20,11,-1,0,-12,-12
-1,-11,-22,3,0,5,0,-1
4,4,8,1,1,20,-4,-9
11,4,3,26,-2,2,-14,-1
-1,-3,1,13,-2,-11,-16,2
4,8,36,6,-1,-8,-7,0
4,0,-11,-19,-9,-14,-1,13
-4,4,-14,-19,-1,-1,16,10
5,6,-7,-4,0,3,22,2
-1,2,-16,-18,-3,-3,6,-6
-3,0,10,-11,2,4,19,8
-2,4,35,0,1,0,-6,-2
-1,3,10,5,0,0,-18,-10
4,2,-1,12,0,2,-5,3
-1,1,-4,24,-2,-4,-24,-25
-3,0,-17,-10,-5,-3,-11,-11
-1,-3,21,2,-2,1,5,2
-9,-5,31,3,-1,4,-1,-16
-2,-2,28,1,3,12,7,-6
1,0,22,30,6,7,15,-1
-6,0,0,0,2,1,2,-13
-1,2,-10,26,5,-3,7,12
-3,0,-1,3,-1,-5,7,1
-4,-1,19,-2,-4,-5,0,-5
2,0,18,2,-2,-1,-3,2
1,5,55,-14,-2,0,-5,-5
2,2,51,7,1,-2,-3,3
0,-4,30,1,1,0,-10,0
2,1,36,9,2,1,-2,-1
0,-7,-8,-2,-1,2,-5,-5
0,0,-17,-11,-1,2,-3,-6
3,2,-22,-24,-8,0,0,0
0,-1,-31,-12,2,2,-1,-1
0,-1,-25,-3,4,-1,-4,-1
0,2,-13,13,5,0,-8,1
0,0,-20,6,9,0,2,-4
0,1,-12,-17,-1,-2,2,-2
1,4,-2,0,5,1,2,0
3,2,-5,-11,4,2,5,-2
2,1,1,12,8,2,0,3
0,0,-1,19,5,0,-2,1
0,-2,-3,-5,-7,-1,2,0
0,0,-9,-7,-6,-3,0,0
0,-1,-9,-11,-4,-1,-1,-3
0,-1,-6,-2,0,1,0,-1
0,0,-9,-4,1,0,0,0
-2,-5,-5,-1,-3,0,0,-1
-1,0,0,-2,-6,-2,-3,1
0,0,-2,-7,-6,-1,0,1
0,0,1,-5,-3,0,0,1
0,3,0,-5,-2,-1,-1,0
0,0,-1,-1,-2,-1,0,-1
-1,-2,-4,-5,-2,-1,-1,0
0,0,-3,2,4,0,0,-1
0,-2,-3,3,5,1,0,0
0,-1,5,0,6,3,0,0
-1,-2,-4,0,0,0,0,-1
-1,-1,0,-5,-8,-3,-2,0
0,-1,0,-4,-7,-2,-1,0
0,-1,-4,-3,-7,-3,-1,0
1,2,2,0,-3,-3,0,0
0,-1,-3,1,0,0,0,0
-1,-2,-2,0,1,1,0,0
-1,-2,-4,-1,1,0,0,0
-1,-5,3,-2,2,3,0,0
2,6,6,3,1,0,1,2
0,-1,-14,-2,-2,-2,0,1
-1,-2,-12,-6,-4,-1,-1,0
-2,-2,-18,-5,-5,-3,0,0
-5,-10,-13,-10,-4,-3,-1,-3
0,1,15,-1,-1,-1,0,-1
1,3,2,3,0,0,0,0
1,2,0,1,1,-1,0,0
0,0,-3,2,-1,0,0,0
0,-1,-9,0,-1,-1,-1,0
-1,-3,-2,-1,-3,-1,-1,-1
0,-1,12,-1,-2,-1,0,-1
-1,-1,9,-1,-1,-2,-1,-1
-1,-2,10,-1,-2,-1,0,-1
0,0,10,-1,0,0,0,-1
-1,0,-5,0,2,0,0,-1
-1,0,-4,0,0,0,-1,-1
-2,-1,-9,0,1,1,-1,-1
-4,-4,-8,-3,-3,-1,-3,-2
-3,-3,0,-3,-5,-2,-3,-2
-2,-1,-1,0,-1,1,-1,-1
0,0,10,2,-1,0,-1,0
0,-1,1,-1,1,0,0,0
0,0,2,0,0,0,0,-1
0,0,-9,-1,-3,-4,-1,-1
-2,-5,-18,-8,-5,-4,-2,-2
0,-1,-4,-2,-6,-3,-2,-1
-1,-3,-26,-3,-2,-3,-2,-1
-1,-5,5,-5,0,-1,-1,-1
0,0,0,0,1,0,0,0
0,0,-2,0,1,0,0,0
0,0,13,-1,0,0,0,0
0,1,-5,2,0,0,0,0
0,1,-1,1,-2,0,0,0
-1,0,2,0,0,0,0,-1
-1,0,7,4,2,0,0,-1
-1,0,7,0,0,-1,0,-1
-2,-1,9,0,0,-1,0,-1
-1,0,-1,0,0,-1,0,0
-1,-1,-4,-3,-1,-1,-1,0
0,0,-1,-2,0,0,-1,-1
0,0,-7,-1,1,0,-1,-1
0,0,0,-1,0,0,-1,-1
0,0,-1,-1,-2,-2,-1,-1
-1,0,0,-3,-3,-2,-1,0
-2,0,3,-2,-3,-2,0,0
-1,1,3,0,-4,-1,0,0
-1,0,3,2,3,1,0,0
0,0,-7,3,1,0,0,0
0,-1,-5,1,2,0,0,0
0,-1,-6,1,3,0,0,0
0,-1,-17,-1,-1,-2,-1,0
0,-1,-9,-1,0,-2,-1,0
-1,-2,-10,-3,-3,-2,-1,0
-1,-2,-9,-3,-4,-2,-1,-1
-1,-1,0,-1,-5,-3,0,-1
0,-1,2,-1,-4,-1,0,-1
0,0,1,0,0,0,0,0
0,0,3,0,0,0,-1,0
0,0,-4,0,0,1,-1,0
0,0,-6,-1,1,0,-1,0
0,0,0,5,0,0,-1,0
-1,0,-11,3,0,0,0,0
-1,0,-1,2,0,-1,0,0
-2,0,-5,5,1,0,-1,0
-2,-1,-10,-3,-1,-1,-1,0
-1,0,-1,-1,0,-1,0,0
-1,-1,-4,-1,-1,0,-1,0
0,0,6,-2,-1,-2,-1,-1
0,0,-5,-2,-1,-1,-1,-1
0,0,-4,-2,-1,-1,-1,-1
0,0,-11,-2,0,-1,-1,-1
0,0,-13,-2,-2,0,0,0
0,0,3,1,-1,0,0,-1
0,0,-9,-1,0,-1,0,-1
-1,-1,-1,0,0,0,0,-1
-1,-1,-7,-1,0,0,0,-1
-1,0,-10,-2,-1,0,0,0
0,0,2,0,0,0,0,0
0,0,5,0,-2,0,-1,0
0,0,6,-1,-1,-1,-1,0
0,0,9,-2,0,0,0,-1
-1,0,6,-2,-2,0,0,0
-1,0,4,-1,0,0,0,0
0,0,1,0,-1,0,0,0
0,-1,-6,-2,-2,0,0,0
0,-1,-6,-3,-1,-1,-1,0
0,-1,-8,2,1,0,4,0
0,0,-21,0,0,-1,4,0
0,0,-6,0,0,-1,4,-1
0,0,-9,-4,-3,-2,-1,0
0,0,-5,-1,-2,-1,-1,-1
0,0,-4,0,0,0,-3,-1
0,0,-14,-2,-1,1,1,0
-1,-2,0,0,-1,0,-2,-1
0,-1,0,-1,0,0,0,-1
0,0,0,-2,0,0,2,0
-1,0,0,-1,1,-1,-4,-2
-1,-1,14,1,4,0,-12,-2
-1,0,-16,-1,0,0,2,0
-1,1,10,4,0,0,5,0
0,2,27,5,0,0,-1,1
-1,0,3,-1,-2,0,18,2
-1,-1,27,-1,-2,-2,-4,0
-2,-3,-8,-9,-4,-3,-8,0
-1,-3,-23,-7,-2,-2,3,-1
0,0,-23,-4,0,0,6,0
0,0,-26,-16,-4,-1,8,0
1,0,-24,-10,-3,0,11,0
0,-1,-24,-14,-4,-1,8,0
0,-1,-10,-7,-4,-2,-6,-2
0,-1,-3,8,-1,0,-3,-1
0,0,0,-1,0,1,-4,-1
0,0,7,9,1,0,0,0
0,0,3,3,-1,1,5,0
0,0,2,5,2,0,6,2
-1,-2,1,7,-1,-1,3,0
-1,-2,3,7,-1,-1,2,0
0,0,-2,3,0,-3,0,0
-1,0,-7,-6,-3,-4,-1,-2
0,-1,0,0,-2,0,9,1
0,0,-10,-12,-1,0,3,1
1,1,13,3,0,0,6,2
1,1,0,-3,0,1,8,2
0,-2,-8,-6,0,-2,-3,-2
-1,-2,3,-4,-5,-3,-3,-2
-1,-3,-16,-26,-8,-3,-7,-3
-1,-2,-11,-22,-7,-2,-2,-1
0,-2,-7,-17,-4,-1,-9,-2
-3,-6,-41,-18,-1,-2,-3,0
-1,-3,-23,8,2,1,2,7
-4,-8,-8,-5,-1,-2,-9,-2
-3,-3,0,7,0,-2,5,0
0,4,19,3,1,-1,-12,-5
-6,2,-4,-13,1,10,-3,-25
-4,4,5,18,6,12,3,-17
-7,1,-3,-8,1,11,0,-20
-5,0,-9,1,2,6,-11,-20
2,1,16,16,2,-4,-21,-5
6,4,21,5,0,-3,-40,6
10,2,18,18,0,2,-25,20
6,2,50,31,1,7,8,15
3,0,9,-2,-2,-2,-9,12
-1,1,-2,10,0,-5,15,-11
-3,6,14,3,1,-12,13,-28
-7,-4,16,-11,-3,-15,-4,-22
-2,0,33,-2,-4,-9,0,-13
-3,-2,21,-21,-3,-4,8,0
-4,-6,19,-3,-5,-2,-11,10
5,3,3,-7,-1,0,-3,15
-16,-9,-8,-1,0,-1,-11,-7
-13,-4,2,1,-1,-2,1,-5
-6,-1,1,14,0,-7,-10,-2
-15,-3,-26,-5,-1,-11,-12,-26
4,3,-19,-13,0,-7,17,8
12,12,-10,-4,1,-13,-4,24
-6,-3,-47,-51,-2,-11,1,-3
-1,2,-3,-23,1,-8,2,19
-8,-6,8,-19,-4,-11,-16,-7
-11,-13,19,-15,-1,0,-16,-23
0,5,58,23,2,2,-19,-18
-9,-10,34,-8,-6,0,-10,-20
-4,0,22,-6,0,0,-13,-17
-15,-7,-28,0,0,0,4,-7
-7,-9,-5,0,-2,-3,15,-8
3,3,-14,21,2,-5,12,1
0,0,-18,16,-3,-12,32,-7
5,-1,-9,-10,-7,-7,8,-29
1,2,-35,-29,-3,-3,12,-7
-2,-5,-30,-15,0,-2,5,-12
0,-6,-30,-6,3,22,16,13
-2,-1,-11,10,2,7,14,12
-2,-7,3,6,-2,3,19,7
-3,-2,1,-2,-7,1,7,7
1,1,-6,2,-4,-10,-5,-2
-1,-6,7,7,-3,-9,-3,4
-2,-4,-27,-6,0,-4,-12,6
4,2,5,-4,4,1,3,6
-3,-5,31,-8,-2,-8,-8,7
0,3,-4,-22,-2,-2,-9,-2
7,4,-8,11,0,0,5,13
-13,-5,-7,5,-6,-5,-4,-6
-7,4,-1,25,1,5,0,-1
-12,-4,-7,27,0,-4,-1,1
-21,-10,16,11,-7,-10,-17,-18
-4,-4,11,22,1,0,-6,0
-7,-9,-15,-8,-3,-6,-7,-19
3,-6,11,-1,-2,-4,-3,-6
-3,1,7,-8,3,1,5,0
-2,-1,-9,-21,0,-1,-3,-9
0,1,13,-3,0,1,5,-3
-3,1,2,1,4,4,3,0
0,-2,-10,7,2,0,-5,-9
3,0,-14,15,3,0,3,2
1,-2,-28,0,0,0,-4,0
2,0,-22,0,-1,0,-3,0
5,0,-11,4,2,1,4,5
2,-1,-13,3,3,3,2,0
0,-3,-10,8,3,1,1,2
-1,-1,-5,1,-5,-1,1,2
0,0,-1,-1,-5,0,-4,1
-1,0,4,-3,-8,-3,-5,3
1,1,8,0,-9,-1,0,1
0,0,3,2,0,0,-5,-1
-1,0,0,0,-3,0,-2,0
0,-1,-4,-1,-3,-1,-1,1
-1,0,-2,1,-1,0,-5,0
-2,-1,-4,-1,-5,-1,0,2
-2,-2,-6,-1,0,0,0,1
0,-1,-3,0,1,0,-1,1
-1,-1,-7,-4,-1,0,-2,4
0,0,6,-1,4,2,-1,0
2,0,6,-1,-2,0,-2,2
0,-1,0,-1,-8,-2,-1,-1
5,0,3,-1,-3,-2,1,2
0,-1,2,-3,-3,-2,2,1
5,0,-8,0,-2,-1,1,-1
0,-1,8,1,3,0,0,0
-2,-3,-1,3,1,-1,0,-4
1,-1,-6,3,0,-2,-2,-3
-4,-1,6,0,-1,0,-2,0
2,0,-11,0,0,0,-2,-1
1,1,-6,-4,-1,-1,2,0
2,1,-14,3,0,2,6,1
0,1,-12,5,0,0,8,0
1,2,-15,2,0,0,7,1
0,2,0,8,0,0,3,2
-2,0,8,2,0,0,1,0
1,1,1,0,0,0,-3,-1
0,0,9,1,0,0,-2,-1
0,-1,2,-1,0,0,-2,0
-2,-2,-6,-3,-2,-2,-4,-1
-3,-3,-4,-3,-3,-1,-1,0
-2,-2,-1,-1,-2,-2,-1,0
-4,-4,-8,-3,2,-1,-2,-1
-2,-4,4,0,4,0,-2,-1
-3,-3,-1,0,5,0,-3,-3
-5,-4,1,-1,3,0,-2,-1
-1,-2,1,-1,-3,-1,-2,-1
0,-1,-1,-3,-2,-1,-3,-1
-1,0,2,-2,-5,-1,-1,0
-1,0,-8,-1,-2,-1,-1,-1
-1,0,-3,0,1,0,0,-1
-2,0,-5,0,1,0,1,0
-1,0,-3,1,4,3,0,-1
0,-1,3,0,1,2,0,0
-1,-1,0,0,0,0,-2,0
0,0,0,0,1,0,-1,0
-1,0,0,-1,0,-2,-1,0
-1,-1,0,-1,-1,-2,-2,0
-1,-1,-1,-2,-2,-2,-1,0
0,-1,-1,-1,-1,-2,-1,0
0,-1,-1,0,0,-1,-1,0
0,-1,0,0,2,-1,0,-1
0,0,0,0,0,0,0,-1
0,-1,0,-1,-1,0,0,-1
-1,-1,-1,-1,-2,0,0,-1
-1,0,-1,-1,-3,-1,-1,0
-1,-1,-1,-1,-1,0,0,0
-1,-1,-1,0,-1,0,0,0
0,-1,-1,-1,-1,-1,0,0
0,-1,0,-1,-1,1,0,0
0,0,-1,-1,0,0,0,0
-1,-1,-1,-1,0,0,0,0
0,0,0,0,0,0,-1,0
-1,0,0,-1,0,-1,-1,0
0,0,0,0,0,0,0,0
0,-1,0,0,-1,0,0,0
-1,-2,0,0,1,0,0,-1
-1,-2,0,0,1,1,0,0
-1,-1,-1,0,1,0,0,-1
0,-1,0,0,0,-1,-1,-1
0,0,0,-1,-3,-3,-1,-1
0,0,0,-2,-4,-3,-1,-1
0,0,0,-1,-3,-3,-1,0
-1,0,0,-1,-2,-2,-1,0
-1,-1,-1,-1,-1,-2,0,0
-1,-1,-1,-1,-2,-1,-1,0
0,-1,-1,-2,-4,-2,-2,0
0,-1,-1,-3,-4,-3,-2,0
0,0,0,-1,0,-1,-1,0
-1,0,-1,0,1,0,0,0
-1,0,-1,1,3,0,0,0
-1,0,0,2,4,0,0,-1
0,0,-1,0,0,0,0,-1
0,0,-1,-1,-1,-2,0,-1
0,0,-1,-1,-1,0,0,-1
-1,0,-1,0,0,0,-1,-1
-1,0,-1,0,0,0,-1,-1
-1,0,-1,0,1,2,0,-1
-1,0,-1,0,-1,-2,-1,0
0,0,0,-1,-3,-2,0,-1
0,0,-1,-2,-3,-2,0,-1
0,-1,0,-1,-1,-1,0,-1
0,0,0,0,0,0,0,-1
-1,-1,0,0,4,1,0,-1
-1,-1,0,0,2,0,0,-1
0,-1,0,-1,0,-1,-1,0
0,-1,-1,-3,-2,-1,-1,0
0,-1,-1,-3,-5,-4,-1,0
0,0,-1,-3,-4,-2,-1,0
0,0,0,0,0,0,-1,-1
-1,-1,-5,1,0,0,6,0
-1,0,1,3,0,-1,8,-1
0,0,14,2,0,-1,2,-1
1,1,-13,0,-1,0,-3,0
0,1,-13,0,0,-1,-4,-1
0,0,-15,0,0,0,-1,-1
-1,0,-32,0,1,0,-1,-2
-2,-1,0,2,1,0,0,0
-2,0,6,1,0,0,2,0
0,0,2,2,0,-1,2,-1
0,0,25,1,0,-1,3,0
0,0,4,-2,-2,-2,0,-3
0,-1,-13,-2,0,0,0,-3
-2,-3,17,-2,-1,-1,-6,-2
-1,-1,1,0,-4,-3,-2,-2
-2,-2,4,0,0,-2,-3,-2
-1,0,13,0,-1,-3,1,-1
0,-1,-28,-4,0,0,-8,0
0,-2,-29,0,2,1,-12,0
0,-1,-41,-2,-1,1,-2,0
0,-3,-38,-2,0,1,-15,0
0,-1,-17,1,-1,0,-9,-1
0,0,-10,-3,0,1,9,-2
0,0,5,0,0,0,9,1
0,0,-1,0,0,-1,4,-5
0,0,-1,1,2,0,17,5
0,0,-7,1,0,-1,0,3
-2,-2,-7,-2,-1,-2,-7,2
-1,0,0,-1,-2,-1,15,9
0,4,1,0,-1,0,10,-1
-2,0,8,-2,-2,-1,9,-1
0,1,3,-2,-3,-1,1,-4
2,4,11,-1,-2,-1,0,-2
-2,-9,-7,-6,-6,-3,0,-3
1,0,-13,0,-2,0,-4,-1
1,1,5,7,1,4,17,3
-3,-7,-24,-6,-2,0,-3,-1
3,7,-11,0,2,3,7,2
-2,-4,-13,-5,-3,-3,2,1
2,-1,-28,-17,-6,-8,-24,-3
10,6,3,5,1,-1,0,8
3,-3,0,-17,-4,-3,-8,3
7,9,21,-3,0,0,14,0
0,6,33,2,0,-3,22,2
-5,-4,-3,-17,-7,-17,6,-17
0,-3,1,0,-3,-15,-5,-10
9,-1,-14,-12,-2,-1,-6,0
1,-6,-31,-3,-2,2,-9,0
-4,-8,-13,-1,4,10,-2,11
-7,-1,7,5,4,8,-2,-3
-18,-8,-4,0,0,-5,-18,-5
-7,-6,-5,-7,-1,-10,-17,-24
-1,4,11,-5,-3,-4,-6,-2
5,7,-5,-11,-1,-2,10,18
2,-5,-5,-8,-2,-2,7,6
3,0,6,-3,0,6,19,23
1,1,7,3,-2,2,-2,0
-6,-9,8,-7,-5,-3,-9,-10
1,8,16,16,0,1,7,0
3,2,-5,-7,1,0,9,5
4,5,-22,-3,3,10,17,3
8,10,-9,15,5,15,12,13
-6,-7,-40,-6,1,-2,-2,-4
0,-6,-28,14,-2,-14,-28,16
-6,-10,-16,14,0,0,-13,19
-13,-16,-32,5,-1,-2,4,-1
-3,-4,-4,-3,-6,-5,-6,13
-16,-10,-17,-16,-4,6,17,-25
-6,-5,-36,-10,-5,-19,-1,-23
-3,-1,-24,4,-5,-19,-10,-5
0,0,-33,4,-2,-6,7,-8
1,11,-16,19,-1,0,-17,7
1,3,10,8,-3,1,-2,6
2,2,4,0,-3,0,-12,-3
2,3,-4,3,-1,-1,-9,-12
-3,-5,22,0,-2,2,9,-11
1,-2,15,-15,-4,7,-6,-25
-3,1,20,5,0,7,8,-9
-11,-7,24,-1,-1,14,8,-1
-4,-5,0,3,2,5,12,-6
-10,-2,6,25,2,-3,12,7
6,-5,-24,-2,-2,-2,2,-1
8,3,-15,13,0,-10,0,6
5,-3,-27,0,-2,-9,-7,2
4,-7,-14,10,-2,-7,-8,0
-12,-10,-14,-10,-2,-6,-1,-10
-2,-8,7,0,-3,-3,-18,-2
12,5,4,-26,-11,-6,-13,-7
10,2,-22,-24,-6,-4,-16,-8
11,4,12,0,-4,-2,-18,-7
7,2,-7,-23,-7,-3,5,-23
-8,-2,-2,17,1,3,6,-3
-6,-8,-7,-22,-4,1,13,3
-7,-10,-26,-19,-5,-3,9,-5
3,-7,-24,-12,-4,0,-3,-3
0,0,17,-13,-2,-2,0,-18
2,8,10,6,1,-2,-1,-17
8,15,15,-10,1,0,0,0
-13,2,34,9,2,0,3,6
3,-2,-4,-20,-1,-3,-1,11
-14,0,40,-1,-3,-3,1,16
-11,-6,38,20,-2,-6,-1,6
1,4,26,-7,-3,-4,-1,-9
-15,-4,40,14,-2,-4,-1,-14
5,-6,-4,0,-3,-4,6,-7
-6,-7,23,-8,-2,-4,4,-27
0,3,14,0,-1,0,5,-10
0,1,20,3,-2,-2,8,-10
-1,0,28,-12,0,2,-5,-18
5,6,4,-6,0,4,3,16
2,0,29,0,-2,-4,2,11
7,3,32,6,-3,-1,0,25
4,4,28,42,0,-5,0,11
0,2,39,25,-2,-4,-9,11
2,0,20,37,1,0,-7,0
2,2,-3,22,3,0,-8,-6
3,-2,10,-3,-4,0,-3,3
7,1,-27,2,-1,-2,-3,-12
0,0,-9,1,6,0,4,3
-2,0,-16,-4,4,0,11,5
1,5,-11,8,8,0,5,-2
0,0,0,11,10,9,8,4
0,-3,-21,2,2,6,8,5
4,-3,-8,7,-5,-6,1,1
1,-3,-15,-3,3,5,10,7
0,-1,2,0,0,0,11,5
-2,-1,3,0,0,0,10,0
-2,0,7,0,9,10,9,0
-3,0,3,0,-3,-5,2,1
-2,-1,2,-3,-7,-25,0,-2
0,0,0,-4,-4,-4,-20,2
-2,-1,-3,3,-2,-7,-2,4
-1,-2,-12,1,0,1,0,1
0,-2,-8,-1,3,17,2,2
0,0,-2,1,2,11,20,-2
0,-1,0,-1,2,15,-5,-2
0,0,8,2,3,6,0,-1
-1,-1,1,7,3,11,5,0
0,0,3,3,0,-6,-5,-1
0,0,-11,2,-6,-7,-3,0
-2,-2,5,1,3,-1,-3,0
-2,-2,14,-1,2,2,-6,2
-3,-3,16,0,1,6,10,4
-2,-4,21,0,9,6,19,1
0,-1,13,0,-3,1,12,0
1,2,-2,2,0,-3,3,0
0,-2,9,-5,-1,-6,-2,-2
0,-1,18,-3,-3,-6,-6,-1
1,0,8,-6,-2,-2,-6,0
-1,-5,6,-12,-5,-7,-2,-1
1,0,-13,0,0,-10,-11,-1
0,2,-18,0,0,-11,-8,0
-2,1,-14,2,0,-13,-10,-2
0,2,-5,3,-4,-12,-10,-2
0,1,-5,-1,-4,-5,0,0
0,-1,3,-4,-6,-4,-2,-1
1,1,-2,-1,-4,-2,0,0
0,0,-8,0,0,1,1,0
-1,0,5,0,-1,0,-4,0
-2,-1,-3,0,-1,0,-2,0
-2,-1,-3,-3,-2,0,-5,-1
-1,-1,2,-3,-3,-2,-6,-2
-1,0,-14,-5,-2,-2,-3,-1
0,0,-7,-3,-8,-2,-4,0
1,0,-2,-2,2,-1,0,0
0,0,-2,-2,1,-3,-2,0
0,-1,4,0,1,-1,-2,0
0,-1,-2,-1,7,1,0,0
-1,-1,-2,-2,-5,1,-1,0
-1,-1,-1,0,-1,5,2,0
-1,-1,-4,-1,-3,2,0,-1
0,-1,-1,-1,-4,-1,-3,-1
0,0,0,0,0,-3,-3,-1
0,0,-2,1,5,-3,-4,-1
0,0,0,1,6,4,-1,0
0,0,-1,1,6,5,0,0
0,0,-2,0,0,2,0,0
1,0,-1,-1,-4,3,-1,0
0,-1,-3,-1,-5,-7,-3,-2
-1,-2,-2,-1,-5,-4,0,-1
-1,-1,-1,0,0,3,2,0
-1,-1,-1,-1,-1,0,1,0
0,-2,0,-1,0,4,0,0
0,-1,1,-1,0,1,-1,0
0,-1,-11,-2,-2,-3,-3,0
-1,0,-6,-1,-3,-3,-2,0
-1,0,-6,-1,0,0,0,0
-1,0,-6,0,0,2,0,0
-1,0,7,0,0,2,0,0
0,-1,-2,0,2,3,1,0
0,-1,-3,0,-2,1,0,-1
0,-1,-5,0,0,4,0,0
0,-1,-4,0,0,4,0,0
0,-1,-2,0,0,1,-1,0
0,-1,1,-1,0,3,0,1
-1,-1,2,-2,-6,-2,-1,0
-1,-1,0,0,1,0,-1,-1
-1,-1,0,0,1,0,-2,0
0,-1,0,2,4,0,-2,-1
0,-1,-1,0,6,0,-2,-1
0,0,-2,0,-4,0,-2,0
0,0,-1,-2,-1,2,-1,0
0,-1,-4,-2,-4,-1,0,0
0,0,-2,-1,-1,1,-2,0
0,-1,0,-1,0,0,-1,0
0,-1,0,0,-1,-4,-3,0
0,0,4,0,-1,-3,-4,0
-1,-1,-3,0,-3,-1,0,0
-1,0,0,0,0,-1,-1,0
-1,0,-2,0,0,1,0,0
-1,-1,-6,0,2,2,0,0
0,0,0,0,1,0,0,0
0,-1,0,-1,-1,0,-1,-1
0,-1,0,-2,-3,-1,-1,-1
0,-1,0,-1,-4,-1,-1,-1
-1,-1,0,0,0,0,0,-1
0,0,-1,0,0,0,0,0
0,0,0,0,0,0,-1,0
0,0,-2,0,1,0,0,0
0,0,-1,0,-1,-1,-1,0
0,0,5,-1,-2,-1,-1,-1
0,-1,4,-2,-2,-1,0,-1
-1,-1,6,-2,-2,-1,-1,0
-1,-1,7,-2,-1,-1,0,0
0,-1,0,0,0,-3,-2,0
0,0,-1,0,1,-3,-1,-1
0,-1,0,0,-5,0,0,-1
0,0,0,0,3,0,0,-1
0,0,-1,0,1,2,2,0
0,0,2,0,2,0,0,-1
0,0,0,1,8,-4,1,-1
0,0,-1,1,-1,-4,0,-2
-1,0,0,1,1,-7,0,-2
-1,-1,-2,0,0,-3,1,-2
-1,-2,-2,-1,1,-5,-3,-1
-1,-1,-1,-2,-1,-3,-1,-1
-1,-1,-1,-2,-1,-5,-3,-1
-1,-1,0,-1,-1,-4,-2,-1
0,0,-1,0,-3,-2,-1,0
0,0,-1,0,0,-1,-1,0
0,0,-2,-1,-2,3,0,0
0,0,-3,-1,-1,1,0,0
-1,0,0,0,1,3,1,0
0,0,-1,0,-1,1,1,0
0,0,2,0,0,0,1,-1
0,0,2,0,1,2,1,0
0,-1,0,-1,0,-3,-1,-1
0,-1,2,-2,0,-2,0,0
0,-1,0,-2,-1,-1,13,0
0,-1,-5,-5,-4,-2,3,-1
-1,-1,-5,-3,-2,-3,-2,-2
0,-1,-2,-2,-2,-3,-5,-2
0,0,-1,0,0,0,2,0
0,0,0,2,1,1,-2,0
0,-1,-7,0,1,0,0,0
0,0,0,1,2,0,-2,-1
-1,0,-1,2,1,0,-6,0
-2,0,5,0,-1,-4,-14,-5
-1,0,7,0,0,1,7,2
0,0,7,-2,-10,1,8,4
0,0,8,-2,0,0,9,2
0,0,2,0,0,4,22,5
-1,0,3,0,-1,-2,-11,-4
-1,0,1,0,9,0,-10,-3
0,1,-2,-1,-4,-1,-4,-2
0,1,0,-1,-2,-2,-8,-2
0,0,0,-1,-2,-2,-2,0
0,0,-6,4,-2,-1,-2,-1
-2,-2,-8,-3,0,-2,-13,-2
-2,-3,-12,-7,-2,-2,-3,-1
0,-1,-8,-3,-3,-1,-1,-1
-1,-2,2,-5,0,-1,1,-2
0,0,-2,6,3,0,-2,0
-1,0,8,10,-4,0,2,0
-1,0,-1,6,3,0,5,-1
-1,-1,0,-7,-5,-2,0,0
0,0,10,-3,-9,0,9,0
0,0,3,-2,4,1,-2,0
0,-1,1,-1,-4,0,-7,0
2,2,4,9,0,0,-1,1
0,0,-5,-2,0,-2,-1,0
0,-1,-13,-6,-6,-3,-2,-1
0,1,0,-2,-1,-1,2,0
-5,-9,-22,-11,-8,-6,-6,-5
-3,-2,-3,-1,-2,-1,-1,-3
-3,-2,2,2,3,-2,-2,-3
-3,-2,-3,-4,0,-3,-2,-3
2,5,6,0,7,4,6,2
0,0,-1,-4,0,-2,-1,0
0,0,6,2,-1,0,-9,0
-2,-5,7,-6,-2,-2,-7,-1
-2,-3,0,-3,-4,-2,-9,-2
0,-1,4,6,7,0,-7,-1
2,5,3,-16,5,0,2,0
2,3,-8,3,6,0,-15,0
-1,-5,3,2,3,-2,-11,-1
-1,-6,-21,-16,-4,0,-12,0
-3,-8,-16,-1,-3,-3,-6,-2
-1,-1,3,-5,-7,-6,-4,-2
0,3,21,9,0,-6,-1,-1
0,1,10,7,0,-5,-4,-1
0,0,11,6,-1,-9,-12,-8
0,-9,-2,3,5,12,3,-1
2,-9,-17,-4,2,7,-15,-8
-6,-5,29,9,0,-2,-1,-5
-2,-9,-14,5,0,19,24,3
-6,-3,13,6,-2,7,27,-1
-1,8,8,6,2,19,30,8
10,8,-11,5,3,25,20,9
4,6,17,2,3,-7,-8,7
4,4,-5,27,3,-13,-12,5
-2,-3,7,-8,-14,-17,-11,-3
-2,0,14,-1,-3,-16,-16,-5
-5,2,17,6,-1,2,-8,-3
3,17,37,-17,-2,0,-6,0
0,4,4,18,8,-5,0,6
-5,-3,-15,19,-3,-4,-8,-1
1,-1,1,7,-4,-5,-15,-3
-2,-12,-40,-5,-2,-5,-14,-7
1,1,7,-4,-1,-1,-10,-9
4,3,16,-13,0,1,0,6
0,0,-6,3,1,-3,2,5
5,10,31,10,-3,-9,-4,31
-5,-1,3,-2,-4,-13,-1,5
-3,-3,11,5,-1,-8,-14,-1
0,3,3,-18,-4,0,-9,-2
-10,-8,-12,-11,-1,8,-14,-26
3,0,-18,-2,0,4,-12,7
-1,3,-23,-24,-3,-10,-7,-1
0,0,-11,-3,0,-9,-4,2
-1,-2,-11,-7,-1,-7,23,-10
3,10,20,0,0,2,7,-6
-1,-4,18,11,-2,9,27,-1
-1,-2,13,-12,-1,6,27,4
4,3,15,-6,-1,6,9,24
-7,-17,-35,-18,-5,-1,14,4
1,5,-15,-6,1,-1,0,3
0,0,-33,16,1,-6,-12,-5
-5,-6,-26,9,1,0,-10,-16
3,-1,-5,7,0,5,-14,-14
-1,-11,-13,1,0,7,-12,-9
0,-8,14,-2,-1,8,-9,-9
4,-1,-3,0,-8,-10,-22,0
-6,-3,1,0,0,-22,-25,-4
1,-1,-11,-10,-4,-13,-8,3
-1,-4,-14,-9,-3,-1,2,1
0,-5,12,-15,6,13,-3,8
4,-3,18,-5,-4,23,25,15
-1,1,37,13,-2,4,0,-1
3,8,35,3,0,-5,-1,6
-3,3,-2,3,-3,-11,18,-12
0,1,-12,-3,0,-5,-5,-2
-2,-2,-42,-24,-1,0,5,-1
-3,-9,-38,-20,-2,1,8,-6
-2,-7,-21,15,2,2,-1,9
-4,-1,18,21,2,3,10,20
-4,-6,14,25,2,5,7,24
-3,0,26,35,4,7,0,28
-2,-3,12,6,-6,12,-1,24
0,-3,-13,-2,5,1,-13,-2
-2,1,-6,0,7,3,-10,-5
-5,2,10,13,4,7,-8,-19
-6,3,1,-14,5,0,-13,-23
-8,7,16,-1,-4,6,3,-10
0,4,41,12,-2,3,-2,-4
-1,1,24,-5,-3,-9,-4,-10
2,6,39,19,4,1,3,-2
0,-3,30,9,-1,0,-7,-8
1,5,4,-7,-2,0,5,-8
2,1,7,0,-3,3,6,14
0,1,16,-7,0,-2,10,4
6,3,-19,-19,0,-6,12,22
4,7,15,-3,-3,1,9,17
6,7,-1,8,8,1,16,15
1,5,-18,5,1,2,-1,15
-2,5,17,10,2,4,0,4
2,-1,8,-1,3,-2,9,6
-2,-1,1,-36,-12,-4,-6,2
6,2,50,0,-4,3,21,15
4,3,38,-4,-1,2,13,0
-2,-4,-3,3,-2,0,-4,-3
-2,-1,18,15,2,0,3,-3
-5,-4,0,-4,1,-6,-12,-10
-5,-7,-11,9,0,1,7,-5
-3,0,25,9,-4,3,9,-1
-2,-2,-10,5,6,6,16,1
-2,-1,-15,5,-1,3,13,-2
1,0,-3,4,-1,-3,-6,0
0,-3,-2,2,8,-1,-3,0
0,-1,-6,-2,-6,-5,-8,-6
1,0,-6,-1,-2,-3,-7,-5
-1,-2,-9,-6,-2,-2,0,-3
0,0,-21,-6,-7,-7,-7,-5
-1,0,14,2,-4,-3,-7,-4
-1,-1,2,0,-2,-4,-3,-3
0,-1,1,2,-8,-5,-6,-2
-1,-1,2,1,8,2,-1,0
0,0,-14,3,8,2,0,0
-2,-1,-10,4,6,2,0,0
-1,0,-7,0,11,1,-1,-1
-1,0,-5,0,-6,-3,-2,-2
-2,-1,-1,1,-2,-5,-7,-2
0,0,1,0,-3,-5,-9,-3
0,0,0,-1,-2,-1,-4,-1
-1,-2,-3,-1,-4,-4,-3,-2
0,-4,-4,-2,-7,-3,-2,-1
0,-4,-7,-7,-1,0,0,-1
0,-3,-4,-4,3,0,-5,-2
1,1,5,0,7,3,2,0
0,0,3,1,8,2,3,0
-2,0,7,6,-3,-1,0,-1
-2,-1,33,8,-6,-2,2,-1
-3,-2,20,4,-7,-2,-3,-1
-1,1,18,4,-8,-1,-2,0
-1,2,17,4,0,0,-2,-1
0,1,-19,1,0,-2,-1,0
-1,0,-4,-1,0,-1,-3,0
-1,-1,2,-1,1,-1,-2,0
-1,-2,-7,-4,-1,-2,-1,0
-2,-2,-2,-4,0,0,-2,-1
0,0,-9,0,1,-1,-1,0
0,1,11,6,4,-2,-3,-1
-1,-2,-8,0,2,-3,-4,-2
-1,-3,8,-1,-6,-8,-2,-2
-1,-4,6,-1,2,-5,-2,-2
-2,-5,-16,-8,-5,-4,0,-2
0,0,2,2,2,-1,2,-1
0,1,-7,3,7,1,0,0
0,1,-1,1,-3,-1,0,0
0,0,-7,0,2,-1,0,0
0,0,12,0,-3,0,-1,0
0,0,3,-1,0,0,-1,0
-1,-1,0,1,-1,1,-1,-1
-1,0,3,1,0,1,-1,0
-1,-1,-4,-1,-1,0,-2,0
-1,-1,0,-1,-3,-1,-2,0
0,0,-1,-2,-2,0,-2,0
0,0,-2,-2,-1,-1,-1,0
0,0,3,-1,-7,-1,-1,0
0,0,-8,1,6,2,0,0
-1,-1,-2,0,5,0,0,0
-1,-1,-6,0,2,1,0,-1
-1,-2,-17,0,11,1,0,-1
-1,-1,-1,-1,-2,0,-1,-1
-1,-2,-3,-1,0,-1,-1,-1
-1,-2,-7,0,-1,-1,-1,-1
0,-1,-2,0,-1,0,-1,-1
0,-1,-4,0,-3,-1,0,-1
0,0,-11,0,1,1,0,-1
0,0,5,-1,0,0,0,-1
0,0,4,0,0,0,0,0
-1,-1,8,-1,-8,0,-1,-1
0,0,8,-1,-3,-2,-1,0
0,0,3,0,-3,0,0,0
-1,0,1,1,1,1,0,0
0,0,0,2,12,1,0,0
0,0,0,0,-4,2,0,0
0,-1,0,0,0,-1,0,-1
-1,-1,0,-3,-6,-2,-1,0
-1,0,0,-2,-5,-2,-1,0
-1,0,1,0,2,0,0,0
-1,0,7,0,0,0,0,0
-1,0,8,1,1,1,0,0
-1,0,7,0,2,2,0,0
-1,-1,5,-2,-1,0,0,0
-1,0,2,-2,-1,1,-1,0
0,0,0,-1,0,-1,-1,0
0,0,-1,0,-3,-2,0,0
0,0,-4,0,-1,-1,0,0
0,0,-7,0,2,0,0,0
0,-1,-6,0,4,1,0,0
0,-1,-10,1,9,2,0,0
0,-1,-5,0,8,0,0,0
-1,0,-2,0,6,0,0,0
-1,0,0,0,4,0,0,0
-1,0,2,-1,-3,-1,0,0
0,0,0,0,0,0,0,0
0,0,-2,0,-3,-2,0,-1
0,0,-3,0,-2,-2,-1,-1
0,0,-3,0,0,-1,-1,0
-1,-1,4,1,1,-1,-1,0
-1,-1,4,0,2,0,-1,0
-1,-1,2,-1,1,0,-1,0
-1,-1,5,-3,0,0,0,0
-1,0,-2,-2,-3,-1,1,0
-1,-1,-3,-1,-11,-2,1,0
0,-1,0,0,-1,-2,0,0
0,-1,0,1,0,0,0,0
0,-1,-1,0,-3,1,0,0
0,0,0,-1,6,1,0,0
0,0,0,-2,-5,1,0,-1
0,0,-2,-3,-6,-2,-1,-1
0,0,0,-2,-5,-2,-2,-1
0,0,0,0,0,0,-1,-1
0,0,-1,0,-1,0,-1,0
0,0,-2,0,2,0,-1,0
0,-1,-2,0,3,0,0,0
0,0,0,0,-2,0,-1,0
-1,-1,0,0,-2,2,-1,0
-1,-1,1,-1,-7,0,-1,-1
-1,0,-1,-1,-8,0,0,-1
0,0,-6,-1,-3,0,0,-1
0,0,-2,0,-2,-2,0,-1
0,0,-4,1,2,0,0,0
0,0,-2,0,2,0,0,0
0,-1,-1,-1,-2,-1,0,0
0,0,-2,-2,-1,-2,0,-1
0,0,-2,-2,-4,-2,-1,-1
1,0,0,0,2,2,14,1
0,0,1,0,-1,-2,4,0
0,-1,-3,0,0,0,-5,0
0,-1,0,-1,2,0,13,0
0,0,0,-3,-3,-3,-8,-1
0,-2,-7,-2,0,-1,-7,0
0,-2,-1,-1,-4,-2,2,-2
0,-2,-5,-1,-3,-3,-6,-2
0,-1,-8,-1,-3,-2,2,-1
-1,-1,-7,-2,-5,-3,1,-2
-1,-1,-5,-2,-2,-1,-1,0
-1,-1,-3,-1,-4,-2,-3,0
-1,-2,2,1,0,0,-1,0
-1,0,3,1,5,2,-3,-1
-1,0,1,1,3,0,1,-1
0,0,-1,0,5,1,-14,0
-1,0,4,-3,0,-1,-11,-1
-1,0,1,0,-5,-3,-9,-1
-1,1,6,1,-2,-2,-14,-1
0,0,-1,2,-4,-1,3,-1
0,1,-5,3,0,0,-4,-1
0,-1,-7,-2,-1,0,0,0
0,-1,-8,-3,-3,0,-1,0
0,-1,-5,-3,-4,-2,1,0
0,-1,2,-2,-5,-3,0,0
0,-1,-2,0,1,0,1,0
0,-1,-5,2,4,0,3,0
0,0,13,1,10,2,2,0
-1,-3,-7,-3,9,3,4,0
-1,-4,-3,-6,3,0,0,0
-1,-6,10,5,0,0,0,0
-2,-8,-3,5,-4,-1,0,-1
-1,-3,5,4,-2,-1,-2,0
1,0,7,5,-1,0,5,1
0,1,-6,-14,-3,-1,0,0
0,0,-9,-11,-5,-1,-2,-1
0,0,8,0,-5,-2,6,-1
0,0,10,6,-3,-3,3,-2
-1,-3,-5,3,-2,-1,5,-1
-1,-1,7,6,2,-1,6,-1
-1,-2,-7,6,1,0,2,-2
-2,-3,-7,-6,-1,-2,-1,-5
-4,-2,-1,-14,-4,-3,-11,-9
0,3,-4,-11,-3,-1,-21,0
-3,-9,-10,-24,-6,-2,-3,-1
-7,-8,11,-2,-6,-3,-28,3
-2,-3,14,9,-1,-2,9,-1
-6,-14,-6,-9,-8,-12,24,-11
-2,4,33,14,-4,-17,3,-12
3,2,29,13,0,-3,44,-8
6,2,16,16,3,-4,18,1
-2,2,23,23,8,13,15,22
-7,-7,-6,18,5,12,1,0
-6,-6,-57,-17,-1,-4,7,-16
-5,0,-10,-6,-2,0,2,-7
4,5,12,4,-1,-8,5,-40
11,14,13,7,2,4,33,17
6,4,28,13,3,7,4,9
-12,-11,-19,-9,-3,-3,9,2
-2,0,-12,-9,-4,-5,-3,22
-10,0,6,-12,-2,-3,-26,-23
-9,1,-8,5,0,1,-23,-10
9,15,-13,11,4,8,-16,-12
-5,0,-10,6,2,8,-3,-17
2,0,-17,2,1,2,0,-2
12,14,43,12,9,6,21,6
0,-5,45,18,6,3,13,7
7,0,40,30,9,5,13,9
4,-4,27,6,3,5,31,15
-6,-21,-15,-32,-12,-8,4,-1
-3,0,38,-30,-6,-4,-2,-9
-4,2,18,-49,-10,-6,0,-4
-6,-3,15,-31,-11,-12,-31,0
-9,5,20,-27,-7,-8,-19,-8
-1,5,-7,-12,-5,-5,-5,-12
-7,-9,-14,8,-3,-5,-23,-22
-2,-3,-38,-6,-1,3,10,-23
1,-5,-33,5,-1,1,20,-10
0,-10,-22,0,-7,-3,-1,8
3,2,3,-14,-4,-2,14,23
5,2,9,-23,-10,-9,-19,1
2,0,30,-4,-1,1,-29,-4
1,0,36,-7,3,3,-12,-15
0,-1,4,-11,2,3,-10,-29
-7,-6,19,17,6,2,3,-9
0,-1,-1,26,0,-7,2,1
-1,2,-30,1,-6,-12,-5,12
0,-1,13,20,-4,-4,-1,11
2,0,-12,12,-2,2,19,2
-1,0,4,-13,0,7,23,-3
0,-2,3,-6,2,11,41,-14
-6,0,-20,-4,2,13,32,-7
1,6,-20,4,2,14,39,17
3,6,-36,26,4,13,11,3
4,10,-5,45,5,10,-1,1
10,10,7,27,2,-10,-8,-6
8,4,26,16,0,-4,-16,-23
6,5,37,15,1,-1,2,5
3,-1,17,20,7,7,4,17
4,0,-29,3,3,10,23,19
-2,2,-1,18,8,2,4,3
4,5,-15,2,7,0,5,14
6,9,12,-15,-2,-5,7,-5
0,6,40,3,-3,0,-2,-3
4,6,25,9,-3,1,-1,2
-3,1,16,11,-4,0,-5,-23
-1,-1,-5,22,0,-2,-3,-3
1,-1,-22,36,2,-1,-13,-8
-1,-3,-1,-5,4,-4,-9,-9
2,1,18,-4,6,-2,-10,-1
-2,-2,-11,-7,2,-8,-25,-14
-6,0,23,-9,6,-8,-10,-4
0,0,-14,16,-1,-3,-10,21
-2,-5,-25,20,-1,-6,-5,-2
-2,-5,-7,20,-1,5,3,7
3,-5,-27,6,-3,0,-9,3
-1,-1,-9,3,-8,-6,-3,-25
0,0,6,0,0,-3,-3,7
1,1,4,0,1,-7,-2,0
-1,-2,-23,-10,-3,-2,4,1
-1,-4,-16,-10,2,0,8,8
-1,-5,-31,-15,-9,-1,3,0
-1,-2,-24,-16,-6,-3,-3,-4
0,1,17,0,1,0,-2,0
-1,0,2,0,2,1,-11,0
0,1,3,1,3,2,1,-3
0,0,3,3,2,4,8,1
0,0,-1,-1,-10,-2,2,-4
0,0,3,-2,-3,-2,0,-7
-1,0,11,2,-4,-6,-10,0
-2,-2,4,-3,-6,-6,-12,2
-2,-3,-4,-4,0,-4,-13,-1
-2,-2,-1,-2,0,-2,-7,0
0,-1,-3,-2,3,1,2,-2
0,0,0,-2,2,1,2,-3
0,0,1,0,7,3,6,-2
0,0,0,-2,-2,1,3,1
0,-2,0,-1,-1,-2,-2,-1
1,1,3,-1,0,-1,-2,0
0,0,-2,1,0,-1,-1,1
0,-2,1,0,1,0,0,0
0,0,0,0,-2,0,0,1
0,-1,1,0,-8,-2,0,-2
0,0,3,-4,0,-1,-10,-1
0,2,-13,0,-1,1,-15,1
0,0,-1,-1,4,2,-19,1
-1,0,3,2,10,1,-17,4
-2,-1,26,3,-3,1,-7,1
-2,-1,35,2,0,-1,-4,-1
-2,0,30,4,-7,-5,6,-2
-1,0,35,0,-6,-2,3,-2
0,0,9,0,-4,-3,7,-1
0,0,17,1,1,-1,9,0
0,-1,-9,0,3,0,7,0
-1,-1,-23,0,2,2,9,1
-1,-1,-22,-2,2,0,4,1
0,-1,-20,-2,-2,0,2,0
0,0,0,-2,0,1,0,0
1,-2,-11,-6,-4,-2,-1,-1
1,0,0,-5,-5,-2,4,-1
0,-1,-8,-4,-11,-4,5,0
0,-2,-13,-4,-3,-5,6,-2
0,0,2,0,-1,-2,6,0
0,-1,0,0,1,-1,0,-1
0,-1,1,0,5,-1,0,-2
0,0,4,-2,-5,-1,-1,0
0,0,3,-1,-2,-2,-4,-1
0,0,0,-1,-3,-1,-1,0
0,-1,-2,-1,-1,0,0,0
0,0,5,-1,-5,-2,-1,0
-1,0,5,-1,-4,-1,2,0
-1,0,4,0,2,0,1,-1
0,-1,7,0,-1,0,3,0
0,0,1,0,5,1,3,0
1,0,-1,0,2,0,0,0
1,0,1,-1,-7,-4,0,0
0,0,1,-2,-5,-5,-3,-1
-1,-1,0,-1,-6,-4,-3,-1
-1,-1,2,0,3,-1,-2,0
-1,-1,1,0,3,0,-3,0
-1,-1,0,1,4,1,-1,0
-1,-1,0,0,6,1,-1,0
-1,-1,0,0,-4,0,-1,0
0,-1,1,0,0,0,0,0
0,0,0,-1,0,-2,0,0
-1,0,0,0,-3,-1,0,0
-1,-1,-1,0,2,-1,0,0
-1,-1,0,0,2,-1,0,0
0,-1,-1,0,1,0,0,0
0,-1,0,0,1,-1,0,0
-1,-1,0,-1,-1,-1,0,0
-1,-1,0,-1,-1,-1,0,-1
-1,0,0,0,-1,-1,0,-1
0,0,0,-1,-2,-2,-2,-1
-1,0,0,-2,-16,-4,-2,-1
-1,0,0,0,0,-1,-2,0
-1,-1,-1,0,0,1,-1,0
-1,-1,0,0,-5,1,0,0
0,-1,-1,0,7,2,0,0
0,-1,-1,0,-7,0,0,0
0,0,-1,-1,-5,-2,0,0
0,0,-1,0,3,-1,0,0
0,0,0,0,-1,-1,0,0
0,0,0,0,3,-1,0,0
0,-1,-1,0,1,-2,0,0
-1,-1,-1,0,-1,-2,0,0
0,-1,0,0,1,-1,0,0
0,-1,-2,0,-4,0,0,0
0,-1,0,-1,-2,0,0,-1
0,-1,0,-1,0,-1,-1,-1
0,0,-2,-3,-2,-1,-1,-1
-1,0,2,-3,-5,-1,-1,-1
0,0,0,-1,3,0,0,0
-1,0,-1,0,2,1,0,0
-1,0,0,1,4,0,0,0
-1,0,-1,0,4,0,-1,0
0,0,-1,-1,-5,-2,-2,-1
0,0,0,-1,-4,-3,-2,-1
0,0,-2,0,-4,-2,-1,-1
0,-1,-1,-1,-3,-2,0,0
0,0,0,-1,-3,-2,0,0
-1,0,0,0,0,0,0,0
-1,0,1,0,1,0,0,0
-1,0,0,1,1,0,-1,0
0,0,-1,0,1,-1,0,0
0,0,-1,-1,-2,0,0,-1
-1,0,-5,-2,-3,-1,0,-1
-1,0,-3,-3,-2,-1,-1,-1
-2,-1,-2,-2,-1,0,-1,-1
-2,-1,-3,-1,-1,-1,-2,-1
-1,-1,1,0,1,0,-2,-1
0,-1,0,0,-8,0,-1,-1
0,0,0,0,2,0,0,0
0,0,2,1,2,0,0,0
1,0,1,1,-1,0,1,0
1,0,4,1,9,0,0,0
1,0,-3,0,-5,-2,0,0
