0,1,-4,-3,-5,0,-1,-1
-1,-2,-2,-3,3,-1,0,-1
-6,-3,-4,-4,-1,-3,-1,-2
3,-1,6,6,3,3,2,1
-1,0,-6,-4,-2,-1,-2,0
-1,-2,0,1,1,0,1,0
-1,-2,-4,-8,-4,-2,-2,-2
1,2,3,3,1,-1,-1,-1
-4,-4,-6,-3,-5,-3,-2,-5
1,-1,-1,0,0,-1,0,0
1,3,6,1,-2,-1,-1,2
-1,-1,0,0,-1,0,0,0
0,0,-3,0,1,1,1,-2
3,1,7,6,2,1,1,2
0,2,7,2,1,0,0,-2
3,1,0,-4,-2,-2,0,-1
3,1,0,-4,-2,-2,0,-1
0,3,3,4,4,3,-1,1
0,3,3,4,4,3,-1,1
-1,0,4,4,0,0,-1,0
-2,-1,-1,1,0,1,-1,-2
-3,-3,-7,-2,-2,-1,-1,-3
-3,-3,-7,-2,-2,-1,-1,-3
3,1,1,-2,0,-1,-1,0
0,1,6,6,0,-1,-1,0
-1,0,2,0,1,0,-1,0
1,2,10,4,2,1,0,-1
-1,4,4,-2,-1,0,1,0
-1,4,4,-2,-1,0,1,0
0,-8,-5,-7,-3,-2,0,1
0,-8,-5,-7,-3,-2,0,1
0,3,5,-7,4,1,-1,-1
-11,-20,-35,-37,-23,-13,-9,-9
-4,0,-32,-48,-2,-4,1,0
-12,-14,-51,-64,-18,-7,-5,-6
15,19,48,41,17,9,7,6
-20,-12,-29,15,3,3,3,-4
22,4,38,83,9,2,1,8
-5,-1,4,-19,-7,1,-1,-1
-5,-1,4,-19,-7,1,-1,-1
-3,-3,31,55,-10,-10,-9,-7
45,10,0,-30,0,1,-2,8
-6,-3,-7,9,6,5,-1,-14
-1,2,-5,-3,-8,-5,-2,2
-36,-1,3,-17,-17,-9,-9,-17
13,-5,-36,-30,16,4,2,3
13,-5,-36,-30,16,4,2,3
-5,25,78,111,45,12,4,2
-27,5,19,38,-12,-8,-6,-1
-73,-12,-3,7,-6,-4,-10,-36
11,-4,-40,-41,-5,5,9,16
27,29,38,-17,31,25,25,29
-64,-33,10,-20,-39,-26,-23,-38
6,-32,-29,-28,-19,-13,-15,-11
-33,-1,-24,-55,-7,-2,-9,-20
-15,-13,-63,-68,-10,2,2,10
-45,-19,-48,0,-13,-9,-7,-19
43,32,96,127,41,15,10,3
28,3,20,-34,-1,4,6,18
59,12,-7,-24,-14,-2,-4,9
24,2,18,84,4,-2,-1,-2
37,-16,-34,-32,-7,-5,-3,23
-66,10,76,4,3,1,-2,-25
-77,-80,-83,-30,-27,-21,-13,-25
-7,18,35,26,2,-2,-5,-6
40,8,-18,11,4,2,-7,-9
43,17,36,43,23,15,12,10
4,2,-36,20,8,2,-6,-5
68,-16,-68,-57,-17,-11,-4,16
21,14,20,-23,-9,-5,-3,12
1,0,4,3,1,2,1,0
-3,-1,-3,-2,-2,-1,-1,-3
2,2,5,6,0,-1,0,0
-2,-4,-8,-8,-9,-4,-2,-3
0,1,0,2,-1,-1,0,0
1,3,-1,-3,2,2,3,3
0,-1,-1,-1,-1,-3,-4,-2
-1,-3,0,3,-2,0,-1,0
0,0,-2,-5,0,-1,0,-3
-5,-6,-1,1,-5,-4,-2,-2
1,-1,1,3,2,1,2,0
-1,0,0,2,-1,1,-2,-1
4,0,0,0,1,-1,-2,0
-1,0,8,11,4,-2,-2,-2
-1,-1,-2,-3,1,1,2,0
-1,-1,-2,-3,1,1,2,0
1,3,1,-10,3,2,1,0
-3,-1,0,-2,-3,-3,-3,-1
1,1,4,2,1,2,3,1
-1,-3,-7,-1,-3,-1,-2,0
-2,-2,3,5,-1,-2,-2,-3
0,0,0,-1,-4,-2,1,-2
2,-1,-3,-1,-2,-3,-2,1
0,0,7,6,4,-2,-2,0
-6,-5,-6,-3,1,1,-1,-3
0,0,1,4,2,-1,2,0
1,0,0,7,-1,0,-3,-1
0,2,6,4,2,1,-1,-1
0,-4,-13,-12,-6,-4,-2,-2
4,5,5,-4,1,1,0,4
-1,-1,2,-21,-4,-1,-1,-2
-1,0,2,1,-2,0,-2,0
1,2,2,13,4,1,0,0
-5,-9,-20,1,-6,-5,-5,-4
-3,-8,-15,-2,-4,-4,-2,-3
-5,5,14,8,5,3,2,2
8,10,11,13,8,10,7,4
-2,-8,-54,-34,-12,-3,-1,-1
4,4,38,19,-1,-3,-3,0
0,6,42,31,5,1,-1,-2
-10,-13,-10,0,-20,-11,-6,-6
-19,-28,-17,44,-13,-15,-9,-12
-3,-11,-27,-42,-11,-4,-3,0
22,27,11,-44,32,20,14,16
6,0,-21,-16,8,9,8,4
-5,0,44,44,20,4,4,15
-5,-18,-45,23,13,-4,-7,0
23,23,62,68,24,11,8,8
31,23,73,73,40,21,12,23
14,21,45,-2,44,33,20,16
-2,-13,-58,38,-6,-9,-9,-9
37,50,46,41,45,32,24,24
-1,2,46,48,19,2,0,0
3,21,13,3,25,17,15,11
-7,-8,-72,-90,-55,-28,-16,-18
21,24,55,-5,23,16,14,20
-5,0,28,80,8,0,-5,-13
-15,-16,33,96,-5,-13,-11,-12
-48,0,20,-16,0,3,0,-6
-2,-2,23,19,28,11,5,6
11,-16,-64,-41,-41,-16,-5,-2
3,-2,-33,-25,6,9,7,7
74,-3,37,31,17,9,4,18
-11,-34,-63,-45,-26,-21,-12,-12
13,22,50,-2,-1,0,2,3
-1,-4,-2,2,-6,-4,-2,-3
-2,2,4,-1,-2,-3,-2,0
-2,-2,1,1,2,-1,-1,-2
-2,-2,-5,-2,-2,-2,-1,-1
1,0,0,2,2,4,3,3
-1,1,1,-2,0,0,-2,-1
0,-5,-7,-7,-2,0,-3,-4
-2,1,7,7,-4,-3,-1,-2
-2,1,7,7,-4,-3,-1,-2
-1,-4,-5,-4,-5,-3,-1,-1
0,1,-1,-5,-2,0,-1,0
-2,-5,-11,-8,-4,-3,-1,-3
-2,-5,-11,-8,-4,-3,-1,-3
-1,0,-1,-2,-4,1,-2,-1
-2,-3,-12,-8,-6,-2,-3,-2
2,1,3,1,2,1,-1,-2
-2,-4,1,4,-1,-4,-3,-1
0,-1,1,3,3,-1,-1,0
3,0,0,3,1,1,0,1
-2,-2,1,0,-3,-5,-3,-4
5,-3,-4,-4,-2,-1,-1,-2
3,0,-1,1,0,-1,1,1
-4,-1,2,-3,-1,0,1,-1
-3,0,-3,-1,0,0,-1,0
-1,-4,0,2,-2,0,-2,-4
-3,-1,0,5,0,-3,-3,-1
0,1,4,3,18,14,2,0
-1,-1,-2,0,-3,-1,-2,-1
1,7,33,26,5,1,2,-1
1,4,11,13,1,1,1,0
-5,-4,-18,-28,0,0,2,4
0,-4,4,5,-3,-2,0,-1
1,1,22,24,8,1,-1,1
5,11,25,51,11,1,-3,2
5,3,-7,-16,3,5,4,4
-3,-4,10,9,2,-2,-4,-5
13,19,37,19,30,13,10,10
13,19,37,19,30,13,10,10
-14,-15,42,-7,13,8,4,6
-16,-24,15,-6,-32,-24,-16,-20
20,-1,-49,-10,6,7,6,6
20,-1,-49,-10,6,7,6,6
-14,2,27,100,-13,-13,-10,-10
6,1,25,-16,14,1,-1,12
6,1,25,-16,14,1,-1,12
-3,2,95,83,-9,-11,-4,-9
-1,12,3,8,5,-6,-10,-7
-1,12,3,8,5,-6,-10,-7
-20,-18,-44,-98,0,2,-1,-8
4,-2,-61,-102,-8,0,-3,-5
23,30,50,-28,19,13,10,3
-12,-47,-71,-64,-63,-38,-26,-20
19,25,118,112,24,1,3,4
19,25,118,112,24,1,3,4
1,0,-38,-47,9,8,6,15
-1,-22,-19,-48,-35,-14,-3,-2
-1,-22,-19,-48,-35,-14,-3,-2
-32,4,3,13,3,0,-4,-15
-27,-30,13,16,0,-7,-7,-12
0,-8,7,-42,5,5,-4,-2
9,7,10,5,14,8,8,8
-5,-4,-4,-5,-1,-3,-2,-2
-1,2,1,2,2,2,2,-1
2,1,1,-3,-3,-1,-3,1
-2,-3,-4,-3,-3,-1,-1,-1
-2,-3,-4,-3,-3,-1,-1,-1
-1,-1,2,-1,0,-1,2,1
-1,0,2,1,-2,-3,-3,0
-1,1,-1,0,-2,1,0,-1
-1,2,1,-6,-2,-2,-1,0
-2,-5,-1,-4,-6,-5,-3,-4
-1,2,2,2,3,2,1,2
-3,-6,-10,-8,-1,-2,-3,-4
2,0,0,3,-1,2,1,0
-3,-2,-5,-7,-5,-2,-2,-1
-1,1,-2,-4,-2,0,2,-1
-2,3,5,3,2,-2,-1,1
0,-1,1,3,6,0,1,-1
-2,-5,-11,-11,-6,-3,-1,-1
-1,-1,2,-1,1,-2,-1,1
-4,-6,-12,-6,-3,-1,-3,-3
2,1,5,4,3,0,0,1
-1,0,4,1,-2,-1,0,-1
2,2,2,1,1,-1,-3,-2
2,2,2,1,1,-1,-3,-2
-2,-2,-6,-6,-3,-1,-2,-1
0,-3,-2,5,-6,-4,-2,0
0,-3,-2,5,-6,-4,-2,0
0,2,1,1,-1,-3,-3,-2
0,1,-2,-3,-2,1,0,0
-5,-6,-10,-2,-3,-1,-1,-1
-5,-6,-10,-2,-3,-1,-1,-1
1,-1,6,10,2,0,-1,0
1,0,-1,11,6,1,0,0
1,0,-1,11,6,1,0,0
3,7,-1,-1,1,2,1,0
-6,-8,-18,-25,-18,-6,-4,-2
-5,-14,14,17,1,-2,-2,-4
0,3,4,26,7,1,-1,1
-11,-18,-38,-32,-22,-13,-10,-8
3,6,6,-27,1,4,3,3
-3,0,-10,-15,-2,-1,-2,0
4,0,-5,-5,-12,-8,-4,-5
-2,6,18,41,12,8,2,2
-15,-17,-17,-12,-12,-10,-12,-10
-15,1,2,-6,17,4,-2,-6
-14,-8,-78,-128,-34,-13,-8,-1
-44,-9,27,20,-3,-15,-34,-30
-49,-34,-27,-29,-25,-33,-47,-40
22,8,38,58,3,-5,-28,-9
10,-8,-22,-35,-28,-41,-83,-54
18,5,25,4,-3,10,30,21
37,-18,-85,-91,-21,-15,-32,0
-113,-62,-50,8,-35,-8,17,-22
23,21,12,10,12,38,93,69
26,-11,-20,31,-19,19,109,39
30,8,60,89,61,16,-20,-8
-13,-6,54,52,-12,-14,-18,-7
36,22,3,-29,-9,-8,-17,-17
-21,-41,-58,2,-52,-39,-38,-22
1,1,24,19,14,5,-3,-3
38,-6,28,97,24,14,37,33
38,-6,28,97,24,14,37,33
-54,-53,-80,-95,-50,-25,-24,-19
-15,27,53,9,47,31,4,-13
-33,-21,-66,-80,-32,-21,-28,-29
-5,-1,-21,-15,2,2,5,6
-7,-7,-12,-5,-7,-7,-10,-8
-1,-4,-7,-8,-4,-3,-6,-7
-3,-3,6,17,3,0,-5,-5
4,3,7,6,2,0,-2,2
-1,0,0,-2,-2,2,6,3
-1,1,3,1,-3,-2,-1,0
-4,-6,-8,-8,-5,-6,-3,-5
0,0,2,0,-3,-3,4,2
1,0,-1,2,3,2,7,-1
-2,-6,-4,-1,-4,-3,-9,-2
0,2,-1,-2,2,0,-5,2
-2,1,0,-6,-1,-1,2,-2
2,5,6,-1,0,6,17,5
-3,1,3,1,3,0,-5,-4
-2,-5,-4,2,-4,-3,-3,-4
0,0,-1,0,1,-2,-7,-2
1,1,0,-1,-3,-1,2,1
-3,-4,-8,-7,-2,-2,-3,-3
0,-1,-7,-7,-4,-2,1,2
0,-1,-7,-7,-4,-2,1,2
-1,-2,-1,-1,-1,0,6,0
0,0,-9,-8,-6,0,9,4
0,0,-9,-8,-6,0,9,4
-1,1,-2,-6,0,0,3,-2
-1,-4,0,1,3,3,-1,-1
1,1,2,6,7,3,1,1
0,3,8,10,1,0,3,5
-4,0,1,0,-2,-1,-12,-9
2,-1,-4,-6,0,1,-2,5
-2,-1,3,3,-2,-4,-1,-1
1,0,-2,-2,-1,2,3,1
3,2,0,4,3,-1,-1,1
-2,-1,-3,0,-7,-4,0,0
-3,-1,-5,-4,-2,-1,3,2
-1,-2,-6,-7,-1,-1,-1,-1
-1,-2,-6,-7,-1,-1,-1,-1
-2,0,2,1,-3,-1,-4,-3
3,4,16,0,-1,0,0,-1
3,4,16,0,-1,0,0,-1
5,3,-3,3,8,6,4,4
-3,-3,-16,-36,-3,-1,-2,-3
6,9,38,31,16,10,6,6
5,14,92,83,15,7,4,5
-1,-1,32,49,-4,-3,-2,-2
-3,-1,-2,-38,-16,-7,-2,-4
-10,-23,-81,-63,-10,-5,9,-5
14,12,37,63,11,16,28,16
12,7,46,71,25,14,11,7
-17,-7,5,-30,-20,-3,19,-8
-50,-86,-128,-128,-73,-44,-38,-42
-50,-86,-128,-128,-73,-44,-38,-42
-5,3,-44,0,-8,0,-12,-4
27,33,65,55,37,34,58,40
27,33,65,55,37,34,58,40
-5,17,54,56,17,-3,-36,-3
11,46,43,-14,34,19,4,11
24,45,37,-58,3,-10,-49,-13
19,37,50,59,31,28,43,25
-34,-43,31,35,-56,-37,-22,-29
-13,-34,-61,-117,-54,-36,-32,-27
26,13,-51,-4,29,29,46,29
12,-23,-112,-103,-22,12,32,31
-11,2,13,15,15,-2,-7,-15
24,18,45,2,17,12,17,17
32,26,12,-31,9,17,25,30
32,26,12,-31,9,17,25,30
0,-22,-68,7,-3,-9,-29,-33
-20,-21,5,16,4,-3,-6,-7
-23,-46,-91,-19,-20,-11,-11,-14
14,15,29,12,8,7,14,14
-1,-2,-1,4,1,2,4,4
1,0,2,-1,-4,-1,-3,-3
0,0,4,1,0,3,3,3
-2,-4,0,-1,-1,-2,-4,-1
-2,-1,0,1,0,-3,-1,-4
3,2,5,6,7,4,5,-1
0,3,10,10,4,-1,1,3
0,2,-1,0,2,0,-2,0
0,2,-1,0,2,0,-2,0
1,-1,0,6,1,2,1,-1
0,1,-1,1,3,1,0,1
-1,-3,-7,-3,-1,0,-2,-2
-3,0,0,0,0,-1,-3,-2
-2,-3,-9,-10,-5,-4,-2,-2
-1,-2,-5,-6,1,1,3,2
-2,-1,-3,-5,-5,0,0,-1
-2,-2,-8,-5,-4,-4,1,-1
1,1,8,4,0,-1,-1,1
-1,0,2,5,1,1,0,-5
-1,1,5,5,5,3,0,1
-1,0,3,3,2,3,-2,-1
-4,-3,-5,-6,-1,-1,0,0
0,-4,-13,-3,-3,-3,-1,-2
0,-4,-13,-3,-3,-3,-1,-2
0,-1,-2,0,-6,-4,1,1
-4,0,3,-1,4,1,-2,-5
-2,-1,0,-3,-5,-1,1,0
1,-1,-2,-3,-2,-2,-3,-1
0,-2,-1,-1,1,1,0,-3
0,1,0,-4,-3,-3,0,-1
0,-1,-1,1,1,-1,-1,-1
-2,-4,-13,-5,-1,-1,-2,0
-4,-7,-14,-23,-11,-8,-7,-6
0,-2,-10,-11,-3,-1,0,-2
-3,-2,0,9,6,2,-1,2
1,0,5,-8,-4,-2,1,1
-9,-13,-24,-39,-13,-9,-6,-7
4,6,15,5,0,1,-1,3
-4,5,-34,-22,-1,0,-1,-2
14,29,86,83,36,17,12,11
-11,-16,-47,-35,-25,-12,-10,-6
4,5,58,74,8,1,-1,-2
2,0,15,-2,1,2,1,2
8,31,69,83,17,5,2,3
-12,-19,38,54,-19,-18,-16,-14
0,-8,-68,-99,-29,-2,3,4
-24,-25,-38,-21,-35,-22,-19,-20
25,15,37,68,21,6,1,2
25,15,37,68,21,6,1,2
24,21,2,5,5,7,2,9
-33,-15,6,8,-2,-10,-8,13
36,44,104,88,38,17,18,20
-44,-12,34,42,-1,4,2,-25
7,17,49,3,0,4,0,1
-5,-8,-51,32,-5,-7,-7,-2
-5,-8,-51,32,-5,-7,-7,-2
-43,-13,12,-8,-16,-10,-16,-16
-13,-8,-18,-37,3,2,-6,-16
-13,-8,-18,-37,3,2,-6,-16
-6,-4,32,16,-4,-5,7,8
-21,20,-24,-47,3,6,-1,-13
28,8,6,-43,-11,2,4,11
16,-24,-66,-76,-5,1,-2,22
-7,12,43,90,29,8,0,-9
-25,-17,-5,-60,-5,7,9,-1
24,-8,4,87,-3,-13,-9,-1
38,8,21,-32,7,7,6,16
-15,-34,-57,-74,-18,-3,-6,-1
-44,-16,-7,45,-13,-17,-23,-43
34,31,52,44,23,14,20,34
-7,-8,-12,-8,-5,-5,-10,-6
-7,-8,-12,-8,-5,-5,-10,-6
-1,-4,-9,-11,-2,0,-7,-2
-1,-4,-5,-2,-4,0,2,0
0,0,3,-1,-1,-2,1,1
0,1,-2,1,1,1,-1,-1
0,3,1,-1,-2,-1,-1,2
0,3,1,-1,-2,-1,-1,2
0,-1,0,-5,-2,-1,1,0
0,-1,0,-5,-2,-1,1,0
-1,2,-1,-4,-3,1,-3,-1
-4,-7,-8,-9,-10,-6,-3,-1
-4,-7,-8,-9,-10,-6,-3,-1
0,3,3,-1,1,1,2,-1
0,3,3,-1,1,1,2,-1
0,0,4,1,1,0,0,0
1,1,-1,3,1,3,0,3
-1,0,-3,-2,1,0,-2,-1
-2,1,-2,-2,1,-1,-1,0
1,-1,2,2,-1,0,0,1
-2,-1,-2,-1,-5,-4,-2,-1
4,1,2,5,9,6,2,1
-2,-2,-2,-3,-3,-2,1,-2
-4,-3,-6,-2,-1,0,-2,-1
0,-1,-1,-4,0,-2,-4,-4
-2,-5,-3,1,0,-1,2,2
0,1,-1,3,0,-1,0,0
1,-2,-5,-7,-4,-2,-1,-1
-1,-3,-3,-1,2,0,0,1
-1,-3,-3,-1,2,0,0,1
-9,-3,0,0,0,-2,-1,-6
1,1,-2,-8,-1,0,2,3
-3,-4,-7,-3,-4,-2,3,-1
1,-1,-7,-2,-3,-1,-1,0
0,0,1,8,-2,-5,-9,-4
0,2,-2,-2,2,2,1,-1
-3,0,5,-1,-4,-4,-4,-3
-7,-9,-13,17,-1,-2,-5,-5
-5,-10,-47,-57,-6,-3,-2,-3
-27,-30,-44,-42,-32,-23,-17,-16
-4,-5,0,-18,-7,-5,-4,-3
-5,-1,-55,-96,-35,-14,-11,-10
4,7,-16,3,23,14,7,10
-6,-15,-60,-91,-43,-13,4,-2
-22,-24,-35,-28,-20,-15,-13,-12
-22,-24,-35,-28,-20,-15,-13,-12
-1,22,44,-42,-3,0,3,5
-11,-26,19,104,-7,-15,-14,-12
24,20,25,36,18,4,7,5
20,18,14,-2,34,20,5,9
-23,-2,-39,-37,-33,-17,-12,-27
-23,-2,-39,-37,-33,-17,-12,-27
6,14,101,127,33,15,11,9
-9,-57,-71,29,-6,-11,-13,-6
19,-1,40,31,2,3,5,17
-28,-8,-15,22,-47,-29,-15,-11
-22,-23,-41,-94,-33,-18,-23,-22
-22,-23,-41,-94,-33,-18,-23,-22
20,23,28,10,28,18,15,11
1,4,9,11,4,2,3,2
2,1,-3,1,3,3,6,5
1,6,12,18,5,2,4,2
-1,-1,4,-2,-2,0,1,2
1,0,4,4,3,1,-1,1
3,0,2,-1,-6,-1,1,-2
0,-4,-8,-8,-1,0,0,0
-1,-1,2,6,2,3,3,3
-3,-2,0,-1,-8,-4,-4,-2
0,2,3,3,-2,-1,-3,-2
-3,-5,-8,-7,-3,-2,-2,-3
2,3,6,6,7,3,1,1
-1,-1,0,-3,-4,-3,-1,0
-4,-8,-15,-13,-5,-2,-1,-2
-4,-8,-15,-13,-5,-2,-1,-2
-3,1,0,-2,-4,-4,0,-3
1,1,5,5,1,0,-2,-1
-1,-1,-2,-3,-4,-2,0,0
1,-2,2,2,1,-1,0,-1
-3,-4,-8,-10,-2,0,0,-2
-3,-4,-8,-10,-2,0,0,-2
0,0,1,0,5,3,1,2
1,3,7,6,-1,-1,0,-3
-1,3,1,-2,-2,-1,-1,-5
-1,3,1,-2,-2,-1,-1,-5
-1,-1,-4,-5,0,1,2,-1
-3,-2,0,-1,-2,-1,-2,-3
-1,-1,-4,2,1,0,-2,-1
-1,3,3,4,4,1,-3,-1
2,3,3,4,1,-1,1,-3
-2,-1,2,1,-1,1,1,1
2,3,9,1,-1,0,-2,4
1,1,1,-10,-3,-2,1,-1
-4,3,7,16,5,2,1,-1
-36,-26,-40,-41,-27,-16,-12,-14
12,9,34,61,19,7,6,3
3,-3,-4,-15,2,0,0,1
10,11,9,-15,3,5,3,5
4,2,2,-5,3,2,1,3
9,-4,-20,-2,-3,-3,-4,-2
-12,3,-12,-24,-2,0,2,1
-1,-9,-40,-16,-16,-9,-8,-5
1,6,37,10,-5,-1,-2,-3
7,8,41,50,2,0,2,5
-4,14,62,27,9,1,1,-1
14,8,17,43,5,1,-1,-4
-36,-72,-72,-22,-44,-37,-29,-30
12,22,56,50,27,18,13,13
24,16,34,65,41,23,17,14
1,1,-46,-26,20,6,-1,2
-27,-29,-37,-36,5,-15,-21,-13
-2,35,112,-5,34,24,17,9
-22,-36,-15,12,-54,-35,-23,-19
-40,-31,-58,-84,-47,-13,-3,-4
7,-16,-52,-31,-25,-13,-15,-13
11,34,62,-4,28,16,18,25
-3,-17,-19,52,19,1,-2,-2
0,13,8,-64,-5,3,7,2
-7,-6,26,31,0,-6,-5,-4
-14,25,77,19,20,14,8,0
-25,-5,-11,-35,-29,-17,-13,-2
4,-27,-8,-40,-56,-30,-23,-23
23,3,11,26,22,10,8,16
-17,-5,6,47,12,6,0,-5
28,15,30,59,19,6,4,10
18,-3,-18,-25,-18,-6,-7,-5
2,-8,-6,-3,-10,-2,-1,-3
-8,-5,-12,-7,-7,-6,-5,-5
5,1,3,3,2,2,-1,-1
0,3,-3,-2,2,-1,2,1
2,2,0,-5,-6,-5,-3,0
-1,-1,-2,-5,-6,-5,-2,0
-2,-1,-2,-3,2,-5,-6,-4
1,-3,0,1,-3,1,0,1
0,-1,1,1,0,1,0,2
2,2,2,6,9,3,0,-1
-2,1,-3,-3,-3,-3,0,-2
-3,-4,-7,-3,-6,-3,-11,-5
-1,1,-1,-4,-3,-4,-3,-1
0,-4,-6,1,3,-1,-1,-2
-4,-4,5,7,0,-3,-3,-2
0,1,0,-1,2,-3,0,0
-1,-3,1,-2,-10,-4,-3,-4
-2,-1,-2,-1,5,0,-4,-3
-2,-3,1,-2,-4,-3,-1,-2
-3,-4,-7,-7,-5,-6,-10,-5
-3,0,-1,1,11,2,1,-2
-1,-4,-9,-8,-4,-2,-2,-1
-3,-2,-5,-3,-6,-5,-4,-3
-2,-1,0,1,-1,-1,-2,-3
-3,0,-4,-7,-7,-5,-8,-7
3,2,1,-1,6,1,-1,1
-9,0,3,3,-1,-2,-5,-4
0,-1,-2,-1,-6,-2,0,-2
-1,-2,-7,-3,-3,-5,-2,-1
1,-4,-2,-9,-2,1,0,-1
-1,2,-1,1,-5,-2,0,-2
0,-2,-2,0,-2,-1,-4,-2
0,-3,-1,0,2,0,1,-2
-2,-2,-5,-3,-3,-2,-3,-1
-1,-1,-16,-12,-3,-2,0,4
-1,-3,-13,-12,-4,0,1,0
-11,-16,-26,-9,-12,-9,-7,-9
2,2,22,21,4,3,4,3
1,5,16,12,12,4,-4,-3
0,1,0,-5,2,0,-1,3
8,17,35,19,20,9,9,8
-5,-5,19,12,-4,-5,-2,-4
0,6,-17,-11,4,2,-2,-2
33,9,-6,-52,-10,-2,-7,0
22,3,2,43,-5,-5,-1,-4
3,8,50,62,16,5,2,4
-10,-4,41,31,-3,-7,-4,-8
-21,-16,-85,-86,-41,-13,-14,-4
19,25,50,23,35,20,16,9
-41,-48,-52,12,-58,-37,-19,-28
8,19,69,92,19,-2,1,4
5,4,63,96,34,5,-3,-5
13,-4,-33,-77,-2,1,3,6
-12,-5,-6,22,-13,-8,-4,-4
-1,-8,-69,-51,-10,-4,-1,1
-9,-22,-70,-62,-14,-3,0,-12
18,-19,-81,-22,-34,-16,-7,4
43,42,122,127,54,17,10,11
-28,-9,-7,-3,-23,-16,-16,-17
-22,-21,-68,-52,-55,-23,-11,-11
18,8,32,27,35,21,11,16
13,-21,-48,-87,-51,-16,-1,6
-8,5,14,-14,-5,-4,-9,-9
-22,8,46,72,18,5,-3,-19
2,-1,-8,38,3,0,1,9
8,-14,-27,-32,-14,-7,0,-2
-2,-3,-8,-7,-4,-2,7,0
-1,0,1,1,5,2,3,0
1,-1,0,-2,-2,-1,1,-1
-2,1,6,2,-2,-1,-4,-4
-1,0,-7,-3,-4,-1,-3,-2
1,-2,-1,-9,-3,-3,-5,-2
-2,-2,-5,-6,-5,-3,-4,-5
-2,0,3,-3,1,-5,-7,-4
-6,-5,-8,-4,-3,-1,0,-2
1,1,-3,0,-7,-2,1,0
1,0,-2,-5,-5,0,1,-4
-1,-2,-4,-5,-4,-2,1,0
0,-2,0,-3,-3,-4,-1,-1
0,-1,-1,2,4,0,0,3
-7,-1,-3,-6,1,-2,-3,-3
2,1,3,8,9,3,1,-1
2,2,4,1,4,3,-4,-1
-2,2,1,-2,-5,-2,-1,1
1,-2,-2,-3,-1,0,1,-5
3,0,1,5,8,1,6,3
-5,-5,-9,-10,-8,-3,0,-3
3,-1,2,3,0,-3,-4,-1
-1,-1,-4,-3,-3,1,1,-1
-1,-2,-2,-7,-4,-1,-4,-2
-2,0,0,4,0,-1,-2,-2
-6,-2,-3,-1,-2,-3,-3,0
1,-1,1,-1,-2,1,-1,0
-3,-2,-4,-5,-3,-4,-3,-6
0,-1,-13,-3,7,5,1,1
5,3,8,5,3,1,4,4
-4,-2,0,3,-5,-4,0,-2
-2,-3,-10,-10,-6,-4,-4,0
-4,-7,-27,-36,-14,-5,-4,-3
-13,8,44,48,13,7,-1,1
12,4,11,6,3,-1,1,2
1,-1,-6,-25,-4,-3,-5,-4
-6,-15,-54,-48,-20,-10,-7,-8
-4,-10,-22,-7,-1,1,5,2
-3,-7,-29,-12,-17,-9,-5,-2
3,1,-30,-41,1,4,-1,1
15,15,37,48,19,8,5,4
-21,-21,9,-8,-16,-10,-4,-3
-3,-17,-50,-36,0,2,2,3
13,11,0,-3,-2,-2,-7,-1
15,25,4,72,18,9,9,8
15,25,4,72,18,9,9,8
-21,-10,56,26,-1,-4,-9,-9
3,-2,-23,-65,20,12,9,4
20,55,75,64,38,23,16,16
14,-29,-68,-76,-50,-21,-14,-7
20,31,107,19,41,28,26,32
-50,-54,-48,64,-47,-39,-23,-28
10,-9,-29,-15,-28,-16,-12,-6
10,10,-18,-18,26,15,5,8
-9,-11,-39,-56,-10,-1,0,-4
-50,4,49,24,44,26,12,0
13,7,19,18,0,-4,-10,-10
25,23,62,56,13,10,8,2
-37,-29,-17,-51,-33,-22,-12,-11
-24,-20,-3,19,8,1,-3,-6
-29,6,-11,77,-125,-132,-18,-11
119,6,35,35,-65,-132,-18,-11
-185,-108,83,77,101,234,186,137
-29,-108,-155,-137,-65,108,84,-11
-107,-48,35,215,47,-6,-234,-161
-107,6,-11,-47,-65,-132,-234,-239
-107,-162,-257,-185,-419,-444,-444,-239
281,126,-155,-365,341,606,402,365
-29,-48,-59,35,-299,-6,-126,-11
-107,6,-11,-95,-239,-630,84,137
-185,6,35,-47,-479,-816,-1614,-467
119,6,-305,-413,-593,-504,1248,59
-29,126,329,215,-299,-690,-654,-239
-263,-162,-1241,-995,-239,-72,-126,-389
-29,66,-155,-413,-65,-444,-1080,-161
-419,-342,-401,395,-185,-132,-654,-311
-341,66,131,125,101,48,294,137
-185,6,-653,-503,161,-6,-18,-83
203,126,479,533,281,294,294,137
119,-282,-797,-317,-5,-6,84,-11
41,6,83,-455,-125,-192,-336,-467
203,246,971,1025,455,420,1140,365
-1121,6,281,-47,-5,-132,-336,-83
359,66,-455,-47,47,174,84,137
-341,-162,-455,-317,-125,-132,-18,-11
281,6,-701,-725,-65,-72,-126,59
-107,186,479,77,-185,-72,-654,-161
-107,-282,-701,-413,-239,-6,186,59
203,306,329,713,341,108,84,59
203,306,329,713,341,108,84,59
119,-282,-59,-47,47,48,-126,-83
281,246,131,35,101,234,294,209
281,246,131,35,101,234,294,209
359,306,821,893,401,108,-18,287
203,-108,233,935,101,-6,186,59
203,-108,233,935,101,-6,186,59
41,186,-11,-725,-185,-192,-444,-11
671,840,1565,1973,1103,606,822,593
281,486,1613,1613,575,174,-18,137
-731,-702,-899,257,-533,-378,-654,-467
-185,6,-257,713,101,-72,84,59
671,6,-1835,-2711,281,360,612,287
-965,-462,-305,125,-533,-444,-444,-467
-731,-342,-353,-1271,-1715,-630,-870,-617
593,126,-1097,-3167,-185,108,186,593
1295,2148,4727,3695,1931,792,1038,893
-809,-816,-701,713,-533,-378,-336,-467
-263,-996,923,1703,1163,666,504,137
119,486,-107,-455,1811,1165,1248,365
-965,-1830,-995,-4385,-2302,-1189,-1290,-467
2230,3222,1517,4055,1517,792,1566,1348
-419,-1830,-4205,-953,-479,-132,-234,-83
983,1734,2747,-227,1049,792,1356,743
-185,-1056,-1541,-773,-887,-876,-1290,-695
1061,600,923,3917,989,420,612,743
-497,-2604,-4157,-2219,47,234,186,-11
593,-1176,-2579,-1361,-5,108,294,287
1684,1794,1463,1073,1457,1351,1884,1348
1684,1794,1463,1073,1457,1351,1884,1348
-185,900,2303,3287,635,234,-18,-83
-965,-162,377,35,-65,-192,-552,-467
-2134,-1416,-1685,-1763,-1127,-816,-1506,-1151
41,126,-1835,-3029,-299,-318,-234,-239
-341,660,2303,-95,-65,-504,-762,-467
-1121,-522,-353,167,-947,-504,-552,-467
-185,426,2993,1301,869,546,720,137
983,1200,1565,575,635,360,504,437
905,780,-455,-503,161,48,-18,287
905,780,-455,-503,161,48,-18,287
-419,-1056,-2429,-2939,-833,-192,294,287
-419,-1056,-2429,-2939,-833,-192,294,287
359,-642,-1097,-635,221,294,720,593
-2212,-582,-155,-5,-593,-192,-18,-389
281,-48,-11,125,-65,48,84,-83
-29,66,-455,-275,-5,-6,84,59
119,6,131,-5,-5,-6,-126,-11
-29,-162,-11,77,-125,-132,-18,-83
119,-48,527,77,-5,-6,-126,-83
-29,-48,-209,-5,47,174,-18,59
-29,186,35,-137,-65,-72,-126,-83
-107,66,83,35,101,174,186,137
-107,6,527,35,-5,108,-126,-11
437,66,-209,-137,47,108,504,437
119,186,131,305,101,48,186,-83
-29,-108,-455,-275,-65,-72,186,59
-419,-108,131,35,47,108,-336,-83
119,126,-11,-95,161,-6,-18,59
-653,-402,-551,-413,-185,-258,-126,-161
-653,-402,-551,-413,-185,-258,-126,-161
119,6,83,305,221,48,-18,59
41,-222,-503,-137,-65,48,-18,-11
41,186,281,257,47,-6,-18,59
119,126,281,-5,-125,-6,186,137
41,-108,35,-95,-125,-6,-18,-161
41,186,-59,-137,47,-6,294,59
-29,-162,-551,-317,-125,-192,-336,-83
-185,-162,-551,-227,-299,-72,-126,-161
41,6,35,125,-185,-132,-126,-11
41,6,35,125,-185,-132,-126,-11
41,6,35,125,-185,-132,-126,-11
-107,-108,-305,-137,-185,48,-18,-83
-107,6,527,-185,-239,-132,-18,-161
-185,6,-107,713,455,-6,-1080,-239
119,426,527,347,47,48,504,209
-185,-342,-1541,-2669,-653,-258,-18,-11
359,186,425,305,101,-6,294,137
-107,-48,179,623,-65,-72,-234,-11
-185,-222,-353,533,-65,-132,84,-83
203,-48,-1097,-1361,-299,-6,-126,137
671,366,1319,1343,401,174,84,137
359,780,1907,575,809,480,1038,821
359,780,1907,575,809,480,1038,821
2308,1494,1907,125,869,546,504,893
-107,-522,-2675,-1943,-533,-132,-126,59
437,-162,-209,-365,-593,-318,-234,-83
1918,246,1415,1253,1457,666,822,1732
-497,-522,-947,893,-1181,-750,-552,-11
437,1254,2945,1571,1457,852,930,137
437,1254,2945,1571,1457,852,930,137
905,840,2651,1661,869,480,1038,1049
-1277,-1056,35,-1583,-1535,-936,-972,-1151
359,246,-995,-5,1637,1099,930,437
-2368,-3672,-5093,-3119,-1655,-876,-1188,-1151
41,426,-995,-1673,-773,-318,-234,-11
281,780,-1295,-1493,-185,-6,-234,-83
1762,2448,3443,1481,1751,1351,1884,1199
1295,2328,3887,2831,2338,1038,1248,893
1217,1854,1019,1301,1397,978,1464,593
-575,-1056,-2969,-3077,-1241,-444,-126,-161
-575,-1056,-2969,-3077,-1241,-444,-126,-161
3010,3636,6305,5723,2518,1165,1566,1426
-107,-282,-1193,-995,-359,-132,-336,-83
2074,2088,3887,1523,-239,-72,930,1277
-2134,-1710,-701,-635,-773,-690,-1614,-1528
-575,186,329,215,281,174,84,-239
905,-2544,-2279,-1175,-125,-378,-336,137
-107,66,-353,1793,575,360,402,137
-341,-222,-59,1433,809,174,-126,-11
-341,-222,-59,1433,809,174,-126,-11
-341,-816,-2873,-317,-533,-258,-336,-389
-185,-282,-1193,-3077,-1361,-630,-126,-311
-29,1254,1613,-1631,-593,420,186,137
-1355,-162,-503,1115,101,-72,-126,-311
1295,-342,-2279,-1853,-65,108,504,287
983,366,-107,-503,-299,108,-126,59
359,426,479,257,401,174,294,209
119,66,83,77,47,48,84,209
-107,-162,-155,-95,-65,-6,84,-11
-185,-108,-107,-47,-5,48,186,-83
-341,-222,-599,-413,-479,-72,-444,-161
119,186,-59,-137,-5,-132,-18,59
-107,126,131,305,-5,-72,-18,-11
-107,-282,-59,-95,-5,-6,-18,-161
-107,-282,-59,-95,-5,-6,-18,-161
-29,-48,-155,-185,-65,108,84,-11
-107,6,377,257,161,48,-18,59
203,186,83,-275,161,48,84,209
-29,6,131,125,47,-6,-18,-11
-29,126,-305,-227,-65,48,84,59
-29,6,131,167,47,-6,84,59
-107,-48,-59,77,101,-72,84,-83
203,126,425,395,47,108,186,137
-29,66,-305,-137,-5,-72,-126,-161
-263,6,179,125,161,-6,-18,-83
203,6,329,77,101,108,-18,59
41,66,179,-47,-5,-6,84,-83
-29,6,-107,125,47,48,-234,-11
-29,-48,-11,-185,-65,-6,-18,-83
-107,186,83,35,-5,108,84,287
-29,-48,-107,-5,-125,-132,-126,59
-107,-108,-107,-95,-185,-72,-126,-83
-107,-48,-155,-185,-185,-72,-18,-11
281,246,-11,167,221,48,294,137
-29,-48,-59,-5,47,48,-18,137
-653,6,-107,-545,-239,-72,-336,-311
281,6,-107,-137,-125,-258,-654,-161
119,6,-653,-725,-125,-132,-654,-467
827,546,1517,935,455,174,294,209
-29,-48,-107,665,221,108,402,287
1217,780,1463,1661,929,480,504,287
-263,-282,-401,-1043,-653,-192,-336,59
437,780,773,575,809,546,720,593
671,186,-155,35,161,108,504,437
671,186,-155,35,161,108,504,437
-887,-522,1121,2609,-5,-258,-1716,-239
-2056,-1770,-3119,-2579,-1715,-936,-1398,-1151
203,1200,3539,1661,929,480,504,209
593,306,1121,1391,749,360,504,365
-185,546,233,-1493,-239,48,186,-83
-965,-582,-1985,-1631,47,360,822,893
-341,-1590,-3467,-4835,-299,606,1884,515
41,366,923,-275,-2009,-816,-126,-311
1373,1080,3047,2249,1283,294,-762,-995
905,1494,1763,1391,695,48,-654,59
-1199,-996,329,4643,281,-564,-1080,-995
1295,1554,-209,-1721,1049,852,1356,1049
-1355,-522,1661,1973,101,-564,-870,-539
-497,-1830,-3761,-3119,-1007,-258,-126,-83
-497,-402,-2969,-773,-947,-690,-654,-467
1061,1614,2303,2741,1871,792,822,821
1529,2208,2255,-4067,-419,666,1248,1199
1529,2208,2255,-4067,-419,666,1248,1199
-1043,-2784,-4553,-4247,-1481,-132,-18,-239
-107,-162,281,-3209,-239,-72,-234,-311
-887,-3198,-2969,533,-1775,-1621,-2676,-1756
-419,-1116,-2525,347,-2009,-1681,-2250,-2518
-2134,-4326,-2429,-1943,-1007,-504,-552,-539
-3303,-1770,677,713,-653,-258,-336,-995
1529,780,-1739,-2309,1343,978,720,1348
671,900,923,257,2284,1165,822,515
1529,1494,2057,1883,455,546,402,593
-2602,1080,4727,2609,1223,732,1140,515
-2602,1080,4727,2609,1223,732,1140,515
1061,1254,1763,1931,2986,1471,1464,821
515,-282,-701,-1175,-593,-564,-126,137
983,-876,-1739,-1541,635,792,612,743
281,-522,-59,533,929,546,294,437
-29,-48,-155,125,101,48,-126,-161
-185,66,-11,-227,-65,-6,-18,-83
-29,-48,-11,125,-65,-6,84,-11
119,126,-209,-5,-185,-72,-234,-83
-29,126,233,167,101,108,84,-11
-29,6,-59,-455,-185,-132,-234,-83
-107,6,-305,-47,221,108,294,59
119,186,233,215,-125,-72,-18,59
-29,66,-155,-95,-5,48,-18,-83
-29,186,83,-95,-5,48,186,137
-29,-48,-59,77,-125,-72,-18,-83
-185,-108,-11,-47,-5,48,-18,59
119,126,83,257,101,-6,-126,-11
-29,6,-11,-95,-239,-192,-234,-11
-29,126,179,77,-65,48,84,137
-29,126,179,77,-65,48,84,137
119,126,233,35,-5,48,84,-11
119,126,-155,-95,-65,108,84,59
-107,-48,-59,-185,-125,-72,-336,-239
-29,-48,-107,-5,-5,-6,84,-83
41,66,83,77,47,-72,-18,59
41,66,35,-5,161,48,-18,-11
-29,6,-59,-47,-65,-6,-126,137
-107,6,-107,-5,-125,-132,186,59
119,66,329,443,281,108,186,-11
-107,-48,-59,-95,-185,-6,-126,-83
281,66,-11,-5,-65,-6,186,-83
-29,-48,35,35,-65,48,186,-11
-29,6,179,257,-65,-132,-18,-11
-29,6,179,257,-65,-132,-18,-11
-341,-282,-209,77,-125,48,84,-11
-341,-282,-209,77,-125,48,84,-11
281,486,527,485,455,294,504,209
983,246,233,-227,-125,108,186,515
119,6,575,-905,-533,-630,-762,-239
41,-402,-653,305,-65,174,-18,137
1373,600,281,-47,455,480,822,515
-575,-108,131,-365,161,294,186,-239
-419,-816,-1739,1115,749,294,402,137
-341,900,1517,-2171,-299,-72,-444,-311
-887,-522,-1097,-1361,-653,-378,-336,515
-2056,-1710,-1295,-1493,-1775,-876,-1614,-2212
2464,1494,-551,-1451,1049,732,1464,1504
905,-162,575,1025,695,360,402,287
905,-162,575,1025,695,360,402,287
-419,-876,1661,1391,-239,-444,-654,-161
-185,900,1517,3197,401,108,294,59
-1355,720,2351,2021,-1181,-936,-972,-539
-1511,-702,-4205,-4025,-2362,-1002,-1080,-1073
1061,-876,-653,3785,1103,108,-444,-239
3088,1614,1067,-863,1691,1351,2100,2110
2932,246,83,-503,-653,-192,-336,209
-1822,-3138,-3419,-2441,47,-72,-654,-845
1918,-522,-209,-1943,-833,-816,-1614,-2362
1918,-522,-209,-1943,-833,-816,-1614,-2362
3088,3102,5021,4325,3166,1723,2202,2943
-4869,-3318,-4253,-3077,-3772,-2180,-3414,-2440
-185,-48,2159,77,-713,-690,-654,-2062
4341,126,479,533,2692,1843,2418,1882
-3303,66,2651,1883,2458,1537,1566,59
3795,1200,2801,935,401,48,294,1960
-2524,-1590,821,35,-479,-378,-972,-1223
-1666,-2604,-5345,-4025,-713,-258,-336,-617
-1666,900,821,443,455,294,-126,-1301
-731,246,-2579,845,-239,48,504,-161
-1355,660,1319,623,101,48,-234,515
1451,486,725,35,-479,-192,-1080,-389
281,66,575,893,401,234,612,-311
1607,546,-1787,-863,-125,48,720,1426
-2056,-1950,-4205,-4115,-2422,-1375,-2142,-1606
1295,-282,-107,845,1163,420,84,137
-185,126,131,-5,-299,-258,-552,-311
-419,6,-353,-5,-239,-318,-762,-995
281,246,281,305,575,420,612,287
119,-108,-353,-455,-185,-72,186,137
119,-108,-353,-455,-185,-72,186,137
-185,126,-11,-137,-65,-132,-126,-83
-29,66,377,305,455,108,-18,-83
41,-342,-107,77,221,108,504,137
41,-342,-107,77,221,108,504,137
-29,246,83,-95,-5,-6,402,287
281,246,479,167,221,108,-444,-389
-185,-108,281,167,-65,-6,186,-83
119,-108,-107,-227,-239,-72,-126,59
-107,6,-209,-5,-65,-6,186,59
41,-48,-59,35,-65,48,84,137
-29,-108,-455,-317,-299,-192,-18,59
-263,-222,-353,-275,-359,-258,-654,-467
41,126,131,257,281,108,612,209
119,6,131,305,161,234,504,137
41,-108,83,-47,161,108,84,-161
119,-108,-353,-227,-65,174,402,-11
-107,6,83,125,-239,-132,-234,-83
41,126,179,-5,221,108,294,209
-185,6,35,-47,-65,48,186,59
-497,-162,-401,-413,-125,-192,-552,-311
119,186,233,-5,101,234,504,365
-29,-48,83,-137,-125,-72,294,-11
-185,-108,-155,-137,-239,-72,-234,-161
41,66,-11,35,161,48,-18,-311
-107,-108,-155,-227,-65,-72,-444,-161
41,-108,-401,-365,101,174,504,287
-107,-48,83,167,101,-72,84,-11
-185,-222,-305,-95,-125,-6,-18,59
119,66,281,533,281,-6,294,-83
41,126,131,35,-65,48,-126,137
-653,-642,-1343,-2171,-1301,-504,-552,-617
119,126,479,-47,101,174,504,365
-107,-222,-1937,-995,-5,-192,-1932,-467
-185,-222,-1589,257,221,48,-18,-83
-29,186,425,-413,161,234,612,-11
437,366,1463,2381,929,480,720,365
-575,-702,-107,-317,47,-6,-126,-83
203,66,-599,-413,161,48,294,-161
-107,-222,1121,3647,1049,606,2202,665
1139,1554,233,-3707,575,852,612,821
671,186,-1193,1025,695,480,1038,593
41,900,3833,4643,1343,48,-126,-11
3088,3222,5117,1073,281,732,1248,1504
-497,246,-305,-3119,-1361,-750,-1188,-239
41,-762,2207,3965,1871,420,186,-161
-1511,-1176,-5147,-5063,-2596,-1063,-1290,-1151
2152,1674,4427,2429,1871,1285,1992,1049
3010,1674,2105,2651,2284,1285,1566,1732
-4167,-3018,-353,4007,-1535,-1561,-2460,-2134
1373,-702,-11,-995,-125,-192,-444,209
-341,-522,-503,-1043,-887,-504,-18,209
-1511,-1296,-1685,-365,-1361,-630,-444,-389
3717,1854,1217,-2351,1163,978,1356,1654
-1900,546,-59,-1043,-1007,-132,1248,1121
-887,246,2897,3419,-1181,-750,-18,59
359,-702,-353,-1043,635,294,-870,-311
359,-702,-353,-1043,635,294,-870,-311
41,-1296,-1043,1025,47,-72,84,-389
-1666,-1950,-1739,-137,-1241,-1249,-2034,-1151
-341,1554,3689,485,161,174,-18,-161
41,-162,-11,-137,-5,108,-18,-11
41,126,-155,-95,-239,48,-18,-11
-29,-48,-59,-95,221,-6,84,-11
-419,-108,-155,-137,-5,-132,-18,-83
281,6,329,305,221,234,294,137
-29,66,-257,-137,-65,-6,-126,59
-29,-48,35,77,101,48,186,59
-29,-48,-155,-317,-185,-72,-126,-83
119,186,179,167,101,-6,-18,-11
-263,-162,-257,-95,-239,-132,-126,-311
119,6,-11,35,47,-6,84,59
119,246,329,77,-65,-6,-18,209
-29,6,35,35,-5,48,84,59
41,66,-107,35,101,108,186,-83
281,126,377,305,161,108,186,209
41,186,377,125,101,48,84,-83
281,126,35,-137,-65,-72,84,-11
281,126,35,-137,-65,-72,84,-11
41,246,179,215,281,234,-18,137
41,246,179,215,281,234,-18,137
-29,66,233,215,47,48,-18,59
-107,6,-11,77,47,108,-18,-83
-185,-108,-305,-47,-65,-6,-18,-161
-185,-108,-305,-47,-65,-6,-18,-161
281,126,83,-47,47,-6,-18,59
41,126,329,305,47,-6,-18,59
-29,66,131,35,101,48,-18,59
119,186,527,215,161,108,84,-11
-29,306,233,-47,-5,48,186,59
-29,306,233,-47,-5,48,186,59
41,-402,-209,-275,-125,-72,84,137
41,-402,-209,-275,-125,-72,84,137
41,246,281,-275,281,108,-18,-11
-809,-1116,-1685,-1631,-1301,-750,-870,-617
-263,66,-1541,-2129,-65,-192,186,59
-887,-762,-2477,-2849,-1007,-378,-444,-389
1217,1200,2405,1883,1049,606,822,515
-1511,-642,-1391,713,221,234,402,-239
1762,306,1907,3785,575,174,186,665
-341,6,233,-815,-359,108,-18,-11
-341,6,233,-815,-359,108,-18,-11
-185,-108,1565,2519,-533,-564,-870,-467
3555,660,35,-1313,47,108,-126,665
-419,-108,-305,443,401,360,-18,-995
-29,186,-209,-95,-419,-258,-126,209
-2758,6,179,-725,-947,-504,-870,-1223
1061,-222,-1739,-1313,989,294,294,287
1061,-222,-1739,-1313,989,294,294,287
-341,1554,3887,5045,2692,792,504,209
-2056,366,971,1751,-653,-444,-552,-11
-5648,-642,-107,347,-299,-192,-972,-2668
905,-162,-1937,-1811,-239,360,1038,1277
2152,1794,1907,-725,1871,1597,2736,2260
-4946,-1890,527,-863,-2242,-1561,-2352,-2817
515,-1830,-1391,-1223,-1067,-750,-1506,-767
-2524,6,-1145,-2441,-359,-72,-870,-1450
-1121,-702,-3071,-3029,-533,174,294,821
-3465,-1056,-2327,35,-713,-504,-654,-1378
2230,246,1019,-1493,-5,294,720,1426
4653,780,-305,-1043,-773,-72,-336,743
1918,186,923,3827,281,-72,-18,-83
2932,-876,-1637,-1403,-359,-258,-234,1804
-5102,660,3785,215,221,108,-126,-1834
-5960,-4686,-4061,-1313,-1535,-1249,-1290,-1834
-497,1140,1763,1205,161,-72,-444,-389
3166,546,-851,533,281,174,-654,-617
3399,1080,1811,1973,1397,978,1356,821
359,186,-1739,935,515,174,-552,-311
5354,-876,-3317,-2531,-947,-630,-336,1277
1684,900,1019,-995,-479,-258,-234,971
-107,-282,35,-47,-239,-192,-234,-239
119,66,233,167,101,174,186,59
-185,6,-107,-47,-65,-6,-18,-161
203,186,281,305,47,-6,84,59
-107,-162,-353,-317,-479,-192,-126,-161
41,126,35,125,-5,-6,84,59
119,246,-11,-95,161,174,402,287
41,6,-11,-5,-5,-132,-336,-83
-29,-108,35,167,-65,48,-18,59
41,66,-59,-185,47,-6,84,-161
-341,-282,-11,77,-239,-192,-126,-83
119,6,83,167,161,108,294,59
-29,66,35,125,-5,108,-126,-11
359,66,35,35,101,-6,-126,59
-29,66,425,533,281,-72,-126,-83
-29,6,-59,-95,101,108,294,59
-29,6,-59,-95,101,108,294,59
119,246,83,-413,221,174,186,59
-185,6,35,-47,-125,-132,-234,-11
119,126,233,125,101,174,402,137
-29,-108,-305,-5,-125,-6,-126,59
-107,-48,179,257,-5,-72,-126,-161
41,66,35,-5,-185,-72,186,-83
203,6,-107,-5,-65,-132,-126,137
41,66,377,305,281,-72,-126,59
-419,-222,-257,-95,101,108,-18,-161
41,66,83,215,161,-6,294,59
119,66,35,347,-5,48,-234,-11
41,186,329,215,161,108,-18,-11
41,-162,-599,-503,-299,-192,-126,-83
359,366,281,-137,101,108,84,365
-29,6,131,-905,-185,-6,-18,-83
-29,66,131,77,-65,48,-126,59
119,186,131,623,281,108,84,59
-341,-462,-947,77,-299,-258,-444,-239
-185,-402,-701,-47,-185,-192,-126,-161
-341,366,725,395,341,234,294,209
671,660,575,623,515,666,822,365
-107,-402,-2627,-1493,-653,-132,-18,-11
359,306,1907,893,-5,-132,-234,59
41,426,2105,1433,341,108,-18,-83
-731,-702,-455,35,-1127,-630,-552,-389
-1433,-1590,-797,2021,-713,-876,-870,-845
-185,-582,-1295,-1853,-593,-192,-234,59
1762,1674,575,-1943,1931,1285,1566,1277
515,66,-995,-683,515,606,930,365
-341,66,2207,2021,1223,294,504,1199
-341,-996,-2183,1073,809,-192,-654,59
2464,1434,3635,3329,2398,1351,1356,1804
1139,1314,2255,-47,2638,2095,2202,1277
-107,-702,-2825,1751,-299,-504,-870,-617
2932,3042,2303,1883,2692,2029,2628,1882
-29,186,2303,2201,1163,174,84,59
281,1314,677,167,1517,1099,1674,893
-497,-402,-3515,-4025,-3184,-1681,-1614,-1301
1684,1494,2747,-185,1397,1038,1566,1576
-341,66,1415,3647,515,48,-444,-923
-1121,-876,1661,4367,-239,-750,-1080,-845
-3699,66,1019,-683,47,234,84,-389
-107,-48,1169,893,1691,732,612,515
905,-876,-3119,-1811,-2362,-936,-444,-83
281,-48,-1589,-1085,401,606,822,593
5822,-108,1859,1433,1049,606,504,1426
-809,-1950,-3071,-1991,-1481,-1249,-1188,-845
1061,1374,2501,-47,-5,48,294,287
119,126,233,77,-5,-6,84,-83
-29,-162,-59,125,-299,-192,-126,-161
-107,186,233,-5,-65,-132,-126,59
-107,-48,83,77,161,-6,-18,-83
-107,-48,-209,-47,-65,-72,-18,-11
119,66,35,125,161,294,402,287
-29,126,83,-47,47,48,-126,-11
41,-222,-305,-275,-65,48,-234,-239
-107,126,377,347,-185,-132,-18,-83
-107,126,377,347,-185,-132,-18,-83
-29,-162,-209,-137,-239,-132,-18,-11
41,126,-11,-185,-65,48,-18,59
-107,-222,-503,-317,-185,-132,-18,-161
-107,-222,-503,-317,-185,-132,-18,-161
-29,66,-11,-47,-185,108,-126,-11
-107,-108,-551,-317,-299,-72,-234,-83
203,126,179,77,161,108,-18,-83
-107,-162,83,215,-5,-192,-234,-11
41,6,83,167,221,-6,-18,59
281,66,35,167,101,108,84,137
-107,-48,83,35,-125,-258,-234,-239
437,-108,-155,-137,-65,-6,-18,-83
281,66,-11,77,47,-6,186,137
-263,6,131,-95,-5,48,186,-11
-185,66,-107,-5,47,48,-18,59
-29,-162,35,125,-65,48,-126,-239
-185,6,35,257,47,-132,-234,-11
41,126,233,167,1103,918,294,59
-29,6,-59,35,-125,-6,-126,-11
119,486,1661,1205,341,108,294,-11
119,306,575,623,101,108,186,59
-341,-162,-851,-1223,47,48,294,365
41,-162,233,257,-125,-72,84,-11
119,126,1121,1115,515,108,-18,137
437,720,1265,2339,695,108,-234,209
437,246,-305,-683,221,360,504,365
-185,-162,527,443,161,-72,-336,-311
1061,1200,1859,893,1811,852,1140,821
1061,1200,1859,893,1811,852,1140,821
-1043,-816,2105,-275,809,546,504,515
-1199,-1356,773,-227,-1829,-1435,-1614,-1450
1607,6,-2381,-413,401,480,720,515
1607,6,-2381,-413,401,480,720,515
-1043,186,1367,4553,-713,-750,-972,-695
515,126,1265,-683,869,108,-18,971
515,126,1265,-683,869,108,-18,971
-185,186,4727,3785,-479,-630,-336,-617
-29,780,179,395,341,-318,-972,-467
-1511,-996,-2135,-4385,47,174,-18,-539
359,-48,-2969,-4565,-419,48,-234,-311
1840,1854,2501,-1223,1163,852,1140,287
-887,-2724,-3467,-2849,-3658,-2306,-2676,-1450
1529,1554,5861,5093,1457,108,402,365
1529,1554,5861,5093,1457,108,402,365
119,66,-1835,-2081,575,546,720,1199
-29,-1236,-899,-2129,-2009,-816,-234,-83
-29,-1236,-899,-2129,-2009,-816,-234,-83
-2446,306,179,623,221,48,-336,-1073
-2056,-1710,677,755,47,-378,-654,-845
41,-402,377,-1853,341,360,-336,-83
749,486,527,257,869,546,930,665
-341,-162,-155,-185,-5,-132,-126,-83
-341,-162,-155,-185,-5,-132,-126,-83
-29,186,83,125,161,174,294,-11
203,126,83,-95,-125,-6,-234,137
-107,-108,-155,-95,-125,-6,-18,-11
-107,-108,-155,-95,-125,-6,-18,-11
-29,6,131,-5,47,-6,294,137
-29,66,131,77,-65,-132,-234,59
-29,126,-11,35,-65,108,84,-11
-29,186,83,-227,-65,-72,-18,59
-107,-222,-11,-137,-299,-258,-234,-239
-29,186,131,125,221,174,186,209
-185,-282,-455,-317,-5,-72,-234,-239
203,66,35,167,-5,174,186,59
-185,-48,-209,-275,-239,-72,-126,-11
-29,126,-59,-137,-65,48,294,-11
-107,246,281,167,161,-72,-18,137
41,6,83,167,401,48,186,-11
-107,-222,-503,-455,-299,-132,-18,-11
-29,6,131,-5,101,-72,-18,137
-263,-282,-551,-227,-125,-6,-234,-161
203,126,281,215,221,48,84,137
-29,66,233,77,-65,-6,84,-11
203,186,131,77,101,-6,-234,-83
203,186,131,77,101,-6,-234,-83
-107,-48,-257,-227,-125,-6,-126,-11
41,-108,-59,257,-299,-192,-126,59
41,-108,-59,257,-299,-192,-126,59
41,186,83,77,-5,-132,-234,-83
41,126,-59,-95,-65,108,84,59
-341,-282,-455,-47,-125,-6,-18,-11
-341,-282,-455,-47,-125,-6,-18,-11
119,6,329,485,161,48,-18,59
119,66,-11,533,401,108,84,59
119,66,-11,533,401,108,84,59
281,486,-11,-5,101,174,186,59
-419,-402,-851,-1085,-1007,-318,-336,-83
-341,-762,725,803,101,-72,-126,-239
41,246,233,1205,455,108,-18,137
-809,-996,-1835,-1403,-1241,-750,-972,-539
281,426,329,-1175,101,294,402,287
-185,66,-455,-635,-65,-6,-126,59
359,66,-209,-185,-653,-444,-336,-311
-107,426,923,1883,749,546,294,209
-1121,-936,-797,-503,-653,-564,-1188,-695
-1121,126,131,-227,1049,294,-126,-389
-1043,-402,-3809,-5741,-1949,-750,-762,-11
-3381,-462,1367,935,-125,-876,-3522,-2212
-3777,-1950,-1295,-1271,-1421,-1993,-4902,-2973
1762,546,1907,2651,221,-258,-2886,-617
827,-402,-1043,-1541,-1595,-2492,-8725,-4034
1451,366,1265,215,-125,666,3264,1654
2932,-996,-4157,-4067,-1181,-876,-3312,59
-8772,-3612,-2429,395,-2009,-444,1884,-1606
1840,1314,623,485,749,2402,9955,5300
2074,-582,-947,1433,-1067,1225,11653,3021
-965,-282,2699,2381,-653,-816,-1824,-467
2854,1374,179,-1271,-479,-444,-1716,-1223
-1589,-2364,-2825,125,-3010,-2366,-3948,-1606
119,126,1217,893,869,360,-234,-161
3010,-282,1415,4415,1457,918,4008,2566
3010,-282,1415,4415,1457,918,4008,2566
-4167,-3078,-3911,-4247,-2890,-1495,-2460,-1378
-1121,1674,2651,443,2812,1969,504,-923
-2524,-1176,-3221,-3569,-1829,-1249,-2886,-2134
-341,6,-995,-635,161,174,612,515
-29,-342,-701,-683,-125,48,-234,287
-497,-342,-551,-185,-359,-378,-972,-539
-29,-162,-305,-317,-185,-132,-552,-467
-185,-108,329,803,221,48,-444,-311
359,246,377,305,161,48,-126,209
-29,66,35,-47,-65,174,720,287
-29,126,179,77,-125,-72,-18,59
-263,-282,-353,-317,-239,-318,-234,-311
41,66,131,35,-125,-132,504,209
119,66,-11,125,221,174,822,-11
-107,-282,-155,-5,-185,-132,-870,-83
41,186,-11,-47,161,48,-444,209
-107,126,35,-227,-5,-6,294,-83
203,366,329,-5,47,420,1884,437
-185,126,179,77,221,48,-444,-239
-107,-222,-155,125,-185,-132,-234,-239
41,66,-11,35,101,-72,-654,-83
119,126,35,-5,-125,-6,294,137
-185,-162,-353,-275,-65,-72,-234,-161
41,6,-305,-275,-185,-72,186,209
41,6,-305,-275,-185,-72,186,209
-29,-48,-11,-5,-5,48,720,59
41,66,-401,-317,-299,48,1038,365
41,66,-401,-317,-299,48,1038,365
-29,126,-59,-227,47,48,402,-83
-29,-162,35,77,221,234,-18,-11
119,126,131,305,455,234,186,137
41,246,425,485,101,48,402,437
-263,66,83,35,-65,-6,-1188,-617
203,6,-155,-227,47,108,-126,437
-107,6,179,167,-65,-192,-18,-11
119,66,-59,-47,-5,174,402,137
281,186,35,215,221,-6,-18,137
-107,6,-107,35,-359,-192,84,59
-185,6,-209,-137,-65,-6,402,209
-29,-48,-257,-275,-5,-6,-18,-11
-29,-48,-257,-275,-5,-6,-18,-11
-107,66,131,77,-125,-6,-336,-161
281,306,821,35,-5,48,84,-11
281,306,821,35,-5,48,84,-11
437,246,-107,167,515,420,504,365
-185,-108,-749,-1583,-125,-6,-126,-161
515,600,1907,1433,989,666,720,515
437,900,4577,3785,929,480,504,437
-29,6,1613,2249,-185,-132,-126,-83
-185,6,-59,-1673,-887,-378,-126,-239
-731,-1296,-3959,-2801,-533,-258,1038,-311
1139,780,1859,2879,695,1038,3054,1277
983,486,2303,3239,1517,918,1248,593
-1277,-342,281,-1313,-1127,-132,2100,-539
-3855,-5040,-6281,-5741,-4245,-2678,-3948,-3123
-3855,-5040,-6281,-5741,-4245,-2678,-3948,-3123
-341,246,-2135,35,-419,48,-1188,-239
2152,2028,3245,2519,2224,2156,6240,3099
2152,2028,3245,2519,2224,2156,6240,3099
-341,1080,2699,2561,1049,-132,-3732,-161
905,2802,2159,-593,2045,1225,504,893
1918,2742,1859,-2579,221,-564,-5118,-923
1529,2268,2501,2699,1871,1783,4644,1960
-965,-1950,-2969,-5243,-3124,-2180,-3312,-1984
2074,840,-2477,-137,1751,1843,4968,2260
983,-1296,-5489,-4613,-1241,792,3480,2416
-809,186,677,713,929,-72,-654,-1073
1918,1140,2255,125,1049,792,1884,1348
2542,1614,623,-1361,575,1099,2736,2338
2542,1614,623,-1361,575,1099,2736,2338
41,-1236,-3317,347,-125,-504,-2994,-2440
-1511,-1176,281,755,281,-132,-552,-467
-1744,-2664,-4451,-815,-1127,-630,-1080,-995
1139,960,1463,575,515,480,1566,1121
119,126,-401,-365,-185,-6,-336,-83
-29,-48,-11,215,101,174,504,365
119,66,131,-5,-185,-6,-234,-161
41,66,233,77,47,234,402,287
-107,-162,35,-5,-5,-72,-336,-11
-107,6,35,77,47,-132,-18,-239
281,186,281,305,455,294,612,-11
41,246,527,485,281,-6,186,287
41,186,-11,35,161,48,-126,59
41,186,-11,35,161,48,-126,59
119,6,35,305,101,174,186,-11
41,126,-11,77,221,108,84,137
-29,-108,-305,-95,-5,48,-126,-83
-185,66,35,35,47,-6,-234,-83
-107,-108,-401,-413,-239,-192,-126,-83
-29,-48,-209,-227,101,108,402,209
-107,6,-107,-185,-239,48,84,-11
-107,-48,-353,-185,-185,-192,186,-11
119,126,425,215,47,-6,-18,137
-29,66,131,257,101,108,84,-311
-29,126,281,257,341,234,84,137
-29,66,179,167,161,234,-126,-11
-263,-108,-209,-227,-5,-6,84,59
41,-162,-599,-95,-125,-132,-18,-83
41,-162,-599,-95,-125,-132,-18,-83
41,6,-59,35,-299,-192,186,137
-263,66,179,-5,281,108,-126,-311
-107,6,35,-95,-239,-6,186,59
119,6,-59,-95,-65,-72,-234,-11
41,-48,-11,-5,101,108,84,-161
41,126,35,-137,-125,-132,84,-11
41,6,-11,77,101,-6,-18,-11
-107,-162,-599,-185,-5,-6,-126,59
-263,-342,-653,-995,-593,-444,-654,-389
41,-48,-455,-455,-125,-6,84,-83
-185,-48,35,443,401,174,-18,209
119,66,281,-317,-185,-72,186,137
-653,-702,-1145,-1721,-713,-504,-552,-467
359,426,773,257,47,108,-18,287
-263,366,-1637,-953,-5,48,-18,-83
1139,1794,4277,3785,2164,1099,1356,893
-809,-876,-2279,-1541,-1421,-690,-972,-389
359,366,2897,3377,515,108,-18,-83
203,66,773,-47,101,174,186,209
671,1914,3443,3785,1049,360,294,287
-887,-1056,1907,2471,-1067,-1063,-1614,-995
41,-402,-3317,-4427,-1655,-72,402,365
1996,960,1859,3107,1283,420,186,209
1996,960,1859,3107,1283,420,186,209
1918,1314,131,257,341,480,294,743
-2524,-816,329,395,-65,-564,-762,1049
2854,2682,5171,4007,2284,1099,1992,1576
-3381,-642,1709,1931,-5,294,294,-1834
593,1080,2453,167,47,294,84,137
-341,-402,-2477,1481,-239,-378,-654,-83
-341,-402,-2477,1481,-239,-378,-654,-83
-3303,-702,623,-317,-887,-564,-1614,-1151
-965,-402,-851,-1631,221,174,-552,-1151
-965,-402,-851,-1631,221,174,-552,-1151
-419,-162,1613,755,-185,-258,822,665
-1589,1254,-1145,-2081,221,420,-18,-923
2230,546,329,-1901,-593,174,504,893
1295,-1356,-3221,-3389,-239,108,-126,1732
-497,780,2159,4097,1751,546,84,-617
-1900,-936,-209,-2669,-239,480,1038,-11
1918,-402,233,3965,-125,-750,-870,-11
3010,546,1067,-1403,455,480,720,1277
-1121,-1950,-2777,-3299,-1007,-132,-552,-11
-3381,-876,-305,2069,-713,-1002,-2352,-3201
2698,1914,2603,2021,1397,918,2202,2644
-29,6,35,77,281,48,-18,137
-497,-402,-551,-317,-239,-258,-972,-389
-497,-402,-551,-317,-239,-258,-972,-389
-29,-162,-401,-455,-65,48,-654,-83
-29,-162,-209,-47,-185,48,294,59
41,66,179,-5,-5,-72,186,137
41,126,-59,77,101,108,-18,-11
41,246,83,-5,-65,-6,-18,209
41,246,83,-5,-65,-6,-18,209
41,6,35,-185,-65,-6,186,59
41,6,35,-185,-65,-6,186,59
-29,186,-11,-137,-125,108,-234,-11
-263,-342,-353,-365,-533,-318,-234,-11
-263,-342,-353,-365,-533,-318,-234,-11
41,246,179,-5,101,108,294,-11
41,246,179,-5,101,108,294,-11
41,66,233,77,101,48,84,59
119,126,-11,167,101,234,84,287
-29,66,-107,-47,101,48,-126,-11
-107,126,-59,-47,101,-6,-18,59
119,6,131,125,-5,48,84,137
-107,6,-59,-5,-239,-192,-126,-11
359,126,131,257,575,420,294,137
-107,-48,-59,-95,-125,-72,186,-83
-263,-108,-257,-47,-5,48,-126,-11
41,6,-11,-137,47,-72,-336,-239
-107,-222,-107,77,47,-6,294,209
41,126,-11,167,47,-6,84,59
119,-48,-209,-275,-185,-72,-18,-11
-29,-108,-107,-5,161,48,84,137
-29,-108,-107,-5,161,48,84,137
-653,-108,35,35,47,-72,-18,-389
119,126,-59,-317,-5,48,294,287
-185,-162,-305,-95,-185,-72,402,-11
119,6,-305,-47,-125,-6,-18,59
41,66,83,395,-65,-258,-870,-239
41,186,-59,-47,161,174,186,-11
-185,66,281,-5,-185,-192,-336,-161
-497,-462,-599,803,-5,-72,-444,-311
-341,-522,-2279,-2531,-299,-132,-126,-161
-2056,-1710,-2135,-1853,-1829,-1375,-1716,-1151
-263,-222,35,-773,-359,-258,-336,-161
359,486,-749,167,1397,918,822,821
-419,-816,-2921,-4067,-2476,-750,504,-83
-1666,-1356,-1685,-1223,-1127,-876,-1290,-845
-1666,-1356,-1685,-1223,-1127,-876,-1290,-845
-29,1374,2207,-1853,-125,48,402,437
-809,-1470,971,4733,-359,-876,-1398,-845
1918,1254,1265,1661,1103,294,822,437
1607,1140,725,-47,2045,1285,612,743
-1744,-48,-1883,-1631,-1889,-1002,-1188,-1984
-1744,-48,-1883,-1631,-1889,-1002,-1188,-1984
515,900,5021,5771,1991,978,1248,743
-653,-3318,-3467,1343,-299,-630,-1290,-389
1529,6,2009,1433,161,234,612,1348
-2134,-402,-701,1025,-2716,-1747,-1506,-767
-1666,-1296,-1985,-4205,-1889,-1063,-2352,-1606
-1666,-1296,-1985,-4205,-1889,-1063,-2352,-1606
1607,1434,1415,485,1691,1165,1674,893
-29,-162,-11,-47,101,174,84,209
119,306,479,533,281,174,402,209
203,126,-107,77,221,234,720,437
119,426,623,845,341,174,504,209
-29,6,233,-47,-65,48,186,209
119,66,233,215,221,108,-18,137
281,66,131,-5,-299,-6,186,-83
41,-162,-353,-317,-5,48,84,59
-29,6,131,305,161,234,402,287
-185,-48,35,-5,-419,-192,-336,-83
41,186,179,167,-65,-6,-234,-83
-185,-222,-353,-275,-125,-72,-126,-161
203,246,329,305,455,234,186,137
-29,6,35,-95,-185,-132,-18,59
-263,-402,-701,-545,-239,-72,-18,-83
-263,-402,-701,-545,-239,-72,-18,-83
-185,126,35,-47,-185,-192,84,-161
119,126,281,257,101,48,-126,-11
-29,6,-59,-95,-185,-72,84,59
119,-48,131,125,101,-6,84,-11
-185,-162,-353,-413,-65,48,84,-83
-185,-162,-353,-413,-65,48,84,-83
41,66,83,35,341,234,186,209
119,246,377,305,-5,-6,84,-161
-29,246,83,-47,-65,-6,-18,-311
-29,246,83,-47,-65,-6,-18,-311
-29,6,-155,-185,47,108,294,-11
-185,-48,35,-5,-65,-6,-126,-161
-29,6,-155,125,101,48,-126,-11
-29,246,179,215,281,108,-234,-11
203,246,179,215,101,-6,186,-161
-107,6,131,77,-5,108,186,137
203,246,479,77,-5,48,-126,365
119,126,83,-413,-125,-72,186,-11
-263,246,377,755,341,174,186,-11
-2758,-1470,-1937,-1811,-1535,-936,-1188,-995
983,600,1709,2789,1163,480,720,287
281,-108,-155,-635,161,48,84,137
827,720,479,-635,221,360,402,437
359,186,131,-185,221,174,186,287
749,-162,-947,-47,-125,-132,-336,-83
-887,246,-551,-1043,-65,48,294,137
-29,-462,-1937,-683,-887,-504,-762,-311
119,426,1859,485,-239,-6,-126,-161
593,546,2057,2291,161,48,294,437
-263,900,3095,1253,575,108,186,-11
1139,546,875,1973,341,108,-18,-239
-2758,-4206,-3515,-953,-2536,-2240,-2994,-2212
1918,1020,1709,2969,2458,1471,1884,1121
119,126,-2231,-1133,1223,420,-18,209
-2056,-1650,-1787,-1583,341,-876,-2142,-923
-107,2148,5561,-185,2045,1537,1884,743
-1666,-2070,-701,575,-3124,-2120,-2352,-1378
-3070,-1770,-2825,-3755,-2716,-750,-234,-239
593,-876,-2525,-1361,-1421,-750,-1506,-923
905,2088,3095,-137,1691,1038,1992,1960
-185,-936,-899,2381,1163,108,-126,-83
41,840,425,-2849,-239,234,822,209
-497,-282,1319,1433,47,-318,-444,-239
-1043,1554,3833,893,1223,918,930,59
-1900,-222,-503,-1541,-1655,-1002,-1290,-83
359,-1530,-353,-1763,-3244,-1807,-2352,-1678
1840,246,575,1205,1343,666,930,1277
-1277,-222,329,2159,749,420,84,-311
2230,960,1517,2699,1163,420,504,821
1451,-108,-851,-1085,-1007,-318,-654,-311
-185,-48,-59,-227,-299,-72,402,287
203,-402,-257,-95,-533,-72,-18,-161
-575,-222,-551,-275,-359,-318,-444,-311
437,126,179,167,161,174,-18,-11
41,246,-107,-47,161,-6,294,137
203,186,35,-185,-299,-258,-234,59
-29,6,-59,-185,-299,-258,-126,59
-107,6,-59,-95,161,-258,-552,-239
119,-108,35,77,-125,108,84,137
41,6,83,77,47,108,84,209
203,186,131,305,575,234,84,-11
-107,126,-107,-95,-125,-132,84,-83
-185,-162,-305,-95,-299,-132,-1080,-311
-29,126,-11,-137,-125,-192,-234,-11
41,-162,-257,77,221,-6,-18,-83
-263,-162,281,347,47,-132,-234,-83
41,126,35,-5,161,-132,84,59
-29,-108,83,-47,-533,-192,-234,-239
-107,6,-59,-5,341,48,-336,-161
-107,-108,83,-47,-185,-132,-18,-83
-185,-162,-305,-275,-239,-318,-972,-311
-185,66,-11,77,695,174,186,-83
-29,-162,-401,-317,-185,-72,-126,-11
-185,-48,-209,-95,-299,-258,-336,-161
-107,6,35,77,-5,-6,-126,-161
-185,66,-155,-275,-359,-258,-762,-467
281,186,83,-5,401,108,-18,137
-653,66,179,167,-5,-72,-444,-239
41,6,-59,-5,-299,-72,84,-83
-29,-48,-305,-95,-125,-258,-126,-11
119,-162,-59,-365,-65,108,84,-11
-29,186,-11,77,-239,-72,84,-83
41,-48,-59,35,-65,-6,-336,-83
41,-108,-11,35,161,48,186,-83
-107,-48,-209,-95,-125,-72,-234,-11
-29,6,-749,-503,-125,-72,84,365
-29,-108,-599,-503,-185,48,186,59
-809,-876,-1241,-365,-653,-504,-654,-617
203,186,1121,983,281,234,504,287
119,366,821,575,749,294,-336,-161
41,126,35,-185,161,48,-18,287
-341,-222,971,575,-185,-258,-126,-239
41,426,-797,-455,281,174,-126,-83
2620,600,-257,-2309,-533,-72,-654,59
1762,246,131,1973,-239,-258,-18,-239
281,546,2501,2831,989,360,294,365
-731,-162,2057,1433,-125,-378,-336,-539
-1589,-876,-4157,-3845,-2362,-750,-1398,-239
1529,1554,2501,1073,2104,1285,1782,743
-3148,-2784,-2525,575,-3364,-2240,-1932,-2062
671,1200,3443,4187,1163,-72,186,365
437,306,3143,4367,2045,360,-234,-311
1061,-162,-1589,-3437,-65,108,402,515
-887,-222,-257,1025,-713,-444,-336,-239
-29,-402,-3365,-2261,-533,-192,-18,137
-653,-1236,-3419,-2759,-773,-132,84,-845
1451,-1056,-3959,-953,-1949,-936,-654,365
3399,2568,6059,5771,3226,1099,1140,893
-2134,-462,-305,-95,-1301,-936,-1614,-1223
-1666,-1176,-3317,-2309,-3184,-1375,-1080,-767
1451,546,1613,1253,2104,1351,1248,1277
1061,-1176,-2327,-3887,-2950,-936,-18,515
-575,366,725,-593,-239,-192,-870,-617
-1666,546,2303,3287,1103,360,-234,-1378
203,6,-353,1751,221,48,186,743
671,-762,-1295,-1403,-773,-378,84,-83
119,246,83,167,455,174,294,137
-107,-108,-353,-275,-185,-72,822,59
-29,66,83,77,341,174,402,59
119,6,35,-47,-65,-6,186,-11
-107,126,329,125,-65,-6,-336,-239
-29,66,-305,-95,-185,-6,-234,-83
119,-48,-11,-365,-125,-132,-444,-83
-107,-48,-209,-227,-239,-132,-336,-311
-107,66,179,-95,101,-258,-654,-239
-419,-222,-353,-137,-125,-6,84,-83
119,126,-107,35,-359,-72,186,59
119,66,-59,-185,-239,48,186,-239
-29,-48,-155,-185,-185,-72,186,59
41,-48,35,-95,-125,-192,-18,-11
41,6,-11,125,281,48,84,287
-497,6,-107,-227,101,-72,-234,-161
203,126,179,395,575,234,186,-11
203,186,233,77,281,234,-336,-11
-107,186,83,-47,-239,-72,-18,137
119,-48,-59,-95,-5,48,186,-311
281,66,83,257,515,108,720,287
-341,-222,-401,-413,-419,-132,84,-161
281,6,131,167,47,-132,-336,-11
-29,6,-155,-95,-125,108,186,-11
-29,-48,-59,-275,-185,-6,-336,-83
-107,66,35,215,47,-6,-126,-83
-419,-48,-107,-5,-65,-132,-234,59
119,6,83,-5,-65,108,-18,59
-185,-48,-155,-185,-125,-192,-234,-389
41,6,-599,-95,455,360,186,137
437,246,425,257,221,108,504,365
-263,-48,35,167,-239,-192,84,-83
-107,-108,-455,-413,-299,-192,-336,59
-263,-342,-1295,-1583,-773,-258,-336,-161
-965,546,2207,2201,809,480,-18,137
983,306,575,305,221,-6,186,209
119,6,-257,-1085,-185,-132,-444,-239
-419,-816,-2627,-2129,-1127,-564,-654,-539
-263,-522,-1043,-275,-5,108,612,209
-185,-342,-1391,-503,-947,-504,-444,-83
281,126,-1439,-1811,101,294,-18,137
1217,960,1859,2201,1163,546,612,365
-185,-936,-2429,-1583,47,174,294,287
1061,720,35,-95,-65,-72,-654,-11
1217,1554,233,3287,1103,606,1038,665
1217,1554,233,3287,1103,606,1038,665
-1589,-522,2801,1205,-5,-192,-870,-617
281,-48,-1097,-2897,1223,792,1038,365
1607,3336,3737,2927,2284,1471,1782,1277
1139,-1650,-3317,-3389,-2890,-1249,-1398,-467
1607,1914,5315,893,2458,1783,2844,2488
-3855,-3138,-2327,2927,-2716,-2366,-2352,-2062
827,-462,-1391,-635,-1595,-936,-1188,-389
827,660,-851,-773,1577,978,612,665
-653,-582,-1883,-2489,-533,-6,84,-239
-3855,306,2453,1115,2638,1657,1356,59
1061,486,971,845,47,-192,-972,-695
1996,1434,3095,2561,809,666,930,209
-2836,-1650,-797,-2261,-1889,-1309,-1188,-767
-1822,-1116,-107,893,515,108,-234,-389
119,-48,-209,-137,-185,-258,-762,-389
-107,186,83,167,-5,174,-18,-161
41,126,35,167,-5,48,-126,-11
-107,6,131,167,-65,-132,-552,-83
-29,-108,-59,35,401,108,-654,-11
41,186,35,-47,-125,108,-234,-161
-107,6,131,-5,-239,-192,-762,59
41,66,-107,-137,161,294,612,137
119,-108,-11,-137,-65,-6,612,593
41,6,83,35,47,48,-126,-11
119,66,329,167,-5,-72,-234,-83
41,-48,35,-47,-185,-72,-126,-239
-263,-48,35,77,161,48,-126,-389
-263,-162,131,-5,-479,-318,-552,-239
-263,-162,131,-5,-479,-318,-552,-239
-107,-108,-59,167,161,-132,-234,-239
-107,66,-305,-47,-239,-6,84,287
41,186,131,257,695,174,294,59
41,186,83,35,401,234,294,-11
-107,-162,-455,-413,-359,-132,-126,-83
41,186,281,77,575,294,186,209
-107,-48,-257,-95,161,48,-18,-161
-29,66,-11,-47,101,108,294,137
281,306,281,125,101,48,84,209
-107,66,83,125,47,-6,-18,209
-263,-48,-257,-413,-125,-132,-552,-239
-107,6,83,-5,-359,-192,-552,-311
41,66,35,125,-185,-6,84,137
119,-48,-155,-95,-239,-132,-18,137
41,-48,-59,-275,-359,-132,-234,-11
41,66,-11,125,-5,-132,-234,-161
671,366,575,845,281,174,-18,-161
-185,-108,83,-683,-419,-318,-18,-311
119,246,281,395,341,294,402,-83
-107,-162,-305,77,341,174,402,437
203,126,131,-455,-359,-72,-126,-467
-29,66,-59,-455,-5,-6,-336,59
-29,-108,233,485,47,-6,84,59
-185,-162,-701,-683,-359,-258,-444,-311
-497,66,1019,983,101,-6,-126,209
-185,-222,-1589,-1991,-533,-258,-234,-83
119,-48,1415,623,515,546,822,365
593,660,1463,2159,1397,606,720,437
-185,-282,-797,-1853,-947,-132,504,137
515,1020,1067,845,1283,732,294,209
-497,-402,-107,-503,-1481,-630,-552,-239
1918,2208,3887,35,2045,1411,1782,1426
1684,1674,923,1883,2458,1597,1674,1199
-2212,-2958,-4451,-2081,-2716,-1747,-2352,-1834
-1121,-1176,623,5273,-125,-936,-1398,-845
-653,-936,-155,-863,-299,-258,-336,-239
-731,-936,-3419,-5153,-3070,-1249,-972,-695
-2134,-2130,-3563,-2489,-2890,-1621,-1716,-1450
41,186,-599,665,-359,-72,-126,-83
-1043,-3018,-1739,-635,-1889,-1375,-2034,-1151
-1744,-1650,-2231,-3257,-1715,-1189,-1614,-767
-185,1434,1811,1523,1397,546,294,-11
-419,-996,-5093,-3845,-1067,234,84,-161
1762,2148,2849,3917,3046,1351,1992,1277
-887,186,773,-1901,-1007,-630,-762,-389
1451,2508,1811,845,1811,1165,1140,971
905,-1176,-3911,-3659,-2128,-750,-654,-311
-809,-108,2747,2201,-5,-378,-336,-83
1139,1374,-455,1025,1223,1225,1884,1049
1684,1080,-155,-1583,341,294,1464,665
-2602,-402,2801,125,-239,-378,-870,-1151
-2680,-2664,-1391,443,-2009,-1681,-2886,-2212
-29,-816,-2969,-1901,-2068,-1063,-972,-161
119,-402,-155,-5,-65,-132,-336,-11
41,66,-257,-95,281,108,-552,287
437,306,179,-5,-5,48,186,-239
281,6,-209,-227,-5,-72,84,-83
359,246,-11,-185,-185,48,504,515
41,126,623,575,101,-258,-336,-161
-341,-162,-257,77,47,294,822,-83
-29,-108,-455,-455,-419,-258,-972,-11
437,546,1121,305,281,546,1140,437
41,6,-11,-47,-125,-132,504,-83
-29,-108,-353,-185,-125,-6,84,-11
-29,186,35,-47,-239,48,294,209
41,-48,-209,167,455,234,822,365
-185,6,-209,-137,-185,-132,-336,-11
203,66,131,-137,-239,-72,-126,-239
-185,66,35,-47,-359,-378,-336,-389
-107,306,377,-95,-773,-318,-336,-11
-107,306,377,-95,-773,-318,-336,-11
-185,-108,-155,-137,-125,-132,-336,-239
-107,6,-107,-5,-185,48,84,59
203,186,677,215,-65,174,84,59
119,126,179,-5,-5,48,-126,-11
41,-108,-947,-365,-5,48,-234,-161
-29,-48,-209,77,281,108,-18,59
-185,66,83,125,-125,-192,-126,-83
119,-48,-107,35,161,174,612,209
-29,6,-59,-185,-359,-258,-18,-11
-185,-222,35,-95,-239,-192,-336,-311
41,66,131,167,635,360,294,-11
-29,126,-11,-95,221,-132,186,-83
-887,-108,-11,35,-239,-6,-18,-311
41,-48,-257,-95,-65,-72,-552,59
437,6,131,77,47,108,504,365
-263,-108,-503,-905,-125,-72,84,-239
359,366,575,845,455,174,294,59
-107,6,83,257,47,48,186,-83
-107,6,83,257,47,48,186,-83
359,660,1319,893,809,420,402,209
203,126,-257,443,-65,108,186,137
359,246,527,485,221,48,186,287
203,246,-305,-137,-5,108,186,59
359,306,677,215,281,294,186,437
359,546,1463,1571,989,606,612,515
1061,1140,3047,4007,809,294,1566,821
-341,-222,-1787,-725,341,48,-762,-389
-185,-816,-2579,-953,161,360,1038,593
2464,2682,1859,2381,3634,2216,2628,1576
-1043,-582,-701,-365,-1595,-1309,-1290,-845
-1666,-1650,-3365,-1943,-2950,-1681,-2250,-1378
-1666,-1650,-3365,-1943,-2950,-1681,-2250,-1378
-653,-702,1217,2831,-773,-630,-1506,-695
2620,3276,5513,2927,3340,1843,2100,1348
-965,-282,131,-185,-1715,-1063,-972,-467
119,126,-107,-1721,47,-258,-552,-161
1295,1494,971,-1043,809,666,612,893
41,840,2603,3695,1397,234,-336,-161
2074,366,-1937,-1403,575,606,822,893
671,1794,2897,1661,2812,1537,1884,893
-1666,-1710,-653,-2669,-4773,-2798,-3312,-1834
1840,1374,2501,3785,2932,1723,1782,1121
-497,-48,623,-455,575,546,1038,59
-107,900,2057,2021,695,-192,-654,-467
-497,-1236,-4109,-3569,-2476,-1123,-1080,-617
-419,-1590,677,2969,-593,-750,-1188,-161
119,600,131,-2621,221,420,294,437
-107,126,35,305,-185,-258,-444,-239
-29,186,179,77,101,108,402,59
119,66,179,125,221,234,612,209
-29,-48,35,215,-125,-6,-444,-161
119,66,35,-5,-185,-72,-552,-311
-185,-222,-209,-47,101,-72,-336,-11
-185,-222,-209,-47,101,-72,-336,-11
-185,66,-209,347,695,294,294,-83
119,186,527,305,101,174,720,287
203,6,-155,-317,-185,-72,-552,-83
-263,66,-11,-227,-5,108,186,-11
-29,6,131,-47,47,-6,84,137
-29,-48,-155,-47,341,108,-126,59
-107,-48,-155,-5,-239,-72,-444,59
-29,66,-59,-227,-593,-318,-126,-11
-107,-162,-257,-95,-125,-72,-234,-161
41,-48,-155,257,455,108,84,209
41,-108,-155,-227,-239,-132,-18,59
41,66,131,77,101,-132,-126,137
-341,-108,-455,-275,-299,-192,-126,-239
41,-108,83,77,-65,-72,-126,-11
-107,6,-107,-95,-185,-132,-126,-161
-29,186,131,-47,221,174,186,-11
119,6,233,125,47,48,-18,137
41,6,-209,-95,47,48,-18,137
-107,-48,131,77,-125,-6,-18,59
41,6,-107,77,47,-6,186,59
-263,-108,-11,-5,47,174,186,59
-29,186,179,-47,-5,-6,-18,-11
-809,-282,-107,347,-5,48,294,59
905,186,377,347,341,108,402,137
119,6,-107,-137,101,-6,84,-11
-185,66,83,77,-5,-72,-18,-83
119,-108,-59,35,-5,-6,-234,59
-29,66,575,305,-239,48,-126,59
359,366,677,257,401,234,294,137
-263,-342,-599,623,-479,-504,-444,-239
119,306,923,755,341,48,-18,59
203,66,-257,-317,281,48,-18,-83
749,780,1961,3647,1517,852,1140,971
-653,-816,-3665,-4247,-533,48,-234,-389
1061,1254,233,-1133,1163,852,822,665
-263,-48,1367,-455,-419,-6,822,365
-1121,-702,-3221,-2849,-1595,-1495,-6499,-2518
-731,-996,-305,2069,-1595,-816,-126,-311
-731,-996,-305,2069,-1595,-816,-126,-311
827,186,329,2159,1397,1723,5706,2188
1762,-522,575,-1175,161,360,-1290,-539
1373,1374,-11,-2081,1223,360,-2778,515
2308,126,-1097,-905,929,1099,1782,1348
-4089,-996,-1295,3059,-299,-1621,-3096,-2362
4107,1080,971,845,1577,2342,7939,3705
5042,2208,2159,2879,1457,2029,9109,4922
-4791,-2604,-2579,-1943,-3070,-2612,-7135,-3351
-2992,-1950,-4109,-5333,-2596,-1309,-1290,-1450
-1666,-1056,1265,1703,-593,-2053,-5646,-2895
359,-582,-3071,-3029,-653,48,-972,-617
-887,-462,233,1751,-125,-6,2100,-467
-107,660,1709,845,575,918,1464,365
-1900,126,1517,2069,281,294,1992,1882
1762,1734,2255,-365,2284,2095,4116,2338
-887,-816,-2033,-2309,-1301,-876,-552,-923
203,1794,2303,1931,635,420,504,-83
119,66,83,125,161,360,822,365
41,6,-11,-47,-125,-6,-126,-11
-29,-48,131,-5,341,108,-18,137
119,186,281,257,-5,-72,84,137
-341,-462,-797,-455,-419,-258,-336,-239
41,66,329,347,401,174,84,137
203,126,83,35,101,48,294,-11
119,126,-11,35,47,-6,-18,209
-185,-108,-107,-95,-125,-132,-234,-161
119,66,83,167,341,174,294,59
119,126,179,167,47,108,-18,59
203,66,35,167,101,108,-18,59
-185,126,83,-137,161,108,84,137
-185,126,83,-137,161,108,84,137
119,66,35,-47,-5,48,-126,-83
-263,-162,-209,-137,-239,-132,-234,-161
-107,-162,-59,35,-125,108,-18,-11
-185,-282,-599,-275,-653,-258,-234,-161
41,186,179,-5,161,-6,186,-11
119,66,83,257,221,294,186,-83
-107,66,35,-227,-125,-132,-126,-83
41,-48,-107,35,101,-72,-18,137
-29,66,35,-5,-239,-132,84,137
-107,-108,35,395,101,-6,-18,-11
119,126,35,-185,-65,-72,-126,59
41,66,35,-47,101,234,186,-11
-29,6,-59,-47,-65,-132,84,-83
-107,126,-11,-95,101,48,-18,-11
-107,126,-11,-95,101,48,-18,-11
-263,6,-155,-275,-125,-6,-18,59
119,-48,-155,-365,-359,-258,84,-83
203,126,35,35,-5,-6,-18,209
203,126,35,35,-5,-6,-18,209
203,6,131,-47,101,-6,84,-11
203,6,131,-47,101,-6,84,-11
-29,6,-59,-137,-125,-6,-18,59
-731,-702,-2183,-1361,-1007,-504,-762,-539
-1043,-996,-1097,-1403,-887,-630,-972,-695
671,366,-401,-47,1457,852,612,515
1139,1314,2453,1391,1811,732,1140,665
-809,-342,1319,3059,47,108,1884,137
-107,-816,-1541,-1085,-713,-6,-336,-11
-263,-222,-305,3599,1103,108,-444,-239
827,1200,1367,-773,1577,1285,2202,1121
515,960,1019,575,809,546,504,665
281,6,-599,-3887,-1421,-690,-972,-389
-575,-936,-1937,-275,1103,732,1038,137
1451,1794,3887,4235,1397,732,1140,821
-809,-816,-4601,-5741,-4185,-1867,-2352,-1151
1918,1494,1121,1343,281,-258,-444,665
-1666,-1590,-1637,-2261,-2476,-1375,-1614,-1223
-29,780,-209,2201,809,174,-126,137
-29,-762,-797,443,1457,732,1248,437
2152,2088,1169,-137,4341,2900,3372,2032
-4479,-3912,-2579,-2399,-5127,-3417,-4374,-2668
593,1254,2057,-2399,1049,732,720,665
-419,126,-1343,-1223,-773,174,930,593
1139,1794,-2135,-1451,695,792,1356,1504
-29,840,-1391,-1991,809,546,294,515
-1666,66,-503,125,989,546,186,-1378
2542,486,623,-1175,695,420,402,137
-653,-762,233,2249,-1181,-1123,-1398,-995
-1199,366,1169,-3437,-947,-378,-870,-1151
119,66,-2675,-2129,869,852,1356,593
905,366,875,-365,1343,420,-18,365
359,6,83,35,101,48,402,137
-185,-48,-107,-5,-125,-132,-336,-311
119,6,-107,-95,-125,-72,402,209
119,66,-155,-137,-185,108,930,287
-107,66,-59,215,341,174,84,-11
-185,-108,83,35,101,174,-336,-239
41,-48,131,-5,-5,-132,186,437
41,66,179,-47,-185,48,186,209
41,66,179,-47,-185,48,186,209
203,66,83,-5,47,48,-336,-239
203,-48,179,-5,-5,174,402,209
-107,-48,-59,-5,-185,48,-336,-83
-107,-48,-59,-5,-185,48,-336,-83
41,-108,-11,257,989,546,504,59
281,66,179,125,-239,-132,-18,59
281,66,179,125,-239,-132,-18,59
41,126,35,-47,-359,-132,84,137
41,126,35,-47,-359,-132,84,137
119,126,131,167,401,48,-126,-161
119,126,179,347,515,234,-18,-161
119,6,35,-137,-125,-132,84,-83
41,6,83,125,341,234,84,59
-185,-162,-209,-413,-5,-72,-126,-11
-29,66,-59,-317,-359,-72,84,-11
-107,-48,-11,-47,-185,-72,186,59
-263,-108,-59,-137,-65,-132,-18,-83
-107,-48,-209,-137,-65,-72,-18,-161
-107,126,-155,-137,-125,-132,-234,-161
-185,-222,-11,77,47,-6,84,-11
119,6,131,77,101,108,186,59
-29,126,-11,77,47,-192,-336,-161
-29,6,-59,77,-185,-72,84,59
119,66,-155,-47,-5,108,186,137
41,-162,-209,77,101,-72,-18,59
