-4,-3,3,2,-2,-4,1,-1
-1,2,5,9,5,14,10,0
-1,-3,-12,-19,-7,-2,-3,-1
-1,-1,1,-2,-5,-7,-10,1
-1,-1,1,-2,-5,-7,-10,1
2,0,7,0,-1,0,6,1
2,0,7,0,-1,0,6,1
0,4,7,9,-2,-1,2,-2
0,1,-2,0,9,3,3,0
-2,-3,-4,2,-2,1,17,0
1,0,-1,-5,7,1,-17,-3
1,0,-1,-5,7,1,-17,-3
-1,1,2,-5,7,12,22,2
0,-1,-3,8,0,-9,-21,-2
-1,0,-7,0,-8,-4,-2,0
-2,0,4,-1,0,2,1,0
-2,0,6,-9,-3,8,25,3
0,-1,-5,-4,5,8,8,4
0,-1,-5,-4,5,8,8,4
-3,-2,10,7,3,-5,0,-1
4,-2,-6,-12,-4,-4,-4,1
-1,-3,-5,-7,-6,-9,-8,-2
0,-2,-2,5,4,5,4,1
0,-1,-4,-9,-10,-10,1,0
-5,-3,-1,2,-12,1,-5,-7
-3,-2,1,-6,-13,-6,11,-3
-1,-2,5,2,19,16,23,2
-1,-2,5,2,19,16,23,2
-4,-4,-4,-12,-27,-13,-10,-7
1,0,6,3,-10,-5,-6,1
1,2,0,10,23,16,0,4
-1,-3,-6,-3,-2,-5,-11,-5
0,-1,2,-1,-10,-14,-11,-2
2,5,-7,-13,3,-2,-5,5
2,5,-7,-13,3,-2,-5,5
-2,-5,-4,-9,-15,-18,-17,-4
0,-2,-9,0,2,7,12,-1
0,0,0,3,-4,0,-7,-2
0,0,-2,4,0,2,2,0
-5,-6,-3,-10,5,-2,-2,-4
-2,0,-5,6,17,6,1,-1
-1,0,3,5,-18,-8,0,0
-1,0,3,5,-18,-8,0,0
-6,0,0,-4,-7,3,6,-11
-2,1,1,7,57,20,-2,3
0,-11,4,27,14,-4,-16,-69
11,-33,-2,-16,-28,-11,4,36
-79,-17,-2,7,14,-6,-9,-36
38,62,-1,-7,-18,1,11,38
9,76,6,2,-13,-11,-28,-66
9,76,6,2,-13,-11,-28,-66
9,-3,2,-17,-24,-7,-8,37
12,-87,-11,-17,10,5,12,68
-48,19,-5,6,-7,-12,-51,-29
46,32,-20,-56,-1,1,22,28
46,32,-20,-56,-1,1,22,28
-24,41,22,39,8,5,-25,-55
-24,41,22,39,8,5,-25,-55
40,-10,-3,-5,-24,-14,9,24
24,19,-28,-86,18,31,0,21
15,24,30,6,-14,-6,25,-13
-8,-90,8,44,-8,26,112,35
-8,-90,8,44,-8,26,112,35
8,-7,27,84,17,-8,-36,-1
32,-8,-34,-15,12,13,41,58
32,-8,-34,-15,12,13,41,58
-102,-95,-4,27,-14,-14,-17,-88
-4,0,35,38,-8,-15,-11,-1
13,18,3,-5,15,33,82,21
-11,-7,-19,1,-10,-2,10,13
23,39,-13,-36,-17,-14,-13,-27
-20,-38,-15,-2,2,-13,-41,11
-20,-38,-15,-2,2,-13,-41,11
-12,-51,0,-22,-11,17,64,10
-30,-34,36,65,-17,-24,-38,-45
-59,-31,19,45,1,-8,-1,-76
1,3,6,64,5,-16,-48,45
49,-25,-1,-36,2,9,34,47
-35,-95,-32,-87,14,-1,-56,-20
18,31,27,5,-3,-1,12,19
0,2,-13,-42,-2,22,78,13
19,4,-2,-3,-7,-1,-1,40
-13,1,-8,-29,-7,-5,-17,-18
-13,1,-8,-29,-7,-5,-17,-18
8,22,0,-18,-13,-19,-28,-11
-19,-50,12,50,-5,-15,-49,-10
18,42,-10,10,16,4,-31,0
28,46,-8,-33,-1,6,61,42
28,46,-8,-33,-1,6,61,42
-15,-67,-4,6,-2,-3,-9,4
-27,-38,-16,-56,-1,-2,-39,-66
17,62,20,34,-12,1,34,7
17,20,-5,-44,-10,-5,-8,15
-10,0,-6,-8,-11,-3,-13,-21
-6,2,25,36,6,7,4,-3
-34,-103,-39,-33,-15,-12,-4,-7
35,56,11,21,18,22,18,13
-15,-61,9,51,-7,-10,-9,-10
22,34,7,-5,15,7,22,39
-15,-13,-30,-40,-16,-20,-56,-8
-7,17,-4,-19,-15,-14,5,-10
-7,17,-4,-19,-15,-14,5,-10
-26,-49,-8,-2,9,-10,-46,-42
22,-10,-12,48,21,16,23,34
22,62,-34,-41,6,4,-5,19
-6,4,26,23,-9,-15,-12,-5
-6,4,26,23,-9,-15,-12,-5
14,44,-7,-14,7,8,-10,3
-16,-10,0,-37,-19,-7,0,-23
11,12,1,-28,-15,-13,-33,-7
-5,6,5,-2,-12,-4,6,3
-6,-3,14,27,1,-5,-19,-10
-6,-3,14,27,1,-5,-19,-10
-22,-58,-5,5,6,3,-19,-9
-18,-58,-41,-51,-3,6,19,4
-4,-36,-6,-12,-5,-1,5,2
-4,-36,-6,-12,-5,-1,5,2
-4,-36,-6,-12,-5,-1,5,2
4,29,-2,-23,1,11,27,-7
-12,1,-7,-6,6,-7,-26,-8
2,0,-2,-1,1,2,-1,-1
2,0,-2,-1,1,2,-1,-1
0,0,2,0,-2,-3,-1,1
-2,-2,0,1,-3,-6,-6,-4
2,0,1,0,-1,5,4,2
-6,-4,-12,-8,-5,-9,-7,-6
-6,-4,-12,-8,-5,-9,-7,-6
1,4,3,2,-6,-1,-1,1
5,-1,-2,-2,-1,4,4,3
2,-5,-1,-4,-6,-10,-4,0
-1,-4,4,5,2,6,0,-3
-2,3,-3,-2,0,-2,-6,-5
-1,7,-3,-2,2,-2,-1,-1
-6,-15,-4,-2,-2,-2,1,-2
7,8,3,1,10,4,4,3
0,-1,-2,-2,-9,-4,-2,-1
1,6,0,2,4,1,-1,0
-2,0,-5,-2,0,-3,-1,-3
0,5,-2,-1,-1,4,-1,1
0,0,9,12,-2,-2,-1,-1
0,0,0,8,15,6,2,3
-1,-4,-1,-9,-4,-1,-1,0
3,1,-7,-2,8,3,-2,-3
-1,-6,-9,-14,-10,0,1,0
-2,2,0,-6,-5,4,-1,0
0,3,1,-8,-8,-4,-5,-3
0,3,1,-8,-8,-4,-5,-3
2,3,0,-2,-3,3,3,2
-5,-3,1,4,6,0,4,4
-2,-4,-1,-3,2,0,-3,-3
-2,-2,4,17,9,4,1,-1
-1,-2,-1,-17,-9,-5,-4,-1
-5,1,2,12,4,4,-7,-6
-3,-8,-23,-16,-4,-10,10,0
3,-1,-16,-44,-4,-5,-18,1
5,0,2,-14,-6,-39,-128,-1
-1,-7,-21,-49,-12,-2,0,-1
2,0,11,12,0,-8,-36,4
2,0,11,12,0,-8,-36,4
8,6,2,50,11,-8,-54,3
-26,-13,-4,20,-9,12,101,-8
-3,-14,-12,-6,-4,1,5,-10
-2,-4,-2,-16,-12,-11,1,-6
-14,-10,-35,-53,-22,-28,-63,-29
-2,-5,-3,-28,-12,-9,0,2
2,1,-16,-14,11,9,-8,-2
1,-1,-22,-24,-7,-5,-24,-9
-2,1,20,39,4,-8,-18,-8
-2,1,20,39,4,-8,-18,-8
5,-2,-2,-14,-8,-13,-43,10
1,2,12,37,20,1,-5,-1
-7,-10,-11,8,-9,0,18,-11
0,0,-5,-29,-6,-7,-1,-1
-10,-7,-8,-36,-22,-6,24,-9
-2,-5,-28,-47,-10,-9,-50,-4
1,1,-3,31,-1,0,10,0
-2,-2,-2,-31,-14,-11,-30,-6
1,2,3,-9,9,17,34,12
-2,-1,3,10,16,10,0,-3
-2,-4,-18,2,4,-5,-15,-2
-1,-2,-1,-10,-5,-5,-4,-3
-1,-1,4,29,8,-1,-4,-5
-1,2,6,-6,-9,-2,0,4
-3,-1,5,0,-7,-7,0,-1
2,3,17,33,7,7,19,1
-1,-3,-8,14,-2,0,6,2
-7,-3,1,-11,2,26,88,-7
2,0,-9,0,8,-8,-40,-3
3,3,-1,-42,-5,5,21,4
-3,-5,-11,-24,-10,-5,8,2
-2,1,-9,-13,2,-8,-27,-2
0,-4,2,16,-11,-7,-9,2
-4,0,2,-12,-2,6,-1,0
-2,0,8,25,3,-1,-4,-4
-1,-5,-7,7,1,-10,-20,-7
5,5,13,32,10,8,-11,2
-3,0,-4,-19,-9,-9,-5,-2
0,-3,-5,2,-1,3,4,0
0,-1,-2,22,-1,0,-9,-11
0,-2,-23,-13,5,0,-1,4
0,-2,-23,-13,5,0,-1,4
-5,-1,4,3,-4,-12,-51,-13
2,3,5,-13,15,10,14,9
-1,0,-12,2,1,-1,-13,2
-1,-2,-7,2,-11,-2,-3,-2
-5,-3,7,-5,-19,-8,24,-2
-5,-3,7,-5,-19,-8,24,-2
-1,0,-4,0,2,2,11,2
-3,-3,-15,-32,-3,2,15,-3
0,2,12,17,0,0,-5,-1
-2,-2,-2,-13,-7,-8,-15,-3
1,3,8,-5,-11,-6,-2,0
0,-2,4,15,2,-5,-25,-3
-3,-3,-1,-7,-8,-3,17,-1
-2,-1,-3,7,11,14,36,0
0,-1,-5,-7,13,0,-16,-3
2,3,7,9,4,13,11,3
-1,-2,-8,-22,-6,-4,1,-2
-1,-4,9,16,3,3,3,-1
2,1,-7,-10,3,6,36,8
-1,-1,0,4,-9,-13,-22,0
-3,-4,-17,-32,-12,3,28,1
-2,0,11,23,2,-3,-11,-2
3,1,8,21,3,0,-6,3
-3,-1,25,22,-4,1,-5,-7
-2,-2,2,14,-2,0,-5,-7
-5,-2,-16,-14,-9,-12,-29,-4
-7,-8,-22,-42,-9,-8,-3,-6
-7,-8,-22,-42,-9,-8,-3,-6
4,4,7,-2,16,7,0,1
5,1,-17,-27,-8,4,20,12
0,-1,6,16,-6,-5,-20,-1
-8,-7,-4,34,-1,-12,-18,-9
-8,-7,-4,34,-1,-12,-18,-9
-1,-1,1,-12,2,-1,20,3
2,4,8,3,-8,4,18,5
3,7,11,3,8,-9,-17,-2
1,-8,2,2,5,-5,-5,-1
-11,-4,-2,-24,-15,-6,-5,-3
11,0,-9,-2,-3,-1,-7,-4
3,-3,8,-6,-12,0,4,8
7,27,17,22,-3,4,31,25
-9,-7,-26,-7,1,0,-9,-14
-32,-8,9,7,-6,-12,-27,-32
-32,-8,9,7,-6,-12,-27,-32
-42,-99,-8,18,-2,0,-14,-21
33,41,-15,8,8,4,33,37
10,-5,-32,-78,-21,-14,-44,-14
1,98,21,49,-11,-23,-40,-34
-3,29,8,-20,18,15,18,74
35,-15,6,34,43,6,5,3
-7,48,30,9,-12,-6,-7,22
67,5,26,4,-12,25,121,103
-68,-122,-44,-101,-2,-5,-43,-37
32,-6,30,37,-2,-15,-19,15
-21,-49,-17,-23,8,7,25,18
-59,-19,-22,-24,-2,-2,-48,-128
-28,-59,7,46,2,-17,-63,-19
-25,15,-6,66,-4,-24,-67,-5
1,-19,3,-40,9,19,123,-13
-8,-25,-59,-64,10,8,-21,4
-8,-25,-59,-64,10,8,-21,4
39,-35,-7,17,0,12,62,54
79,96,-10,-34,-15,-5,25,81
-28,-32,9,49,-9,4,22,-37
1,-2,-2,-9,-13,-1,16,-12
36,89,19,-7,-6,3,53,8
-25,-105,-36,-65,-6,-7,10,87
-44,-111,24,27,1,-3,-40,-9
-11,-11,-17,18,25,3,-45,-51
-39,22,-14,-62,-13,-26,-56,-71
71,24,-35,-82,-29,21,92,84
71,24,-35,-82,-29,21,92,84
20,24,15,19,30,18,32,46
-48,-32,-24,-31,-38,-25,-44,-51
-75,-6,-27,-24,11,7,-8,-72
44,-48,42,56,32,33,91,75
2,-3,-8,-8,33,13,-24,-39
28,21,26,35,5,3,18,52
33,73,16,34,15,27,69,66
33,73,16,34,15,27,69,66
-2,9,-10,-73,-27,-23,-48,-18
26,42,25,63,-10,-12,-12,12
-11,-52,0,4,-12,-5,1,37
20,71,-9,-45,-7,16,39,-8
1,0,9,69,-4,-9,-30,-9
1,0,9,69,-4,-9,-30,-9
-12,11,-19,-49,-33,-19,-20,-38
-7,26,29,70,23,10,4,-6
-27,-18,-30,-37,1,0,-24,-36
-44,-63,-55,-71,-15,-18,-47,-26
-44,-63,-55,-71,-15,-18,-47,-26
19,15,27,33,11,9,16,32
-5,-12,10,11,3,9,1,-8
2,16,14,6,0,-4,-3,-17
-9,0,5,7,18,0,-2,-35
10,0,6,19,4,-1,-2,15
8,6,8,-6,10,12,22,24
8,0,-8,-6,-19,-6,15,17
0,6,-4,-13,-5,-7,-6,-5
-13,-5,11,3,-3,-3,-6,-15
-4,-5,5,-12,-11,-8,7,2
13,10,30,20,11,12,3,14
-1,-3,3,18,25,-11,4,-1
5,1,11,19,36,15,18,11
-4,-8,-47,-53,-18,-7,-11,-2
10,14,52,75,10,-1,-28,11
-4,-6,-17,-16,-10,-6,6,-1
-5,-9,-4,-21,-13,-8,1,-4
-5,-9,-4,-21,-13,-8,1,-4
-4,-11,-42,-62,-21,-17,-29,-6
-9,-19,-68,-83,-26,-7,2,-6
2,14,43,65,24,4,-5,-4
1,1,4,-1,10,-1,-6,2
3,6,-5,1,19,3,-12,5
0,-1,7,-8,-15,-4,16,1
0,3,23,10,-6,3,9,0
2,1,-8,-9,-9,5,44,9
1,-3,-1,9,13,16,43,8
-1,2,6,24,0,3,9,-4
0,2,-14,-61,2,0,-4,2
-1,0,14,5,23,4,-6,-3
0,-4,-29,-15,-17,-17,-29,-5
2,1,9,-11,-2,1,39,4
-3,-5,-15,-6,-7,-4,-27,-8
1,3,-5,9,-6,1,-6,1
0,1,19,14,6,7,24,1
0,1,19,14,6,7,24,1
-2,0,-13,-20,-5,-4,-3,-2
2,2,3,0,3,-1,-13,0
-6,-6,6,20,-12,-17,-27,-10
0,2,-9,-11,4,-4,-6,0
2,1,-2,0,4,-3,-19,1
0,-3,-2,-10,0,2,-10,-1
-2,-2,-14,4,0,-1,-11,-4
0,0,-6,-9,7,5,14,3
-2,-6,-12,-12,-6,1,17,2
-4,-1,6,-2,-5,-20,-38,-7
-4,-1,6,-2,-5,-20,-38,-7
1,2,2,0,10,-1,9,3
1,-3,-13,0,0,0,-8,1
3,12,49,21,16,13,4,0
2,0,-21,-19,8,9,3,7
0,-2,2,11,-5,-3,-21,-2
-1,-2,-12,2,1,0,5,1
0,-3,4,-6,-13,-3,10,-2
-6,-7,-14,-23,-10,1,12,-9
1,1,6,15,-1,-6,2,6
-3,1,25,4,-8,-11,-28,-6
-2,-4,-21,-19,-14,-3,33,0
-2,-4,-21,-19,-14,-3,33,0
-2,-1,-11,-10,-10,1,-10,2
2,-1,0,0,19,3,-4,-4
0,-1,-7,9,3,-3,10,3
-2,-2,10,36,-10,-19,-35,-7
2,-1,-29,-29,0,5,5,0
-1,-2,5,-3,-8,-6,-24,-6
-1,-2,5,-3,-8,-6,-24,-6
-4,-3,-6,3,-5,-12,-24,-5
0,0,-6,-7,-7,-10,-16,-2
-1,0,13,8,1,1,-6,2
3,-1,-9,-4,-6,-5,-3,0
3,-1,-9,-4,-6,-5,-3,0
1,-2,1,-17,-13,-2,-8,-3
1,-2,1,-17,-13,-2,-8,-3
-3,-4,-11,-35,-3,-4,-20,-6
2,3,14,-1,11,13,18,6
-3,-4,-9,0,-7,-9,-15,-6
-3,-4,-9,0,-7,-9,-15,-6
-1,-1,-10,-4,11,4,-3,2
-1,-1,-10,-4,11,4,-3,2
-5,-3,-16,1,2,0,2,-2
-2,1,2,0,7,7,-2,-1
-2,1,2,0,7,7,-2,-1
0,1,8,11,11,13,12,3
0,-1,-1,6,-2,0,-1,0
-3,-3,0,1,-13,-7,7,0
-3,-3,0,1,-13,-7,7,0
-5,-6,-15,-8,-5,-3,-5,-5
-3,-2,3,-22,-14,-16,-23,-7
0,-5,3,12,-3,3,12,2
2,2,8,11,8,8,32,7
1,2,4,5,-7,-5,-10,1
1,2,4,5,-7,-5,-10,1
0,0,2,-5,-3,3,7,1
-2,0,-3,1,8,0,-6,1
-1,0,0,15,3,0,1,-3
0,-1,5,9,-3,2,-10,-2
-2,-5,-5,-15,1,-7,-19,-3
1,2,0,-1,8,1,12,2
1,2,0,-1,8,1,12,2
-1,-5,-3,7,-7,-2,-4,0
-3,1,4,2,1,-2,-1,-1
1,0,-2,-1,-3,0,3,0
-4,-3,-4,-5,-5,-6,-1,-2
0,1,-10,-10,-9,2,17,0
-6,-3,-15,-34,-19,-8,2,-4
9,3,7,14,7,2,-10,0
33,-4,5,-1,2,2,2,1
-4,4,16,7,-3,-1,6,1
-7,-10,5,17,-8,-5,-6,-5
32,6,2,5,-1,1,9,41
26,8,-14,-24,9,10,-2,5
26,8,-14,-24,9,10,-2,5
23,-66,-4,16,8,7,22,9
100,127,33,-13,6,6,11,0
-33,0,-10,-30,13,1,-17,-51
-33,0,-10,-30,13,1,-17,-51
-25,-35,-33,11,-6,-21,-55,-36
2,29,3,-39,0,-2,-16,13
15,20,-29,-55,16,27,62,38
-14,20,8,8,-12,-10,7,12
1,83,-8,-54,-2,-4,-21,-47
-9,27,5,-37,7,-9,-62,-6
21,-44,2,-76,-1,7,-2,45
64,75,11,32,13,19,45,52
31,15,12,2,-6,21,105,52
61,75,19,4,-10,19,38,95
-12,-32,-31,-27,11,12,40,-19
11,-4,2,-23,-12,-6,-32,24
-27,-9,17,52,-12,-23,-52,-23
-33,-2,-34,7,-27,-24,-42,-43
-21,-18,-8,-34,-4,0,-15,-18
-22,-27,-26,-36,-10,-1,39,-50
21,-25,-5,-3,16,17,12,71
18,30,13,-47,-2,5,8,40
-7,-38,0,10,-11,-8,11,43
35,23,4,43,33,15,2,25
-12,37,11,41,5,-2,-37,-58
10,-9,13,-55,-14,0,29,6
-33,-7,14,69,19,2,-14,-38
8,13,-14,42,8,6,20,15
-1,-4,13,-7,-1,-12,-34,10
14,18,-3,-4,-7,-6,-13,16
-13,-26,-11,12,15,3,-10,-8
3,2,-5,-8,-12,-8,8,2
-7,0,-38,-74,-23,-15,-29,13
-8,-14,-10,7,8,12,3,-4
19,-4,14,21,5,5,18,43
-3,3,-9,-25,-7,-7,-13,-47
-24,10,-5,-11,-29,-13,-5,-32
13,22,-3,-5,6,7,12,27
-2,13,-5,-21,1,-2,-4,-1
-25,-56,-25,-4,-11,-11,-7,-7
-5,-19,-5,-15,6,-5,-26,1
7,12,4,-4,16,10,-1,7
1,17,7,-12,8,9,0,2
-3,-17,-3,11,-1,-1,-1,2
-6,-11,-18,-33,-18,8,71,2
8,4,17,40,16,7,-28,10
3,1,10,5,10,1,-9,3
3,7,27,13,-5,13,26,4
0,-2,-5,-24,-1,-8,-36,-2
-2,-5,-7,4,3,19,50,9
-1,1,27,38,1,-13,-43,-3
-1,-5,-26,-12,-10,8,49,14
1,0,-18,-22,-4,-4,-9,-2
-4,-6,-6,8,2,13,55,10
-8,-9,23,-14,-11,-6,-18,-8
-8,-9,23,-14,-11,-6,-18,-8
2,-2,6,-2,-13,-11,-29,-3
-1,-7,-56,-14,-3,12,50,5
0,2,17,-3,-5,-3,14,0
-10,-7,-3,2,-14,-18,-10,-10
-10,-12,-15,-1,0,0,2,-8
4,3,-9,-44,-9,-1,7,7
-3,2,21,26,-4,0,4,-16
-3,2,21,26,-4,0,4,-16
1,-1,-19,-11,-1,-3,8,2
-5,-3,21,42,-17,6,36,-1
1,4,0,-2,6,3,18,3
3,2,14,11,-2,-6,-35,0
-2,-4,1,-15,-3,-8,-22,-7
0,-1,1,4,5,-10,-21,-2
-1,0,7,5,-7,6,28,-1
0,-1,-13,12,-1,8,6,0
0,-1,-13,12,-1,8,6,0
-3,-5,-36,-32,-6,-5,-11,-1
-3,3,12,14,5,-4,1,-3
-3,-6,-18,-42,-4,-6,-14,-7
-3,-1,-6,-25,1,20,55,1
2,0,11,28,1,-16,-66,-2
4,4,1,5,0,-9,-20,4
-8,-7,-9,-22,-4,-10,2,-9
0,-3,-1,28,17,18,25,2
-3,-3,-12,12,-13,-5,32,3
0,5,30,48,13,20,55,4
0,1,-3,-15,-5,-16,-34,-3
1,2,4,-11,-1,-5,-22,-1
1,2,4,-11,-1,-5,-22,-1
-5,-6,-12,-12,-2,-9,-29,-6
-3,-6,-5,-8,-3,5,14,1
1,-1,8,6,4,1,10,7
-1,1,-20,-29,-9,-3,-6,0
-1,-2,8,25,12,9,9,1
-4,-5,-16,-40,-21,-24,-24,-11
-4,-5,-16,-40,-21,-24,-24,-11
-3,-3,-15,-57,-12,-4,10,-5
-2,2,4,2,-5,2,1,2
0,-1,3,28,9,-2,-27,-4
-2,-2,-3,4,4,-5,-20,-5
0,-1,13,16,5,1,0,0
0,-1,13,16,5,1,0,0
1,-2,-5,-9,4,-1,16,6
1,0,-12,-19,2,7,19,8
0,-2,0,-4,-10,-7,-10,-1
-6,-5,-20,-28,-9,2,3,0
1,0,-9,4,-4,-8,-14,-1
0,3,0,-11,-1,-4,-6,-1
2,2,3,-12,-2,-2,4,4
-1,0,-9,5,-9,-11,-7,-2
-2,-1,6,3,-3,-3,-9,-3
3,0,10,21,3,4,1,5
1,4,12,-6,-11,-4,-15,-3
-2,-1,-4,12,4,0,7,-1
1,3,-7,-14,8,3,9,5
1,0,-6,2,6,7,-7,-2
-7,-10,-30,-24,-1,6,32,2
2,2,14,6,10,6,-17,0
2,2,14,6,10,6,-17,0
-1,-1,-8,-13,4,-2,2,2
-2,-2,10,1,-11,-6,36,6
-1,-1,3,-8,-14,-8,3,0
-1,-1,12,10,-1,3,2,-2
0,1,6,1,1,-1,-22,-3
-3,-3,4,-15,-4,-2,1,-5
1,0,20,7,3,-1,-2,-1
-2,-2,-9,-34,-9,-11,-5,-5
-2,-6,-16,-7,-3,0,-5,-2
-1,-1,-20,-58,-8,-7,5,0
1,1,-2,22,-2,8,11,-2
1,1,7,3,1,7,19,1
-1,-5,3,8,-2,-5,-11,-1
-2,-3,4,-3,1,-1,6,-2
1,3,8,-1,5,6,11,3
-1,-1,1,19,-6,2,36,1
0,-1,1,3,15,15,14,3
-3,-5,-4,-2,-9,-8,-18,-3
-3,-1,-9,-12,-9,-4,-10,0
-1,0,11,10,11,2,-6,-2
4,1,-10,-7,5,5,-6,-3
-7,-2,1,10,23,10,-3,-2
30,11,11,24,3,-2,-4,4
-5,2,1,-3,-9,-10,-8,1
29,16,5,-17,44,17,8,9
29,16,5,-17,44,17,8,9
14,13,8,13,-14,-2,0,6
0,-10,-11,-1,-9,-12,-34,-5
-9,-4,-4,-10,5,8,30,11
63,55,5,4,33,7,-5,6
-56,-49,-4,18,-13,-4,-1,-18
-39,-24,-11,-37,-21,-2,6,-19
-35,-3,-7,8,-20,-9,6,-1
-70,-56,4,-6,-5,-8,-25,-62
13,6,-10,-1,-3,2,13,56
-30,-55,-26,-45,-6,0,18,9
46,78,13,4,0,19,80,4
-44,11,-12,-39,-22,-46,-120,-75
8,7,-2,1,-9,-9,-38,-8
8,28,6,48,-21,-36,-103,-16
77,98,66,68,14,24,85,53
77,98,66,68,14,24,85,53
43,64,-31,13,11,17,61,96
-19,4,26,-31,-8,-28,-117,-83
-3,59,10,-14,-1,7,16,32
-27,-77,-10,8,-9,-9,-8,-42
-27,-77,-10,8,-9,-9,-8,-42
-38,-97,36,76,-2,-8,-25,-59
-5,22,-5,-30,11,7,1,-10
-8,1,71,77,-2,-22,-59,-6
88,102,-2,-39,-5,9,42,96
22,65,-39,-52,-5,28,66,7
-79,-3,-68,-98,-39,-33,-44,-111
38,53,-1,16,13,-1,-15,48
-7,-59,48,126,13,-12,-27,-7
6,7,41,49,7,5,-7,18
7,-27,-36,-32,13,-4,-27,-5
43,101,28,53,9,1,14,49
-1,-24,14,56,10,5,5,1
-55,-52,-18,-46,9,5,-22,-58
17,94,12,-4,-15,-12,-9,8
36,38,17,-13,6,14,69,50
36,38,17,-13,6,14,69,50
6,54,3,51,2,-6,-17,-13
-8,-21,4,-23,-8,-2,-11,-12
6,32,-10,-26,2,1,1,0
7,33,-2,-16,-24,-9,-11,-8
-11,-45,-13,-7,3,-9,-15,-8
-4,-8,14,10,-21,-8,16,0
1,3,3,-11,-13,-10,-15,2
5,-2,0,-12,-1,-2,0,11
-3,2,8,9,-2,-1,1,3
2,9,2,13,-16,-5,1,-2
2,9,2,13,-16,-5,1,-2
18,28,88,75,37,24,4,20
-3,-10,-37,-4,10,0,-19,-7
-10,-23,-88,-77,-18,-16,-9,-6
0,-5,-51,-36,1,14,-3,1
-11,-10,44,-4,-31,-23,-3,-6
-4,-5,10,19,-10,6,11,-9
-3,2,5,-8,5,0,-16,-1
3,2,22,36,-5,-5,-22,4
3,2,22,36,-5,-5,-22,4
3,8,16,-3,-1,-1,38,4
-4,-9,-27,-14,-8,-11,-27,-10
-4,-9,-27,-14,-8,-11,-27,-10
-3,-9,-6,-14,-5,-5,12,1
-3,-9,-6,-14,-5,-5,12,1
0,-1,-9,2,6,-6,-27,-4
0,-2,-19,-45,6,13,25,8
2,3,12,29,3,0,-10,-2
-1,1,4,22,2,-2,-6,-1
-1,1,4,22,2,-2,-6,-1
2,3,-4,10,4,2,1,-2
-1,-3,-9,-17,0,3,-4,-2
-2,-3,26,32,13,-4,-58,-9
0,1,0,-14,0,-4,10,4
-2,-4,11,9,-2,-6,-19,-3
-2,-7,-7,2,-7,2,18,1
-2,-7,-7,2,-7,2,18,1
0,1,7,9,11,25,54,4
-1,3,-6,-3,-5,-16,-23,-11
-5,-10,-10,-13,7,-12,-45,-7
2,8,33,57,-4,3,14,3
0,-4,-19,-55,-6,-6,1,-1
2,-1,-16,-35,-8,8,31,3
1,1,-1,-8,1,-4,0,1
7,10,17,12,6,-3,-24,5
2,1,9,25,-8,-1,15,5
-3,0,16,15,-13,-14,-24,-8
-3,0,16,15,-13,-14,-24,-8
-1,0,12,22,-12,-1,24,-2
4,3,-13,-1,0,-5,-28,3
3,7,19,26,15,-1,-14,6
1,0,-4,-16,-2,9,20,5
-5,-5,-5,-20,-21,-12,-10,-7
-7,-9,-20,-1,-10,-9,-11,-9
-3,-6,2,16,-14,-2,16,2
-6,-7,-11,16,-1,-10,-30,-9
1,2,9,12,16,10,3,2
1,2,9,12,16,10,3,2
5,7,-4,-8,4,15,30,12
-4,-7,-28,-29,-13,-19,-29,-5
6,8,22,14,14,16,7,4
-1,1,11,7,1,7,18,-4
-2,0,-2,-2,-1,-6,-21,-2
0,-5,-13,-15,-2,-5,0,4
-5,-5,-19,-44,-16,-7,-8,-4
-1,-4,3,3,7,-1,8,-2
-2,-1,17,24,8,2,1,-6
2,4,17,16,-1,-6,-12,0
-4,-5,-15,-38,-3,-5,-14,-7
-4,-5,-15,-38,-3,-5,-14,-7
-3,-4,-5,14,-7,-5,-15,-4
-3,-4,-5,14,-7,-5,-15,-4
3,3,7,10,11,11,33,4
-3,-1,1,11,-11,-5,8,-3
-2,-3,-1,-4,-2,4,6,-3
-1,-3,0,-7,-3,-2,-19,-5
-1,-3,0,-7,-3,-2,-19,-5
-9,1,-3,6,7,7,14,-4
-9,1,-3,6,7,7,14,-4
-3,-3,-19,-35,-15,-12,-9,1
-1,-5,-9,-29,-8,9,32,-2
3,3,18,39,5,-4,-13,2
4,6,11,13,21,9,15,6
4,6,11,13,21,9,15,6
-3,-5,-8,-5,-10,4,26,3
-4,-7,-11,-27,-8,-7,-3,-6
3,4,8,14,4,1,-6,-1
-4,-4,8,23,0,-1,30,0
1,0,7,14,-3,-14,-35,-4
-3,-7,-23,-29,-10,-9,-32,-9
-6,-6,-18,-31,-10,-9,0,-2
-1,2,1,-5,6,3,-25,-7
0,0,8,2,-11,-6,-1,-5
2,3,11,16,11,8,8,2
-2,2,16,23,-5,-1,20,5
0,1,6,20,5,-2,10,2
-2,-1,-8,-25,-2,2,-1,-3
2,0,3,-3,-9,-8,-20,-2
2,0,3,-3,-9,-8,-20,-2
0,0,13,8,-1,0,-14,-4
1,0,-1,11,-2,-8,-9,0
-3,-3,-9,-19,-10,-1,16,4
0,-1,0,1,13,5,-5,-1
0,-1,0,1,13,5,-5,-1
-3,-2,-8,-18,-7,-8,2,0
-3,-2,-8,-18,-7,-8,2,0
-3,-4,-4,2,-9,-7,0,-6
-3,-4,-4,2,-9,-7,0,-6
4,2,1,12,9,4,-17,-4
4,2,1,12,9,4,-17,-4
-2,-2,-2,-13,-5,-8,-17,-4
-1,-3,2,9,-9,-4,-1,-4
-4,-3,-7,-3,10,10,29,1
0,2,3,-9,4,-2,-26,-2
-3,-5,-3,-3,-14,-1,13,-3
2,6,9,4,14,4,9,7
2,6,9,4,14,4,9,7
0,-3,-14,-2,-11,1,2,1
-1,0,10,23,9,1,0,3
-1,3,-2,23,-2,-1,2,-2
1,2,16,16,2,-4,-6,-1
1,2,16,16,2,-4,-6,-1
0,-1,-20,-19,22,17,33,3
0,-1,-20,-19,22,17,33,3
-3,-3,-10,-6,-16,-10,-20,-9
-3,-2,8,5,5,0,-8,-4
-3,-8,-23,-34,-17,-8,-4,-2
-3,0,-17,-15,-10,-2,7,1
-3,0,-17,-15,-10,-2,7,1
0,-1,13,34,0,-7,17,0
2,2,6,4,2,4,-4,3
-2,0,5,-4,2,-8,-30,-5
-1,1,9,9,-2,1,10,2
-3,-4,-1,-11,-4,-6,-11,-4
-3,-4,-1,-11,-4,-6,-11,-4
-2,0,-8,-6,-5,3,14,1
-2,-4,-9,8,4,5,9,-1
1,4,5,12,4,-2,-8,-2
-2,-3,4,20,-13,-12,-29,-6
-4,-2,-11,0,10,14,35,-4
-3,-5,-13,-14,-5,-3,-8,-2
-4,0,7,-11,0,2,17,1
4,4,3,7,8,-1,-16,1
0,0,7,5,9,0,-9,-2
-2,-5,-9,1,-7,-15,-49,-6
0,-2,-2,-6,9,-1,-12,-6
-1,-2,-6,-19,5,-9,-21,-9
-2,-1,10,22,14,18,12,2
-3,-5,-23,-1,7,-3,-15,-3
0,1,1,30,-2,-2,14,4
1,0,3,-1,0,5,16,-2
1,0,3,-1,0,5,16,-2
-3,0,8,8,4,-2,8,-4
-3,0,8,8,4,-2,8,-4
-1,-2,-13,-18,-2,-4,1,1
-3,-6,-5,-7,-5,-3,-10,-2
-2,0,-4,-9,-8,-2,-11,-3
3,0,5,28,-6,-2,7,4
3,0,5,28,-6,-2,7,4
3,1,4,10,5,9,15,5
1,0,1,-4,5,4,-32,-5
1,3,16,-5,-8,-9,2,2
-1,-3,8,-5,1,5,9,-1
-5,-4,-14,-4,-4,0,2,-5
-1,-2,-13,-10,-4,3,25,6
-5,-6,-8,-4,-9,-3,2,-5
-2,-4,3,13,-5,-5,-12,-5
-2,-1,-22,-41,2,4,17,5
2,2,8,11,10,-3,-12,-3
-5,-8,-18,-20,-22,4,30,-5
-1,0,10,15,1,-13,-58,-8
0,1,-3,5,1,-8,-30,0
-4,-4,-15,-21,-11,-7,10,-2
2,2,-7,-9,-2,4,32,7
0,2,13,15,-1,4,18,5
-1,-2,-13,-26,-14,-4,1,-1
0,-1,8,2,-10,-9,-10,0
-2,2,0,14,-2,1,-3,-2
-2,-1,-2,-6,-1,-5,-3,-4
-1,-1,-5,-28,3,6,7,2
-1,-2,-4,-9,-3,1,2,0
-4,-5,-11,-15,-3,-1,21,-3
-2,0,4,10,-5,5,3,-1
0,0,-21,-16,-7,-4,-3,-1
0,-5,-6,2,5,0,3,1
0,-5,-6,2,5,0,3,1
5,7,-13,16,-4,-9,-5,3
5,7,-13,16,-4,-9,-5,3
-3,13,4,-5,5,15,30,0
-16,-47,-2,-3,-22,-13,-4,-6
6,18,15,5,-14,-4,-12,1
2,4,20,36,6,5,-2,4
-2,-22,-5,15,24,9,-19,2
-5,1,9,18,1,-3,-9,0
5,36,4,-1,0,1,-7,-5
-2,2,-4,-10,2,0,0,2
-3,-10,-6,-13,-8,-4,-3,1
-1,-9,-10,-18,1,-3,-8,-3
-6,-17,-22,-30,1,-3,-12,-3
-6,-2,11,19,2,-7,-40,-7
4,7,17,23,4,11,46,9
8,18,10,4,-7,-2,-2,-3
-5,-15,-6,-7,-8,-1,0,-5
-3,-11,-11,-8,1,-6,14,3
-4,-10,-7,-17,-8,-8,-15,-7
-4,-3,-7,-6,8,2,-14,-1
-21,-6,1,11,-3,-10,-5,-4
0,-5,-1,9,-5,-6,-6,-3
0,-3,7,19,2,-2,-8,-2
2,-2,7,5,1,12,38,2
-7,-4,-3,-7,-6,-4,-36,-18
-7,-4,-3,-7,-6,-4,-36,-18
0,-5,-11,-1,15,10,9,1
-5,-2,-22,-38,-8,-11,-4,-1
1,0,2,2,-8,-5,-3,-3
0,-4,-13,-45,0,7,19,3
-2,-2,-7,1,2,3,10,2
-1,-3,14,47,-4,-8,-9,-3
0,0,-4,11,3,7,13,2
0,0,4,-4,0,2,6,2
-1,-1,10,23,8,-3,-16,-1
-1,0,-17,-11,-19,-3,9,0
-3,-2,13,0,-3,-12,-8,-8
2,2,2,13,15,8,3,5
-2,-1,9,17,-4,-6,-14,-6
-2,-1,9,17,-4,-6,-14,-6
1,-1,-4,6,-10,-5,-6,3
-3,-3,-21,-27,-3,1,7,2
1,0,7,5,-8,-7,6,2
-2,-3,-7,-16,7,-1,-5,-2
-3,1,4,1,-9,1,4,-4
0,3,19,16,3,5,2,-1
1,-2,-1,1,10,11,23,6
-1,-1,-5,-18,4,4,11,1
-5,-8,-20,-37,-14,-11,-16,-6
4,4,-4,0,3,-4,-10,2
-4,-2,-8,-2,4,-2,5,-1
-3,0,8,-6,-9,-8,-5,-2
-3,0,8,-6,-9,-8,-5,-2
3,3,-1,-8,-2,-2,-18,1
1,2,23,40,7,1,-3,-1
-2,-2,-13,-23,-2,-5,12,0
-2,-2,-13,-23,-2,-5,12,0
1,2,6,-3,6,2,4,4
-4,0,0,-10,-9,6,30,-3
-6,-9,-3,-7,-10,-12,-18,-3
-6,-9,-3,-7,-10,-12,-18,-3
-1,-2,5,13,5,-1,-13,0
1,2,1,0,0,3,-1,-1
-3,-5,-18,-30,-17,-11,-18,-7
1,2,9,13,9,2,1,2
-1,1,2,-3,-5,-11,-21,-1
0,0,-2,6,-6,-3,-2,1
0,0,-2,6,-6,-3,-2,1
2,0,-1,11,10,5,-3,5
-1,-1,-9,-11,-19,-12,-8,-2
-1,-4,-3,-23,-2,8,43,3
-1,-1,-1,-1,-9,-15,-27,-5
-4,-1,-5,-21,-5,4,2,-3
-1,-2,-1,26,11,5,-11,-4
-2,-5,-8,-6,-13,-14,6,0
1,2,3,4,-3,5,24,7
-2,-5,6,15,-6,-10,-19,-1
-3,-2,-15,-5,4,2,-2,-1
-3,-2,-15,-5,4,2,-2,-1
-6,2,0,37,40,2,-2,-1
1,1,-11,2,15,14,-2,2
3,9,37,29,-13,-8,13,3
-13,-13,-46,-52,-18,-10,-13,-20
12,19,22,11,7,3,13,17
12,19,22,11,7,3,13,17
12,18,55,65,20,9,-16,9
-4,-5,5,0,4,1,-25,-6
-1,-7,-21,-33,-6,-7,-33,-3
3,4,19,38,17,2,-8,-1
-4,-12,-44,-23,-8,1,6,-2
2,0,-35,-72,-9,6,16,2
-3,-6,-19,-56,-13,-1,12,0
-2,2,4,11,24,10,-4,0
0,2,12,23,-15,-2,9,0
1,3,23,36,5,10,20,0
-4,-4,-8,7,-14,-5,-11,-1
-3,0,-27,-33,-4,-5,-22,-6
-3,0,-27,-33,-4,-5,-22,-6
-1,-4,-14,-34,-13,-4,-1,0
-3,-5,-7,14,-6,-17,-7,-1
1,-3,1,18,-4,4,19,8
-1,2,13,10,0,3,19,-3
-5,-4,-15,-11,-7,3,31,-2
-5,-4,-15,-11,-7,3,31,-2
-3,1,0,-14,-9,-8,-6,-3
5,6,-1,-15,13,6,-12,3
-1,-1,-12,-31,-6,-3,15,2
-3,-5,-2,17,7,6,11,1
-3,-4,-7,-15,-12,-9,-11,-6
-3,-6,-39,-28,-3,0,15,1
-3,-6,-39,-28,-3,0,15,1
-1,-3,12,-1,-7,-3,-10,4
3,3,16,15,6,-6,-43,-1
0,0,-4,-7,10,1,9,-4
-3,-4,-7,-8,0,-2,-4,2
-4,-7,-32,-6,-2,-4,0,-5
1,0,16,6,4,-3,-14,-7
-5,-3,-5,-4,-11,-3,8,-3
5,5,14,12,2,4,19,6
2,-2,-5,-1,-1,4,-5,2
-1,1,2,3,4,2,10,1
-1,1,2,3,4,2,10,1
3,2,1,-16,-4,-3,-3,-1
-1,-5,-21,12,-3,-4,2,-5
-2,0,2,4,-3,-5,-30,-4
-3,-1,6,-33,-15,-10,-8,-3
2,1,15,16,6,-4,-15,-1
1,-1,-1,4,11,8,0,1
-1,-4,-8,-2,-9,-5,-6,0
0,0,-9,1,7,2,10,6
0,-3,3,6,-3,5,29,1
0,2,14,10,6,3,9,-1
0,-3,-6,5,-2,-10,-8,0
2,-1,-20,-28,4,4,6,7
-4,-2,7,14,-10,-10,0,-3
3,2,13,22,9,-2,-15,-4
1,-1,-12,-17,15,6,0,-6
1,-1,-12,-17,15,6,0,-6
2,3,7,-11,-7,-1,6,3
-2,-1,7,17,-4,-6,-1,-2
-9,-12,-23,-29,-17,-2,5,-1
1,3,11,20,2,3,2,-1
1,3,11,20,2,3,2,-1
-1,-2,-12,-31,-10,-4,1,4
2,1,4,-5,-16,-9,-2,3
2,2,14,30,15,7,12,-1
-2,-1,-19,-33,1,10,34,5
-3,-4,4,3,2,-3,-15,-9
1,2,8,27,11,-1,-1,-1
-5,-5,-5,1,-11,-8,-10,-8
0,-1,3,-21,1,-1,3,-2
-4,-5,6,15,-7,-4,-16,-9
-2,-2,18,21,2,1,-11,-6
-1,-3,-8,0,-4,-11,-25,-2
0,-3,-1,4,-4,2,-2,0
-1,1,-4,-6,0,5,7,-2
-1,1,-4,-6,0,5,7,-2
0,1,1,1,3,1,10,0
0,2,-2,6,2,7,14,4
-6,-12,-28,-11,-5,-9,-13,-2
1,2,3,-26,3,2,-2,-2
0,1,-6,0,8,2,-27,-2
1,0,-1,5,7,1,7,3
-3,-1,-5,6,-1,-5,-21,-5
4,9,23,27,8,4,-5,3
-3,-2,11,1,4,3,9,-1
0,-2,-1,7,-4,-8,-21,1
0,-2,-1,7,-4,-8,-21,1
2,5,14,9,10,7,20,-1
0,-1,-4,3,-2,-5,-2,-2
2,1,3,2,3,0,-4,4
-1,3,21,11,3,-2,-8,-3
-1,-2,-2,22,-2,-2,-20,-6
-1,0,0,5,-4,-1,14,4
-4,-3,-3,-36,-12,0,35,-1
-4,-5,12,-2,3,-1,-12,-3
1,-2,1,-4,5,3,7,2
1,3,-4,15,-8,-3,-1,1
-2,3,-7,8,2,2,-12,-2
10,6,37,50,1,-8,-12,-13
-44,-6,13,21,11,-1,-46,-85
30,-9,-25,-54,-4,-1,6,103
-36,-36,5,64,10,1,-4,-51
4,-23,64,55,-9,0,37,29
-2,0,9,25,-6,-7,-10,-37
37,31,-24,-51,-2,-5,-33,42
-4,13,-17,-8,10,8,30,-21
-23,-1,-21,-40,-5,13,17,-76
-23,-1,-21,-40,-5,13,17,-76
11,0,23,78,11,7,27,36
-17,7,-37,-57,8,-1,-38,-62
88,47,11,22,15,19,48,91
-16,0,1,22,-8,-12,-21,2
1,-8,31,61,-11,-15,-18,22
6,12,-16,-83,-3,-6,-9,44
-4,-7,-31,-7,5,4,2,-10
-23,-52,7,-3,20,9,1,-21
32,40,21,1,-3,3,23,67
6,13,-15,-31,-14,-4,2,12
-23,4,3,19,10,0,-13,-47
6,2,16,51,-2,-2,-4,31
-20,-25,-14,-47,-21,-14,-18,-33
-56,-21,-27,-39,-4,-10,-29,-88
-25,-2,59,109,-4,-20,-52,-61
-25,-2,59,109,-4,-20,-52,-61
38,17,-4,-17,-4,3,14,60
38,17,-4,-17,-4,3,14,60
21,26,-24,-40,18,25,18,15
-9,3,0,7,-2,-4,-38,-26
-8,-1,-9,-20,-24,-12,8,-3
-18,-29,5,27,-16,-7,1,-5
-4,-14,-37,-27,12,-1,-4,-3
2,0,9,-3,9,2,6,4
6,0,-33,-68,36,16,15,2
-3,-2,38,32,-5,3,-1,-1
-9,-13,-32,-17,-30,-32,-52,-12
2,1,-1,26,-9,1,-8,5
1,-4,-3,15,17,9,13,8
-1,4,18,39,8,3,10,-3
1,-1,4,21,14,12,14,2
-5,-10,-14,-20,-11,-7,6,1
0,3,15,-4,-6,-2,3,0
-2,1,1,-1,-7,-3,6,-4
-3,1,24,30,-5,-14,-45,-10
-1,-1,-1,22,8,5,4,-3
-3,-10,-43,-33,-5,2,41,0
-3,-10,-43,-33,-5,2,41,0
-4,-2,-4,4,0,-2,-10,-3
-4,-2,-4,4,0,-2,-10,-3
-4,-8,-1,-24,-12,-6,-13,-2
2,-1,-6,-17,-2,5,0,3
-5,-7,-14,-33,-21,-15,11,-3
-1,-2,3,7,2,11,42,9
-3,-4,-3,7,-2,-8,-33,-9
4,3,12,21,2,-1,-3,0
4,3,12,21,2,-1,-3,0
1,2,4,21,4,7,18,5
-6,-7,-16,-35,-13,-10,10,-5
1,-3,-7,-2,1,-3,8,0
-6,-5,-36,-18,-11,-13,-21,-6
3,4,21,-1,1,-4,-36,-6
-2,-6,-21,-20,0,-11,-21,-5
1,-1,12,19,3,1,-13,-1
1,1,17,49,11,13,25,2
-1,-2,6,14,8,1,-4,2
3,1,9,-8,-3,3,2,4
-3,-2,-14,-46,-7,2,11,3
0,-2,0,-15,-2,-5,7,2
-3,-4,-14,-34,-10,-7,-22,-2
1,-2,-6,-6,-9,-4,9,4
-3,-12,-29,-41,-17,-13,-7,-2
-3,-12,-29,-41,-17,-13,-7,-2
4,6,31,17,10,0,-16,1
-1,-2,-14,-16,-7,-4,-3,1
2,4,-6,-36,-3,0,-5,6
-1,-1,-3,-33,-1,4,6,0
-2,-2,3,16,2,4,-10,-4
-2,-5,-2,-8,-5,-8,-9,2
-3,-7,-5,-9,-13,-9,-19,-4
1,-2,10,19,12,7,-9,-2
1,-2,10,19,12,7,-9,-2
1,3,2,-1,0,-4,-9,1
-5,-4,-4,1,-10,-8,-2,-4
2,-1,15,7,-1,-2,5,-1
-1,0,-8,-19,1,-6,-8,-1
1,6,7,-3,-3,-5,4,-1
1,6,7,-3,-3,-5,4,-1
0,1,-6,0,3,3,0,2
-3,-1,3,5,-5,6,35,-3
-3,-1,3,5,-5,6,35,-3
-4,-7,-21,-13,-13,-10,2,-1
3,-3,-43,3,14,2,-17,3
2,2,10,12,6,7,9,3
2,2,10,12,6,7,9,3
2,-3,-5,-16,-10,-3,19,3
2,2,13,16,-1,-5,-10,0
1,1,7,-7,-4,-1,-8,1
-3,-2,-1,-3,3,5,17,-2
1,2,8,-11,3,-1,-9,1
0,1,7,24,1,-5,-14,2
-1,0,7,6,-12,-9,-28,-7
-5,-7,-30,-41,-15,-12,-22,-7
-5,-4,-8,-25,-7,4,21,-4
-5,-4,-8,-25,-7,4,21,-4
2,3,4,8,0,-6,4,6
-1,0,9,-9,3,3,18,-2
-1,2,20,26,-5,-1,-3,0
-4,-3,-1,-9,-4,-13,-19,-3
0,0,-9,3,5,4,2,3
0,-4,-5,-8,-1,3,7,0
-1,-1,9,-3,1,0,4,0
0,-4,-22,-31,5,11,7,3
-2,-3,-7,2,2,4,19,1
-1,-1,0,-1,-6,-4,16,-2
-1,-1,0,-1,-6,-4,16,-2
0,1,8,3,-5,-7,-21,-3
-2,0,-6,-5,0,-2,-11,-1
-2,0,-6,-5,0,-2,-11,-1
-4,-1,4,-8,-8,-6,4,-10
-4,-1,-1,0,-2,-3,-22,-6
-3,-6,-7,-10,-2,7,31,2
1,-1,2,-3,11,6,-3,2
-2,-3,-21,-10,6,6,14,4
-2,-2,4,2,-1,-8,-34,-8
3,0,-1,15,3,2,-1,3
-6,-7,-15,-23,-12,-17,-25,-14
0,0,2,3,4,4,3,2
-3,-6,-20,-22,8,7,8,-1
0,4,4,-4,-4,0,0,-1
3,1,8,12,-1,4,2,0
-1,-1,14,21,-4,0,3,0
-3,-3,-6,9,8,7,15,-1
-1,0,4,22,4,0,-10,-2
0,0,-6,-28,-5,-7,4,-1
-5,-8,-24,-27,-12,-6,7,-4
-1,-2,-10,-33,-13,-10,11,4
2,5,19,22,10,12,11,3
2,1,-8,-8,0,0,12,2
-1,-1,-10,9,-2,-3,-1,-5
-5,-4,-1,-1,-1,-2,-1,-9
-3,-1,2,11,-5,-10,-20,-4
-1,-2,-8,-7,-1,-1,0,-2
2,1,-1,17,4,0,-5,3
-1,1,4,0,6,3,5,0
-4,-5,2,-4,-12,-12,-13,-6
3,8,-5,7,-4,-1,2,1
4,7,8,-4,0,2,5,2
25,24,3,1,4,7,1,3
-14,-32,-9,9,-3,0,0,-1
-14,-32,-9,9,-3,0,0,-1
1,-4,-4,-8,1,0,6,0
-9,-31,23,6,6,1,-14,3
10,4,15,3,-19,-3,-9,-23
-67,14,14,17,-12,-9,-16,-40
33,97,65,85,-4,-10,-13,14
71,41,-8,-20,9,11,38,25
61,99,26,-35,-23,10,68,80
61,99,26,-35,-23,10,68,80
-14,-35,-4,-28,-9,-24,-82,-41
60,78,4,29,6,3,24,33
-17,-69,14,-10,13,5,-26,-26
-17,-69,14,-10,13,5,-26,-26
-26,-16,-17,-53,-1,-7,-34,-12
-39,-90,-30,43,-6,-17,-17,-10
44,22,14,-13,2,22,55,83
-53,-2,-48,-50,-27,-8,33,-96
-49,-42,-25,-11,-17,-13,-31,-42
30,17,38,78,10,-4,-9,26
-6,95,7,-13,22,16,-5,-12
0,-23,36,45,-11,-17,-48,-57
-14,-91,19,41,-12,0,82,78
-1,-36,-16,-18,-9,-2,14,45
19,51,24,0,32,12,-42,-71
30,97,9,22,5,13,43,25
30,97,9,22,5,13,43,25
37,35,-6,-8,-5,-2,18,38
-14,-91,-66,-83,-29,-18,-31,18
25,20,-59,-128,-34,-10,-1,18
-13,-28,33,75,19,-3,-24,15
-31,-42,10,-22,-4,0,-2,-26
5,27,93,122,4,-10,-15,-28
-15,19,13,10,-14,-18,-1,-37
-16,-2,-76,-106,-24,-7,-34,-59
-16,-2,-76,-106,-24,-7,-34,-59
6,-30,5,58,15,9,18,29
6,-30,5,58,15,9,18,29
22,39,12,0,-2,-2,8,9
-9,-5,0,-16,-10,-15,-23,-21
-15,-15,0,5,-3,1,-8,-21
6,12,-16,-19,-8,-1,1,1
13,22,27,22,18,3,20,3
13,22,27,22,18,3,20,3
6,14,21,-7,1,14,45,6
-8,-15,3,26,19,11,9,-8
-2,2,28,30,-5,-3,0,0
-1,1,-14,-45,-11,-5,14,1
3,6,17,-1,6,19,68,9
-6,-5,-14,-7,5,0,-20,-9
-5,-11,-38,8,-2,13,43,1
-3,-8,-22,-50,4,-9,-50,-5
2,4,11,36,2,-10,-14,-1
-5,-9,-3,-11,-13,-2,-3,-5
0,-2,-31,-26,-2,-5,-2,0
0,-2,-31,-26,-2,-5,-2,0
0,-2,-31,-26,-2,-5,-2,0
1,0,9,37,-8,-12,-28,-2
-1,-2,-15,-42,-8,-3,7,3
-1,-2,-15,-42,-8,-3,7,3
-2,-1,0,4,2,-2,-17,-5
2,3,-2,1,17,8,1,-1
2,3,-2,1,17,8,1,-1
0,-7,-10,7,0,-2,-2,3
0,-7,-10,7,0,-2,-2,3
-1,-2,-6,-20,8,7,17,4
-6,-3,-13,-13,-7,-11,-19,-7
1,3,2,-8,11,6,2,0
1,3,2,-8,11,6,2,0
-2,1,11,19,6,-12,-44,-7
-3,-1,4,-11,-16,-1,4,-3
-1,-1,8,-5,4,6,-1,3
-1,-3,-7,-4,-3,4,-5,-4
-5,0,-6,-11,-2,-7,-1,-10
-4,-4,2,-10,-11,-6,-2,-4
-4,-4,2,-10,-11,-6,-2,-4
0,-2,3,13,4,0,-10,0
0,-3,-11,-8,4,-2,3,-2
-3,0,-2,-20,5,8,-1,0
1,4,7,3,-3,7,6,1
1,4,7,3,-3,7,6,1
-3,-1,14,16,1,-6,-8,-3
0,0,8,12,14,3,-5,-2
-2,-3,-4,-4,-2,7,11,-1
0,-1,9,9,-2,4,10,-1
-3,-6,-9,-27,-9,-4,-16,-3
1,2,19,30,6,8,10,2
-2,-2,-5,15,13,12,13,-3
1,-3,7,4,4,-4,-3,-3
3,7,18,3,11,4,10,5
0,0,18,16,-9,-7,-18,-3
-3,-5,1,5,-1,-1,1,1
-3,-5,1,5,-1,-1,1,1
2,4,20,42,6,4,8,0
-1,-3,-13,-25,-6,9,22,-1
-5,-4,-5,-2,-11,0,15,-1
-5,-4,-5,-2,-11,0,15,-1
-4,-8,-25,-53,-18,-9,-16,-2
1,3,6,22,8,4,-15,-4
-1,-4,-2,-13,-1,-3,-10,-4
1,3,9,-32,9,7,0,2
0,0,3,1,-6,-3,-2,-2
-1,1,-5,7,16,10,7,2
0,1,-2,-6,0,0,1,2
-2,-1,8,11,-14,-6,-1,0
0,-2,6,-3,5,8,14,1
0,-2,6,-3,5,8,14,1
-2,-4,-6,-7,-5,-5,-7,-2
-2,-4,12,7,-4,2,3,-3
3,1,-2,-2,-2,-8,-8,1
-3,-5,-7,-10,-14,2,25,0
1,1,-7,0,4,0,-1,2
-3,-8,-34,-25,-3,-1,-6,-4
-3,-8,-34,-25,-3,-1,-6,-4
7,-5,15,9,23,6,2,4
-14,-20,5,4,-12,-11,-1,-5
3,-3,-10,10,-10,-11,-19,-10
-12,1,12,11,-6,-4,7,-16
14,69,5,-9,3,5,-13,0
-19,-78,-13,12,29,7,15,24
25,127,19,1,-19,-1,14,13
-30,-77,-37,-55,22,3,-22,-7
-30,-77,-37,-55,22,3,-22,-7
30,44,1,15,10,-4,-7,-25
3,32,11,11,-11,-11,-35,-22
3,32,11,11,-11,-11,-35,-22
7,-14,-13,-16,-13,-5,18,27
-2,-23,11,-37,-8,-2,5,54
0,-49,3,53,-21,-8,40,86
0,-49,3,53,-21,-8,40,86
-12,-26,11,-15,-16,-10,-35,-29
-4,-13,-25,17,8,8,18,-11
23,0,-5,-33,-7,-2,6,29
1,4,-12,-14,3,-10,-29,-14
1,4,-12,-14,3,-10,-29,-14
-37,25,1,-22,-4,2,23,-98
-37,25,1,-22,-4,2,23,-98
30,60,40,31,6,1,17,9
19,-15,70,80,24,32,45,55
19,-15,70,80,24,32,45,55
-17,-25,-3,44,10,1,-15,-5
-24,-47,37,36,9,5,1,-32
-42,-94,-76,-103,-24,-17,-34,-51
33,21,-15,-34,-1,7,55,69
10,18,38,-16,12,8,5,-12
-12,7,17,38,-4,-1,10,-45
33,36,9,-14,12,10,16,38
35,20,-37,-85,-12,4,27,71
-8,15,-12,-21,-15,-7,-4,-5
-20,-8,17,80,-9,-16,-32,-41
1,-11,6,-66,-12,-5,-6,-9
12,24,5,-8,5,9,15,26
7,15,-4,6,0,-2,-9,12
7,15,-4,6,0,-2,-9,12
26,3,-24,-29,-3,-3,-5,45
-44,-11,-6,-72,-22,-14,-23,-95
22,20,5,15,7,5,10,41
-7,3,-6,19,-2,-8,-8,-12
0,29,26,19,-5,-5,-8,5
-14,-31,9,44,2,-3,-3,-17
-28,-68,-4,25,-16,-13,-7,-16
-19,-24,-20,-49,22,1,-43,-19
-7,-19,-4,26,1,-5,-2,-8
-1,14,10,18,20,-6,-15,-7
-3,-8,11,9,-11,6,10,-6
-12,-19,-25,-24,-4,-9,6,-12
-12,-19,-25,-24,-4,-9,6,-12
-1,-8,-5,24,11,2,2,6
-2,0,0,11,7,3,-8,-1
6,13,-7,-22,0,5,32,7
-11,-24,-79,-92,-18,4,41,-2
5,2,5,34,10,-2,0,8
5,9,37,31,17,6,-11,0
5,9,37,31,17,6,-11,0
3,9,7,8,-2,5,9,-2
1,4,29,17,-6,-4,-13,-3
4,3,40,38,5,-7,-22,4
-1,-1,28,7,-1,4,20,1
-1,-1,28,7,-1,4,20,1
-7,-5,11,-2,-3,1,9,-3
-2,-3,-25,-25,-1,-1,13,5
-2,-3,-25,-25,-1,-1,13,5
2,4,2,-12,7,7,-1,2
1,3,18,21,-3,-9,6,2
-2,-3,7,17,-2,7,6,-4
-3,-5,-8,-18,-8,-2,-13,-6
3,1,-21,-38,-9,-5,10,6
3,1,-21,-38,-9,-5,10,6
-5,-8,-23,-19,4,-4,-7,-5
0,-1,6,3,1,-1,2,2
1,1,0,9,-7,-3,-2,-3
0,5,23,27,-5,-1,17,2
-3,-4,-6,0,-8,-3,-3,1
-1,-3,-1,-4,3,1,5,0
1,4,1,-9,6,11,5,5
-1,-3,-38,-66,0,-4,-41,-10
1,-1,12,13,0,-1,14,2
3,3,9,21,7,5,2,5
3,3,9,21,7,5,2,5
-3,0,13,11,4,2,-4,-3
-6,-7,6,-4,-29,-18,-2,-9
-1,-2,-4,-2,-7,-1,1,0
-7,-9,-41,-54,-1,-6,-23,-15
1,3,-21,-36,9,8,25,8
3,4,10,32,18,-1,-25,2
1,-3,3,-6,-9,-14,-19,-1
-3,-2,-14,-22,-3,0,-10,-4
2,0,3,5,-19,4,21,10
-1,-4,1,-15,0,19,69,8
-1,1,1,21,-9,-7,1,-4
-1,1,1,21,-9,-7,1,-4
0,-1,-14,11,2,-1,-7,4
1,2,6,2,0,5,-20,-4
6,8,17,22,12,5,-9,10
-1,2,6,2,6,10,25,0
-4,-3,6,19,0,-3,-16,-3
-5,-4,-13,-7,-8,-7,-6,-9
-1,-2,-13,-27,1,3,16,1
-4,0,10,13,-3,0,18,3
0,2,2,-16,10,7,-8,-4
2,-1,3,12,2,2,-17,0
-1,0,-5,5,-3,-12,-32,-7
-2,-5,-7,10,8,-2,7,0
-5,-2,4,15,-4,-4,-21,-7
1,0,-4,-11,4,12,30,3
0,-2,-8,-9,1,-12,-27,5
1,0,12,-5,9,6,6,2
-4,-3,0,11,-1,4,3,-6
-1,-2,-16,-5,0,-2,-8,-6
-1,-2,-16,-5,0,-2,-8,-6
2,1,4,-1,-8,-3,-4,2
2,1,4,-1,-8,-3,-4,2
-2,0,1,10,-5,-7,-9,-6
1,1,12,18,8,17,27,2
-2,-1,-1,-2,-9,-13,-10,-4
3,3,16,44,5,8,32,-1
-3,-1,0,28,6,2,-10,-1
-2,-2,-13,-5,-7,-11,13,0
2,4,11,11,11,0,-14,0
2,4,11,11,11,0,-14,0
1,1,-4,-6,11,10,8,4
1,-2,-17,-18,-21,-18,-24,-1
-1,-2,1,-13,5,-11,-16,-9
-1,-2,1,-13,5,-11,-16,-9
-1,1,16,14,-3,-5,-24,-2
-5,-5,1,-18,-8,-6,-29,-6
-2,-2,-12,-7,-9,-2,14,0
-2,-6,-34,-42,0,-3,-22,-3
-2,-6,-34,-42,0,-3,-22,-3
0,1,-1,3,-4,-2,-12,0
0,1,-1,3,-4,-2,-12,0
-1,-1,1,11,1,2,13,-1
-3,-1,6,20,-2,-5,-7,1
-5,-9,-8,-19,-8,-10,-4,-5
1,2,5,8,7,4,12,7
-4,-7,-20,-13,5,0,-11,-5
0,3,16,14,5,3,-7,-1
-1,0,8,0,6,26,77,2
-7,-13,-49,-74,-25,-9,-12,-6
-3,-2,-11,-25,-11,-21,-32,-4
-1,-4,5,14,-4,-3,1,-1
-5,-8,-36,-48,-12,2,34,0
3,4,6,-1,0,-4,-15,-2
0,4,34,37,-13,-2,-26,-3
0,2,5,-1,-1,-3,-14,1
-1,-2,-1,6,1,1,7,3
1,0,14,33,11,2,-17,2
-1,2,16,22,2,2,-12,-1
1,2,5,0,15,21,39,5
-5,-6,-23,-24,-20,-11,-13,-9
-1,1,9,10,1,0,-22,-8
-1,-4,-19,-17,-4,-3,8,-1
0,1,-1,-10,-3,-4,2,0
4,1,4,-3,11,1,2,3
-2,-1,8,13,-5,-5,-7,-1
1,0,1,1,0,-2,-9,-2
1,1,-1,3,-5,1,-4,0
0,0,1,5,-4,-1,14,2
-1,-1,-5,-5,-1,-10,-17,0
-1,-1,-5,-5,-1,-10,-17,0
2,0,2,8,8,3,-13,-3
1,0,-10,16,3,3,-6,-2
1,0,-10,16,3,3,-6,-2
-2,-3,2,6,-2,1,32,-1
1,1,2,-7,4,15,12,0
-2,-3,-12,-1,-1,-2,-7,2
-4,-3,1,-27,-12,-5,12,-3
-2,-2,-14,-6,-5,6,21,-2
-2,-9,-41,-58,-7,-8,-11,0
-2,-9,-41,-58,-7,-8,-11,0
1,2,16,18,10,4,-2,-1
-2,-3,-15,7,3,-10,-39,-4
0,1,3,12,-3,4,31,3
1,4,16,-3,-7,-3,-17,-1
1,4,16,-3,-7,-3,-17,-1
-1,1,9,42,1,-9,-17,-3
1,-3,-15,-9,12,17,26,0
-1,-2,-7,-21,-10,-5,-10,0
-2,-1,0,-20,-10,-2,2,1
-1,0,9,23,3,-8,-2,3
-1,2,13,-1,1,3,-17,2
-1,-1,-12,-6,-12,-10,-1,1
-4,-2,-10,-4,-5,-8,-1,-6
-4,0,-10,-2,7,9,29,-3
-4,-13,11,15,-3,-11,-17,-2
-4,-13,11,15,-3,-11,-17,-2
-2,-9,-32,-57,-10,-3,6,3
0,3,3,-6,-1,1,3,0
1,-1,7,19,2,-2,-12,1
3,4,7,17,5,-5,-22,-1
-4,-4,-14,-45,-9,-1,3,1
-4,-3,-1,26,-1,-6,-18,-8
-4,-3,-1,26,-1,-6,-18,-8
0,0,3,0,3,0,18,4
-1,-1,-1,-15,-19,-6,14,-2
2,-1,0,5,-3,-12,-25,-6
1,0,4,-4,-6,2,-3,-1
-4,-2,-9,8,-1,8,4,-7
-2,2,1,-17,-8,-6,-2,2
1,-2,-11,-12,-7,7,1,0
0,-1,3,-3,-1,-3,8,2
-4,-5,0,-1,8,7,10,1
0,3,-7,-12,11,4,-8,0
0,0,6,33,11,9,8,3
-3,0,5,10,-12,-7,-6,-4
-3,-3,-5,2,-3,-2,-8,-9
-3,-3,-7,-12,-15,-4,8,2
2,1,-4,-6,7,20,58,13
-6,-6,3,18,-22,-21,-39,-7
-2,0,-5,-11,-15,-6,12,-1
-2,0,-5,-11,-15,-6,12,-1
-1,-2,10,2,-4,-3,20,-2
-3,-3,-6,0,-3,-1,-9,-1
1,3,16,5,-10,-9,-9,-7
2,1,1,-2,17,5,-5,1
-4,-3,-20,-18,-10,-11,-15,-1
-3,-4,-31,-23,3,1,1,-8
1,1,10,16,-5,-10,-17,7
-2,-4,-6,-7,2,4,11,1
1,-2,-4,1,-2,3,-3,4
-1,-5,-19,-30,-3,2,11,1
-1,-5,-19,-30,-3,2,11,1
0,1,0,5,-1,-4,-7,-3
-4,0,5,6,4,-7,2,-3
-1,-2,4,6,-3,5,6,1
-3,-3,-6,1,-1,-4,-6,-7
-3,-3,-6,1,-1,-4,-6,-7
-1,-2,2,11,-2,-4,16,1
-2,-1,-4,-7,-6,-11,-21,-2
1,0,4,2,6,-2,-13,-3
-1,-2,-13,14,-2,-4,-7,-4
2,1,-3,2,3,11,3,9
-3,-5,-24,-19,-1,4,-8,-7
-3,-5,-24,-19,-1,4,-8,-7
2,3,18,1,-2,-6,6,3
-8,-9,-35,-25,-14,-7,-3,-8
4,1,10,8,21,16,46,10
0,1,9,10,-7,-3,-10,0
-5,-1,6,-3,-10,4,13,-5
-2,1,10,2,-5,-1,15,-2
-6,-4,-5,-18,-12,-2,20,0
2,3,8,-5,9,-1,-24,0
-1,0,3,4,-9,-8,-8,-4
1,1,21,9,-4,1,-2,2
-1,-1,14,16,-3,-3,-8,-2
3,5,16,22,11,0,-19,4
-2,0,-12,-10,-4,-4,-5,-2
-2,-1,-1,11,1,5,10,-9
-1,-2,-9,2,-3,4,-5,2
-1,-1,2,5,-8,-10,-5,-1
-2,-1,0,1,8,4,-6,-6
-1,-2,-9,-16,-5,-6,-2,-3
-2,-1,-2,5,4,2,-7,-1
-4,-2,-5,-18,-16,-5,16,3
0,-1,11,25,6,3,-13,3
-2,-4,-6,-13,-2,-8,-8,-7
0,0,14,11,6,-7,-15,5
0,0,14,11,6,-7,-15,5
-1,-1,-12,-23,-4,-6,-2,-1
2,0,-1,0,15,4,-1,0
2,0,-1,0,15,4,-1,0
-2,-7,-14,-7,-8,-7,1,-2
-2,2,9,-5,6,0,-7,-1
-2,-2,-11,-17,-4,-4,-7,-2
-1,2,4,0,-7,-5,1,0
3,2,7,11,12,11,3,0
0,0,2,-2,-8,-2,4,-1
0,-1,-1,2,-7,6,12,0
1,1,8,15,6,4,-11,1
-2,-1,6,5,6,0,-5,-2
-2,-1,6,5,6,0,-5,-2
-2,1,-2,-5,2,2,3,1
0,-7,-12,-17,-4,-6,-17,-4
-1,-1,-1,-3,-5,-13,-16,-1
-1,-2,2,33,-1,-14,-11,-4
-1,2,-1,5,3,4,10,3
-2,0,-4,-2,8,18,18,-2
-3,1,9,-7,1,16,33,2
-4,-3,-5,-8,-10,-7,8,-3
0,-7,-26,-25,10,2,-5,0
-1,1,5,-3,4,-3,-13,-5
0,0,4,9,-5,-8,1,-1
0,0,4,9,-5,-8,1,-1
0,-1,7,8,-5,-7,-11,-3
-2,-1,9,7,-13,-7,6,0
0,-4,-8,-8,10,3,-5,2
2,0,-13,-10,6,9,-4,1
-3,-2,2,-4,-15,-9,0,-5
2,1,4,5,-1,-2,-8,1
0,3,1,12,8,9,11,1
2,1,1,12,6,8,2,0
-1,-1,-6,-1,-5,-4,-4,1
-1,2,1,0,9,10,3,2
-1,2,1,0,9,10,3,2
10,6,9,2,-9,11,11,3
-14,-14,-5,-17,-5,6,-7,-12
41,-2,12,56,27,3,1,4
6,-35,6,20,-4,-7,-3,-2
24,61,15,6,-6,-1,6,18
4,-45,-8,-19,7,10,6,-4
-15,62,-12,-34,-34,-14,-15,-32
-15,62,-12,-34,-34,-14,-15,-32
-26,-117,-23,9,31,2,5,13
37,-21,-6,-17,7,13,14,20
34,112,0,3,-6,-8,0,-9
-30,-31,-53,-51,-30,0,0,-13
-19,-16,-27,-16,-8,-13,-8,-14
-70,-74,-3,27,2,-11,-34,-32
-70,-74,-3,27,2,-11,-34,-32
30,6,16,11,1,7,20,24
30,6,16,11,1,7,20,24
14,73,-6,-41,-10,-7,-24,-5
89,68,-6,-91,-8,-2,23,98
-25,-13,25,0,-14,-16,-50,-38
10,9,5,24,4,3,-24,33
46,75,30,49,19,24,25,29
-21,-19,31,76,27,6,-4,-6
25,-36,-72,-29,-5,15,63,87
-16,-36,-32,-41,-6,-6,-3,-35
-24,-23,-38,-26,-18,-14,-48,-37
43,8,-18,-36,-2,-1,3,32
36,24,0,-9,4,-1,-31,64
-13,-24,44,70,-5,-8,-20,-13
-13,-24,44,70,-5,-8,-20,-13
-48,-21,-17,-34,-14,-15,-79,-96
-48,-21,-17,-34,-14,-15,-79,-96
1,-13,-7,-72,-26,-2,25,-1
27,24,-8,-7,-1,2,38,59
2,-1,-33,-100,-9,-5,8,-53
2,1,-4,30,3,0,26,52
-5,-9,-6,24,26,16,-3,7
-4,0,-9,-30,-12,-13,-23,-15
-15,-15,-14,-11,-18,-10,-1,-10
34,46,2,-30,3,11,13,37
21,5,-8,21,15,8,16,38
-2,-5,-36,-28,-9,-2,11,6
-27,-46,2,-16,12,2,-7,-51
11,45,-3,1,-2,2,-4,-23
-16,-3,8,-6,-13,-16,-32,-33
29,35,26,45,28,8,-11,38
-4,15,10,38,2,-1,0,5
22,22,29,-58,-4,14,14,40
13,34,11,17,19,2,-29,23
-17,-43,-20,-25,-15,22,102,13
-24,-55,-17,2,-4,-21,-43,-30
3,51,4,46,29,28,4,-4
-10,-2,-10,20,-18,-18,-16,-12
-2,-5,25,33,35,13,6,13
4,6,4,-2,-14,-13,-14,-1
14,31,5,-10,-30,-9,15,3
-10,-19,-15,-32,5,-14,-28,-10
-10,-14,-44,-51,-6,-11,-6,-9
-8,-21,-32,-25,-11,-1,-12,-4
-8,-21,-32,-25,-11,-1,-12,-4
-1,0,-20,-19,4,5,15,-3
-1,0,-20,-19,4,5,15,-3
-2,-4,7,5,-6,8,56,3
4,6,21,21,6,-7,-35,3
-7,-10,-34,-1,-10,-7,-12,-4
0,-3,-1,28,-4,-2,-5,-1
-2,3,-5,-14,13,5,-20,-6
1,0,-15,-31,1,11,22,8
4,2,27,32,10,1,-27,-1
2,3,13,3,10,6,0,2
2,3,13,3,10,6,0,2
2,1,-1,4,1,0,-10,3
-3,-5,2,-9,4,0,-5,-6
-4,-4,-1,-15,-11,-17,-20,-5
2,2,17,17,1,-10,-28,-3
