-6,-2,0,-2,0,4,0,1
1,-2,-4,-10,-5,1,-7,1
1,-1,-4,-10,-2,-4,-7,1
-7,-3,-1,0,1,-1,4,-5
0,3,3,-6,-2,2,-7,-1
-1,1,6,-2,1,-3,-5,2
-5,-2,-2,6,0,-3,-2,-2
-2,0,0,-1,-3,-3,-1,-1
-2,2,-2,-4,0,-3,-5,4
-5,2,1,-3,-2,3,-3,-2
-3,1,-2,0,-2,-3,-2,4
-5,-2,-2,0,-3,-2,0,1
-4,2,-4,-1,0,0,2,-3
-7,-3,-2,2,0,-2,3,-2
-4,-2,1,1,-1,-1,-1,1
-4,-2,1,1,-1,-1,-1,1
-8,-7,-7,-5,0,2,-1,-1
-10,-3,-7,3,-2,-5,2,-3
-8,-2,-2,3,0,-1,5,0
-9,-3,-6,1,1,-5,7,-5
-12,-10,-15,-2,0,-2,5,-2
-11,-2,0,6,3,-6,7,-4
-5,-5,-1,-5,-4,-1,-1,-1
-14,-4,-5,3,-1,-2,5,-3
-11,-5,-1,4,-3,0,2,-3
-13,-10,-5,2,3,1,6,-2
-14,-6,-6,6,3,0,7,-1
-7,0,-3,-5,-1,-1,1,1
-13,-6,-8,4,-2,-4,5,-2
-15,-8,-3,8,-4,-1,4,-2
-12,-4,-5,0,4,0,9,-1
-11,-4,-5,3,1,-2,7,-3
-11,-4,-2,2,-1,-2,3,-2
-11,-4,-4,4,5,1,6,-4
-15,-5,-10,4,-4,-2,0,-1
-15,-6,-3,2,1,1,6,-4
-13,-4,0,1,0,-4,5,-2
-15,-12,-10,-1,3,-5,3,-3
-13,-7,-8,1,-1,-4,5,-4
-13,-6,-8,0,-4,0,2,-1
-11,-9,-7,5,-1,-4,7,-1
-10,-9,-9,2,0,-1,5,-1
-6,1,2,12,6,1,10,-2
-16,-16,-14,-39,-14,-2,2,-8
4,3,3,54,16,3,6,-19
-3,-19,-22,-35,-5,-3,2,-6
-10,-15,-9,88,25,-13,37,-20
16,28,27,127,55,5,92,75
29,20,3,67,6,12,-61,-4
19,25,1,11,15,3,7,4
-25,2,-14,-73,17,28,49,43
-6,-4,0,65,24,-38,65,10
38,3,-4,25,-7,-10,-4,-17
73,51,-10,50,-7,11,20,39
-26,18,-10,-11,4,-8,-47,-12
-13,-31,10,-53,-42,6,6,-55
-38,-25,-11,17,-11,4,67,62
-36,-23,-15,-33,-20,0,9,-31
6,9,-6,-14,17,-6,22,29
17,0,-7,-46,-26,9,-8,9
-23,-14,-4,46,-7,7,-37,-38
-23,-7,4,31,5,0,-16,-16
31,-6,-8,-128,-33,2,-3,26
18,8,0,-28,19,2,14,-3
-8,-1,5,-3,-5,-1,11,12
-8,-1,5,-3,-5,-1,11,12
-3,8,-2,-87,-4,-2,-49,-64
-8,9,3,33,25,-1,-28,-48
-8,9,3,33,25,-1,-28,-48
-9,-11,2,-26,-20,0,-13,-14
-29,-3,-5,37,2,1,9,14
-29,-3,-5,37,2,1,9,14
-23,-8,-2,51,18,0,-2,2
-4,0,-6,33,28,-11,18,11
-4,0,-6,33,28,-11,18,11
-10,-10,-10,-24,6,-3,28,9
15,6,6,-47,-5,1,18,20
-7,-10,-5,2,-2,-4,29,17
-7,8,1,39,3,2,38,21
-7,8,1,39,3,2,38,21
-21,-3,-2,34,-15,-5,-13,-34
-9,-10,-2,-54,-34,1,-30,-7
-8,-9,1,6,0,2,2,10
-2,-1,-3,29,11,-1,-13,-23
-2,-1,-3,29,11,-1,-13,-23
1,-13,-2,-13,2,-3,30,43
18,5,3,1,6,3,21,14
-4,10,5,-3,2,-4,-28,-22
-4,10,5,-3,2,-4,-28,-22
1,-2,7,-2,-4,-2,-6,-8
7,-1,6,-11,-6,7,-39,-5
-15,-5,-1,23,12,6,-45,-22
1,5,11,-20,-22,-8,-4,-15
1,5,11,-20,-22,-8,-4,-15
-7,-6,-12,-14,-12,-2,-25,25
1,-8,-32,-38,-17,-5,-69,-22
9,-5,3,-6,3,6,2,5
6,0,-2,-25,-17,-3,34,-4
-8,4,41,29,-4,14,3,-40
-6,0,-3,-62,-12,12,10,14
-4,0,-7,-5,-2,0,0,0
-4,-5,-3,0,-1,-1,0,-2
-4,-1,-5,-5,-4,-1,1,0
-12,-4,-8,-3,2,-2,7,-2
-6,-3,-4,2,-3,-1,2,-1
-5,1,-3,-1,-1,-5,3,-3
-7,-4,-3,-1,-3,-5,0,-2
-13,-2,-5,5,2,-3,11,-3
-7,-3,-1,1,2,0,4,0
-12,-6,-5,5,0,1,3,-2
-6,-8,-11,2,-5,-2,4,0
-12,-3,-5,-1,0,-6,7,-1
-15,-7,-14,-3,-1,-2,6,-4
-12,-6,-8,9,3,-4,5,-2
-12,-2,-3,3,0,5,5,-2
-12,-3,-6,-2,-1,-4,7,-1
-8,-3,-6,1,1,-5,9,-5
-13,-6,-5,-6,-1,2,2,-1
-10,-9,-7,3,-4,-3,7,-4
-12,-9,-10,3,-1,-2,5,-5
-8,-2,-5,4,1,0,4,-3
-8,-3,0,10,-1,-4,2,-3
-7,-4,-3,-1,0,-4,8,-1
-9,-3,-5,6,-4,3,6,-3
-9,-4,-5,-5,1,-5,5,-3
-11,-4,-7,1,0,-4,7,-3
-13,-1,-6,0,0,-7,5,-5
-17,-6,-12,5,2,-3,11,-2
-9,-5,-12,-1,-3,0,5,-1
-12,0,-6,0,-4,4,7,-3
-10,-7,-4,-5,0,-3,8,-1
-12,-6,-1,2,-1,-4,6,-3
-6,-1,0,1,0,4,4,-2
-13,-8,-3,-3,-2,0,6,-5
-8,2,3,2,0,4,5,-1
-15,-4,-8,0,0,-1,10,-4
-12,-4,0,7,1,0,6,0
-10,4,-1,9,0,-3,7,-5
-7,2,6,7,1,1,2,-1
6,-3,2,-1,9,2,4,7
-2,-5,-14,-26,-8,-1,0,-6
7,11,3,17,4,-1,25,22
-3,-12,-19,-5,-10,-2,2,-11
-11,16,5,6,-2,1,-7,-26
11,9,2,17,6,6,-9,16
-27,-11,-10,28,13,10,-31,-17
14,-1,18,-9,5,0,32,28
18,9,8,75,37,11,36,20
35,19,5,-125,-83,-3,-66,10
0,-2,3,-75,-4,2,-31,7
-37,-19,-4,67,-27,3,-28,-57
-29,-2,-13,78,24,-26,-27,-25
10,4,2,105,33,6,4,12
-4,-1,22,-2,13,17,33,5
21,-1,-5,-85,-23,3,4,5
-23,-4,-1,62,10,-4,24,-15
-34,-19,-9,76,26,-12,-48,-51
-10,-8,-26,-4,20,-6,35,35
10,-2,6,44,-4,5,29,27
-25,2,-9,8,-12,1,-13,-9
-28,-4,2,-61,-19,-3,2,-2
-28,-4,2,-61,-19,-3,2,-2
-4,2,11,32,-5,-8,-56,-46
-11,-19,-9,0,-2,-5,9,-6
-3,-5,-10,31,10,2,-1,-11
-12,-8,-4,-9,1,-3,11,-8
-12,-8,-4,-9,1,-3,11,-8
24,10,8,-57,-24,-2,-6,-3
24,10,8,-57,-24,-2,-6,-3
3,1,9,12,12,3,12,-2
-15,2,-4,16,-2,-3,-16,-19
-23,-12,-2,80,-1,-5,-29,-29
5,8,7,1,7,1,-6,-5
-11,-1,-7,-7,-1,0,6,-2
-14,-4,-9,7,1,-1,7,-10
-13,-7,-9,1,-1,-9,6,-6
-10,-7,-7,5,-2,-5,-1,-4
-4,-2,-7,-15,-2,-8,-2,-3
-12,-6,-5,-2,0,1,9,0
-14,-6,-2,8,3,6,7,-1
-5,-4,-5,0,0,3,3,-1
-5,-3,4,3,-1,-4,0,-3
-5,-4,-5,2,1,-1,-3,-3
-13,-6,0,8,1,-8,12,-2
-9,-6,-5,2,2,-7,3,-2
-10,-4,-2,5,-1,-3,5,-3
-8,0,-6,7,0,-1,3,-1
-6,-2,-7,-2,-1,0,8,-2
-9,-6,-7,-2,0,-3,0,-2
-7,-5,-5,3,1,-2,9,-1
-6,1,-6,5,-1,-4,4,-2
-8,-5,-5,0,-1,-4,1,-5
-15,-5,-9,-2,1,-11,7,-3
-12,-2,-8,0,-1,-9,0,-6
-12,-2,-14,-4,-3,-1,3,-2
-11,-5,-10,5,0,-4,6,-7
-13,-6,-14,-5,4,0,6,-4
-12,-7,-6,1,1,3,12,-4
-10,-3,-5,4,0,4,6,-6
-11,-6,-11,-4,-2,-3,2,-4
-9,-6,-8,0,-1,-5,5,-4
-10,-3,1,2,2,-3,3,-4
-7,-3,0,12,3,0,4,-2
-10,-5,-10,3,0,-6,3,-4
-7,2,-1,1,-1,-2,4,-3
-7,2,-1,1,-1,-2,4,-3
-10,-6,-4,3,2,-2,5,-5
-3,-1,7,6,2,0,4,-4
-1,1,-2,-3,4,4,4,-3
-1,5,0,3,1,5,2,-1
-1,-2,4,9,3,1,7,5
-6,-7,-19,-4,-2,0,1,-7
4,8,3,11,0,-2,5,4
-3,-4,2,18,2,-1,-8,-26
-14,-7,0,-37,-6,0,-7,-2
-15,-23,-14,26,-4,2,13,2
-11,-3,-8,-42,-11,0,-19,7
-14,-5,11,37,18,2,26,-18
19,2,-1,-21,-16,-4,-14,29
-35,-21,-3,-11,-40,3,-26,-33
3,16,3,-44,-12,10,-65,-55
16,6,4,-33,-29,14,-10,-15
16,6,4,-33,-29,14,-10,-15
14,5,-11,90,43,0,-10,32
12,14,4,17,23,11,-20,-10
-16,-29,1,-24,-14,-1,-28,-47
-14,9,7,58,14,1,-13,-17
-23,-4,-11,26,34,-6,10,-8
4,7,12,-105,0,-3,27,38
1,5,2,13,20,-7,33,49
5,-8,-14,-27,13,-7,12,30
-17,9,10,-19,-1,3,-25,-57
15,10,-10,-34,0,5,-25,4
36,3,13,34,0,-11,61,63
36,3,13,34,0,-11,61,63
21,2,-2,9,15,-3,-27,-20
21,2,-2,9,15,-3,-27,-20
-16,9,10,55,-8,6,-34,-58
5,5,3,-56,-21,2,2,5
24,11,24,-64,-28,2,-13,7
-22,-8,9,27,5,-9,-52,-47
15,-1,-9,-81,-16,-1,-16,19
2,-1,-6,-4,9,-2,-20,-17
2,-1,-6,-4,9,-2,-20,-17
5,-2,-8,-28,9,8,7,-6
5,-2,-8,-28,9,8,7,-6
-5,13,0,46,8,-4,20,22
-19,-2,-4,19,0,-3,-18,-42
-1,0,1,-16,-14,0,-31,-21
13,1,2,6,4,4,12,18
3,-2,7,5,2,5,11,15
4,5,1,-55,-17,-3,-10,-24
19,6,5,-53,-1,6,19,29
19,6,5,-53,-1,6,19,29
-19,-1,5,-6,-7,-2,-27,-37
9,5,3,-26,-2,0,10,17
-7,0,2,9,5,-5,-2,-9
9,1,3,-15,-4,-2,11,7
-1,4,11,10,5,1,-9,4
-30,-6,-25,-19,-12,-11,-23,-31
6,5,10,45,16,3,49,16
-2,0,-2,8,0,0,-1,2
-2,2,-2,-8,-1,-6,0,-1
-2,0,-1,-3,-1,-4,-4,4
-3,-2,-6,-4,-2,-6,-6,0
-5,-2,-5,-2,-3,-2,0,0
-5,-2,-11,-1,-3,-4,-4,2
-4,-5,-3,3,-1,-3,2,-4
-3,-4,-5,-4,0,-5,0,2
-10,0,-12,-2,5,-6,9,-2
-2,-4,-7,-5,1,-2,3,0
-9,-6,-1,2,0,-1,5,-4
-4,-4,-3,-2,-1,-2,-5,1
-4,-2,-3,0,-3,-4,1,2
-4,-2,-3,0,-3,-4,1,2
-4,-2,2,3,-2,-6,0,2
-9,-8,-8,6,-1,-1,7,0
-11,-6,-10,0,0,-1,5,-1
-8,-4,-5,0,-1,-4,3,-4
-9,-5,-11,-2,-2,-6,4,-2
-12,-4,-2,7,-1,-3,3,-4
-8,-5,-6,0,-1,-5,3,-2
-6,-2,-8,-3,0,-1,5,-3
-10,-4,-10,-3,1,-5,1,-3
-12,-6,-7,2,2,-3,2,-3
-11,-4,0,8,0,-4,3,-2
-11,-3,-8,-11,-2,-2,6,-2
-9,-5,-5,0,1,-4,6,-4
-11,-3,-10,5,1,-4,9,-1
-10,-2,-6,2,-1,-5,4,-2
9,3,3,0,-2,0,-5,2
-10,-5,-5,2,-2,-6,2,-3
-14,-7,-4,6,1,1,1,-3
-9,-6,-3,4,-1,-1,-1,-2
-9,-3,-9,-3,-3,-1,3,-3
-7,-2,-5,-1,0,-3,6,-3
-12,-2,-6,-3,1,-1,-1,-1
2,6,7,4,2,5,3,-2
-7,1,-3,6,-1,-1,1,-4
-10,1,-5,2,-2,-1,3,-3
-16,-11,1,6,3,-1,-1,-10
-12,-16,-22,-23,-8,0,2,-4
-7,-19,-3,-3,-3,-3,-2,-10
-3,-7,-16,10,6,2,0,17
26,17,27,-15,-21,-5,-12,-13
-3,23,23,13,21,0,19,1
-12,-4,4,34,-4,5,-93,-66
-23,-11,-34,58,16,11,-26,-30
71,33,26,-80,-23,-6,16,14
-20,2,-14,-27,54,16,44,16
-13,-4,7,22,-9,-5,17,16
-18,-4,-11,38,18,6,-30,-92
50,3,22,-102,-44,0,-29,-7
-2,-3,-1,-29,-4,-6,-56,-38
16,16,7,35,17,17,54,69
29,-3,2,-56,-18,8,19,29
2,-37,-12,-81,-51,-6,-64,-28
-16,-1,-11,24,1,4,59,43
5,9,-3,5,14,-5,53,56
5,9,-3,5,14,-5,53,56
37,12,24,-58,-28,1,-43,-44
-2,-3,-16,-15,-10,6,30,41
6,14,-3,26,42,5,40,17
-34,1,-1,34,2,-1,8,-3
-34,1,-1,34,2,-1,8,-3
-6,-2,7,-27,-6,-8,-36,-60
8,5,1,-26,-20,-5,-28,-15
-17,-4,-3,36,9,-7,-23,-35
-9,-6,1,7,-2,-5,0,-4
-7,-2,0,0,-1,-3,6,-3
-8,-6,-14,-9,-4,4,-2,-1
-9,-5,-12,1,-1,-4,-1,-3
-5,-2,-12,-12,-4,-5,0,1
-12,-2,-3,4,1,2,3,-7
-6,-5,-11,1,-1,-5,3,-3
-11,-5,-8,3,1,0,2,0
-10,-4,-8,-4,-1,-3,7,-2
-8,0,-6,-3,0,-1,3,-2
-12,-3,-9,-3,-1,-1,2,-1
-7,-10,-11,9,-4,0,-4,-3
-10,-4,-10,3,4,-1,3,-2
-9,-4,0,-5,-5,-6,-7,-3
-8,-2,-2,7,3,-1,5,-4
-8,-3,-5,7,1,0,5,-3
-7,-2,-8,5,-3,0,-1,-4
-8,-6,-12,-4,1,3,0,-2
-7,-7,-13,-7,-1,-6,3,-3
-9,-3,-11,-1,2,-1,8,-1
-7,2,-6,2,-1,2,6,-2
-13,-5,-4,-2,0,-3,2,-7
-9,-1,-2,3,0,3,2,-4
-13,-6,3,0,-2,1,5,-2
-6,1,-3,6,-2,-2,3,-3
-6,-4,-3,4,-1,2,6,0
-8,-4,-11,4,0,1,6,-1
-14,-4,-11,1,2,-1,4,-4
-11,-5,-3,0,0,-2,3,-5
-7,-3,-4,2,-1,-1,4,-4
-10,-3,-11,0,0,-1,-1,-2
-10,-3,-1,-1,-1,-1,2,-4
-9,-7,-9,-3,-1,0,1,-1
-5,3,0,6,3,-3,4,-2
-6,-1,-2,3,-1,3,0,-3
-4,-1,3,3,1,2,5,-2
-14,-21,-17,-11,-7,-1,-3,-8
-2,3,2,2,1,0,1,-1
-2,-1,5,-1,-2,-1,0,-5
-3,8,12,6,3,-2,0,-2
-4,11,18,13,6,-2,7,2
-5,8,14,8,1,-4,7,1
6,5,-9,-13,3,0,11,10
-3,-5,0,6,2,-1,16,6
-19,-24,-26,-20,-3,0,-3,-21
-29,0,12,30,11,-1,6,-6
116,32,7,-96,-52,0,-13,27
-106,-29,-6,-30,-13,-3,-14,-56
-14,-23,-2,97,42,0,6,5
-14,-3,-17,115,47,7,21,8
-8,-6,-1,47,18,24,19,5
-40,-31,3,-44,-5,-23,51,64
-4,7,-2,10,8,23,-70,-68
-26,-16,-11,-19,4,3,-14,19
-28,-5,13,-20,8,-1,-34,-28
2,-9,0,-10,-20,-10,-34,-35
-14,1,13,-35,1,-6,38,41
52,23,-3,-122,-40,-13,-1,10
-11,17,-5,49,-8,-9,-28,-25
-6,-9,-14,45,14,1,19,-8
18,10,9,47,17,11,25,19
16,2,-8,-41,23,-2,-34,-25
-7,-14,12,-64,-8,2,0,17
12,19,8,67,14,-14,-19,-29
12,19,8,67,14,-14,-19,-29
30,11,7,9,11,2,6,10
30,11,7,9,11,2,6,10
-35,-21,-3,25,-5,3,-24,-40
-51,-9,3,-21,-13,3,22,-10
-4,-7,-10,-8,-9,-2,5,12
9,11,2,-38,12,5,9,5
31,18,9,15,7,-8,-10,13
-21,-10,7,17,-15,2,-19,-10
27,7,4,23,-3,-3,7,6
-31,-7,2,-6,-14,-5,-31,-33
-31,-7,2,-6,-14,-5,-31,-33
-9,-7,9,-13,-1,0,9,12
-9,-7,9,-13,-1,0,9,12
4,-3,4,15,0,0,4,13
0,2,8,-2,-8,-1,3,-6
-2,-6,-2,-19,-2,0,26,26
-5,2,2,14,5,2,-3,5
-2,-4,-5,-5,-2,0,4,1
-8,-3,-10,0,0,-1,2,-1
-10,-6,-13,0,-3,-3,-2,-5
-10,-5,-6,0,1,-1,5,-7
-6,-6,-11,-9,-1,-6,5,4
-10,-7,-11,-1,0,-1,2,-4
-9,-4,-5,6,0,-3,3,-2
-7,-2,-12,6,0,1,6,0
-12,-4,-2,0,1,3,-1,-3
-11,-5,-4,-2,2,-4,6,-6
-11,-3,-9,1,-1,1,2,-3
-12,-6,-17,-3,-1,-6,5,-1
-7,-3,-8,1,1,-4,-1,-3
-10,-6,-8,0,2,-3,6,-3
-10,-3,-5,-2,-4,4,-1,-6
-10,-5,3,4,0,0,7,-4
-11,-2,-2,2,-1,-4,5,-2
-10,-2,-8,1,1,-5,-4,-4
-6,0,-13,-1,1,-3,-2,2
-4,-1,-11,2,-2,-3,0,0
-9,-5,-6,2,-2,0,-4,-3
-11,-5,-6,0,-3,-3,1,-5
-7,-7,-6,0,-3,2,2,-3
-9,-4,-7,-2,1,-2,4,-1
-11,-3,-6,-1,-1,0,-5,-6
-8,-1,-4,3,-2,-2,3,-2
-5,1,3,7,1,4,8,-2
-11,-2,-4,5,5,0,3,-6
-4,-1,-2,4,-1,2,3,-4
-4,-3,-1,4,0,-2,1,-3
-3,1,1,1,0,-1,1,1
-4,-2,-4,-3,-3,-2,3,1
-8,-4,-13,-11,1,3,1,-6
-7,-3,-10,7,1,-1,0,0
6,5,7,-6,-2,1,-2,2
-1,4,0,-4,-2,0,1,-3
2,10,8,4,2,0,-2,-2
1,5,6,4,0,-1,0,2
-8,1,-2,-1,-1,-1,-2,-5
22,22,14,28,5,-4,4,-6
-31,-20,-8,-64,-27,-2,-2,-17
0,7,17,-40,-20,-6,32,29
16,-15,-13,38,25,5,15,30
16,25,28,-7,-18,-2,-31,-33
6,-8,-10,-111,-27,15,-9,-5
7,-17,-2,35,-1,-6,-16,13
0,-10,-28,-10,11,22,-2,-16
-16,-10,7,127,21,-14,-1,20
30,14,-6,-3,20,2,55,39
-40,-7,-11,13,14,2,13,-22
7,-17,-25,42,20,-5,36,41
-33,9,12,58,19,-20,-41,-60
29,3,-5,4,13,11,45,54
7,0,3,-70,-30,4,19,16
7,0,3,-70,-30,4,19,16
-10,-4,4,7,4,-1,7,10
-5,14,14,3,-11,-6,-1,2
-30,-9,-11,105,16,-2,-28,-46
10,12,3,17,12,-2,10,17
10,12,3,17,12,-2,10,17
-11,-6,7,-18,-17,-9,-65,-79
7,5,4,-29,-14,-6,22,10
25,10,10,-10,2,5,25,26
-19,-8,1,-9,-1,0,3,12
-5,-5,-1,34,25,5,34,17
-9,2,-1,31,-2,-6,-1,-1
0,-3,3,-2,-2,0,0,-5
-10,-3,0,-2,1,0,-2,-7
1,2,-1,0,-1,-1,9,2
-2,-1,4,6,0,-4,-1,-2
-5,3,9,2,1,4,3,-4
-4,0,0,-1,1,0,3,-1
-5,-4,0,-3,-2,2,4,-4
1,3,1,-8,-3,3,-5,0
4,3,-1,1,1,1,0,-2
4,3,-1,1,1,1,0,-2
3,3,5,-3,-1,-2,1,0
-4,-2,-1,3,-1,0,-7,-2
5,-2,-2,-9,2,2,0,0
5,3,3,5,1,-2,2,0
5,2,2,-3,1,0,3,1
-2,-1,3,-1,-1,-2,-1,-3
3,-2,0,4,1,-2,0,2
2,-2,4,-4,-3,0,3,0
-1,1,4,-4,-1,-5,-3,-4
6,1,1,1,2,-1,-4,-2
3,-1,4,-5,-5,0,-5,0
2,0,3,3,3,4,1,0
-1,1,0,-4,-3,-1,-1,0
-5,-1,0,1,1,1,2,-2
-3,1,3,3,0,2,-2,-2
6,1,0,6,1,-1,1,0
2,1,-1,-2,1,-1,-2,1
2,0,8,-9,-3,0,4,2
9,4,6,-7,-2,1,-2,1
1,1,-4,-4,-3,3,-2,-4
0,3,-3,-1,1,-1,0,2
-4,0,-6,-3,-2,1,-2,-2
1,2,1,3,0,3,3,-3
11,4,0,-4,0,-4,-2,2
0,-3,-2,0,-4,1,1,-1
6,-2,2,0,-2,0,0,2
3,5,8,1,2,2,0,1
9,19,17,4,0,-5,-3,-4
2,-13,-2,1,-4,0,3,9
6,-9,2,-4,4,-1,3,9
9,-10,-5,-37,-17,0,-4,8
9,19,29,22,3,-5,-5,-38
-26,6,3,7,9,2,-58,-35
-16,-18,-12,-17,11,3,-5,19
51,12,-9,-5,-5,2,-20,18
24,-18,-4,-82,-5,29,41,55
-12,-10,-5,119,35,-33,-72,-46
26,11,-20,94,-2,-1,-21,-26
-48,1,1,123,6,-2,-34,-49
12,-4,11,-90,-13,7,33,61
16,-10,-2,-65,-10,-13,13,14
-15,3,3,57,14,-10,-9,-7
43,18,3,-65,-2,-4,78,75
-7,6,-7,121,44,7,3,-6
6,-10,24,-47,-55,3,-77,-7
-30,-9,-16,111,18,-4,-5,-31
-30,-9,-16,111,18,-4,-5,-31
23,-1,-16,38,-4,7,-31,-34
8,-8,0,-37,4,1,22,27
-17,7,13,94,49,7,38,33
15,4,15,-19,-14,6,17,16
52,18,7,-40,-8,-5,-7,1
-2,-1,-17,-37,22,3,13,20
-2,-2,13,-24,25,-1,29,29
-19,-2,6,48,2,-7,-36,-24
0,7,3,-15,-18,1,2,-5
0,7,3,-15,-18,1,2,-5
11,8,-3,3,0,6,18,27
3,7,9,-26,9,5,-2,-5
3,7,9,-26,9,5,-2,-5
-8,-6,20,-60,-31,0,-86,-72
10,-4,6,7,10,4,16,27
-4,1,-8,-6,-7,-3,-10,-6
10,0,5,-12,-1,-2,6,19
11,1,9,-5,-2,-2,6,2
7,2,1,0,-1,-7,-9,9
5,2,8,6,22,13,26,10
-3,-15,-72,-61,-48,1,-15,-12
9,8,34,48,-11,13,36,-4
-3,0,-5,2,1,12,2,0
-1,-4,-1,-5,1,12,0,-12
-3,1,-21,-4,-1,11,3,4
-5,4,9,-1,-2,0,2,-2
2,3,19,0,-3,7,-3,3
1,-2,5,-4,-7,13,-7,-18
-3,-1,1,-1,1,12,2,2
-1,-7,-2,-2,-7,13,-3,1
-2,-5,3,2,-1,10,0,5
-7,-1,-10,-3,-3,11,-1,2
-7,-5,3,1,3,15,4,-3
-8,-6,-3,0,-3,8,0,-10
-8,-4,-8,-2,-2,21,2,-5
-3,1,1,-1,-2,8,-3,2
-4,-2,8,1,-4,10,0,1
-10,-2,5,1,1,19,5,-4
-4,-2,3,-3,-2,19,3,7
-6,-3,-4,0,-2,23,2,7
-7,-1,18,1,0,18,0,-1
-7,-1,18,1,0,18,0,-1
-7,-4,24,0,-5,13,-1,-4
-5,-2,-7,-3,1,23,5,-1
-6,-2,-11,-4,-1,17,2,-2
-10,-2,-3,-1,-2,24,1,-3
-6,-1,-4,-3,-2,17,3,1
-7,2,-1,-3,-5,12,1,-3
-12,2,-8,0,-1,22,2,-1
-10,-2,1,3,-2,24,4,-5
-6,-2,-2,-2,0,18,6,-5
-7,-1,2,1,3,15,4,-4
1,-1,1,-3,-2,-1,-3,0
-9,0,-10,-4,1,11,2,-5
-5,2,0,-1,0,14,3,-3
-6,1,0,-2,-2,22,5,0
-2,0,2,2,0,11,3,-4
-8,-2,2,-4,0,12,4,-1
-9,-3,-1,0,1,28,3,-3
-9,-7,-1,4,5,14,4,-5
2,3,-30,-40,-3,7,2,-3
-10,-1,12,11,3,20,15,1
-14,5,5,2,-3,7,1,-3
6,23,6,14,10,7,2,-4
4,4,6,4,3,4,-4,4
11,7,12,15,1,4,1,0
-6,6,-1,-1,3,-3,14,-3
0,5,5,-16,0,-3,9,5
0,5,5,-16,0,-3,9,5
28,-4,-8,6,7,-4,-27,14
-5,5,58,108,32,-6,66,34
-43,-3,-37,-36,-30,-8,-89,-63
-64,-5,37,21,-19,20,-87,-63
38,3,-91,-23,-1,-91,35,34
12,5,-33,-39,-9,-17,-73,4
-30,4,15,-3,-14,21,65,8
0,-2,36,37,23,-4,20,-13
-30,-4,-1,-59,-5,14,58,-18
13,0,0,-14,4,14,-2,5
10,1,-109,-61,12,-34,47,22
-3,-4,-48,6,8,-12,26,6
16,-1,19,21,18,16,5,-1
22,-4,9,-17,-4,25,-21,-18
-7,0,41,38,-7,19,-90,-78
-39,1,16,-12,-12,-17,-31,-32
-25,0,31,58,6,-4,-79,-45
-25,0,31,58,6,-4,-79,-45
23,1,-30,-29,-3,-5,78,34
-13,1,4,-46,-5,31,73,26
-10,4,-16,59,35,-10,-18,2
13,-1,20,17,0,10,63,30
-6,-4,-17,1,-11,-5,23,-7
10,0,20,-58,-13,-4,64,23
20,3,-1,6,2,-60,-26,4
-5,2,3,21,16,-3,-7,9
11,-1,2,-21,-9,-2,-7,12
11,-1,2,-21,-9,-2,-7,12
31,-2,-16,-3,-3,-1,1,4
14,-4,-15,-30,-11,-16,-21,10
7,-2,-6,33,7,-40,7,14
-11,-1,0,43,2,-26,-45,-35
-7,-2,15,24,15,19,57,12
-7,-2,15,24,15,19,57,12
-25,-2,18,-15,-3,10,-68,-45
11,-1,34,40,12,0,57,19
-15,0,-27,-36,-22,0,-37,-9
11,1,15,7,10,2,-54,7
1,4,5,-5,22,-6,-3,-8
-19,-2,-53,-15,-7,-11,-51,-22
9,1,10,-14,-12,8,0,-7
9,1,10,-14,-12,8,0,-7
18,0,0,22,10,7,64,26
9,3,-4,0,3,3,79,12
-20,-1,47,15,0,-10,-30,-15
37,-1,-85,-50,3,-65,61,76
-3,-3,-7,-21,-15,-9,-26,-26
25,4,-86,-85,-9,-32,-3,20
18,-2,-20,-53,-15,17,3,-18
15,0,42,24,-14,24,-112,-37
6,-3,3,13,24,18,70,26
-3,0,18,11,-10,38,-55,-29
-26,3,83,61,3,27,19,-8
0,-5,0,9,6,-13,50,20
0,-5,0,9,6,-13,50,20
10,-4,-21,-37,-12,-18,-10,-7
-11,-1,-12,2,-2,-5,21,-7
-11,-1,-12,2,-2,-5,21,-7
-17,-2,-2,-1,1,-5,-26,-28
4,-4,21,66,8,-37,-65,1
7,-1,-36,-42,-3,4,12,-6
3,3,3,-14,-4,-10,12,5
11,0,-57,-49,-12,-11,-38,-11
5,-6,4,-8,-3,10,-16,-1
-3,0,11,8,5,3,27,28
9,-1,2,1,3,-10,-5,6
1,-4,9,6,-7,22,5,7
-2,3,2,-8,-3,-2,-4,-10
1,-4,-31,1,-4,1,3,-31
4,1,71,-17,-6,-16,-9,1
-1,2,-4,-17,-16,-26,-9,-10
10,-2,-29,17,16,-2,5,0
12,6,41,-5,-6,-17,-6,9
2,1,-12,-4,-1,-1,-5,7
-2,-2,-5,2,-1,12,2,2
-1,0,-18,-4,0,26,4,0
1,-2,1,0,3,12,-2,1
-2,-2,4,3,1,0,0,-3
-1,-1,-1,1,1,12,2,12
5,-1,3,-3,-3,4,-2,3
-6,-1,4,3,0,-2,0,0
3,-4,2,1,-2,-3,-4,3
7,-2,4,-4,-4,-1,-5,2
-1,2,5,4,0,4,0,-2
11,2,2,0,-1,6,-5,3
0,-3,-7,-1,0,12,1,-6
-1,-2,10,0,-3,17,-3,-3
6,-2,-7,-3,-4,4,-4,1
5,-2,-4,0,0,1,-4,0
0,-2,12,0,1,10,0,2
1,-1,-3,-6,-2,12,-1,1
-5,-2,3,-1,0,8,4,-5
-1,1,-6,0,2,9,4,0
-2,3,5,-1,-1,-2,1,6
1,2,4,0,1,3,-3,-4
-1,-3,-4,0,-1,13,-2,-7
5,2,-8,-2,-3,-6,-6,3
5,2,-14,-4,-1,-13,-2,1
0,-7,10,2,-4,2,-1,-5
-8,-1,-13,-2,3,8,2,-1
-3,-1,-10,-4,-1,12,0,-1
1,-3,2,-4,-1,5,-1,-1
-3,-3,-6,0,0,5,-1,-3
10,0,-10,1,-1,2,-4,7
10,-5,-1,0,-4,-2,-5,7
-1,-5,0,3,2,13,0,-1
10,2,-6,0,-3,-1,-4,6
-1,0,7,0,2,2,-1,-1
-1,0,5,0,-1,3,0,-2
-5,0,-9,3,0,3,2,2
5,-5,15,31,4,18,2,-1
1,-3,-34,-42,-5,-7,-18,0
5,1,4,-9,-8,8,-5,-12
16,-9,-8,-16,-1,-3,-12,9
12,-2,11,7,0,4,-24,10
9,0,16,16,19,3,35,17
5,-1,15,1,4,36,36,20
9,0,-15,-20,2,11,-14,-20
15,-1,-19,-41,-7,-30,-41,-6
12,0,18,27,4,4,35,25
-14,0,9,27,19,43,97,14
19,-5,-62,-47,30,6,66,18
5,5,36,37,-5,59,-12,7
-6,5,-60,-93,-26,-26,-128,-29
-37,0,67,82,16,60,60,-35
28,-6,33,60,14,-15,14,21
37,-2,57,73,11,4,33,46
-29,2,79,49,-6,34,-67,-64
-6,-6,96,81,0,16,56,1
31,-1,-109,-96,-16,-14,33,10
-31,4,19,-29,-29,18,30,7
-39,0,-73,-27,3,-37,-87,-38
10,0,-1,9,2,34,3,73
41,-2,-25,-18,31,-2,67,49
25,-3,8,17,8,-3,71,31
25,-3,8,17,8,-3,71,31
-43,-2,33,18,-5,4,90,15
-43,-2,33,18,-5,4,90,15
30,-3,9,11,19,23,102,20
24,6,-99,-59,11,-73,-71,6
24,6,-99,-59,11,-73,-71,6
-19,0,37,30,19,49,115,10
38,-3,-26,11,-2,-17,-92,-13
7,-1,33,1,12,7,-57,-41
22,0,32,17,-10,25,1,6
7,-4,24,51,16,-11,87,-5
7,-4,24,51,16,-11,87,-5
-40,2,52,40,1,30,83,-11
-42,-2,74,56,-7,28,-15,-45
-42,-2,74,56,-7,28,-15,-45
21,-2,13,-15,-6,12,18,-11
3,4,11,29,-16,-51,-127,-13
22,-2,11,24,14,-22,-40,35
-3,-4,-67,-62,-6,-18,-43,-2
-3,4,-69,-68,5,36,-90,-14
27,0,-45,-75,-21,-54,-40,-1
-21,-3,42,20,3,-25,-48,-18
-15,5,3,3,11,12,66,28
-8,3,37,38,-12,20,-76,-58
-7,-4,15,12,-17,45,27,-8
-26,-2,6,5,3,25,5,-25
-3,0,-8,-59,-18,12,4,35
-30,-2,-68,-81,-23,27,-27,-62
-30,-2,-68,-81,-23,27,-27,-62
-13,1,83,97,16,31,16,75
8,-2,35,30,12,-36,-8,-38
8,-2,35,30,12,-36,-8,-38
16,-1,-25,-50,-1,21,127,82
25,-2,-3,-27,-9,17,-7,4
35,-5,1,16,3,21,0,10
-1,1,-15,-9,-2,12,10,-2
1,-7,-8,0,-1,-6,-16,10
2,0,3,7,4,21,9,-7
2,0,3,7,4,21,9,-7
4,-3,-9,-11,-3,4,3,4
-2,1,12,0,-9,4,-6,-14
-8,-5,6,17,7,10,-3,-4
-2,4,-5,12,3,22,7,9
-1,-3,-16,8,8,-25,-4,-3
-10,4,6,5,3,33,9,0
-12,-6,3,-4,1,30,11,1
-10,-2,11,3,4,19,3,6
-7,2,-11,13,17,21,24,32
-16,-5,-6,3,6,18,8,6
-18,1,34,3,-2,1,-5,-14
-6,2,-33,-18,-4,16,3,-8
-3,-4,36,-1,-7,23,-1,21
-1,2,-27,-8,-1,19,4,-10
-6,-4,12,1,-4,12,-9,-9
-11,3,-3,-1,2,11,9,0
-2,1,-6,0,1,12,2,4
-5,2,4,-1,-4,13,7,4
-4,-3,-1,-7,-3,15,5,6
-4,-2,-9,-7,-4,15,1,-5
-6,-3,2,-4,-1,11,6,-1
-1,-1,16,-2,-2,2,-27,-22
-4,-3,2,2,3,10,10,0
-5,6,-12,1,3,9,7,-1
-5,-4,0,-6,-5,18,5,-4
-9,1,-5,-2,0,18,0,-10
-9,-1,2,1,1,12,1,6
-10,-2,0,-3,-2,19,2,-6
-6,-2,-5,0,-1,7,11,4
-7,3,1,2,0,10,3,-1
-1,-2,3,2,3,1,2,-1
-4,2,-14,-1,3,2,5,-5
-2,2,1,-1,1,0,1,-2
-6,-1,-12,0,-1,2,0,-5
-2,3,-9,-3,1,-2,-2,-5
3,-2,-2,-14,-5,-3,-7,-23
0,-2,2,-1,1,6,3,-6
-3,3,3,0,-4,11,-3,-5
-6,0,-6,-6,-6,7,-3,-2
-1,1,10,2,2,6,4,-4
-2,-1,-10,-1,1,13,3,-2
-2,-1,-10,-1,1,13,3,-2
-5,-1,9,-2,1,13,3,-2
-1,-2,0,-4,-2,7,0,-3
-1,-1,7,3,1,6,0,1
-4,2,-6,0,0,1,-1,-1
-4,-1,0,1,-2,8,3,-2
5,-3,-27,-43,-5,-2,-3,3
-6,-4,13,22,1,16,5,-8
5,4,-7,-12,-2,-1,0,2
4,3,11,23,8,-3,2,-6
-21,3,2,4,0,-1,4,-10
-21,3,2,4,0,-1,4,-10
-12,0,-19,-10,-3,-11,-22,-18
5,-1,-2,2,-6,6,-3,2
-17,-2,-12,-18,-10,-6,4,-5
6,-1,-1,-1,-1,6,-15,4
27,3,1,14,9,-5,38,0
4,1,17,31,7,15,-2,-6
-30,-2,12,3,1,21,-33,-15
-7,2,15,10,-1,-4,1,-6
12,1,33,43,7,2,76,23
9,-10,-16,-22,-10,13,-48,-18
6,-3,2,-11,-16,-14,-31,-16
-1,-4,-53,-50,-11,-45,-78,-18
-9,1,7,-13,-7,5,-3,-10
15,-3,-27,-27,-8,-16,-85,-8
-9,-2,-22,-26,1,-1,39,-16
-11,-1,48,58,8,7,-2,-11
9,0,-5,-13,-7,7,-13,-5
26,1,9,47,14,-31,36,27
-7,-3,-54,-17,0,-59,-22,-22
22,-3,-39,-45,9,37,103,69
-4,3,8,20,2,31,59,-14
16,-1,-38,-60,-36,11,-37,-11
-2,-3,11,-18,-27,-8,-109,-46
-2,-3,2,-6,9,4,80,35
-2,-3,2,-6,9,4,80,35
-27,0,-1,27,-2,-72,-49,-27
-27,0,-1,27,-2,-72,-49,-27
-16,0,15,11,10,12,-60,-21
8,1,33,86,16,-11,-8,13
15,0,27,20,-1,10,31,0
30,0,26,5,12,24,98,28
-6,3,7,8,6,17,67,3
-11,-1,-1,4,10,-38,16,-2
4,0,-3,-2,1,15,-50,-9
-1,-1,-3,-14,4,26,60,17
-2,0,7,-1,0,18,-46,-21
-2,0,7,-1,0,18,-46,-21
-5,0,-41,-57,-18,8,-70,-24
-32,0,4,-4,-3,22,3,-24
-11,-1,9,-2,5,-5,91,25
-11,-1,9,-2,5,-5,91,25
-2,1,3,10,-1,32,47,9
-4,3,13,9,10,12,72,26
-6,-2,3,3,-7,-15,-94,-32
-6,-2,3,3,-7,-15,-94,-32
13,-2,30,21,1,25,108,25
-19,0,2,-3,-3,-2,-13,-26
-4,-3,1,6,10,2,-18,-1
-10,0,-13,-24,-6,2,38,7
-5,1,-4,-7,-9,0,-113,-25
-5,1,-4,-7,-9,0,-113,-25
5,0,-6,14,-2,3,-62,-39
