3,2,2,-4,-1,1,-2,0
0,2,1,8,4,1,3,2
1,0,5,5,-2,-3,-1,-1
-2,-1,-11,-14,-1,4,0,0
0,-3,5,5,0,2,2,-1
0,1,14,6,-1,-5,-3,0
1,4,-29,-3,3,1,4,2
-1,0,28,-8,-4,3,0,0
-1,-5,-26,-2,0,-2,-2,-2
-1,0,26,11,4,1,-1,0
3,8,5,3,2,-1,1,2
1,-11,-58,-17,-7,-2,0,2
-3,6,53,23,5,2,1,-2
1,6,-7,-15,-3,-1,-2,-1
3,-6,25,20,5,5,5,4
-5,-7,-59,-17,-1,-2,-5,-5
2,6,23,-18,-5,-2,1,0
1,1,-4,23,4,0,-1,2
-3,-4,-13,-25,-8,-1,0,-2
3,6,52,35,4,0,0,0
1,-5,-26,-3,3,3,3,3
-4,-4,-12,-21,-4,-4,-2,-2
2,7,-2,-10,-3,1,-1,-1
-1,-1,25,32,7,0,0,0
5,8,-11,5,5,1,1,4
-3,-7,-46,-70,-7,0,1,-1
-4,-6,79,67,-5,-2,-2,-2
7,4,-68,-13,9,4,3,3
-7,1,75,17,-7,-4,-3,-4
6,1,-64,-24,8,5,5,5
-15,-25,-11,-12,-15,-12,-11,-9
26,53,36,61,31,17,11,9
-18,-33,58,-80,-27,-15,-9,-8
-4,7,-81,93,14,7,4,-3
8,-5,-55,-121,-17,1,3,9
-3,-6,45,-22,-4,-4,-3,-3
7,16,98,68,13,-1,-5,2
6,5,-122,50,25,13,11,4
-6,-7,62,32,-14,-4,-2,-4
1,-3,9,-152,-15,-4,0,4
-4,18,-34,153,10,2,-1,-4
-12,-50,21,-179,-42,-11,-4,-4
23,43,122,242,69,19,6,7
-9,11,-130,-85,3,1,2,-2
-5,-21,25,-100,-55,-16,-3,0
2,-17,11,157,30,6,-5,-6
-5,4,-72,-207,-44,-12,-3,3
-17,-55,66,213,24,-2,-8,-13
34,56,-35,-69,35,35,30,28
16,113,35,-40,-23,-33,-25,-12
-45,-168,-79,-124,-36,6,12,-2
35,84,51,249,39,1,-9,3
-30,-6,33,-77,9,9,6,-8
9,-85,-82,-89,-15,-4,3,10
31,162,134,172,47,4,-1,-1
-42,-71,-165,-255,-100,-18,-3,-6
35,-2,59,231,132,26,2,7
-50,-62,-61,-209,-84,-14,-3,-13
23,-12,107,204,18,1,5,15
-10,63,-97,-117,-23,-11,-15,-23
31,-14,114,-65,-34,8,17,26
-20,13,86,65,55,-2,-13,-13
-16,-85,-130,21,-18,1,1,-5
24,77,-48,-130,7,2,8,12
-10,-7,58,109,-7,-1,-3,-7
14,14,-5,-17,-4,3,4,10
-17,-23,-78,16,13,-9,-17,-19
12,-4,122,31,9,14,23,18
-10,-3,-23,-127,-42,-17,-15,-9
4,3,-104,86,33,12,7,0
10,72,64,44,18,11,9,9
-4,-46,89,-64,-20,-10,-11,-7
-4,-25,-58,154,38,8,8,4
7,22,11,-183,-60,-17,-12,-5
6,57,51,157,60,14,5,5
-21,-86,-3,-65,-30,-6,1,-5
6,8,-201,-132,-34,-10,-5,-3
3,24,191,163,32,6,2,2
10,45,-55,-172,-18,6,5,4
-9,-38,24,129,14,-4,-4,-1
-2,-10,-31,63,3,1,-2,-2
15,42,12,-30,2,6,7,9
-31,-117,-138,-87,-28,-14,-12,-14
17,55,114,-6,-6,4,8,8
11,34,-106,119,46,7,5,5
-17,-32,195,-35,-13,-1,-5,-9
10,7,-130,-38,-14,-2,2,5
1,8,152,41,22,6,0,-1
-5,-4,-128,11,-7,-6,-3,-2
10,48,50,-48,-17,-4,-1,2
-7,-43,-17,6,15,6,5,-1
1,0,-22,32,5,1,-1,3
-6,-1,2,-123,-26,-6,-4,-5
7,4,40,152,18,5,5,7
-1,17,2,-178,-20,-7,-7,-7
2,-18,-69,241,44,15,11,7
-5,8,73,-118,-35,-18,-12,-9
-4,-30,-65,1,15,13,7,6
13,43,9,68,1,-4,-4,-2
-11,-29,27,-91,-11,-2,0,0
1,8,-1,-5,1,1,1,-1
1,-4,-11,37,6,1,3,3
2,3,21,-12,-3,0,-2,0
3,5,-43,-6,2,2,2,0
-10,-11,32,0,-3,-4,-6,-9
3,0,-32,15,8,2,5,7
4,14,70,-13,-6,-1,-2,0
-2,-11,-47,8,-2,-4,-2,0
1,6,12,-26,-2,1,4,0
-3,-7,-5,27,2,4,0,1
2,4,0,-6,5,1,1,1
2,2,4,-3,-1,-2,-3,0
1,2,12,3,-1,-1,2,1
-4,-12,-30,0,0,4,-1,-1
1,7,17,5,1,-3,0,-1
1,5,-3,-9,0,0,1,-2
-2,-8,9,-9,-6,-2,-2,1
0,2,-13,21,5,2,1,1
4,1,7,-14,-1,0,1,1
-3,3,6,5,1,-2,1,-3
-1,-2,-9,-5,-1,3,-2,2
1,0,0,10,3,-1,2,-1
-1,-1,0,-4,0,2,-2,0
2,0,-4,-4,-5,-1,-1,1
-3,0,9,2,-1,-3,-1,-2
5,1,-6,7,7,2,1,1
-6,-3,1,-9,-8,-2,-1,-1
3,2,-1,5,4,-1,-4,0
-2,2,5,-3,2,5,13,4
0,-2,-1,5,2,7,-3,-6
0,-3,-6,-5,-7,-1,-7,-1
4,4,8,2,1,-26,-1,7
0,0,-3,0,5,11,19,1
-2,-2,-7,-2,-4,5,-21,-3
-1,2,6,3,2,-8,10,0
1,-2,-5,-10,1,26,-1,-4
-2,-1,6,1,-6,-16,-8,-1
3,2,-2,9,3,3,9,5
0,-1,2,-2,2,-9,-8,-1
-1,1,1,4,-2,1,1,0
-1,-1,-1,-6,2,9,1,0
2,0,-3,3,1,-2,2,-2
-1,2,3,0,-4,-1,-1,2
1,1,-2,-4,2,1,8,3
1,0,6,18,-7,1,-8,-2
0,-2,-4,-20,11,-4,0,0
-1,0,-2,-2,-1,2,4,1
-1,1,2,11,2,4,1,-1
-3,-5,-6,-12,-8,-7,-10,-3
4,8,8,16,3,-2,5,4
2,-2,1,7,1,4,5,1
-2,-2,-7,-25,4,5,-3,-5
-2,-2,3,10,-4,-3,-3,2
1,0,-3,0,-3,-4,2,1
1,0,-1,-6,3,7,3,2
-1,2,7,14,-4,-5,-4,-4
2,0,-5,-11,4,0,0,2
-3,0,1,0,0,-1,3,-1
1,0,-1,4,-2,1,-3,-1
-1,-1,1,3,1,1,1,0
1,3,6,-8,2,-1,-2,0
0,0,1,9,-3,-2,2,0
-1,-2,-9,-5,3,0,-2,2
0,-1,2,-2,-4,3,5,0
0,2,-3,0,2,2,-3,-2
0,-2,5,5,0,-2,-1,2
1,-1,-4,-6,-3,-3,2,0
-1,2,5,8,5,3,-2,0
0,1,-2,-8,-1,-2,-1,0
2,-2,-2,3,-2,4,6,-1
-2,2,-1,-1,-2,0,-2,1
1,-1,8,2,2,-4,-1,-2
2,2,-9,1,5,2,-1,1
-2,-5,2,-1,-4,0,2,1
0,3,4,-2,-2,0,-1,-1
-2,1,-4,2,4,-1,-2,-2
3,1,4,-1,0,1,2,2
0,0,-1,-1,-3,-1,0,1
1,-2,4,3,1,-2,-4,0
-4,-1,-7,-2,2,4,2,-1
1,1,-2,0,-4,-4,2,-1
0,-1,2,1,3,3,-1,1
0,1,4,2,2,0,0,-1
2,-1,-2,-6,-4,-3,0,0
0,-1,-3,3,-1,1,2,1
-2,0,10,17,3,0,-2,0
2,2,-12,-38,-5,-1,0,1
3,4,9,26,5,3,2,0
-5,-6,-2,-4,-1,-2,-3,-1
2,1,-5,-4,2,4,1,-1
-2,1,12,14,-4,-3,0,1
1,-1,-25,-13,2,-4,0,1
0,0,20,0,-1,4,1,-1
1,4,-3,-1,1,0,-3,1
-1,-3,-1,8,4,1,2,-2
-1,-1,2,-6,-6,-2,-1,1
0,2,-8,4,0,2,2,-2
1,-3,4,-7,4,-2,-1,1
0,3,5,9,-2,1,1,3
-1,-2,-4,-13,-1,0,-2,-1
2,2,-1,9,2,-1,-1,0
-3,0,2,-1,-3,1,2,-1
-1,-2,-1,0,2,1,1,3
4,1,2,5,2,0,-1,-4
-3,-1,0,-3,-4,-3,-1,2
-3,-2,0,1,-3,-3,-2,0
0,-5,-20,-6,-2,0,-1,-3
0,1,12,4,4,1,1,-1
1,2,3,0,-6,-3,-2,2
-1,-1,7,-7,3,1,-1,0
1,1,-26,14,4,3,4,3
-2,-3,17,-6,-4,-1,-1,-3
-1,-2,-11,-4,-3,-2,1,0
1,2,-14,-10,2,2,-2,-1
8,16,48,39,12,3,1,3
-9,-26,-47,-29,-11,-2,0,-2
3,12,18,0,-1,0,1,0
-2,-1,11,-3,-2,-4,-4,0
-2,-3,-20,-8,-2,-1,1,0
4,6,7,16,7,1,-2,1
-1,-6,1,-4,-2,2,2,-1
-1,4,-1,4,3,1,0,-2
2,-2,-1,-10,-7,0,1,3
1,4,5,9,7,2,2,2
-2,-2,-1,-4,-4,-4,-1,-4
0,0,5,7,2,-1,0,3
-2,-5,-9,-6,-4,2,-1,-4
3,5,9,0,1,2,-1,3
-2,-1,-11,0,3,0,0,-1
1,-1,13,-8,-4,-2,1,-1
-3,-7,-27,-1,-1,-2,-1,-1
7,17,30,24,10,4,6,6
-3,-7,-9,-26,-9,-1,-5,-4
-1,-7,-32,0,-1,-3,-1,1
5,17,71,32,15,5,0,-1
0,2,7,26,-3,-5,-2,-1
-6,-31,-88,-53,-6,3,6,3
-10,-4,27,-22,-22,-3,-3,-5
19,54,48,37,23,0,-3,1
-2,-21,38,58,11,8,6,6
-17,-45,-136,-97,-21,-9,-4,-6
14,55,117,52,14,0,-4,-2
-17,-64,-74,-50,-20,1,6,2
13,49,59,-54,-7,-3,-1,1
11,26,89,204,35,5,-3,0
-20,-85,-255,-233,-30,0,4,0
-2,33,169,78,-13,-12,-9,-3
23,47,-22,69,49,13,5,1
-15,-9,-73,-80,-26,0,5,0
4,-26,138,173,21,-5,-7,0
-15,-20,-166,-206,-30,6,9,2
19,41,140,44,-7,-7,-7,-1
-6,-42,-130,16,25,11,6,5
9,37,49,50,0,-3,-3,0
-6,-19,-8,-49,5,-1,1,-1
-10,-16,-72,-28,-28,-9,-4,-4
20,61,183,114,36,10,4,4
-11,-17,-65,-91,-11,2,0,-1
0,-29,-75,-32,-23,-10,-2,2
8,39,60,108,31,6,0,-2
-15,-46,35,-59,-14,-3,1,-4
11,28,-22,-17,9,4,4,5
6,38,29,74,9,0,-5,-2
-37,-124,-170,-179,-63,-14,-6,-9
45,118,83,218,55,18,9,14
-6,-13,88,-95,6,4,9,6
-14,-44,-103,-44,-25,-11,-13,-14
-6,-24,10,-26,8,4,6,5
5,40,-52,-53,-25,-8,-4,-2
2,12,107,181,80,17,-2,-8
16,16,72,-15,-41,-3,10,16
-18,-36,-87,-45,-11,-8,-6,-10
1,-19,-43,-86,-12,1,1,3
8,53,115,189,8,-6,-3,1
-11,-46,-59,-61,20,7,0,-2
7,32,-5,62,-8,0,3,2
-8,-36,16,-158,-22,-9,-6,-4
5,1,-83,-67,-11,3,5,6
11,56,163,252,51,6,-3,-4
-24,-87,-193,-213,-44,-4,3,-2
23,102,80,123,25,-3,-8,0
-24,-107,-2,-88,-11,8,10,3
18,46,37,88,1,2,2,3
9,45,-16,3,18,-1,-4,1
-26,-53,68,-35,-15,-13,-9,-12
13,16,30,29,-9,7,5,4
-1,3,-166,-74,9,0,2,1
3,6,108,59,2,6,3,4
3,-11,-20,-16,-5,-4,-4,0
-1,26,-24,5,-4,-3,1,-4
-5,-28,3,-14,3,2,1,1
7,28,39,11,1,0,-2,1
3,2,-53,-26,2,2,6,3
-17,-60,-35,109,9,0,-7,-6
13,57,35,-107,-15,-3,3,4
-2,-7,26,21,12,3,2,1
-1,-11,22,10,-4,1,-1,0
5,23,-35,-38,-12,-6,-3,-3
-5,-22,-4,40,8,0,-2,2
-3,-8,43,34,9,4,6,-1
1,8,-13,-79,-9,-2,-5,-2
2,-6,-84,39,0,3,1,4
2,6,94,15,11,3,3,2
2,10,-64,-30,-9,-5,-1,-3
-8,-23,31,14,-6,2,3,3
3,16,-21,-48,3,-2,-6,-4
-1,0,25,28,2,-3,-2,-4
0,-13,-8,8,-2,4,5,3
1,5,7,53,11,2,1,1
4,21,10,-59,-17,-5,-3,3
-6,-29,-29,3,0,0,1,-4
3,13,25,-1,8,0,-2,0
-2,-10,-18,-1,-1,2,2,2
2,13,19,16,0,-3,2,-2
-3,-8,-17,-29,-4,4,-1,1
3,4,6,29,9,0,-1,1
0,-1,6,11,-5,-2,-1,0
2,4,2,-16,-5,1,5,2
-2,-3,-21,-9,2,-2,-4,-2
-2,3,23,18,8,6,0,-1
-1,-11,-12,5,-4,-7,-5,-3
2,11,3,-33,-7,-5,-3,3
1,-2,-10,6,6,10,17,2
0,-4,14,21,10,9,-4,-1
-1,-1,-2,-4,-9,-13,-3,0
0,5,-6,-14,-3,1,-4,-3
-1,-2,1,5,0,-9,-6,-2
2,-2,4,15,7,22,10,6
-1,1,-7,-10,-6,-16,-10,-4
2,5,9,5,6,1,8,2
0,-6,-7,-5,-5,-2,-1,3
-3,2,4,-5,1,1,8,-2
2,-1,0,8,2,14,7,3
2,4,4,-2,0,-14,-19,-1
-5,-5,-7,-4,-7,13,-3,-8
-1,-1,-4,-7,1,-37,-16,2
5,5,8,19,17,54,43,8
-3,-4,-8,-19,-19,-31,-12,-3
-1,3,5,20,11,9,1,-1
2,-1,5,-5,-9,-5,-14,-3
-1,-1,-5,6,-3,-10,-4,-2
1,1,-1,-30,6,13,14,5
1,-1,-1,16,0,1,-5,0
-1,2,3,2,2,-2,4,-2
-2,-3,-5,-1,0,-5,-3,1
3,4,2,2,0,10,1,0
0,0,3,0,-4,-13,-3,1
0,-2,1,5,1,10,4,3
0,0,1,6,12,-1,0,-4
0,1,-6,-12,-13,-1,-2,-2
-2,-1,2,-5,3,1,1,1
2,1,8,22,-2,0,3,4
-1,-1,-8,-26,2,-3,-9,-2
-1,0,-1,12,0,4,4,-1
0,-3,-6,-2,1,-3,3,-1
4,6,18,8,-1,1,2,2
-1,-1,-5,-4,-2,-4,-6,1
-2,-1,-6,-2,6,5,2,-2
0,-8,-14,-8,-8,-5,1,0
2,15,30,14,11,6,0,1
-3,-7,-15,-7,-8,-4,-4,-3
3,3,3,1,-3,1,5,3
-1,-5,-2,0,2,0,-1,2
-4,-6,-14,-9,1,2,0,-5
3,9,15,7,0,-3,-1,3
0,-1,-1,5,1,1,2,1
1,-1,0,-7,0,1,-3,-1
-1,0,-2,6,1,-2,2,0
0,-1,3,-1,-3,-1,-2,-1
0,2,-2,-1,2,4,1,0
2,1,3,-1,2,-1,2,-1
-3,-2,-4,3,-1,1,-1,1
3,1,1,-1,-6,-7,-5,1
-1,1,4,-4,6,5,4,-2
-2,-2,-8,0,2,1,2,0
2,1,3,1,-2,-1,-1,1
-2,-3,2,6,-1,1,-1,-2
0,0,-1,-8,-2,-3,-1,1
2,1,-7,-1,0,1,1,3
-1,2,6,2,2,2,1,-2
1,-3,1,4,3,-1,-1,-1
0,4,1,-1,-4,0,-1,1
-2,-4,1,2,0,-1,1,-1
0,2,-4,-5,-2,0,1,3
1,2,0,-1,3,3,-1,-1
-1,-2,12,11,1,-3,1,1
2,1,-12,-15,-4,1,1,-3
0,-2,0,10,4,1,-2,1
-2,0,4,-1,1,0,1,-3
0,1,-5,-1,-2,-1,-1,4
1,2,0,1,-2,-1,1,-2
0,-2,8,-2,0,1,-1,0
0,1,-7,-3,1,0,0,2
0,1,3,8,7,3,0,-1
-2,-5,0,-4,-6,-4,0,0
2,4,-2,-5,-1,-2,0,1
-2,1,6,7,1,3,2,0
2,-2,-8,-8,-3,0,-2,-1
1,-1,5,8,5,2,-2,0
-1,2,-3,-3,-4,-4,3,1
3,0,0,0,0,1,-2,0
-3,-4,0,1,6,2,2,-2
1,2,-2,-3,-3,0,-3,1
0,1,5,5,-2,-4,-1,0
1,1,0,-2,-1,5,5,2
-1,-4,-5,-5,0,-2,-3,-2
-1,3,1,5,5,1,1,-1
1,0,-5,-1,-3,-3,-1,0
1,-1,7,0,-1,1,2,2
-1,1,1,-1,2,3,1,0
0,-1,0,-2,0,1,1,0
5,3,2,-7,4,2,5,3
-2,-4,-5,-9,-6,-4,-3,-3
-1,0,2,-1,2,3,0,-1
1,0,-9,-10,-4,-2,-3,2
0,0,1,18,6,2,4,-1
-1,2,4,-12,-3,-3,-3,-1
1,2,10,19,-2,1,2,1
0,-7,-20,-33,1,-1,1,1
2,10,49,57,3,1,-1,0
-4,-10,-56,-44,-3,4,1,-2
0,1,22,11,3,-1,-2,1
-2,3,17,-6,-1,-1,1,0
2,-9,-73,-32,-8,-2,-1,0
9,25,98,69,20,3,1,1
-3,-5,-23,-18,-11,0,2,1
-4,-13,-30,-20,-5,-2,-1,-1
-4,-2,2,-9,-2,-1,-1,-4
2,0,7,10,6,3,-2,2
-2,0,-16,-8,-6,-6,1,-1
10,15,31,18,8,7,2,4
-6,-12,-17,-9,-5,-6,-2,-2
-5,-9,-20,-12,0,3,2,0
5,10,45,20,3,0,-1,-1
-2,-5,-62,-13,-6,-1,0,1
1,10,55,1,3,3,2,2
4,0,-18,4,1,-4,-3,0
-3,-10,-20,-4,6,3,1,-1
0,-5,-16,33,1,-1,2,-1
4,16,68,-44,-9,1,-2,1
-10,-13,-76,-15,-3,-6,-6,-6
12,19,103,103,18,10,7,6
-8,-13,-45,-100,-20,-7,-1,-2
3,-7,-86,3,1,1,2,3
-1,10,53,-16,5,1,-3,-4
5,6,102,49,-9,-8,-1,3
-4,-14,-177,17,24,12,4,0
3,20,200,28,-6,0,0,-1
-13,-39,-92,-60,-36,-12,-3,-1
35,86,64,75,112,34,13,11
-43,-114,-140,-145,-113,-32,-11,-15
50,140,161,181,91,27,11,19
-48,-153,-197,-181,-100,-27,-9,-15
8,44,111,116,27,4,-4,1
38,109,74,-17,50,7,-1,5
-37,-87,-82,-124,-34,0,3,-9
16,19,120,186,32,10,10,13
-8,-9,-210,-106,-30,-12,-10,-9
-18,-86,138,-37,-37,-11,-3,1
-3,55,-179,-68,7,-4,-6,-11
50,100,255,255,51,18,12,18
-54,-158,-243,-199,-29,-15,-8,-13
26,115,242,8,11,4,-4,-1
-2,-51,-100,191,-18,17,21,16
-22,-26,-94,-255,-43,-24,-17,-12
32,94,45,238,83,19,2,0
1,-49,3,-135,-37,-11,4,12
-21,-32,0,-53,-32,-16,-16,-19
-3,-5,-24,106,89,39,23,9
14,16,-22,-156,-92,-26,-7,6
-6,26,-12,154,51,2,-12,-18
14,13,167,-38,-11,13,19,19
-7,-27,-93,22,3,-9,-10,-5
-10,-19,-50,9,-12,-7,-6,-8
-3,0,-17,-35,-16,5,8,3
12,26,-37,-58,17,-6,-8,0
-1,3,178,180,27,10,7,1
-11,-6,-54,-180,-37,0,1,0
24,47,40,57,14,7,7,12
-22,-93,9,144,32,-6,-9,-14
20,69,-122,-180,-36,0,5,12
-18,-25,20,-75,-5,-7,-7,-13
4,-9,24,116,13,9,4,5
1,28,-34,30,8,-8,-5,-1
3,7,-50,-90,-35,-11,-7,-5
-5,-65,109,64,5,12,14,10
12,93,52,26,41,10,2,-2
-14,-94,-155,18,-18,-11,-6,-1
10,62,115,-98,-5,5,0,-3
-2,-30,19,136,27,4,4,7
-6,27,-83,-8,-12,-5,-3,-8
-6,-33,18,-142,-35,-10,-8,-1
11,6,45,77,33,15,12,8
0,40,-50,-47,-25,-5,-2,-2
1,-27,-3,149,42,10,4,0
-3,-4,38,-131,-22,-9,-3,-2
-1,7,-28,38,-2,-4,-7,-1
-11,-37,13,-23,-7,0,0,-4
9,7,12,-26,5,1,3,5
12,82,47,27,-8,1,3,3
-4,-52,-12,110,41,9,-1,-4
-3,23,-1,-153,-34,-5,2,2
-5,-47,-30,-6,-9,-7,-4,-1
12,31,84,179,50,15,7,7
-12,-31,-130,-221,-55,-14,-8,-5
5,27,71,220,29,6,4,0
-5,-21,22,-142,-15,-4,-4,-3
5,5,-98,16,1,-1,2,2
-2,13,54,0,-4,4,4,1
5,2,-34,-2,4,-4,-6,-2
-8,-22,6,12,-1,5,6,2
1,18,55,-6,4,-5,-8,-8
-2,-12,-87,-32,-7,0,4,3
7,15,39,-16,2,0,0,2
1,2,45,132,10,4,0,4
-12,-42,-88,-122,-17,-6,-4,-7
7,37,30,-25,-1,3,2,4
5,14,80,115,24,4,4,0
-8,-28,-90,-47,-11,-3,-1,-1
4,17,21,-28,-10,-1,-2,3
0,0,54,57,13,1,2,-2
-4,-34,-101,-86,-20,-2,-1,2
11,53,113,136,28,4,-1,-2
-9,-32,-62,-87,-13,0,3,1
2,5,9,38,6,-2,0,-2
0,5,6,-19,-6,0,-2,2
-3,-7,-39,-49,-8,-4,-2,-3
3,1,20,19,4,2,2,4
1,10,33,54,8,1,-2,-2
0,-9,-18,-44,-9,0,2,-2
-4,-6,-13,-8,3,2,1,3
5,15,15,24,5,-1,0,0
-3,-7,-1,7,4,1,-3,-2
0,0,-1,-4,-6,-3,1,0
3,1,-12,-16,-2,1,2,1
-2,2,12,11,2,0,-2,-1
0,-2,-9,0,2,2,1,1
-1,-2,8,-4,-4,0,0,-2
1,1,-4,-3,2,-1,-1,3
-1,-5,-11,-15,-4,1,1,0
0,6,25,29,5,-1,-1,-2
3,2,-6,-2,1,2,2,2
-2,-6,-17,-20,-8,-5,0,-1
-1,1,7,9,8,6,0,-1
0,3,7,11,1,-3,-1,3
2,0,-4,-4,-3,-1,1,-2
-1,-3,-7,-11,0,0,-1,-2
1,2,5,0,-1,2,1,3
-1,-1,6,13,3,-1,-3,-1
1,-1,-5,-12,-4,-4,1,0
0,0,-3,-3,2,13,6,2
-1,5,8,15,4,-7,-8,-4
2,-3,-5,-11,-6,-1,13,2
-1,0,3,5,3,-4,-12,2
-2,-1,-7,-5,-4,5,2,1
2,0,1,0,0,-3,-1,-2
-1,1,2,4,0,3,3,0
-1,0,2,0,1,-4,-3,-3
1,1,1,2,0,1,0,0
-1,-1,-5,-13,2,-2,-4,2
1,-1,0,2,-4,6,10,1
2,3,4,8,5,-4,-5,0
-5,-3,1,5,1,1,-1,-3
3,-1,-2,-5,-4,-1,2,1
0,1,4,3,0,-2,-5,-1
-1,-1,-5,-6,1,6,6,1
2,2,-2,-1,-3,-6,-2,1
-1,-1,0,1,2,3,1,0
0,1,5,5,4,1,-2,2
-1,0,-2,-1,-4,-1,2,-2
-1,-1,0,-2,0,-3,-2,1
4,1,1,-1,-1,4,3,-2
-2,0,0,3,2,-3,-3,1
0,-1,-1,3,1,3,0,0
1,1,-4,-10,-2,-2,1,1
1,1,5,6,1,3,2,0
-2,1,-1,1,0,0,-5,-2
-1,-4,0,-1,0,-1,2,0
1,3,-1,1,0,-2,3,0
1,-1,1,2,-1,-1,-1,4
1,0,0,-8,2,2,-2,-2
-2,0,3,5,-1,2,1,0
0,0,-4,-5,0,0,-2,-1
1,0,6,16,1,-1,3,0
-1,1,-6,-13,6,-1,-1,1
0,-4,-3,-7,-9,4,2,-1
1,2,3,8,2,-3,-3,0
-1,-1,2,5,-2,-3,3,0
2,6,0,-3,2,3,0,1
-1,-3,-2,-5,1,1,-3,0
-2,-2,1,1,1,0,2,-1
0,0,0,4,-5,-6,-2,-1
1,1,0,-2,7,4,3,2
-1,1,-1,2,-2,1,-1,0
0,-1,0,-4,-4,-1,0,0
0,0,-1,0,0,0,0,-1
4,2,3,4,1,0,0,2
-1,-2,1,-1,1,1,-1,-2
-2,1,-5,-3,2,0,-2,-1
0,-2,6,6,0,1,2,1
0,2,-3,-4,-4,-6,0,-1
1,-2,1,0,2,3,0,3
0,0,-2,-2,0,2,1,-3
0,0,0,-6,-5,0,-1,2
-1,0,-1,11,3,-4,-2,0
-1,2,3,-1,2,2,2,-2
0,-2,-1,-1,3,2,0,0
0,1,0,3,-3,1,0,0
1,0,1,-5,0,-2,-1,0
1,0,-3,-1,-1,-1,3,2
-1,1,2,2,0,2,0,0
1,-1,-1,0,2,-2,-2,-1
-1,-1,-4,-5,-5,2,0,0
2,3,14,11,6,-1,-1,-1
-2,-3,-10,-8,-1,-1,1,1
0,2,2,3,2,2,-1,-2
1,-1,-2,4,-3,0,1,2
-2,-1,0,-7,1,2,1,0
1,-1,-1,-2,-3,-5,-1,2
2,2,1,4,1,1,1,-2
-3,-2,3,-2,1,3,1,1
1,2,-3,6,3,0,-1,-1
1,1,6,8,-5,-5,-4,-1
-1,-2,-8,-23,3,4,4,1
1,1,5,7,-2,0,-2,1
-1,0,-4,1,-1,-2,1,-1
-1,-1,-3,-4,-3,-2,-1,-1
1,1,-3,-1,-1,0,-1,-1
1,0,0,-3,-1,0,3,1
-2,1,-1,6,5,1,0,-2
2,-1,-2,-2,-2,-3,-4,-1
-1,-2,-2,-6,-5,0,4,2
2,6,24,8,3,3,-2,1
-2,-5,-45,-2,3,0,-1,-1
0,0,34,1,0,0,2,-3
2,-1,-10,-3,-2,-3,0,3
1,3,-1,-4,-4,-1,0,3
0,0,13,4,3,3,-1,-2
-2,-1,1,2,2,0,0,0
-1,-2,-30,2,1,-1,-2,-2
-1,-1,20,-5,-1,2,0,-3
3,6,-2,3,-2,-2,3,4
-2,-5,6,-2,1,3,0,0
1,3,-8,-1,1,-2,0,1
3,0,-4,3,-2,1,0,0
-1,7,35,8,2,-1,-3,-1
-2,-10,-40,-13,2,0,3,1
1,0,9,3,-3,2,0,1
-3,-2,17,20,2,-1,-1,-2
3,0,-43,-47,-6,-3,0,2
-4,-2,11,22,2,1,-3,-3
3,8,51,25,3,0,1,-2
-10,-21,-56,-53,-7,-3,1,-1
16,33,39,70,14,9,4,6
-8,-22,-26,-52,-16,-5,0,-1
0,5,17,-30,0,-2,-3,-1
5,7,-63,63,12,2,-2,-2
-3,-10,123,-18,-6,-3,1,2
5,43,-63,20,12,4,1,2
-10,-61,-93,-110,-21,-2,-1,-4
13,43,189,185,20,-2,0,5
-24,-37,-113,-93,-10,7,1,-11
26,45,92,28,3,1,8,15
-17,-68,-170,-107,-22,-9,-11,-9
22,99,184,116,42,9,4,5
-27,-94,-164,-59,-15,-2,1,-4
14,56,103,73,-15,-13,-9,-1
-10,-30,-25,-71,-4,12,9,-2
8,-27,-77,-23,9,4,7,12
17,93,138,126,17,-11,-16,-9
-40,-104,-125,-158,-34,-1,6,-7
20,56,22,36,-12,-6,-5,5
42,100,132,150,108,40,18,16
-51,-152,-153,-221,-70,-18,-2,-10
13,2,-6,71,-2,-11,-10,2
-5,47,21,-12,-9,-7,-8,-11
-10,-58,44,86,-8,1,2,0
14,60,-77,-22,6,-3,-3,0
30,87,181,76,68,32,18,15
-27,-108,-95,-135,-70,-17,4,1
-24,-78,-85,-82,-20,-9,-12,-10
37,161,22,191,53,8,-3,0
-10,-48,135,16,10,13,13,3
9,33,-84,-95,-38,-28,-15,2
-41,-117,-76,-4,-69,-18,-13,-18
17,32,97,-108,33,30,23,17
18,46,-139,197,33,-10,-13,-8
-6,-18,93,-56,54,27,14,7
-5,-16,-10,-118,-69,-26,-10,-3
-3,10,5,102,35,5,-2,-5
4,12,52,-125,-39,-3,3,2
0,-13,106,211,32,7,3,6
-1,19,-146,-93,19,2,-2,-5
-7,-51,11,-36,-59,-8,3,5
14,52,49,89,41,9,-3,-5
2,-22,-151,13,11,0,2,6
-6,18,194,-79,-13,-2,2,-3
14,40,-8,60,18,4,0,3
-22,-77,-92,-24,-38,-12,-5,-5
12,68,9,-47,28,13,6,2
0,-34,-32,15,-18,-6,-2,3
-5,-5,36,4,1,-4,-1,-3
-11,-49,-49,-51,-8,-2,-3,-3
10,65,117,126,15,4,-4,-4
4,6,-134,-101,-1,1,6,5
-4,-36,71,-16,-21,-1,2,3
-8,-20,-54,106,26,1,-4,-4
10,66,35,-81,-8,3,4,4
11,15,24,101,33,7,-2,-1
-14,-62,17,-96,-28,-14,-4,-3
8,33,-98,9,-4,6,7,5
-12,-31,88,-50,-6,-2,-2,-7
6,16,10,145,9,1,1,2
3,10,-5,-47,2,-1,-2,1
-2,-11,-23,-44,-12,-2,2,4
-4,-14,9,14,5,-1,-2,-3
-3,0,-66,-107,-17,0,-2,-3
11,5,132,190,35,7,5,6
-6,11,-78,-146,-30,-5,-2,-3
3,0,28,98,18,2,0,0
1,-1,-7,-76,-22,-4,-2,2
-2,4,-44,90,22,3,3,-1
-5,-13,37,-94,-3,2,-4,-1
7,16,-27,97,15,2,2,0
-8,-16,13,-71,-16,-4,1,-2
5,15,-26,-52,-18,-8,-3,3
1,2,75,117,29,10,1,-2
2,-10,-16,-29,-12,-2,2,3
-3,3,-37,-34,-2,1,0,0
-2,0,-21,21,2,-2,-3,-4
2,-4,19,-37,-6,1,2,4
-5,-20,34,36,9,2,0,-4
2,24,-9,25,0,-5,-2,-1
5,1,-13,-46,-7,0,3,4
-4,-16,-21,-13,0,1,0,-1
4,12,24,43,2,3,0,3
1,14,8,-17,7,-2,-2,-4
-4,-13,-13,0,0,6,3,1
0,-2,0,-19,-8,-7,-4,-2
5,9,14,42,7,0,2,3
-5,-6,-13,-14,-1,5,1,-4
0,-3,-11,-12,-1,-1,1,4
1,0,4,2,-1,-1,0,-1
0,6,15,11,0,0,-2,0
1,-1,-7,-4,2,-1,-1,2
-2,-4,1,-2,-2,0,1,-3
-1,1,1,-15,-4,-1,-2,2
2,4,16,21,3,2,3,-2
4,1,-8,-4,3,0,-1,1
-3,-5,-9,0,-1,-3,0,0
-3,-4,3,-6,-2,1,0,1
2,4,4,6,0,0,-2,-1
-2,1,-4,4,0,-4,-1,-1
-3,-5,-7,-11,0,6,0,-3
5,4,4,-1,4,9,12,7
3,2,1,10,-1,-7,-8,-3
-4,0,-3,-10,-5,-6,-4,2
5,3,7,16,9,-4,20,4
-7,-9,-8,-17,-12,-1,-24,-12
3,3,5,9,9,23,11,7
3,4,2,7,1,-19,-1,2
-4,-4,-6,-15,-8,6,-11,-4
3,3,-1,5,4,-3,10,2
-3,-3,3,-1,-6,-2,-2,-2
0,1,-4,2,5,2,-3,-1
4,-1,3,1,3,6,4,5
-1,-1,0,-4,-2,-2,1,-4
-3,2,2,4,0,-8,-5,0
2,0,-2,2,2,8,5,4
-1,-2,-2,-5,-6,-3,-3,-1
0,3,1,-1,3,2,-1,-3
0,0,1,4,4,-9,3,0
0,1,1,-1,-2,12,2,-1
-1,-3,-1,2,-2,-3,-5,0
2,2,0,-7,-3,-7,0,4
-1,0,2,13,10,8,3,-1
-1,-1,-2,-5,-4,0,0,-1
0,-2,-3,-5,-2,-2,-2,-1
0,1,4,5,-2,-3,-1,1
3,3,1,-3,-1,-1,3,2
-1,-3,-2,-2,2,7,-1,-2
0,2,22,6,2,-3,-2,0
-1,-1,-57,-3,1,0,4,1
1,0,46,-5,-5,-3,-3,0
-3,-1,-12,5,5,1,2,-3
2,2,1,0,-2,2,-1,3
-1,-1,5,-5,-1,-1,-1,0
1,0,-13,2,-1,0,1,0
1,3,16,6,6,3,2,-1
-2,-5,-7,-2,-4,-3,-2,0
-1,2,7,0,2,0,-1,-1
2,-2,-12,-1,-6,-2,-1,1
0,4,5,-4,0,1,3,0
1,-1,-6,1,2,1,-1,1
0,-2,11,4,3,2,0,-1
-2,1,-9,-2,1,-1,-1,-1
0,-1,-4,-2,-2,0,1,0
3,-1,10,2,-1,0,1,1
-3,5,0,2,1,-1,0,1
2,-2,-4,-1,-2,-1,-2,0
-2,-1,-8,2,6,3,1,-1
1,-2,13,-3,-6,-3,1,0
1,2,-7,-5,3,1,-1,-1
2,1,3,4,1,3,1,3
-4,-1,0,-1,-3,-4,0,-3
2,1,5,8,4,-1,1,2
-2,-2,-7,-2,-5,3,-2,-3
1,2,-1,-5,3,-1,1,3
2,-1,3,-1,-3,1,0,-1
-2,-1,-1,1,2,-1,0,1
0,2,4,1,-2,-1,-2,1
-2,-1,-7,0,3,2,0,-3
2,0,13,0,-1,-3,0,0
3,2,-21,-1,-2,3,3,4
-1,-2,14,2,2,0,-1,-2
-3,0,-1,0,-2,-1,0,-1
2,-1,-4,-4,3,2,-1,-1
-3,0,8,2,3,0,-1,0
2,2,-5,3,-4,-2,0,0
2,-1,0,-2,0,0,2,1
-3,0,-1,1,0,-2,-1,1
2,0,7,0,0,3,0,0
0,1,-19,-6,0,0,0,0
-1,-3,13,5,0,-1,-2,-3
-1,2,-3,-4,0,1,0,4
1,0,-1,1,0,-2,1,-2
-1,0,9,6,-2,-1,1,0
2,3,-6,-7,1,2,1,2
-2,-5,0,10,5,0,0,-2
1,0,6,-7,-2,1,-1,0
0,2,-12,1,0,0,0,-2
1,2,17,4,-5,-3,0,3
0,-2,-10,-5,1,4,3,0
-1,1,20,0,0,-2,-4,0
0,-3,-36,1,2,-1,0,-1
-1,-3,-17,-1,-1,-2,-2,-1
0,-1,-16,-2,-5,-2,1,-1
3,3,14,4,3,1,1,-1
-3,0,-3,4,-1,0,-1,0
0,1,2,-4,-2,1,1,2
2,-1,-2,-2,2,-1,0,0
-1,1,-2,-2,1,0,-1,-2
-1,-5,-3,5,-2,0,-1,-2
3,3,8,-7,-2,1,1,4
-1,3,-11,6,6,-1,-1,0
-3,-4,15,2,-2,2,2,0
1,1,-4,-3,0,-1,0,-2
2,-4,-10,1,-3,-1,1,1
1,2,11,-5,-4,-4,-4,0
0,2,-11,-2,4,3,2,1
-3,0,27,9,3,2,-1,1
1,-1,-33,-3,4,0,1,-3
0,-1,15,-3,-4,-3,1,-1
1,4,-1,4,-2,2,-2,3
-3,-2,-18,-3,-2,-2,2,-1
2,0,38,-3,2,1,0,-1
-1,-2,-18,6,-1,3,0,2
1,-1,-11,-11,1,-4,-3,-2
0,-2,-19,1,2,3,2,1
7,16,67,69,19,6,5,4
-9,-15,-47,-67,-25,-7,-5,-4
-2,-8,-24,-11,-5,-3,0,0
7,15,-25,-26,2,2,0,1
1,4,107,52,13,3,1,-1
2,17,-1,36,3,-1,-2,0
-12,-43,-45,-64,-11,3,4,0
9,23,7,18,8,-4,-2,3
-4,-2,6,51,-6,-2,0,-3
-8,-19,-17,-96,-7,0,-3,-3
3,7,-77,-19,0,0,0,0
-2,-18,45,47,-10,-6,-2,0
1,-12,-27,-108,-11,-1,-2,3
25,88,42,246,62,18,6,3
-24,-49,-35,-198,-49,-12,2,-5
18,33,135,178,59,22,9,10
-37,-106,-138,-176,-67,-28,-16,-16
43,116,111,147,45,9,4,14
-12,-20,-123,-79,4,20,15,0
-8,-27,6,-42,-69,-33,-17,-7
22,50,116,130,84,29,11,8
-40,-113,-126,-206,-94,-27,-8,-9
36,86,198,255,104,14,-3,4
-7,27,-31,-149,-33,2,4,-2
-4,-37,-202,85,-29,-11,-3,1
1,26,200,12,32,9,4,1
-16,-105,-187,-172,-79,-8,0,1
3,75,154,208,73,-3,-16,-15
-15,-96,-162,-239,-56,1,13,11
40,177,183,227,116,13,-8,-6
-8,-85,-141,-44,-92,4,19,14
-29,-100,-69,-183,-33,-18,-8,-4
15,124,31,26,68,10,-9,-10
9,22,136,175,-26,-4,10,12
-11,-93,-74,-118,-23,-12,-11,-7
7,72,94,151,76,26,11,-1
-16,-52,-149,-188,-63,-22,-9,-4
14,-25,100,115,-25,10,16,12
1,46,-76,-92,49,0,-12,-4
8,42,93,-21,-11,4,7,0
-2,-24,66,207,37,2,-4,0
-26,-65,-221,-255,-70,-19,-12,-12
0,4,163,255,53,8,4,2
15,25,-107,-228,-25,0,4,8
28,111,199,146,27,10,6,7
-43,-163,-193,-83,-33,-7,-4,-9
44,143,82,38,44,-4,-6,4
-35,-99,-113,45,-4,6,4,-9
20,48,97,-109,-63,8,16,18
-10,-47,-49,-19,29,-9,-15,-7
18,108,42,141,43,7,1,-2
-25,-94,-2,-43,-39,-16,-6,-6
28,47,-101,-56,-25,7,10,13
-38,-84,48,-27,32,5,-1,-12
23,109,148,-22,-17,-7,-2,4
5,-65,-188,138,40,20,12,14
-15,7,170,-36,11,-11,-11,-16
18,68,-13,17,-27,0,-1,1
-19,-83,-129,-157,-37,-9,-2,-1
6,26,196,255,68,18,9,6
-2,-8,-106,-140,-33,-14,-7,-5
4,6,96,21,24,9,5,3
-12,-35,-82,19,-23,-7,-5,-4
11,66,-22,-98,-38,-4,2,5
17,17,105,198,62,5,-3,-3
-19,-63,-123,-122,-37,-3,3,0
-1,19,28,-75,9,1,-3,0
10,4,4,73,-5,-10,-8,-4
-7,-30,-69,9,-10,14,16,9
4,39,44,-66,15,-6,-8,-3
-1,-11,58,81,21,5,2,0
4,20,-156,-35,-53,-6,-5,-5
-13,-52,46,11,40,4,5,2
6,14,27,-1,-6,1,-2,1
0,2,10,-48,-14,-3,5,3
2,6,94,16,16,3,-5,-2
-5,-16,-103,67,1,-1,1,-1
5,13,-32,-50,-8,3,3,5
-4,1,93,10,3,-2,-1,-4
-2,-15,-71,-25,1,1,-1,-1
-5,9,-20,-41,-21,-9,-5,-5
12,3,18,87,20,6,5,9
-15,-19,88,-19,-2,-4,-4,-11
15,24,-24,1,-5,2,3,7
-5,28,-20,17,14,3,-1,-2
-4,-41,13,-33,-13,-6,0,0
8,14,-98,65,7,3,0,2
-4,-14,85,-83,-14,2,5,4
-2,14,83,43,15,0,-6,-6
3,-5,-129,-25,-8,1,2,3
1,14,77,71,24,6,1,-2
-4,-17,-22,-68,-22,-12,0,-1
2,-10,-45,-24,-2,4,0,6
1,17,53,58,6,1,-1,-3
1,-6,-24,-23,0,3,3,0
0,-1,19,3,1,-2,-4,2
-3,-5,-16,9,2,-2,-2,-5
2,14,-21,-23,-4,2,3,3
-1,-3,34,40,3,0,0,-2
1,-1,-44,-23,-3,-2,1,1
0,1,26,-14,0,1,-2,-2
-1,2,-6,16,5,1,1,1
-1,-7,-9,-3,-7,-1,0,2
3,6,36,1,0,0,1,1
-1,-6,-17,-22,0,-2,0,0
-2,2,6,20,2,-2,-5,-3
2,2,12,16,1,13,10,0
-1,-1,-13,-31,-6,-9,-11,-1
-1,-4,4,7,-2,-16,-7,-1
6,6,-13,11,14,22,7,8
-2,6,21,-3,-8,11,23,0
-2,-7,-6,2,7,-6,-8,-3
-1,-4,-11,-11,-9,-10,-6,-3
-1,2,5,11,3,-5,-15,-4
1,0,-7,-5,1,6,0,4
4,3,7,-1,-7,-15,15,5
-3,-3,-2,7,12,31,6,-2
4,3,-10,-10,-11,-30,-8,0
-5,0,11,8,-1,8,-4,-4
-1,-1,-8,-2,5,4,0,0
1,-3,4,-8,-2,-4,-2,-1
0,1,1,7,0,9,9,3
0,1,-3,0,0,-15,-14,-1
1,-1,6,0,7,12,13,1
1,1,-6,-3,-5,-1,-2,1
2,3,3,6,-3,3,4,1
-1,-2,-1,-1,3,-9,-7,-2
-4,-2,-5,-4,4,7,-3,-1
2,0,2,-5,-5,0,5,2
2,2,1,9,3,2,4,0
-1,0,2,1,-3,-10,-7,-3
0,1,2,-6,0,7,1,1
0,1,-2,7,3,1,4,3
-3,0,-1,-9,0,0,-3,-3
2,-4,1,7,-4,-4,0,2
1,0,-1,-2,7,5,-1,1
-2,2,-2,-3,-7,-5,-1,-3
2,2,1,1,2,2,4,1
-1,-4,2,2,0,1,-3,0
-1,3,-5,-3,0,-1,0,0
2,1,5,4,1,-1,0,-1
-1,-1,-2,-1,0,1,1,0
1,1,6,3,0,-2,0,3
-1,-5,-17,-5,-3,2,-1,-2
-3,2,14,-2,3,3,1,0
2,-2,-15,0,-2,-1,2,-3
2,9,11,8,1,-3,-3,2
-2,-8,5,-3,-1,-1,-2,0
4,5,2,3,0,3,5,2
-4,-3,-14,-12,-2,-1,-1,0
1,-4,8,1,2,-2,-1,1
1,5,3,6,2,4,0,-3
-1,-2,1,-1,0,-4,-1,1
0,-1,0,2,-2,2,0,1
0,2,-5,0,-1,0,1,-1
1,3,5,-3,-2,0,2,2
0,-3,-3,7,8,3,-1,-2
-2,4,5,2,0,-2,-2,1
1,-7,-3,-9,-4,1,1,-2
-1,4,-5,0,0,0,0,1
1,-1,3,3,2,-1,2,-1
-2,0,3,2,-3,-4,-2,1
4,2,1,-2,1,4,0,1
-3,0,-5,-5,-3,-3,0,1
2,-7,2,7,5,2,-2,-3
-2,2,-6,-4,-3,-1,1,0
1,5,7,2,1,2,1,1
2,-3,-3,-2,-1,-2,0,1
-4,1,4,1,2,4,1,-2
4,0,-1,2,-1,-2,-2,0
-2,-2,-6,-6,-5,-4,0,1
1,3,4,3,4,3,0,0
1,4,8,5,-3,0,2,1
-2,-8,-11,-6,5,1,-1,0
-3,2,5,6,1,-1,-1,-1
3,-1,-6,-7,0,-1,1,-1
1,0,6,1,-2,0,-1,1
0,4,-5,0,-1,2,2,1
1,-1,1,-1,1,-1,0,-1
-1,0,6,1,-2,0,0,1
-1,1,5,14,8,0,-1,-2
1,-3,-19,-19,-5,1,2,1
-2,-1,12,7,-1,0,-2,-1
1,4,-3,0,-2,-3,0,2
0,-1,3,-2,0,1,2,0
0,0,-1,4,1,1,-2,-2
0,-1,0,2,2,0,1,0
0,0,7,-4,0,1,-1,1
1,-1,-21,-6,-4,-1,-1,1
-1,2,14,13,6,0,2,0
-2,0,-1,-8,-1,1,0,-3
2,-1,0,4,2,1,-1,1
0,-1,-2,-7,-8,-2,-1,1
0,0,4,5,2,-1,3,2
2,1,-1,2,3,4,-3,-2
-4,0,2,-6,-2,-4,-1,-2
3,-1,-12,4,0,-1,3,4
0,-2,-10,0,-2,-3,0,1
2,1,2,-4,-3,-2,-1,0
2,1,3,2,1,1,2,1
-2,0,12,1,0,2,0,-1
-1,-4,-26,-6,-1,-1,-1,0
0,3,10,2,3,0,2,2
2,0,-2,3,0,1,-1,-3
-1,0,7,-1,-1,0,-1,1
1,1,0,3,-2,1,3,-1
-2,-1,-4,-5,-1,-4,-3,0
0,0,-1,3,2,2,1,1
1,1,0,1,0,0,1,0
0,-1,1,-5,-2,1,-1,-1
1,1,5,3,1,-2,0,1
-2,-3,-2,-1,-1,0,1,0
-1,-1,-1,0,3,1,-2,-1
3,5,-11,0,0,1,0,1
-3,-8,14,-9,-5,-2,1,-1
5,13,-3,21,7,1,-2,2
-2,-7,5,0,0,-1,2,-3
-2,-2,6,-15,-6,-1,0,2
1,5,-35,-7,2,3,-2,0
0,-5,39,23,3,3,3,0
-3,-4,-32,-20,-5,-5,-2,1
3,5,4,-4,1,-1,1,1
-2,-6,5,3,-1,0,0,-2
8,19,25,48,16,8,3,2
-3,-1,12,-57,-15,-6,-3,-2
-6,-4,-48,13,-3,-4,-3,-2
6,-3,65,47,13,10,6,5
2,-1,-61,-57,-4,-2,0,1
-8,-7,-20,-30,-5,-5,-3,-5
-4,-14,2,17,-14,-5,-4,-2
11,33,38,35,20,8,5,5
-9,-49,-68,-29,2,1,0,0
15,62,190,150,0,-8,-3,-3
-11,-27,-218,-237,-5,12,9,4
4,35,169,182,20,-4,-8,-5
-14,-71,-123,-61,-55,-11,-1,-3
-7,-9,-74,-114,-7,-8,-7,-3
30,37,134,34,18,19,16,19
-20,4,-6,169,45,-7,-16,-20
9,-16,50,-124,-19,7,10,9
2,37,-38,37,4,2,2,1
10,44,19,114,-9,-14,-10,-3
-7,-61,22,-115,-5,26,22,13
-12,-24,-68,-89,-25,-27,-21,-14
11,20,-97,16,33,14,8,9
-27,-62,118,77,16,0,-4,-11
33,109,35,18,-17,-13,-6,3
-2,-1,-5,8,58,28,19,9
-15,-89,-72,-163,-107,-25,-9,-5
28,133,71,248,113,23,4,4
-33,-131,-172,-255,-76,-20,-10,-9
16,115,156,254,46,1,-4,-2
-15,-111,36,-107,-27,13,14,6
-4,-7,-165,-147,-35,-25,-16,-9
24,63,150,235,63,22,14,10
-1,-6,-16,-235,-67,-7,0,5
-2,18,58,255,79,0,-8,-10
-3,-39,17,-57,-59,2,5,4
-10,-10,-195,-198,-14,-12,-5,-3
-6,17,1,42,12,5,-1,-5
29,38,152,190,33,11,13,15
-21,-68,-12,-163,-22,-10,-7,-7
10,49,-103,13,21,6,-3,-2
-8,-13,109,-35,-31,-7,0,-1
-1,-18,-120,79,-10,-2,0,1
-7,-3,19,-39,33,11,2,-4
20,50,112,74,-5,2,7,12
-19,-80,-122,-87,-21,-16,-12,-12
16,78,-21,101,23,16,9,10
-15,-89,-35,-51,-16,-4,0,-4
-1,34,176,-94,-3,-7,-7,-5
16,35,-10,132,28,12,9,11
-6,31,12,-125,-5,-10,-8,-9
4,-36,-26,73,-42,6,9,7
-15,-22,-94,-62,8,-10,-11,-9
16,26,66,135,25,6,5,7
-10,-31,-80,-64,10,-1,-6,-6
6,48,31,-1,-12,-3,1,1
-8,-43,104,118,3,2,4,0
9,28,-200,-148,-4,2,-1,1
-1,0,159,-25,-4,5,4,4
-5,-14,26,17,-9,-9,-3,1
8,7,-34,129,32,10,2,-3
-8,-11,-14,-33,-16,-6,-1,0
-4,-28,-113,-123,-19,-2,0,-2
-1,47,55,188,32,-5,-12,-9
7,-24,7,-192,-46,4,13,15
-1,5,-21,22,19,3,-2,-4
1,-2,45,102,22,3,1,-1
2,19,26,-162,-29,-9,-4,-4
0,0,38,153,31,10,6,7
5,12,-52,49,7,-5,-8,-8
-5,-14,60,-119,-36,-1,4,3
-1,-11,1,97,28,9,6,4
1,6,-104,-122,-14,-9,-6,-3
2,-6,91,150,2,8,7,7
-3,5,-69,-139,-6,-7,-8,-7
12,25,55,114,19,5,5,5
-14,-33,-116,-194,-43,-8,-3,-3
5,14,185,240,63,8,1,0
-5,-8,-118,-169,-33,-4,-2,-1
1,3,-17,58,12,-2,-2,-3
0,-5,5,6,-20,0,5,5
-4,-8,15,-135,-10,-3,-4,-6
6,19,69,208,25,7,3,7
1,-15,-79,-101,-10,-4,-2,-2
-2,6,124,47,8,6,0,-2
-2,-5,-132,-126,-33,-4,5,1
4,-20,10,220,75,5,-1,4
-3,36,61,-154,-52,-5,-2,-4
-2,-19,-68,-3,1,-2,-2,-3
0,1,15,-31,-3,2,1,2
2,6,22,20,-11,-2,1,1
5,8,-6,54,24,3,0,2
-3,-6,-3,22,0,-1,0,-3
-1,-1,4,-20,-12,-2,-1,4
2,15,1,-19,3,4,2,-1
2,-1,-6,30,6,-2,-1,-2
-1,-3,-18,-33,-4,1,1,1
-2,-8,22,34,2,-2,-4,-1
-2,-1,11,-19,-5,-2,-1,-4
3,11,-14,-21,6,6,4,6
-2,-22,-11,19,-8,-6,0,-1
-1,8,23,22,12,4,1,-1
2,7,-12,-30,-2,1,-1,0
2,-2,6,5,-4,-4,-1,0
-3,-2,-3,11,-3,0,-1,0
1,0,18,20,5,1,1,0
1,9,-13,-53,-11,1,2,-2
-3,-10,-2,19,9,3,-2,3
2,-4,-2,17,2,-3,-1,-2
-2,4,3,-10,0,0,2,2
1,0,3,-10,-5,0,0,2
0,-2,1,15,4,0,2,-2
2,2,-8,0,4,1,-3,-1
-2,-2,2,-7,-10,-1,-1,-3
2,4,5,-2,7,1,0,2
-3,-1,1,10,1,0,2,0
1,1,-14,-12,-5,-1,1,2
-1,-4,7,8,-2,-3,-2,-1
1,2,8,1,5,3,0,-1
-1,1,-11,-13,-1,0,0,2
-2,-3,-3,8,2,2,0,-3
3,2,11,5,-2,-1,0,2
0,3,0,-4,1,-1,0,-1
1,-2,-5,-3,-1,-1,1,1
-1,0,-3,4,-2,2,-2,0
-1,-2,5,7,5,0,0,-1
1,3,-4,-13,-6,-3,1,3
2,-2,2,1,2,2,0,-2
-2,-1,-1,7,-2,-1,1,2
-2,0,1,-3,4,2,-2,-1
3,1,-1,-4,-2,-1,2,1
-1,1,2,6,1,1,0,-2
-1,0,-1,0,1,0,-1,0
1,-1,1,-1,1,1,1,2
-1,0,0,-3,-3,-3,-1,-2
2,0,3,3,2,0,1,0
1,2,-8,-2,-1,-1,-1,1
-1,-2,2,4,1,3,0,-1
-2,0,2,-2,0,-2,-2,-1
1,0,-2,0,-3,2,1,0
0,0,1,-2,2,-2,0,2
0,-1,2,3,0,0,-1,-1
-2,0,-1,-3,0,2,2,0
2,0,0,2,0,-1,0,0
1,1,-1,-6,-2,-4,1,0
1,1,2,5,-2,3,0,-1
-1,-1,-1,-2,4,2,-1,0
0,1,-1,3,1,0,2,2
-2,-2,2,2,2,-1,-2,-3
2,1,-1,-3,-2,0,0,1
0,1,0,0,0,0,1,1
-2,-1,0,0,-2,0,0,0
0,1,0,0,1,2,0,-1
1,0,-2,-1,0,-2,0,2
0,0,3,3,-1,0,-1,0
1,-2,-2,0,0,0,-2,-2
0,0,-1,-1,0,-1,2,3
-2,3,3,-3,1,2,0,-4
1,-1,0,0,-3,-4,-1,4
0,-2,2,4,5,5,3,-2
1,2,-5,-1,0,-2,-2,1
-1,-2,2,-2,-3,-1,2,0
-1,1,-1,0,3,3,-1,-1
1,0,1,2,-2,-2,-3,-1
-1,0,0,-2,-1,-1,0,2
1,-1,-1,-1,0,1,2,-1
0,1,2,5,2,1,0,1
0,0,-1,-3,-1,0,3,-2
-1,-1,2,0,0,0,-4,2
0,1,-1,3,0,-3,-1,-2
1,-1,-1,-5,-2,0,2,0
1,3,-1,3,0,4,0,1
-2,-3,0,-1,4,0,-1,-1
0,1,-1,0,-1,-2,-1,0
2,-1,1,-2,-1,1,2,1
0,2,-1,1,1,1,1,1
0,-1,1,0,0,-2,-1,0
0,1,0,0,-2,-1,0,-1
-1,-1,1,3,1,1,0,0
-1,-2,0,-3,2,1,1,0
2,2,-1,3,-2,-3,1,1
3,1,2,-3,0,2,-2,-1
-4,-1,0,1,0,-1,-2,-1
0,-1,-1,0,1,0,1,1
-1,0,-7,3,0,0,2,-1
2,1,7,-3,-4,1,0,2
0,1,2,0,5,-1,-1,1
0,-1,-3,-1,-1,1,1,-1
-1,-1,4,1,0,0,-2,-1
-1,0,-2,1,-1,1,1,1
1,0,-2,0,1,0,-1,-1
-1,1,2,1,0,-3,1,3
0,1,0,-2,-2,2,1,-3
0,-2,-2,-1,0,-1,0,3
0,1,3,-1,1,2,1,-2
0,0,-3,2,-1,-2,-2,-1
-2,-1,-2,-1,-2,-2,-1,-1
-2,-1,-1,3,-1,-2,0,0
1,2,3,-6,-2,-1,1,-1
-3,-4,-33,-15,-1,-2,-3,-2
3,4,27,23,8,4,4,0
6,5,31,26,11,7,2,6
-7,-9,-62,-50,-19,-8,-5,-4
-1,0,36,24,-1,1,0,0
2,-1,-18,-15,-1,0,2,1
-2,1,11,4,1,-1,-1,-3
5,4,3,20,17,6,2,4
-2,3,7,-10,-8,-3,-1,-1
0,-7,-5,-14,-9,-4,-3,0
-1,-1,-26,9,3,0,1,-2
0,-2,15,-1,1,2,1,1
1,8,14,-5,2,2,1,1
1,-6,-5,12,0,-5,0,-1
-1,9,-2,0,2,5,-1,1
-5,-11,-17,-19,-2,-5,-2,-4
1,1,15,-1,-12,3,3,3
8,13,37,46,28,6,1,3
-6,-14,-64,-81,-28,-12,-5,-5
5,14,25,108,25,10,4,2
0,5,87,-25,-11,-2,1,-1
-6,-20,-129,-45,10,-1,-2,1
-1,2,51,-1,-17,-3,0,-2
2,-5,-31,-16,-3,2,2,5
3,13,30,8,-1,-5,-5,-2
1,6,14,39,9,8,5,-1
-5,-10,-15,-16,5,-1,-4,-1
2,-2,5,-8,-13,-8,1,-1
-2,-13,-40,-9,4,6,2,2
0,-9,-28,-20,-3,0,0,-2
6,50,110,81,16,1,-1,3
-4,-28,-81,-64,-7,4,2,-1
-3,4,84,53,-4,-11,-6,-3
-8,-35,-106,-133,-25,-2,3,1
14,65,33,87,30,4,-3,-2
0,-33,17,75,35,15,7,8
1,21,86,38,-29,-8,-4,-5
-10,-44,-163,-124,-22,-1,3,2
-2,-5,125,-22,-19,-8,-3,-5
8,32,-93,-84,22,4,2,4
22,47,96,210,0,8,5,11
-30,-70,-41,-58,3,-16,-14,-15
11,23,2,-60,12,17,14,6
3,-11,-7,103,23,8,0,5
-21,-43,-77,-167,-42,-25,-11,-13
19,111,202,170,37,9,-1,0
-2,-78,-168,-39,-5,10,16,15
8,55,133,68,-24,-7,-11,-7
-15,-34,-40,-122,38,3,0,-7
-1,-27,-104,14,5,-12,-7,1
-1,43,113,37,-47,-1,2,-6
-14,-90,-156,-132,5,4,2,4
34,110,171,180,16,10,12,15
-11,-54,-168,-203,-35,-1,-4,-4
-2,24,36,105,49,-12,-16,-13
10,17,98,76,-49,6,18,14
-7,-27,-92,-137,-26,-8,-5,-3
0,10,150,210,81,14,0,-5
3,-14,-127,-209,-27,3,0,8
-18,-17,22,82,17,-14,-12,-15
11,30,-46,-128,-44,5,14,8
21,45,12,206,19,8,4,8
-20,-70,63,-43,-15,-6,-7,-6
0,27,-4,-48,9,-5,-3,-3
-6,-34,-63,30,25,1,-3,-2
1,17,66,-33,-24,-4,7,6
10,-4,-117,-79,-50,7,7,1
6,41,169,126,41,2,-5,5
-17,-47,-71,74,55,2,-7,-12
11,30,-3,-122,-41,-2,7,6
-15,-37,18,36,33,-8,-12,-11
6,19,-2,-117,-74,2,14,9
12,-4,-79,72,38,7,-1,6
5,59,74,59,13,-4,-6,-3
-18,-68,16,-19,-2,1,2,-6
-5,-10,-98,-106,-12,-6,-3,-3
15,57,142,140,24,18,7,8
-11,-65,-116,-106,-31,-13,-5,-4
4,45,-21,36,16,2,5,7
1,-2,97,24,0,-4,-9,-11
1,-11,-77,2,7,6,6,7
-3,-31,79,-27,-13,0,3,0
7,50,-31,32,2,0,-3,5
-7,-28,-25,-8,11,-4,-2,-5
-7,1,-31,-42,-17,-4,-3,-5
16,23,36,45,2,9,7,7
-3,-7,28,-31,9,1,1,1
3,-3,-33,67,0,-10,-7,-3
-18,-33,-31,-64,-10,2,2,-5
15,46,11,10,9,4,1,4
0,-5,80,10,-10,-1,3,2
-3,-1,-60,38,17,3,-1,-2
1,-16,5,-60,-8,-6,-3,0
-12,-17,35,-14,-18,-1,2,-3
7,12,-99,-19,6,3,-1,3
15,56,183,146,45,11,4,4
-6,-42,-117,-106,-37,-7,-1,-2
-8,7,43,13,-4,-5,-4,-5
6,-11,-86,22,17,4,3,6
-6,-7,33,-53,-16,-7,-2,-3
2,8,18,73,-2,3,-1,-1
10,43,94,47,13,8,4,5
-8,-43,-75,-49,2,-3,-2,-4
-5,-1,-11,-67,-9,-2,-3,-2
8,11,-24,22,4,0,1,2
-7,-30,-6,-36,-10,-1,0,1
9,44,87,87,9,1,0,-1
-10,-50,-41,-67,-7,-4,0,0
3,29,-41,-28,-3,3,3,1
7,-2,53,133,10,-1,-2,0
-7,3,-34,-75,8,0,-2,-1
-4,-14,-15,-69,-19,-1,1,-1
17,33,73,125,25,9,5,6
-20,-29,-67,-105,-19,-9,-6,-9
10,18,60,98,7,0,1,3
0,-10,-82,-53,-10,4,3,3
-3,5,68,18,6,-7,-6,-5
-5,-25,-84,-40,4,5,5,3
13,22,78,34,3,-1,0,3
-4,12,-39,2,-10,3,1,0
-4,-15,21,-33,8,-5,-4,-4
4,7,5,10,1,4,4,3
-6,-17,-25,13,-11,-2,-3,-4
7,26,11,13,6,-2,0,2
-4,-21,-25,-42,-5,2,0,0
-2,8,31,18,10,4,0,-1
3,-5,-21,1,-9,-4,2,1
-1,4,-25,-58,-2,1,-2,-2
3,9,90,119,16,2,3,3
1,-2,-41,-59,-7,-1,0,1
-6,-8,-2,14,-5,-2,-3,-1
4,5,-6,-5,3,2,2,-2
-7,-14,-22,-29,-1,1,0,-1
5,11,22,18,-1,-4,-3,2
-2,-5,-5,3,5,2,3,1
3,6,12,24,-6,-1,0,-1
-2,-3,-27,-41,0,1,0,2
1,2,24,20,2,2,-2,-1
-1,-5,-10,-5,-1,-1,1,0
4,7,11,26,2,-1,0,-1
-5,-6,-6,-21,7,1,-4,-2
0,-1,0,-10,-9,4,6,0
1,3,-3,10,-5,-5,-7,1
-3,4,8,9,7,-17,-4,-3
6,-1,-10,-23,0,27,17,4
-1,-5,3,14,2,-18,-29,0
0,3,1,3,3,9,49,8
-1,5,10,15,9,39,0,0
10,-11,-17,-28,-19,-39,-40,-6
-15,2,7,5,1,14,17,-7
7,1,8,10,1,-33,-21,2
-2,-1,-3,-2,0,24,20,3
0,2,-9,-9,3,1,5,-1
2,2,7,6,-4,-13,-11,0
-4,-6,-7,-7,-2,3,-8,-3
5,6,8,11,3,-6,6,3
-5,-2,-7,-10,0,4,2,3
2,2,6,5,2,-1,3,-1
-3,0,0,2,4,10,0,-3
6,0,-1,3,-4,-5,-3,3
-6,0,-1,-5,-2,-2,0,1
4,-2,0,-2,2,1,6,-2
2,2,1,5,1,11,3,2
-3,-2,-3,-2,0,-12,-12,-2
-3,-2,-3,-4,-1,-2,2,0
4,6,11,6,3,7,11,3
1,-2,-23,-4,-4,3,-9,-3
-3,-1,21,4,0,-14,-8,-1
0,-2,-7,-5,1,13,19,1
5,4,10,8,3,-6,-10,3
-6,-4,-3,-6,-5,5,0,-5
2,2,-6,1,0,-8,-8,1
0,-1,-5,-2,1,-2,4,2
1,2,5,1,2,8,14,3
0,-1,5,2,-2,0,-13,-2
0,0,-3,-1,2,4,7,-2
-4,-2,2,-1,-3,-8,-11,-4
1,0,-5,0,1,1,3,2
3,3,6,3,3,2,3,1
-2,0,-5,-1,-3,0,7,1
1,-2,3,-2,-2,-2,-6,-1
1,1,-3,0,0,1,1,2
2,-1,3,1,3,5,1,0
-3,1,-1,3,2,-6,-5,-1
-1,0,5,-3,-4,0,3,2
1,1,-21,-2,0,5,1,-2
0,-1,33,4,2,-5,-2,0
0,1,-33,-3,3,3,1,3
-2,0,13,-1,-4,0,1,-3
2,1,11,12,2,0,-1,0
1,-1,4,-4,3,0,1,1
-1,-5,-11,-2,-5,-2,-2,-1
-1,3,1,-9,-4,-2,0,0
1,2,-9,2,1,3,1,1
1,1,12,1,4,3,1,-1
-1,-4,-8,2,3,-3,-2,-1
-2,-1,1,-2,-1,-2,-2,0
3,3,0,4,2,2,3,1
-1,0,2,-6,-7,-1,1,1
-1,0,1,7,5,4,-1,-1
1,2,1,-4,-3,1,2,-1
0,-3,-9,-2,-2,-5,-1,1
0,1,10,3,1,-2,-2,0
0,1,-1,7,3,4,-1,-2
0,-1,-3,-9,1,1,2,3
1,0,-2,1,1,-1,0,-1
-1,1,4,1,-2,-2,0,2
1,1,-1,-4,-5,-1,2,1
1,-4,0,3,2,3,-2,-3
-3,1,-2,2,3,2,-2,0
1,2,16,2,-2,-4,1,0
1,0,-20,-2,1,-1,2,1
-1,-1,2,-3,1,4,0,-1
-1,-1,3,0,-2,-2,-1,0
4,1,1,-4,1,-1,-1,-1
-4,0,7,14,0,2,-1,0
2,-1,-5,-9,1,-2,4,2
-2,1,-1,0,-1,1,-3,-1
0,1,-2,2,2,1,1,0
0,-2,-1,-7,-2,-1,0,-1
3,1,-2,4,-2,-1,1,1
-2,1,11,5,3,4,1,1
1,-2,-10,-4,-2,-4,-1,1
1,1,3,1,2,3,-1,-1
-3,-2,3,1,1,-1,0,-2
1,1,-7,0,-2,-1,1,2
2,2,4,-1,-4,-3,-2,-3
-2,0,0,-3,4,3,3,3
0,-2,-3,2,-1,1,-2,-2
-1,0,0,-1,1,-3,1,1
-1,1,1,5,1,3,-1,-2
-3,-1,-3,2,0,0,-1,-3
-1,-1,3,-2,3,1,0,1
1,1,-3,-2,-2,-1,0,-1
-1,1,3,5,0,1,-1,2
4,5,20,5,1,-1,1,1
-6,-9,-36,-9,-2,-1,2,-3
2,5,21,9,2,2,-1,2
1,-5,-11,-16,-1,-1,-1,-3
-1,4,8,21,1,2,0,1
0,-1,2,-10,-2,-3,-1,1
0,-1,-8,-9,-4,-1,1,2
0,2,5,8,7,2,-1,-1
3,6,13,6,1,2,3,1
-4,-10,-18,-5,-2,-4,-4,-2
0,2,0,-7,0,2,3,-1
2,2,4,8,0,2,-1,2
-2,-4,0,-5,-2,-2,0,-2
1,6,6,6,1,-1,0,1
0,-7,-15,-20,-4,-2,-1,-1
-2,1,1,17,3,1,-2,1
5,11,29,38,12,6,5,2
0,-7,-27,-29,-9,-3,-1,0
-4,-4,11,-12,-7,-1,0,-3
-3,-5,-21,-18,2,-1,-1,-1
4,4,7,16,0,1,1,2
2,11,24,17,5,0,0,2
-4,-14,-20,-17,-4,1,-1,-1
0,-3,-11,-21,-2,-3,-2,-2
14,44,57,87,19,2,3,3
-11,-33,-12,-48,-8,5,3,0
-3,-3,-31,-10,-7,-7,-5,0
-11,-44,-64,-67,-19,-2,0,-4
18,86,79,-12,12,1,-3,1
-7,-50,-57,112,6,-2,0,-3
16,39,125,-4,25,18,14,13
-28,-57,-87,18,-23,-11,-10,-12
20,52,48,-46,2,1,5,8
-13,-32,-147,-127,-32,-14,-12,-10
1,9,202,139,10,8,5,1
22,26,-55,102,40,3,4,10
-23,-44,-47,-134,-9,7,2,-8
3,-26,34,-66,-20,-10,-1,4
5,70,-156,-5,-12,-5,-9,-6
-5,-67,185,133,49,16,10,5
10,97,16,-12,-37,-9,-6,-1
15,-17,-91,-93,9,0,2,6
-35,-90,65,140,-13,-14,-13,-15
29,126,-78,4,65,30,17,11
-41,-174,-14,-176,-72,-27,-9,-9
34,139,31,201,10,22,14,15
-8,-23,121,-126,-4,-12,-10,-10
8,-18,-39,94,20,-2,-2,5
-22,-39,-43,-105,-4,2,-1,-11
2,94,-1,-62,-28,-12,-5,2
-1,-125,-77,-6,14,13,8,3
30,109,143,177,30,14,10,9
11,22,-84,-3,-26,-11,-5,7
-48,-133,34,-99,20,-1,-8,-21
26,90,-117,-17,5,4,8,12
-11,-8,-17,-90,-59,-15,-5,-4
-1,-35,81,66,9,4,1,0
30,70,50,109,68,20,4,7
-13,-7,26,43,20,-4,0,-3
-29,-105,-142,-188,-84,-13,-2,-6
27,81,14,105,61,5,-6,2
-19,-48,29,-47,-57,-5,9,1
13,43,10,-36,23,6,-4,3
2,9,35,5,-15,-11,-3,-4
1,13,-17,119,49,15,1,-1
-28,-99,-85,-41,1,-4,-3,-6
24,38,-9,-77,-95,-20,2,7
32,130,229,168,137,47,17,10
-54,-174,-215,-226,-105,-38,-16,-14
27,83,65,92,37,10,1,3
-7,9,68,7,7,2,2,3
-1,7,-34,5,-45,-14,-7,-3
1,-36,-23,40,28,13,6,0
4,30,54,81,23,2,1,3
-4,-43,-38,-53,-20,-4,-1,0
-4,16,-40,-107,-26,-12,-5,-5
2,1,59,-14,16,15,9,8
18,53,-38,175,26,-3,-8,-4
-19,-73,4,-12,6,6,6,-1
-4,11,-12,-147,-39,-14,-7,-3
4,-4,25,42,5,6,6,2
8,22,28,-38,0,0,2,4
-3,16,-44,23,13,1,-8,-5
-4,-26,13,129,13,7,5,2
2,-5,-18,-87,-17,-6,0,3
1,6,70,-25,-2,-3,-3,-3
6,62,-39,76,10,4,-3,-2
-18,-108,-61,-88,-20,-6,4,1
9,58,57,47,14,2,-2,-2
6,15,30,7,2,5,3,6
-7,-29,-58,-71,-4,-3,-1,-1
-4,-8,-6,-26,-12,-5,-1,-7
12,26,28,99,19,7,3,6
-6,-11,-13,-57,-12,-2,0,0
3,5,33,26,6,2,1,1
-1,-2,-24,-27,-4,-3,-1,-1
-2,-1,-12,44,15,4,-1,-1
-3,-20,18,-32,-23,-7,-2,-2
6,22,-1,22,16,4,3,2
-3,-11,-3,-3,-3,-1,-2,0
2,16,3,0,-3,0,1,2
-3,-17,-21,-9,-2,-1,0,-4
3,10,17,-9,7,3,2,3
2,7,0,62,3,0,-2,1
-1,-5,-2,-33,-2,-1,0,-4
-4,-3,9,-6,-7,0,0,0
3,-3,-7,-16,3,-1,2,4
-1,2,3,-32,-3,2,-4,-4
0,0,-15,50,3,-2,0,0
1,3,26,35,1,3,6,1
-2,-4,-25,-50,1,-1,-3,-1
2,3,11,-10,-1,-2,-2,3
-1,3,-6,28,-2,-2,2,0
-1,-4,7,-36,1,2,-1,0
1,-1,-5,38,6,3,0,0
1,4,12,-14,-7,-1,0,-2
-2,-5,-11,-2,1,1,1,1
2,0,6,0,-2,-2,-1,0
-2,2,-8,14,6,3,0,0
1,2,6,-19,-3,-4,-2,1
0,-1,-3,10,1,1,2,-1
2,-1,1,-5,-2,-2,0,3
-3,0,-1,11,4,4,1,-3
0,0,4,-21,-4,-1,-1,-4
0,0,-3,19,2,-1,-3,5
-1,-2,2,-6,-1,2,1,-2
3,3,-2,2,3,-2,3,2
-3,2,7,-5,-4,-1,1,-2
3,-4,-12,4,0,2,-1,2
0,3,6,-5,0,-2,-1,-2
-1,-2,-3,3,0,0,-1,2
-1,0,3,-1,1,2,1,0
3,1,2,6,-1,0,0,0
-4,-2,-2,-8,4,-1,0,-2
2,3,1,6,-5,-2,1,3
1,-2,0,-5,2,2,-1,-1
0,1,-3,1,2,3,2,-3
-2,-1,3,2,-1,-2,-2,2
2,0,-1,2,-1,1,0,-1
0,1,-1,-4,-3,-4,1,3
-1,2,0,3,1,1,0,-1
0,-2,2,-1,4,4,0,-1
-1,0,-2,2,0,-1,1,2
0,-2,2,-5,1,0,-1,-1
2,3,1,4,-4,-2,-2,0
0,0,0,-1,-2,-2,2,2
-1,-1,-2,-2,3,4,0,-3
0,0,-1,3,-1,-4,-1,0
1,-2,1,1,3,3,1,-1
0,1,-2,-3,-2,0,-2,-1
-2,0,1,-1,-1,0,0,2
3,2,1,2,1,0,1,1
-3,-1,0,1,0,-2,-1,0
1,-1,-1,-3,-3,0,1,-2
2,2,1,2,0,-1,0,1
-3,-2,1,-1,4,2,-1,-1
2,1,0,1,-1,1,1,1
-1,1,1,1,2,1,2,1
-1,-2,-3,-1,-1,-3,-3,-1
1,3,2,2,2,1,3,0
-1,0,-1,-2,-3,-1,-2,0
1,-5,-2,1,3,2,0,0
0,4,4,-2,-4,-3,0,0
0,1,-2,1,-4,-1,0,2
-2,-1,0,0,5,4,1,-1
2,1,1,-1,0,1,-1,-1
-1,-3,-2,-2,2,1,0,0
2,1,4,6,-1,-2,-1,-2
-1,-2,-5,-3,-4,-6,-1,3
1,3,-1,-2,-1,6,1,-2
0,-2,2,1,3,1,3,2
-1,0,-2,-2,1,-1,0,0
-1,3,6,5,3,0,-3,-1
1,-1,-3,-1,-3,-1,2,1
0,-3,-1,0,-2,-2,-2,0
0,1,0,-1,0,2,1,-1
1,1,5,0,4,2,1,0
-1,-1,-4,-1,-3,-2,0,2
0,3,1,2,2,1,2,-2
-1,-4,-3,-2,0,0,-3,0
1,3,2,2,1,2,0,0
0,0,1,0,-3,-6,-1,0
0,-1,-1,-3,1,2,1,1
1,0,1,1,2,3,1,1
0,0,-1,1,-2,-2,0,-2
0,1,0,-1,-1,0,0,2
0,-2,2,4,3,2,-1,0
-2,2,-3,-3,-2,-2,1,-2
2,-1,1,0,0,0,0,-3
-1,-2,-1,0,0,0,-1,3
1,1,0,0,-1,0,0,0
-1,1,3,2,2,1,0,0
-1,0,-2,-3,-2,0,1,0
2,-1,2,2,2,-1,-2,0
-1,2,-2,-1,-2,1,2,0
1,-1,-1,0,-1,0,-1,1
-2,0,1,-2,-1,-1,0,0
-2,-1,-1,-3,-4,-1,-1,0
0,2,0,-1,-2,2,4,1
0,-3,1,3,-1,-1,-1,0
0,0,-2,-2,-1,-3,1,-1
-1,2,-3,-4,0,2,-1,0
0,0,9,12,4,1,-1,1
-1,-3,-6,-4,2,0,1,-2
-1,1,-1,-2,-3,-1,-2,0
3,-1,-1,-10,-5,-2,0,2
-2,1,2,10,4,1,1,-1
3,1,-15,1,4,3,0,1
-3,0,26,-3,-3,-2,-2,-1
3,3,-13,0,-1,-1,1,-1
-2,-6,-9,-6,-3,-1,0,1
-3,0,10,-27,-7,-2,0,-1
4,8,-4,33,11,4,1,1
6,6,71,72,22,10,6,5
-7,-10,-94,-72,-21,-8,-4,-4
-1,-6,23,3,-3,-3,-1,0
-4,-6,-18,-40,-8,-1,-2,-3
14,40,49,50,16,5,3,4
-9,-33,-26,-10,-5,-2,-3,-1
2,6,21,17,2,0,3,0
-3,-6,-33,-27,-9,-2,-3,-1
4,2,25,27,14,3,4,4
-1,-1,-42,-25,-9,-2,-1,-3
-2,6,32,3,-2,0,-2,0
0,-1,8,1,3,1,0,-2
-6,-15,-16,-19,-10,-4,-3,-1
1,0,-8,-14,-1,-1,1,1
17,39,0,21,19,7,3,5
-18,-48,22,74,-3,-2,-1,-6
4,22,10,-32,-1,0,2,3
-5,-12,-37,-36,-16,-4,-1,-2
1,-6,-78,-92,4,2,1,2
15,55,143,151,15,-2,-5,0
-7,-24,-27,5,24,12,6,-2
-15,-51,20,-55,-52,-15,-4,-3
34,100,38,34,61,23,6,8
-40,-139,-204,-82,-58,-23,-7,-8
16,86,106,-6,24,10,4,5
7,-1,22,112,-44,-12,-2,-1
-7,-24,-8,-76,13,8,4,3
20,75,133,28,51,9,0,0
-27,-87,-89,-28,-37,-20,-13,-9
17,47,-132,39,47,23,13,10
-15,-33,32,-69,-58,-25,-12,-10
21,53,138,141,25,17,10,9
-23,-76,-69,-127,2,-1,0,-5
30,128,24,-70,0,-1,1,5
-34,-195,-77,230,42,-9,-15,-11
6,121,-13,-236,-34,16,16,10
12,-1,-37,90,-64,-25,-6,-5
-13,-35,202,142,70,19,-1,-1
-7,-35,-126,-212,-62,-12,0,1
51,131,31,133,88,25,11,16
-26,-32,25,46,-34,-9,-2,-8
-25,-103,-139,-187,-21,-6,-2,-6
41,145,231,198,25,8,3,7
-46,-158,-168,-204,-42,-25,-16,-12
14,32,-87,-25,7,13,8,6
24,46,142,251,36,6,6,6
-26,-17,30,-146,-23,2,-4,-8
12,20,-49,-63,-23,-11,-2,3
-2,-45,-100,31,26,6,1,3
3,69,208,119,24,-3,-7,-10
-16,-84,-167,-79,-19,1,6,5
22,87,95,46,0,-2,-2,0
-21,-78,-68,-106,-25,-1,0,-3
11,41,14,97,25,-2,-3,1
4,31,32,-89,-10,9,9,3
-4,-22,50,120,14,0,0,4
-1,-17,-60,-49,-11,-5,-6,-3
7,40,-81,-45,10,2,-3,-5
2,6,111,11,-17,3,12,8
-17,-87,-73,58,9,-2,-6,-4
12,67,88,-38,3,-2,-3,-2
-8,-47,-95,61,13,12,11,6
3,23,0,-127,-53,-17,-9,-3
8,-4,-21,166,70,13,1,2
1,44,129,-6,-14,-4,-1,-5
-10,-23,-41,-180,-30,0,3,4
6,-11,8,111,29,-4,-6,-5
-11,-36,-84,-99,-46,-1,9,3
12,59,141,103,40,2,-9,0
-6,-68,-119,-67,-11,2,3,0
-1,51,24,91,-7,1,3,1
4,6,14,-24,8,-1,-2,-1
-9,-22,15,-32,-4,-1,3,1
11,6,27,49,22,-1,-8,-3
9,68,-29,-120,-22,0,3,2
-14,-77,9,124,10,7,5,2
4,23,-45,-53,-6,-5,0,1
0,-7,47,-30,-14,-4,-2,-1
-1,-8,-45,54,26,6,-3,-2
-4,18,36,-46,-23,-6,0,-3
4,-14,-34,38,15,4,1,3
-2,-11,-6,-86,-17,-3,2,2
1,17,77,58,14,-2,-4,-7
-3,-18,-51,29,12,10,8,7
6,9,2,-11,-22,-7,-3,-1
-6,11,16,51,13,1,-3,-2
-1,-24,-68,-55,0,2,2,3
3,21,92,60,-1,-4,-4,-5
4,6,-47,-51,-2,1,2,3
-6,-11,27,-24,-4,2,3,4
12,11,21,38,10,-3,-4,-4
-7,6,-46,44,8,1,0,-2
-3,-17,-1,-58,-12,4,3,2
-2,0,4,-28,-8,-4,0,-2
-1,-16,-7,54,10,1,1,6
4,20,-3,-87,-15,-3,-4,-6
1,-2,15,84,18,2,1,2
2,3,1,5,-8,3,5,4
-5,-4,-22,0,6,0,-5,-5
0,-13,7,-64,-10,-5,0,0
1,13,-3,46,7,2,1,-1
4,5,24,-35,-3,1,0,0
-6,-8,-19,65,8,1,1,3
2,2,-2,-75,-16,-3,-2,-3
2,0,13,31,9,0,1,1
1,11,4,8,2,4,1,1
-4,-16,-16,18,-2,-1,1,1
1,4,-3,-36,-5,-1,-2,0
0,5,10,11,6,0,-1,-2
3,-6,-11,3,0,-2,0,2
-4,-3,11,20,3,5,3,-1
4,6,18,-41,-12,-4,-3,1
-2,0,-91,18,12,1,0,-2
1,6,96,15,-1,4,1,1
-3,-9,7,-1,-1,-5,0,1
2,6,-75,-19,-1,1,2,-2
-1,-1,78,15,0,0,-2,1
1,-1,-32,-8,-2,-1,1,2
0,0,-16,9,1,2,-1,0
-1,-6,24,-15,-1,-2,0,-3
0,2,-4,9,1,2,1,1
0,2,-10,-9,-2,-1,-1,1
0,0,3,18,4,1,2,-3
2,-2,-2,-21,-5,-1,-3,2
-1,2,4,10,3,1,2,0
0,4,7,-2,-1,0,0,-1
1,-3,-17,9,2,-3,-1,0
1,-2,6,-11,-2,-1,0,2
1,4,13,8,-1,2,0,0
-4,0,-5,-2,3,2,-1,-2
0,-2,-12,2,2,1,1,0
1,-1,4,-10,-4,-1,-1,1
1,2,12,10,0,-1,1,2
-2,-3,-15,-6,0,-1,1,-2
1,4,4,7,3,0,-2,0
-2,-3,10,-9,-1,1,1,2
2,0,-6,6,0,1,0,-4
0,2,3,-1,-1,-1,0,2
0,-5,-10,-2,0,0,0,1
2,6,-13,1,1,1,-1,0
-3,0,26,2,-1,2,0,0
1,-3,-12,-1,1,-3,0,-1
0,0,1,0,-3,0,3,0
0,0,9,0,0,1,-1,0
2,2,-6,-1,3,0,-1,1
-1,0,-4,1,-2,-1,0,0
-1,-2,5,1,1,1,0,0
-1,0,-3,-4,-1,-2,2,0
2,1,4,5,2,3,0,-3
-1,1,6,-2,0,0,-3,2
-1,-3,-16,0,-1,-3,0,-1
2,3,21,-1,-2,2,2,3
-1,-2,-23,0,3,1,1,0
0,0,16,2,0,-3,-1,-1
1,0,-10,2,1,4,0,-1
-2,0,2,-3,0,-4,-1,0
2,1,10,0,-5,0,0,1
-1,0,-12,-1,4,1,1,-1
0,0,7,0,0,0,-1,1
0,0,-2,1,1,1,0,-1
1,-1,4,-2,-4,-2,0,3
-1,-1,-25,0,1,0,0,-2
-2,-6,8,-1,0,0,-2,-4
5,20,40,5,2,1,3,4
-2,-12,-25,4,-2,-1,1,-2
0,1,4,-1,2,2,-2,3
-2,-1,-8,-9,-5,-1,1,-2
1,-2,-13,2,4,-1,0,-1
0,2,14,-2,0,1,-1,0
1,3,8,3,2,1,0,2
-1,-2,-10,3,0,0,-2,-2
-1,-2,5,-3,-3,-4,2,2
2,2,-8,3,-1,2,1,-2
-3,-2,6,-3,3,2,-1,2
2,3,2,0,1,0,0,-1
0,-5,-5,0,-3,-2,0,0
-1,4,2,1,2,1,-2,0
2,-2,-1,0,-3,0,2,1
-1,1,7,1,1,1,-1,-2
2,0,-5,0,-1,-1,2,2
-2,-1,-6,0,0,-1,-2,-2
1,3,7,-2,2,0,0,2
-2,1,-1,5,1,3,2,-1
-1,-5,-5,0,0,-2,-4,-2
2,2,27,-4,-1,-2,4,2
1,0,-56,-4,-1,3,0,-1
0,2,38,3,-1,-3,1,1
-1,-3,-11,0,3,3,-3,0
0,1,5,-3,-1,-3,2,1
1,3,19,14,3,3,-1,-1
-2,-3,-20,-10,-4,-2,0,-1
2,0,4,2,1,2,1,3
-2,1,-11,-2,1,2,-2,-3
0,-2,16,-3,-4,-2,0,0
0,-2,-15,4,4,-1,1,1
0,4,14,-1,-2,-2,-1,1
-2,0,5,-1,-2,-3,-2,0
0,1,-10,1,-1,2,1,0
1,1,11,1,1,-3,-2,-1
0,0,7,-2,0,1,1,0
1,1,-18,8,1,-1,2,2
-4,-9,17,-7,-4,0,-3,-4
3,7,-8,-1,0,0,2,4
-1,-2,-4,2,0,-2,-1,-3
2,5,12,2,5,3,1,3
0,-3,-7,2,-3,0,0,2
0,1,-4,-1,-1,-1,1,-2
-3,-4,-2,-3,-1,-2,-2,0
0,-3,-8,-4,1,0,0,-3
5,10,29,11,5,3,2,3
-3,-5,-12,-7,-5,0,-2,-3
2,2,-3,1,1,-1,0,4
-2,0,3,-5,0,-1,0,-2
1,0,-19,7,-1,1,-1,0
-3,1,21,-3,2,1,0,-1
1,-3,-14,-10,-5,-2,1,2
0,0,27,22,6,1,-1,-1
3,4,-24,-2,3,-1,0,1
-4,-3,2,-37,-14,-2,0,-2
1,-1,-1,60,7,9,5,2
5,13,13,-31,9,-3,-2,1
-4,-18,-52,-27,-8,-4,0,-3
1,6,89,46,4,2,-2,2
-6,-5,-50,-35,-5,-3,-3,-5
0,-5,-36,5,-6,1,3,3
8,18,94,36,21,4,3,4
-6,-24,-125,-69,-25,-8,-4,-4
10,36,90,44,16,3,1,2
-12,-30,-19,7,-2,1,-3,-4
7,4,6,-30,2,7,5,7
-11,-3,10,15,-6,-13,-9,-10
15,13,-94,-6,-23,2,8,6
-12,-19,167,77,30,10,1,0
-2,-25,-155,-165,-31,-18,-7,-8
25,89,182,205,28,17,10,14
0,-35,-20,-2,62,17,8,4
-37,-57,-185,-207,-107,-31,-15,-15
30,63,168,152,64,10,4,10
-16,-42,-161,-57,-37,-1,-2,-4
-1,8,128,65,4,0,2,-1
21,27,6,-105,33,11,3,8
-13,6,-45,73,9,-1,-3,-8
-2,-16,-108,-150,-53,-14,0,3
8,47,127,195,44,7,-3,-1
-24,-100,-53,-143,-40,-8,-1,-8
21,70,35,125,19,12,5,5
9,-51,13,-33,15,1,3,8
-9,120,59,-32,4,-10,-20,-17
-5,-131,-27,26,-11,17,26,18
-8,12,-91,-83,-30,-21,-18,-12
20,60,47,140,46,18,13,9
-39,-136,-135,-195,-44,-16,-10,-9
64,234,195,204,51,-8,-13,3
-32,-113,-158,28,-29,26,29,7
-13,-63,11,-175,-6,-12,-12,-5
21,86,-26,68,24,-2,-4,-1
-1,-4,185,34,-34,17,17,9
-18,-69,-88,-60,19,-21,-19,-10
7,55,38,-26,-46,-6,2,-3
-18,-115,-40,-19,24,6,-1,0
28,178,23,113,32,3,3,4
-12,-70,49,-70,-5,-2,-2,-3
5,5,-60,158,-10,8,9,7
-9,-44,42,-228,-29,-7,-6,-5
3,-20,-30,128,24,2,0,1
3,64,74,7,14,5,1,-1
-9,-34,-83,-102,2,-11,-7,-5
15,27,48,109,-23,5,9,9
-16,-47,-106,-31,15,5,-3,-4
10,27,16,-118,-26,-11,-5,0
3,22,114,235,72,20,7,3
0,-23,-31,-132,-43,-10,0,-1
-5,1,-73,-108,-20,-7,-3,-1
5,15,65,156,0,3,3,4
-2,-14,-35,-91,9,4,0,-5
8,62,-27,103,6,-4,-5,5
-18,-80,2,-70,7,-1,-1,-12
11,25,-2,-22,-23,0,3,7
-8,-25,15,93,23,4,2,2
-1,-10,-76,-180,-39,-7,1,-2
14,82,33,197,62,11,-4,-1
-6,-41,-5,-117,-46,-8,2,1
-1,0,111,34,21,6,1,1
-2,-12,-50,-34,-8,-5,-1,-1
5,36,40,60,-4,0,2,3
-14,-60,-49,-20,5,3,-3,-6
13,47,17,28,9,-3,-2,2
8,7,10,21,-2,10,7,6
-19,-63,-85,-72,-32,-17,-6,-7
12,61,158,67,30,8,0,1
-2,-7,-98,-14,4,3,2,1
-2,-21,34,14,-1,-3,0,-1
4,7,-50,-57,-7,3,3,7
-9,-41,-16,-44,-12,-8,-5,-4
8,57,14,101,13,7,0,-2
-9,-36,-6,-61,-5,-1,4,1
14,58,56,6,14,2,-3,-1
-5,-56,-63,12,-16,-2,2,4
-4,18,57,-60,4,0,0,-1
4,2,-83,78,6,3,0,-1
-7,-21,27,-33,-17,-9,-5,-5
9,41,58,57,30,13,7,6
-4,-26,-51,-81,-33,-10,-4,-1
0,8,47,56,16,3,1,-3
1,-20,-46,-36,-5,-1,1,4
0,27,4,-6,4,-1,-1,-1
0,-11,12,87,17,1,-5,-3
0,5,14,-41,-17,1,6,5
-6,-40,-18,-32,-2,0,-1,-3
4,42,11,24,11,2,-1,-1
-1,-6,28,-82,-13,0,3,-1
5,3,-60,66,3,-4,0,4
-3,-7,47,45,11,3,-1,-1
2,11,1,-35,-16,-2,0,1
-3,-16,-35,-38,3,2,-1,-2
4,12,44,48,10,-1,0,2
-3,-5,-24,-25,-11,-1,1,-1
0,3,-6,13,10,3,0,0
-1,1,8,-17,-6,-1,1,-2
-1,-3,14,18,2,1,-2,0
5,7,-12,-10,-2,-2,-1,2
-4,-6,-5,23,6,1,4,-1
1,-3,5,-23,-5,-3,-2,2
-2,6,9,4,-4,1,-1,-4
3,-5,-18,0,5,2,1,4
1,2,12,16,3,0,-1,-2
-2,-7,-8,-31,-7,-2,1,2
-1,9,5,14,5,2,-3,-3
1,1,1,7,1,-2,1,0
0,-6,-4,0,-4,2,0,0
0,2,-2,-17,-3,-1,1,0
-1,2,5,17,4,1,0,2
2,-1,0,2,1,0,0,-2
-2,1,0,-3,-4,-2,-1,0
0,-5,-5,-8,4,1,-2,1
2,5,7,8,2,3,12,3
-1,-2,-6,-7,-2,-2,-7,-3
0,-1,-2,3,0,1,1,1
1,4,4,0,0,-3,-6,-1
-1,-3,3,2,0,3,2,0
0,3,-2,-2,-3,-8,-1,0
1,-2,-3,6,5,15,6,2
-2,0,1,-6,-2,-9,-3,-2
1,-1,1,1,1,0,-1,0
0,-2,-3,-1,-4,-1,-3,-4
0,0,3,2,-1,-6,-6,0
1,1,-2,-3,6,10,22,9
2,3,3,6,0,-9,-14,-1
-1,-2,-1,-3,-3,7,3,-2
-2,-1,-1,-3,0,-3,-1,-3
-2,-2,0,-1,-2,5,-4,0
0,2,0,3,1,-1,2,-1
1,3,0,-1,0,0,1,4
2,-2,0,2,-1,-3,0,-2
0,0,-3,-4,2,2,-1,0
-1,2,4,4,3,1,3,-1
-1,-3,1,1,-3,-3,-2,1
3,2,-3,-2,-1,3,4,-1
-1,-2,0,0,1,-2,-4,1
0,1,4,0,-2,-1,-3,0
-2,0,-3,-1,5,4,4,2
2,0,2,3,0,-2,-1,-3
-3,-1,-2,2,-5,-5,-3,0
1,1,0,-4,0,3,2,2
3,0,-1,2,5,3,2,-1
-3,0,1,-1,0,-3,0,2
0,0,-1,-3,-1,3,-1,-2
3,1,0,1,-5,-3,0,0
-2,-2,2,3,4,0,3,0
0,2,0,-4,-1,1,-4,1
-2,-2,-2,4,3,1,-1,-2
3,0,6,-1,0,-1,-1,1
0,1,-18,0,-2,0,4,1
0,0,15,-2,-3,-1,-2,1
1,1,5,2,1,1,1,-2
-2,0,-20,-2,1,0,1,-1
0,-2,15,0,3,2,-1,1
0,2,1,3,-2,-3,-3,1
-1,-1,-6,-4,1,2,3,-2
1,2,6,2,-3,0,0,1
-1,-1,0,0,0,-2,1,1
1,-3,-6,-2,-1,1,0,-2
0,2,6,3,3,-1,-2,3
1,-1,0,0,-1,3,3,-2
-2,-1,-6,-1,0,-2,-3,-1
1,2,5,0,-1,-2,0,2
-1,-2,-3,0,2,4,2,-1
3,3,1,-2,-2,-3,-1,2
-2,-2,1,5,-1,1,1,0
-1,1,-3,-3,3,2,-1,-2
-1,0,3,0,-2,-1,0,-1
0,-2,-3,0,0,-2,-2,1
1,1,4,0,2,1,1,-1
2,1,-2,0,-3,-1,2,0
0,0,-2,-1,3,2,0,2
0,1,4,2,-2,0,-1,-1
0,-1,1,-2,1,-2,0,-1
0,0,-3,1,0,2,0,2
0,2,-1,2,0,-2,-1,-2
-3,-2,4,-2,-1,0,1,1
2,0,-3,0,2,2,0,1
0,-1,-1,0,3,-1,0,-2
0,0,2,-2,-6,-1,-1,2
-1,1,0,3,2,4,1,0
2,0,-1,-2,0,-4,0,1
-2,1,0,2,2,1,2,0
2,-3,-2,0,1,1,-2,-4
0,3,1,0,-2,0,1,1
0,0,-2,0,0,0,0,-2
3,0,-6,1,-1,0,-1,-2
-1,1,9,-1,2,0,1,2
-1,-2,-8,1,0,-1,0,-2
1,3,1,-1,-2,0,0,2
1,2,5,1,1,1,-1,0
-2,-3,-2,-4,-1,1,0,-1
1,-1,2,4,0,0,1,2
1,5,6,3,4,-2,-2,-4
2,-2,-14,-4,-4,2,4,3
-6,-9,-4,-4,0,-5,-1,-4
1,3,11,0,-3,3,0,2
1,-5,-5,0,-1,0,-1,2
4,16,-13,19,16,6,2,2
-2,-5,61,-12,-12,-5,-2,-2
-3,-23,-58,3,7,3,-1,-3
1,27,-20,0,-5,-1,2,2
-1,-3,69,-10,-7,-4,0,1
5,1,-59,-6,3,1,1,3
-4,0,24,5,1,-3,-3,-6
1,-1,15,19,8,7,1,1
-3,-10,-35,-22,-8,-4,-3,-2
4,3,-2,11,1,-2,2,2
4,38,47,1,0,2,1,4
-4,-36,-6,-4,3,3,0,-3
-3,-1,-29,-8,-5,-3,0,-2
0,4,28,1,3,4,1,2
2,-5,-43,-19,-4,-3,-1,0
-1,2,-36,2,2,-6,-5,-2
3,17,142,90,-3,4,3,-1
-1,-24,-87,-88,20,11,6,5
2,31,40,54,-18,-10,-6,-4
3,3,-48,-54,-5,9,9,8
-10,-42,-43,-15,-1,-16,-14,-9
11,40,117,121,27,14,11,7
-11,-37,-28,-98,-23,-9,-4,-4
4,7,-30,35,27,7,2,1
-5,-16,-78,-126,-38,-9,-1,2
16,70,124,137,10,4,-1,-2
-34,-123,-84,-66,-6,-8,-9,-9
36,94,-56,-41,-1,4,9,10
-4,42,204,203,49,14,2,-4
-14,-93,-225,-247,-36,-9,-1,2
2,-6,121,194,-4,-1,0,1
-8,13,-76,-166,-36,-7,-3,-3
12,71,141,89,45,1,-8,-5
8,-24,44,125,29,13,11,7
-20,-80,-152,-166,-46,0,6,1
30,76,24,171,75,22,8,13
-36,-75,46,-221,-71,-26,-12,-13
9,46,-108,172,-54,-37,-21,-12
16,17,170,20,74,49,29,17
-8,-15,-119,-144,-27,-26,-18,-8
1,-8,-52,46,33,20,11,5
-3,56,121,-52,2,-3,-6,-7
3,-39,-175,-76,-32,-14,-4,7
4,58,245,243,22,-11,-11,-16
11,-48,-227,-141,-4,39,33,26
-26,-58,102,-102,-34,-20,-12,-11
9,50,-70,70,38,-1,-8,-7
-11,-8,205,113,-15,6,11,3
25,-9,-192,-109,-3,-11,-10,4
-27,-32,86,175,15,12,5,-5
31,98,-48,-58,37,3,2,10
-28,-74,-6,-175,-75,-21,-11,-14
24,81,155,194,45,22,18,12
-12,-84,-229,-150,-29,-3,-6,-2
-14,-11,111,-12,2,-20,-15,-8
15,53,-54,11,2,17,12,5
-14,-38,6,139,21,-4,-3,-3
22,66,88,-64,-2,2,-2,2
-1,-12,13,102,12,2,8,5
-13,-69,-106,-102,-10,-3,-8,-4
-6,9,-7,-132,-45,-7,1,-2
6,19,-36,51,43,11,5,4
9,32,194,187,4,-11,-12,-8
4,11,10,-74,36,29,21,11
-11,-21,-87,-95,-65,-31,-16,-6
-3,-58,-64,37,6,7,2,2
7,60,71,8,-1,11,9,1
6,3,-90,-19,-5,-19,-15,-4
-10,-8,114,60,34,11,6,-1
1,-12,-123,-121,-35,3,9,9
19,68,114,158,61,8,-5,-4
-30,-112,-87,-172,-60,-12,1,-1
14,35,50,131,42,2,-7,-4
8,42,72,-87,-42,-1,7,10
-24,-83,-197,63,9,1,0,-6
11,25,159,36,16,1,0,0
4,26,-35,-17,-12,-6,-4,-1
-12,-21,27,10,-3,-3,-3,-6
22,89,-44,-31,0,-1,-3,3
-13,-49,73,-1,3,7,7,4
-1,-40,-129,-11,5,5,2,2
6,42,94,49,7,-6,-3,-5
-5,-28,-84,-109,-25,-2,1,3
-4,-6,10,59,29,3,-1,-3
15,35,29,-31,-33,2,5,7
-11,-11,16,113,39,-5,-9,-7
-4,-49,-35,-152,-30,6,8,1
5,39,70,156,20,-3,-6,1
-6,-16,-55,-151,-26,-10,-1,-3
14,37,-59,162,42,13,4,5
-5,-16,87,-152,-47,-5,2,-2
1,1,32,187,32,5,-3,0
-1,11,-39,-127,-3,0,2,0
-1,-35,-37,-22,-12,-5,0,1
-2,19,60,-1,8,3,1,2
1,0,-38,-16,-12,-3,-1,-2
-1,1,14,62,4,-1,-3,-3
-2,-4,15,-24,16,6,3,1
4,12,5,73,-4,-2,-4,2
2,-9,-3,-95,-19,-6,3,0
1,15,13,86,26,7,1,0
-5,-24,-36,-76,-22,-1,3,1
-1,11,3,-38,-2,-5,-5,-2
3,-6,2,77,13,5,1,0
-3,-3,-12,-5,0,-1,0,0
4,19,31,-13,4,2,-1,-1
-1,-5,-5,-9,-9,-3,2,3
0,-7,-32,-14,-2,0,1,-1
-4,-8,13,24,2,2,-1,0
6,14,22,3,7,0,0,0
-4,-6,-28,-1,-1,1,0,-1
0,1,-2,-15,-6,-3,0,-1
0,-7,15,31,2,2,-2,0
2,8,5,-22,0,0,0,1
1,3,-7,12,1,0,3,1
-1,-4,-9,-21,0,-1,-1,0
-1,-5,15,10,-1,-2,-2,0
0,6,-3,3,5,3,0,-1
1,1,-2,-2,-2,1,1,2
0,-5,-7,-8,-3,-1,-2,-2
-2,-2,2,11,0,-3,1,0
3,9,10,0,1,1,2,2
-1,-2,-2,3,2,2,1,-1
-4,-11,-14,-16,-5,0,-3,-2
5,13,18,24,7,0,1,1
-4,-12,-17,-15,-6,-2,0,-1
3,6,13,2,3,2,1,2
-1,1,-10,-6,-1,-2,-2,0
-2,-3,5,6,0,0,1,-1
2,7,9,3,0,2,1,1
1,-4,-11,-2,0,0,0,0
1,2,0,-4,1,-1,-1,0
-3,-4,0,6,-3,-1,0,-2
2,3,8,-2,4,0,0,2
-1,-1,-7,0,2,2,0,-2
1,2,2,-3,-9,-2,-1,2
1,-2,-2,0,2,2,3,0
-4,-2,2,2,4,2,-4,-3
1,2,-1,0,1,-3,-1,1
1,1,0,-1,-2,5,13,2
0,-2,-3,0,1,-4,-9,-2
1,3,6,2,0,-1,-1,2
-1,-2,-3,1,-1,0,-1,-1
0,-1,-1,-3,1,-3,-3,2
0,-1,-2,2,-1,5,3,-3
0,5,7,-1,1,0,1,1
0,-3,-4,-1,-3,-3,0,0
1,1,-3,-2,-1,-1,1,0
-1,-2,3,2,3,1,-1,0
1,1,2,1,-1,-2,-1,-1
-3,-2,-4,0,1,3,2,1
2,1,1,-2,1,2,-3,-1
0,0,0,5,0,-3,1,2
-1,1,3,-6,-1,2,0,0
2,2,-5,2,1,1,2,1
1,0,5,4,1,0,-2,-3
-2,-3,-3,-4,-4,-3,0,0
0,3,1,0,4,2,2,1
0,-3,-1,1,-2,0,1,1
-1,0,-2,-2,0,0,-4,-2
1,0,4,3,0,-1,1,1
2,-1,-1,-1,-4,1,3,1
0,3,2,0,2,-2,-1,-1
-1,-1,-3,-1,4,1,-2,0
-2,-1,0,0,-1,-1,1,-2
1,1,2,2,0,0,-1,2
1,1,-1,0,-1,1,0,0
-1,0,0,-1,-1,1,2,-2
0,0,0,-1,1,-1,-2,4
0,-4,-2,-1,0,0,1,-3
0,4,1,1,0,-2,0,3
-1,-1,1,2,2,0,-1,-1
3,0,1,-1,-5,2,3,-1
-1,2,2,0,2,1,-1,0
-1,-2,2,7,3,-1,-1,0
-1,-1,-6,-9,-3,1,2,1
-1,0,2,4,2,1,-1,-3
2,2,-2,-2,-2,-1,-2,3
0,0,-1,-2,1,-1,1,-2
1,0,5,5,-1,-1,-1,2
0,-1,-3,-4,2,-1,1,1
1,2,0,-1,1,4,2,-2
-3,-3,1,1,-1,-2,-3,0
0,-1,-2,0,-4,2,1,0
1,2,-1,1,4,-3,0,-1
-1,0,3,2,-2,-1,0,1
1,0,-1,0,0,3,0,0
2,0,0,-3,1,0,0,2
-2,0,1,2,0,0,0,-2
-1,1,-2,0,1,-2,0,1
1,-2,-1,-3,-2,1,2,-2
0,-1,1,3,2,1,-3,1
0,2,1,-1,-2,-3,1,0
0,1,-2,0,2,2,1,0
2,2,2,2,-2,-1,0,1
-3,-3,0,0,2,2,-2,1
-1,1,0,0,0,0,1,-2
3,-1,1,-5,-2,0,1,1
-3,-5,-5,-1,0,-1,-1,0
2,6,6,6,2,-1,1,0
1,-1,-2,-3,-3,0,0,1
-2,0,0,2,0,0,-2,-4
3,1,-1,-2,1,4,2,3
-2,-3,0,0,1,-3,-1,-1
-1,-3,-2,-2,-1,-1,-1,-1
3,1,2,-2,-2,0,2,0
-2,-1,0,0,0,-2,-2,0
1,0,-2,1,0,0,0,0
-1,0,2,-1,2,2,2,1
-1,0,1,2,1,0,-2,-1
1,2,-2,-1,-1,-2,-1,-1
0,-1,-1,-2,-4,2,0,3
0,0,1,2,3,0,1,-1
-1,-1,0,-2,1,-1,-2,1
0,1,2,-1,-3,-2,2,-2
1,-1,-1,2,4,3,2,1
0,-1,-1,0,0,-2,-2,-2
1,1,1,0,-3,0,-1,1
0,1,0,0,3,3,-1,-1
2,-2,0,-1,-3,-2,1,0
-4,1,2,1,-1,2,1,0
2,1,-2,1,2,-1,0,1
0,0,-1,-1,1,-1,1,1
-2,0,0,1,-2,0,-1,-1
3,0,3,0,3,2,2,-1
-4,-2,-9,-10,-4,-2,-1,1
4,6,16,11,2,0,0,-1
-1,2,1,15,6,3,1,3
-4,-12,-1,-29,-12,-6,-5,-4
4,8,-36,10,6,3,3,4
1,0,29,18,5,2,2,0
-5,-9,-13,-38,-10,-4,-4,-2
4,10,64,58,9,2,1,1
1,0,-99,-47,-1,-1,-1,0
-9,-23,-15,-56,-17,-5,-2,-3
18,44,80,122,25,8,6,5
-5,-11,-27,-71,3,11,4,2
-20,-48,31,18,-18,-21,-10,-12
42,100,84,118,38,32,16,18
-52,-115,-159,-229,-64,-41,-22,-22
38,97,21,119,-1,16,14,15
-14,-50,-31,-17,68,7,-4,-5
-16,-24,-14,-51,-60,-17,-4,-2
21,40,204,145,-12,7,4,4
-14,-52,-229,-174,42,2,1,3
24,80,164,12,-59,2,2,-1
-16,-53,-27,109,109,12,2,-1
-9,-29,-163,-127,-108,-30,-13,-7
11,43,236,191,70,20,4,1
-12,-16,-124,-82,-69,-26,-10,-3
26,53,107,-49,85,43,22,10
-28,-106,-152,-58,-37,-11,-2,0
-7,27,-5,149,-5,-34,-25,-18
48,103,162,33,7,43,32,26
-57,-132,-108,-152,-36,-32,-22,-21
43,143,51,107,80,20,7,9
-18,-109,50,-13,-32,1,5,2
3,37,-207,-126,1,-10,-6,0
11,36,210,221,-18,-5,-1,1
-8,-21,-43,-146,3,21,13,0
11,19,-141,9,18,-9,-6,5
-29,-67,112,-30,-23,-7,-5,-11
22,54,28,-32,4,5,3,5
-17,-46,-33,44,11,-4,-5,-6
14,12,98,144,12,6,5,5
-4,47,-144,-163,-29,0,-2,-2
-11,-78,-97,-81,-18,-10,-2,0
40,110,255,255,75,19,12,16
-40,-100,-227,-138,-43,-12,-11,-19
31,95,90,90,16,12,14,14
-23,-93,-29,-49,-25,-15,-14,-10
6,51,71,-62,15,5,3,1
7,6,-68,-60,-29,-1,1,4
-25,-72,-24,29,-5,-13,-11,-11
26,73,54,27,15,7,4,4
-18,-61,1,69,5,4,4,1
15,56,26,-161,-32,1,6,5
-9,-64,27,227,88,9,0,-1
-1,33,-41,-160,-75,-10,-4,-1
5,-16,-78,10,20,1,-1,0
-16,-10,114,-14,2,-3,-3,-4
19,47,-96,21,-1,8,6,8
3,0,86,119,13,-1,0,-1
-8,-19,-63,-97,-3,0,0,-2
20,75,25,-64,-12,1,1,5
-19,-79,-2,184,48,-3,-7,-11
-11,-37,-46,-169,-56,-3,5,2
13,64,4,-35,-8,-2,-4,-1
-2,-14,46,94,18,5,5,4
-3,-25,32,-29,-10,-6,-6,-2
6,66,-37,49,13,4,2,2
-2,-47,21,45,5,3,3,0
-7,-8,-57,-22,-6,-6,-4,-3
3,13,140,-5,8,4,1,-1
4,-6,-109,13,-8,0,0,4
-3,-4,-3,-73,-8,-1,1,-2
-3,7,6,125,11,-4,-5,-2
6,-1,83,-70,8,5,4,3
-1,7,-122,-63,-9,-2,2,-2
-2,-5,54,57,1,-1,-3,0
-1,-9,7,-44,-10,3,3,0
2,10,19,10,2,-2,3,4
-2,-6,-21,48,4,0,-5,-1
2,5,-37,-26,-2,0,1,-1
-1,3,45,-10,4,3,2,0
2,-9,-31,-20,-12,-2,0,1
-3,3,-3,3,11,0,-4,-2
3,17,38,74,5,-1,-1,0
2,-13,-5,-63,-6,2,4,3
-2,-3,-12,-9,-7,0,1,0
-2,-1,-17,-2,12,2,0,0
3,5,18,76,3,-1,1,0
-3,-5,-2,-42,-6,0,-1,-1
-1,-3,-19,-40,-10,-3,-3,-1
1,10,23,36,9,1,-1,-1
2,-3,-21,-18,-1,-1,1,0
1,-2,24,9,0,3,2,3
-1,0,-25,-10,-3,-3,0,-1
0,5,29,27,5,0,1,1
0,-2,-16,-12,0,3,-1,-4
-5,-5,-7,-10,-1,-4,-1,2
6,3,10,1,-1,3,-3,-2
-1,0,5,26,0,-1,4,0
0,-1,-17,-34,-5,-2,-1,3
-1,-1,10,8,5,1,-1,-2
-1,2,-6,5,2,0,2,1
1,-3,18,11,-2,0,-2,-2
-1,8,-18,-16,-3,-1,1,3
2,-2,16,5,5,6,-1,-1
-2,-8,-11,4,0,-3,3,0
3,14,2,-2,-6,-2,-2,1
-1,-10,-2,-7,5,3,1,0
-1,-2,-4,9,-1,-3,-2,0
-1,4,4,-7,-2,-1,2,-1
2,0,4,9,5,4,1,1
-2,-4,-10,-8,-3,-1,-3,0
2,4,7,2,-1,-4,3,-1
-1,-1,-4,-1,0,2,-2,3
0,0,6,5,2,1,0,-3
0,0,-5,-2,-1,-1,1,1
1,-7,-1,-4,-1,3,-1,-3
-1,8,5,3,-1,0,1,3
1,0,0,7,1,1,0,1
0,-4,-2,-8,1,-3,-1,-4
-1,3,-2,2,0,1,1,1
1,-1,1,0,2,0,-3,0
-1,2,3,2,-2,-2,3,2
0,-2,-4,-6,-3,0,0,-1
2,2,2,1,1,2,1,2
-2,-1,0,2,1,1,-2,-1
0,-3,1,3,2,-3,0,-1
0,3,0,-4,0,2,0,0
-1,-1,-1,2,-1,-3,0,1
2,2,-2,-3,-2,2,0,0
-1,-1,1,1,1,0,-1,-2
0,-1,1,2,2,0,2,-1
-1,3,0,0,1,1,-1,2
1,-3,0,-2,-2,0,0,0
1,2,1,0,-2,-4,-1,0
0,0,-1,2,1,2,0,2
-1,-3,0,-2,2,3,1,-3
0,2,-2,1,0,-3,1,1
-2,0,0,1,0,2,-2,-1
2,-2,2,-3,-4,-3,2,3
0,3,1,2,1,-1,-2,-2
0,0,0,-1,2,2,1,1
1,0,-1,2,2,2,0,-1
-1,-2,1,-2,-2,0,1,2
1,3,0,0,0,1,0,-3
-1,-1,-2,0,-4,-6,0,1
-2,-2,0,2,5,4,-1,2
2,0,1,-1,0,1,0,-3
0,1,1,-1,-1,-1,-2,0
1,-1,-2,0,2,1,3,3
-1,0,1,1,-1,2,-1,-3
0,2,0,-1,-2,-4,-1,0
1,0,0,1,0,-1,1,2
1,0,0,0,-1,2,0,1
-3,1,-1,1,4,2,0,-1
1,-3,2,0,0,-1,-1,-2
1,2,0,-1,-2,-1,1,-1
-1,-2,-1,0,0,0,-1,2
1,1,2,-1,-2,1,1,0
-2,1,-1,1,3,1,0,0
0,-1,-8,0,-1,-4,0,1
3,0,9,-1,-1,2,0,-2
1,2,-3,3,2,0,1,2
-3,-1,4,-1,-2,0,0,-2
0,-1,-2,0,3,2,0,1
-1,-2,-3,-1,0,0,-2,0
2,1,2,-2,-5,-4,2,-1
0,2,-1,1,-1,-1,-1,3
-2,0,2,3,1,2,1,-2
1,-2,-2,-2,4,3,0,0
-1,-1,1,0,-1,-1,-1,-2
2,3,-1,1,1,-1,1,3
1,-1,-1,-3,-1,0,-1,-1
-2,1,3,3,-4,-1,2,-2
0,-1,-1,0,5,2,-5,4
0,-1,-2,1,2,1,4,-2
-1,1,5,0,-2,-2,-1,0
0,-1,-5,0,0,2,0,1
1,0,2,-3,-2,-3,1,0
1,0,1,1,1,0,-1,-1
1,1,-2,1,2,4,0,0
1,-1,-2,0,1,2,-1,-1
0,1,-1,-3,-2,-3,-3,1
1,1,1,1,2,1,1,0
-2,-3,-1,1,-1,1,0,0
2,0,0,-1,-2,-2,1,-1
0,0,2,0,1,-1,0,-2
-1,1,-3,0,0,2,-2,2
1,0,2,-1,2,0,2,0
0,-2,-2,1,0,-1,-2,1
-1,3,0,-1,-3,-1,2,0
1,0,-1,0,0,0,-3,0
-1,-1,1,1,3,1,5,0
1,0,1,-2,-3,-2,-2,1
-1,3,2,1,2,4,-2,-3
-2,-4,-3,2,0,1,3,2
2,1,3,0,-2,-2,-3,-1
0,1,-8,-7,1,-1,0,0
2,1,13,10,0,-1,3,2
-1,1,-4,-1,1,2,-2,-1
-4,-10,-23,-25,-1,-2,-2,-3
4,7,35,46,2,1,3,1
-2,-2,15,-22,-4,-3,-2,0
5,6,-94,-17,1,3,4,5
-5,-9,50,10,-5,-1,-1,-4
1,7,-49,-77,4,0,-3,1
-3,2,154,187,19,0,-4,-7
6,-6,-65,-110,-19,6,11,9
-7,-1,-83,-68,-14,-9,-7,-4
-2,-13,33,50,3,-4,-3,-2
4,6,-16,8,6,10,3,2
-3,6,37,7,10,-4,0,-2
8,8,28,36,-5,2,0,4
-7,-6,-61,-119,-11,-2,0,-1
1,-2,31,163,4,-5,-5,-5
6,6,-1,-63,6,10,9,7
10,24,106,74,46,11,5,3
-16,-37,-129,-89,-63,-22,-11,-6
16,39,65,58,51,20,13,9
-12,-25,1,-59,-35,-16,-12,-8
4,19,74,114,26,18,9,3
-10,-49,-170,-152,-21,-16,-10,-3
0,25,-26,-56,-22,1,8,1
1,-16,57,110,-4,-4,-6,-1
1,15,36,35,22,3,-2,-2
10,21,-19,-57,-2,7,7,4
4,12,26,31,22,-1,1,5
-14,-47,113,69,7,1,-4,-9
1,22,-254,-209,-73,-21,-9,-4
10,4,180,250,115,37,18,12
-15,-22,-6,-255,-85,-29,-17,-10
9,61,-30,28,8,5,4,2
-8,-71,-95,12,11,2,2,0
-1,17,27,-8,-23,-4,-2,-2
12,14,94,156,31,6,6,4
1,-10,6,67,-2,1,3,6
-7,3,7,-92,3,-8,-15,-12
-8,-55,-118,-100,-15,10,12,5
3,39,61,14,-13,-9,-6,-1
25,58,61,77,85,29,14,10
-20,-53,-81,-104,-66,-25,-9,-3
-5,-28,-20,42,-36,-6,-3,-5
11,82,59,89,81,23,5,-2
-8,-57,-16,-55,-61,-26,-11,-1
-3,-10,-93,-68,1,10,11,5
22,40,218,197,100,18,5,6
-24,-54,-220,-255,-138,-25,-10,-8
1,31,-14,55,50,2,-4,-4
12,45,172,166,49,9,-1,1
-9,-26,-41,-221,-97,-15,1,-2
8,-8,-33,149,65,11,5,7
-6,-15,-15,-51,-2,6,2,-2
-1,-14,27,-72,-43,-12,0,2
5,59,15,112,23,2,-5,-4
2,-40,4,107,58,19,11,8
-14,-13,-97,-238,-78,-24,-15,-11
3,8,57,93,18,0,3,0
13,33,82,126,13,13,8,7
-7,-33,-75,-149,-20,-8,-5,-3
1,13,26,57,13,-4,-3,-1
-2,-42,-72,2,16,14,7,4
3,62,99,-48,-10,-1,-4,-5
-2,-27,-63,129,8,-10,-3,1
-2,-7,4,-164,-21,4,4,0
9,23,47,87,13,5,3,7
-5,-14,-24,-15,-5,-7,-4,-3
-6,-18,-62,-77,-15,-2,0,-4
11,40,36,105,27,10,3,4
-5,-16,74,44,-2,-5,-2,-4
-1,-1,-56,-64,-15,-1,0,3
-3,-1,0,-21,1,-3,-3,-5
-1,-18,-26,23,3,3,0,2
2,17,24,-23,3,0,3,2
1,6,12,43,0,-2,-4,-3
3,-13,-39,-132,-14,4,7,7
1,3,108,207,40,6,2,0
2,23,-69,-70,-15,-4,-4,-3
-7,-23,-26,-76,-12,-4,-1,-3
4,7,19,2,0,3,0,3
-4,-12,-19,-6,-15,-7,-2,-2
4,18,22,40,18,7,6,4
-1,-9,15,51,7,0,-2,0
-1,-8,-34,-33,-11,-1,-2,-3
3,14,16,-13,4,-2,-1,0
-4,-5,15,9,-6,0,1,-1
1,-1,-24,-4,5,2,0,0
-2,-1,0,0,0,-2,-3,-1
1,4,-5,-20,-6,-1,2,3
0,-6,-3,-34,-6,-2,-1,-2
4,7,20,119,24,4,4,3
-3,3,9,-53,-12,-3,-4,-3
1,-10,-16,-19,-2,3,2,0
0,1,-4,-10,1,2,1,3
-3,-1,-5,0,2,-3,-2,-2
2,4,20,26,-3,-1,0,0
-2,-1,-20,-18,-4,2,0,-1
2,-2,9,9,6,-1,0,2
1,2,-2,-6,1,0,2,0
1,1,14,9,2,4,1,0
-2,-3,-18,-26,-5,-2,-3,-2
2,1,9,29,3,2,-1,0
-2,-1,1,-1,5,0,0,-1
-1,-2,-3,-17,-9,-5,0,1
1,4,-2,5,0,-1,1,1
3,2,9,19,4,5,2,3
-4,-3,-9,-16,-2,-2,0,-3
1,-2,4,-6,2,2,-1,2
-1,2,-5,9,0,0,0,-3
4,3,7,5,-4,-3,0,1
-3,-5,-5,-14,5,2,1,-2
1,2,1,0,-5,-3,0,2
0,-1,1,9,4,2,-2,0
-3,2,1,-1,-1,-1,1,0
4,0,-2,-3,0,0,0,0
-3,-1,2,2,-2,3,2,3
0,-2,-6,-4,-1,-5,-3,-2
0,0,2,-2,6,5,2,-1
0,1,4,12,-1,-2,-1,1
2,1,5,7,2,1,2,-2
-1,1,-11,-26,-10,-2,-1,1
0,-1,8,14,5,2,0,0
0,-1,-5,-1,-3,-2,-1,3
-1,2,-1,-7,4,2,0,-2
3,0,4,12,0,1,0,0
0,0,0,0,-2,-4,-1,1
-1,-1,-3,-8,4,3,2,-2
-1,1,3,2,-2,-3,-2,-1
2,0,0,3,1,2,2,2
-2,-3,-1,0,0,1,0,-1
1,0,-1,-7,-1,0,-1,2
-1,5,3,6,1,-1,1,0
-1,-4,-2,2,-2,1,0,-2
0,1,-1,-3,0,-3,-1,1
1,0,2,0,2,4,-1,0
2,0,0,-1,-1,-3,0,-2
-1,1,-1,0,-1,1,-1,1
-1,-1,0,4,3,3,4,2
-1,1,0,-5,1,-2,-1,-2
1,0,3,2,-6,-4,-1,0
2,-2,-4,0,3,4,1,1
-1,0,1,-1,2,0,-3,-3
-1,1,-1,1,-3,-1,1,1
1,0,1,-1,1,0,0,0
-1,-1,2,1,-2,0,1,2
0,2,-3,-1,2,-2,0,-1
0,-1,0,2,0,5,0,0
0,0,1,-1,4,-2,-1,1
-2,-1,0,1,-4,0,1,-3
4,1,-1,-5,-3,-2,1,3
-4,0,2,4,2,0,-1,0
13,-1,-1,0,4,-1,-4,-2
-15,1,2,0,-3,6,12,0
0,0,-1,0,-1,-6,-7,2
9,1,-2,-1,1,2,-1,0
-6,-1,1,1,1,1,0,-2
2,-1,1,0,-2,-1,-2,0
-2,-1,-8,-13,0,-2,1,1
2,1,8,21,0,3,2,2
-2,3,6,2,1,1,1,1
3,-2,-10,-13,-2,-6,-3,-2
-4,-1,11,2,2,5,0,-4
3,1,-25,-10,0,-2,-2,4
-2,-1,36,15,-1,-3,4,-1
0,0,-35,-4,2,4,-1,-1
5,4,39,4,0,3,0,3
-5,-5,-34,-6,0,-1,-1,-3
-2,2,9,1,2,0,1,1
4,-1,8,1,-3,-3,-1,1
0,-3,-21,-1,-2,0,2,-2
-1,8,30,3,3,2,0,2
-2,-3,-15,0,-1,-1,0,-1
2,-1,-4,-7,2,-1,-2,1
0,-1,-1,5,-1,2,1,-2
-3,1,13,6,-1,-1,2,1
4,-2,-17,-11,0,1,-3,2
0,4,14,6,-1,-3,0,-1
-1,-1,-3,3,2,1,0,-1
2,0,1,-5,0,-1,2,1
-3,-2,-5,-1,-2,3,-2,-2
-1,0,5,3,3,0,2,1
1,2,-4,3,1,2,-1,1
0,-3,-1,-4,-4,-4,0,-3
-2,-3,-3,-1,-2,-2,-1,-3
0,-2,-2,-2,-2,-1,1,-1
-1,2,0,-2,1,2,-2,-1
-1,-2,-1,2,-2,-4,2,1
1,0,-1,-2,1,2,1,0
-1,2,1,0,2,1,0,1
0,-1,0,2,-1,0,-2,-1
2,-1,0,1,1,1,-1,0
1,0,0,-2,-1,-1,1,2
-2,0,0,-1,-2,-1,0,-3
0,0,3,4,1,0,1,1
2,1,-3,-1,3,3,-1,1
-4,1,-3,-1,-1,-1,0,-2
1,-1,3,0,-1,0,-2,1
2,-1,-1,-2,-2,-3,2,1
0,1,2,1,0,3,0,-2
0,0,-2,1,3,-1,0,3
-3,0,2,-1,-2,2,1,-1
1,1,-1,0,3,-2,0,0
1,0,1,-1,-3,0,-1,0
-2,-3,0,2,2,1,0,-3
2,3,0,-1,-2,-1,0,2
0,-1,-2,2,1,-1,-1,1
0,0,1,-2,-1,2,1,-2
-1,0,2,-2,1,0,-1,1
-1,-2,5,-5,0,0,2,1
3,0,-22,16,2,1,0,-1
-3,6,31,-3,-2,-6,-2,0
6,1,-14,-10,2,8,4,2
-3,-9,-61,-44,-4,-6,-3,-2
-6,-4,60,65,1,-2,-3,-5
7,12,7,-12,3,5,6,7
-5,-4,-10,-61,-15,-5,-7,-4
16,18,50,170,58,20,15,11
-27,-63,-146,-237,-83,-22,-13,-11
24,81,189,240,57,5,-3,-1
-25,-72,-55,-108,-24,2,5,0
16,56,-97,-62,-8,-3,1,4
11,24,189,181,62,14,3,1
-28,-135,-255,-255,-86,-16,1,2
38,196,243,251,71,6,-10,-5
-25,-118,-64,-146,-38,0,7,0
-1,7,-112,-22,-17,-7,-3,-1
13,14,47,74,30,15,9,9
-15,-73,-114,-82,-16,-6,-2,-3
30,110,203,179,67,10,1,6
-25,-33,-47,-205,-81,-11,-3,-9
-3,-14,-69,167,30,-9,-11,-8
6,-18,32,-30,-13,9,11,9
-16,17,27,-116,-25,-16,-12,-10
17,9,35,-13,49,22,14,14
-24,-78,-151,-26,-46,-14,-9,-10
32,125,124,148,53,5,1,5
-7,-31,25,20,-14,7,7,0
-7,-23,3,-115,-42,-23,-15,-7
-5,-4,-59,121,37,15,5,-1
-6,-27,-41,-194,-54,-8,0,3
13,22,79,178,66,10,6,4
2,-35,-135,-104,-26,0,1,6
22,134,224,170,44,6,-1,-3
-20,-102,-130,-178,-36,-2,2,0
-20,-31,-90,-70,-38,-17,-11,-9
12,50,70,82,39,10,4,0
8,11,87,58,4,-1,2,5
3,-3,-34,-131,-3,0,-2,1
-10,-51,-121,-7,-35,-1,5,2
11,44,148,246,74,11,-1,-2
-12,-12,-165,-222,-73,-12,-3,-2
1,7,174,158,26,-2,-1,-2
2,-9,-108,-94,-7,1,0,1
4,10,4,3,-8,6,7,4
1,6,94,-2,24,5,-1,1
-1,-3,-69,44,-11,-8,-1,-1
-5,-14,-5,-15,2,0,0,-1
6,22,47,-4,3,1,-2,2
-5,-28,-61,-123,-29,2,4,2
7,25,100,233,84,16,2,1
-14,-33,-97,-127,-76,-23,-11,-10
11,33,110,68,31,6,7,6
-1,-14,-95,-53,-15,-1,1,0
5,20,-16,-89,-6,1,-3,-2
3,-7,66,163,39,13,8,6
-4,-7,-50,-70,-27,-10,-5,-2
-6,-6,21,-112,-5,-3,-3,-4
-5,-9,-43,149,9,4,4,1
10,23,82,-75,-9,-7,-4,1
-4,-13,-62,77,17,6,0,0
4,15,108,-72,-13,-1,1,0
0,-9,-116,121,18,3,3,0
-6,-4,11,-186,-30,-5,-4,-2
2,-1,23,168,26,4,6,4
-1,2,-13,-75,-13,-4,-6,-3
0,-1,27,-7,-8,-2,-2,-1
3,3,-20,14,7,4,2,2
-3,-13,-44,-47,-10,-3,1,-2
4,24,72,82,21,4,0,3
-7,-26,-50,-62,-19,-4,0,-3
7,21,56,44,12,2,1,0
2,-6,-55,-15,-4,0,-1,2
-5,-5,-2,-43,-2,1,1,-1
2,-1,26,80,15,3,1,3
-5,3,5,-41,-18,-7,-6,-5
1,2,45,-3,3,4,3,1
3,0,-127,10,12,3,2,2
-5,-9,67,-31,-19,-7,-3,-3
7,9,35,48,13,2,3,4
-6,-7,-33,-43,-1,2,1,-2
3,7,26,59,5,0,-1,1
-1,-5,-25,-63,-15,-3,-1,-1
2,5,6,64,15,5,0,-1
-3,-2,-25,-54,-9,-4,-1,-1
3,-2,36,37,4,2,1,2
-3,-1,-27,-32,-6,-3,-2,-2
2,7,24,5,2,-2,2,0
2,-2,-23,3,1,5,0,3
-3,-5,15,18,7,1,0,-2
0,4,4,-30,-13,-4,0,2
0,-2,-18,14,8,1,0,-2
2,2,7,3,-2,1,0,1
2,1,18,21,5,-1,0,1
-5,-4,-18,-46,-9,-1,-1,-2
3,4,4,25,5,3,1,3
-2,-3,-5,3,1,-2,0,-2
2,1,12,-6,-3,0,-1,0
-2,-2,-10,-11,-2,0,0,-1
1,1,3,18,6,2,1,0
1,1,0,-7,-2,-1,0,2
0,1,6,10,3,2,1,-1
-2,-2,-6,-16,-4,-2,0,1
2,2,3,15,3,1,-2,-1
0,1,-7,-13,-2,-2,2,-1
-1,-1,10,10,2,0,-5,1
0,-2,-11,-10,-3,-2,4,0
-2,2,7,4,0,14,5,1
3,-2,-3,-1,2,-10,-6,-2
0,2,4,5,-2,-2,0,1
0,-1,2,-7,-1,0,0,0
-2,0,-5,3,3,1,0,-1
0,0,-3,0,0,2,0,1
1,2,5,5,-1,-3,2,0
2,-2,-2,-9,1,2,0,-2
-2,-1,0,6,-2,-5,-1,2
-1,1,0,0,2,7,1,2
0,-3,3,-2,2,-3,-1,-3
1,3,-2,-3,-6,0,1,2
2,-1,0,5,3,1,-1,-1
-1,0,0,-1,2,-1,-1,-1
-1,3,-1,-1,-5,1,3,3
1,-1,1,-1,4,2,0,0
-1,-1,0,4,-1,-5,-5,-2
-1,-1,-1,-2,0,3,1,0
2,-1,3,0,0,-1,4,0
0,3,0,0,0,-2,-7,1
0,0,-3,-5,-4,-1,11,1
1,-1,-1,4,4,4,-6,0
-4,0,1,4,3,0,1,-3
2,-1,1,-4,-4,-2,-2,1
2,1,-1,-1,-1,-1,-1,0
-3,0,0,2,2,1,3,-1
2,0,3,-1,1,3,0,2
-2,2,-3,1,2,0,-1,-2
0,-3,0,0,-4,-3,-1,1
2,3,1,0,2,2,4,1
-2,-2,-1,-1,-1,-3,-2,1
2,0,0,0,3,5,0,-1
-2,-1,2,0,-2,-2,-2,-2
1,0,1,0,-3,-2,1,1
0,1,-1,-3,-1,-1,3,3
-1,1,-1,5,6,3,-3,-3
3,-1,0,-3,-2,-2,0,1
0,0,-1,0,-1,3,-1,-2
-2,-1,1,2,-1,0,1,1
1,0,1,0,3,-2,-2,0
-2,1,-3,-2,-3,-1,3,0
0,2,3,1,0,0,-1,1
1,-2,0,-1,1,1,1,1
0,1,-4,-1,0,1,-1,-3
0,-1,2,0,-1,0,1,1
0,-1,1,2,1,1,-1,1
2,1,0,2,1,-2,0,-2
-3,-2,0,0,0,2,-1,1
0,3,-1,-2,-2,-1,0,2
1,0,1,-1,-1,-2,2,-2
1,0,1,0,2,3,-1,2
-3,-1,-1,1,0,-1,0,-3
3,0,0,1,1,0,-1,0
-1,0,0,0,2,-1,1,0
-1,0,-1,-2,-2,0,-1,-1
2,0,3,2,-3,-3,2,2
-1,0,-2,-1,1,3,0,0
2,1,-1,-1,-3,-2,0,1
-2,-2,-1,1,6,3,-1,-2
1,-1,-1,-1,-2,-1,0,1
-1,4,3,1,1,0,1,0
1,-3,1,-1,-1,0,-1,-1
-1,1,2,2,-2,-2,3,1
0,0,-2,-4,3,3,-4,-1
0,-2,0,3,0,-1,0,1
0,2,-3,-1,0,1,1,0
0,0,3,1,-3,-1,1,2
-1,0,0,2,1,2,-1,-2
0,1,1,-1,1,-1,0,1
0,0,-4,0,0,0,-1,-2
-2,0,-3,0,-1,0,-2,-2
-2,-3,22,6,2,1,-1,-1
1,3,-4,-5,1,-2,0,4
-1,-3,2,-2,-2,1,-3,-5
-2,-4,6,22,5,-1,1,1
-1,-4,-42,-57,-10,0,3,0
5,13,45,56,8,0,-1,2
4,7,14,10,9,3,1,1
-7,-16,-28,-37,-19,-6,-4,-4
2,8,16,18,11,6,4,2
-3,-9,-43,-34,-6,-3,-2,-3
2,10,-22,27,1,2,0,4
5,4,104,14,10,0,3,1
-3,-5,-44,-16,-7,-2,0,0
-1,-4,-5,-4,-2,3,0,0
-1,3,-10,20,5,-4,-2,-3
-1,-7,11,-30,-6,1,-1,1
0,7,-19,16,2,0,0,-2
3,-1,12,18,1,-2,0,3
0,-2,25,-15,2,4,2,0
-5,-6,-61,-23,-6,-2,-3,-2
6,15,46,16,6,1,2,3
-3,-4,2,20,-4,-4,-2,-4
2,-10,11,-28,-5,-2,1,2
1,21,-10,5,6,8,2,1
-3,-18,3,20,-5,0,0,-1
-3,-10,-47,-40,16,2,-1,-1
0,7,54,46,-19,-6,-2,0
6,13,-16,-5,2,1,2,1
4,3,39,19,18,5,2,4
-1,2,-5,-27,-11,-2,0,-2
-8,-21,-84,-38,-6,-2,1,-1
1,8,42,26,4,0,-5,-4
1,1,-27,-29,-6,-5,0,1
13,18,118,103,24,10,5,5
-11,-18,-150,-94,-6,-1,-2,-3
-1,1,19,21,-15,-7,-3,-1
-4,-3,140,25,11,-1,-1,-2
2,-7,-160,-69,-15,7,8,5
5,47,114,82,17,1,-5,-2
-3,-39,-76,-3,-4,-2,-1,-1
-5,-12,-10,-52,-5,-5,0,-2
1,5,76,-42,-14,-1,-1,3
10,3,-111,49,19,5,2,1
2,41,153,71,10,1,1,0
-7,-35,-95,0,-14,-2,-1,-1
-7,-9,-45,-14,-10,-4,-3,-2
4,-16,44,10,26,9,8,3
10,70,139,-41,-8,-4,-3,-1
-10,-53,-117,-71,-14,4,1,0
-16,-84,39,78,-45,-24,-9,-4
33,175,74,18,86,21,-1,-2
-26,-79,-46,-23,-40,-8,4,-3
17,0,-156,-73,19,15,11,14
-8,-26,97,121,6,-2,-5,-3
-7,1,72,-164,-48,-16,-7,-5
16,-2,-202,43,26,11,7,9
-9,40,169,71,-18,-5,-4,-9
1,-18,-138,51,16,-5,-9,1
13,28,92,-30,29,18,15,8
-8,2,-63,-95,-24,-7,-2,-2
-6,-43,34,10,-9,-4,-2,-2
0,17,-18,49,18,2,-2,-3
4,-1,100,-55,-28,-7,-2,0
-12,-34,8,87,1,2,1,-3
30,61,-114,61,56,12,6,11
-22,-6,116,-71,-17,-2,1,-9
-2,-50,-139,-87,-45,-10,-4,1
-2,-26,17,-9,10,0,-6,-2
25,108,40,129,31,4,3,6
-14,-44,48,-45,-18,2,4,-1
-8,-21,-84,-38,-6,-2,1,-1
1,8,42,26,4,0,-5,-4
1,1,-27,-29,-6,-5,0,1
13,18,118,103,24,10,5,5
-11,-18,-150,-94,-6,-1,-2,-3
-4,-2,3,-31,-41,-2,3,1
-1,-19,26,56,42,3,0,1
5,13,13,-35,-13,-4,-1,1
-8,-18,10,53,10,-3,-10,-8
10,59,-16,-102,-13,1,7,3
-7,-52,10,86,-7,2,3,4
6,25,20,96,30,2,-4,0
-8,-45,20,-142,-29,-4,1,-2
16,81,19,48,35,7,1,2
-15,-62,27,38,-31,-7,0,-2
9,40,-47,-38,20,2,1,-1
-8,-35,-36,-19,-28,-4,-2,1
5,26,90,11,21,2,0,-2
-6,-25,-98,21,-10,0,0,3
2,5,-29,-69,-2,-1,-2,0
4,19,74,106,8,5,5,2
3,-2,-40,-51,9,-1,-4,-1
-6,-8,-50,-103,-32,-3,3,1
2,-10,93,159,32,5,0,-2
-5,6,-42,-84,-16,-5,-3,-4
11,12,-18,17,16,4,5,7
-7,-1,58,23,-9,-3,-4,-6
5,-3,-45,-33,-4,2,0,4
-4,-3,24,35,3,-3,0,-2
2,6,13,-24,0,1,0,1
-5,-15,-20,26,-4,0,-1,-3
3,9,-5,-8,2,-2,2,4
-1,1,20,-17,-3,0,-1,-2
4,-1,-17,-9,0,1,1,2
2,10,-30,18,15,3,2,0
-3,-10,61,52,-11,-5,-5,-4
-13,-47,-26,-71,-1,2,1,0
14,55,3,1,-4,1,1,2
-1,7,-11,48,14,2,1,1
-2,-17,-15,-108,-21,0,2,3
12,28,17,134,25,0,-5,-4
-14,-38,81,-42,-10,-1,4,1
4,12,-88,9,-3,1,0,0
-5,-11,-4,-44,1,0,-1,0
4,25,38,-12,-14,-6,-2,-1
1,-5,-14,43,22,7,0,0
-1,-10,-19,-10,-7,-2,2,-1
1,3,20,2,-1,3,3,4
-1,7,3,-9,-3,-3,-3,-3
2,-6,-20,16,5,-3,-2,-2
-5,-8,28,-10,-5,2,-1,3
1,5,-26,10,4,0,1,-2
-1,0,11,-18,-4,-1,1,0
1,-5,-22,-4,1,2,-3,0
0,4,8,7,-3,-4,1,0
3,4,30,28,11,6,4,1
-2,-4,-29,-37,-10,-4,-2,0
0,4,10,19,5,2,1,0
-2,-4,4,-3,-3,-1,0,-1
1,0,8,-12,-4,-1,-3,-1
4,10,-48,-2,11,2,3,4
-6,-18,56,37,-4,0,0,-2
2,10,-12,-23,-3,-2,-1,1
-1,-3,-6,-4,-2,-1,1,-2
1,0,-2,-9,1,1,-2,1
1,2,-14,-3,1,1,2,1
1,0,15,22,3,-1,-2,0
0,1,-4,-8,-2,0,0,0
0,1,20,3,0,2,3,0
2,0,-28,-9,-1,-5,-4,-2
-2,-2,28,11,2,8,0,2
-2,1,-25,-6,2,-4,-5,-2
-1,-3,18,2,-3,-2,9,2
4,4,-9,-3,1,-2,9,3
-1,-3,-4,1,-3,1,-10,-5
0,3,4,-2,3,7,-1,1
-3,-4,4,4,-3,-7,-4,-2
3,6,-9,-6,3,-5,1,4
-1,-4,7,8,0,4,5,-1
2,0,-3,-2,-1,11,4,-1
-1,-1,13,-2,-1,-3,-7,-1
-4,-2,-23,-7,-2,1,-3,-7
5,4,13,11,7,-11,-1,11
-2,-3,-1,-3,-1,2,5,-2
2,5,1,-1,-4,3,2,2
-1,-5,-5,-3,-1,4,0,-1
-1,2,2,4,-1,2,-1,-2
-1,0,-1,-2,2,-7,3,1
2,0,4,2,2,0,-3,1
-2,1,-5,-2,0,6,-2,-3
0,-1,6,1,-1,-5,-1,-3
2,1,-4,1,3,0,-1,4
0,-1,5,1,-2,4,8,1
1,0,-4,-3,-5,-7,-8,-2
-1,0,1,3,7,7,4,4
-2,1,-3,-1,-3,-1,2,-5
0,-1,4,2,1,-4,-12,-1
1,0,-3,-5,0,6,13,5
-1,2,1,2,-4,-9,-7,-3
2,-2,1,0,5,8,3,4
-1,-2,1,-1,-5,-2,1,-3
-1,0,-4,0,3,-1,-3,0
2,2,3,0,-1,-1,4,1
-1,1,1,5,1,2,-1,-2
-1,-1,0,-3,2,3,-1,1
2,1,-3,-1,-1,-4,1,-1
-1,-1,-1,-1,-2,-1,-1,2
-1,2,3,0,1,2,2,0
0,-3,-4,0,-1,0,-2,-1
1,0,4,1,1,0,1,0
2,-1,-1,1,0,-2,-2,1
-2,3,-2,-1,1,-1,2,-2
1,0,0,-1,0,4,-1,3
-2,-1,3,1,0,0,1,-4
0,-2,0,0,-3,-2,0,2
2,2,-1,-1,1,-1,-1,1
0,0,0,1,0,1,-1,-1
-1,-1,-1,1,2,0,2,0
0,2,2,2,0,-1,-1,-2
0,-1,-1,-4,-3,1,0,1
0,1,1,1,0,0,1,1
3,-3,-1,1,4,1,0,0
-4,3,-1,-1,0,-2,-2,-2
0,0,1,-1,0,1,2,1
3,0,0,0,-4,-1,-1,2
-2,0,-1,-2,-1,1,1,-1
-1,-1,2,4,2,-1,-1,1
2,-1,-3,-1,2,1,-2,0
0,2,2,1,0,0,2,0
-2,-1,0,0,0,0,0,-1
4,0,0,-1,-3,0,0,1
-5,-1,1,0,4,1,0,-1
1,2,1,1,-2,0,1,0
2,-1,-3,0,1,0,-2,2
0,0,1,-1,1,1,1,-1
-2,0,0,0,-2,-3,1,1
0,-1,-1,-3,-1,1,-2,-3
2,0,2,3,0,-1,2,1
-1,2,1,2,2,1,-2,1
1,0,-2,-1,-1,1,0,-2
-2,-2,0,0,-1,-3,1,2
-2,-2,-1,0,-2,-3,-1,0
0,0,-6,-3,-2,-1,1,1
-2,1,1,4,3,2,-2,1
1,0,12,-1,2,-1,-1,-2
-1,-1,-18,0,-3,-2,0,-1
2,0,13,2,1,2,5,1
0,-1,-4,-3,-2,1,-2,2
0,3,-1,2,3,-1,-1,-2
-1,-2,3,-1,0,1,-1,1
-3,1,-6,2,1,-1,0,-1
4,2,6,-3,-2,-2,3,0
-1,-1,-7,1,-1,3,-2,0
-2,-3,3,1,4,0,1,0
2,2,-1,-2,-2,-2,-1,0
0,-1,1,2,-1,0,-1,0
2,2,21,0,-2,0,2,1
-2,-5,-41,-12,-2,0,0,-2
2,11,66,15,0,-2,-3,1
-2,-5,-107,15,17,9,4,2
0,-3,76,-25,-14,-4,1,1
1,0,-7,9,0,-3,-3,-1
-3,-3,-17,-8,2,2,1,-2
1,0,24,-6,-5,-2,-2,0
4,8,-26,5,5,0,0,-1
-1,-1,30,40,4,2,2,0
-3,-11,-41,-32,-3,0,-1,3
-2,4,29,-28,-10,-5,-2,-4
4,13,10,58,16,3,0,-1
-4,-24,-30,-32,-9,3,4,3
13,42,80,19,5,-2,-1,0
-13,-31,-60,-6,-4,-1,-3,-1
-2,-12,-56,-57,-10,-1,2,1
5,26,61,44,2,-3,-4,-3
-2,-32,-138,-34,2,2,4,6
6,47,255,118,26,8,-2,-3
-8,-48,-207,-97,-26,7,10,3
7,33,187,67,18,-10,-9,0
-11,-4,-188,-144,-32,-14,-7,-13
11,-3,107,151,38,19,12,12
-12,-37,-92,-133,-29,-10,-4,-2
22,85,52,84,36,11,5,3
-13,-45,42,-69,-29,-4,-3,-3
-8,-31,-103,34,-41,-20,-8,-6
23,78,187,111,101,38,15,12
-34,-118,-165,-143,-102,-29,-12,-10
33,89,31,58,78,15,7,9
-1,49,105,94,-4,-3,-1,-3
-24,-121,-73,-176,-52,-18,-10,-5
-1,16,-31,16,7,10,7,-3
34,102,148,191,53,11,4,11
-45,-146,-255,-255,-62,-17,-12,-15
32,88,49,163,27,11,10,14
-16,-39,29,24,-36,-20,-14,-9
-14,-26,111,-131,22,11,7,-7
21,13,-189,45,28,18,14,16
10,92,200,28,-3,-10,-13,-3
-20,-77,-197,-91,-49,-15,-4,-6
10,1,121,117,56,23,16,11
9,65,67,-86,-8,-12,-13,-5
-16,-73,-86,-5,-43,-7,0,-6
22,88,24,42,53,19,10,11
-17,-62,-20,16,-35,-16,-9,-7
14,23,66,26,16,16,11,6
-13,-17,-75,-12,-7,-9,-6,-5
7,9,59,-3,33,6,3,3
2,25,24,-7,-34,-5,-3,-3
-23,-91,-113,50,0,-6,-4,-3
19,60,51,-95,1,6,5,7
7,22,17,130,42,9,2,-2
-35,-99,-119,-203,-67,-17,-8,-9
38,130,222,190,48,13,8,10
-13,-28,-213,-105,-20,-7,-1,-2
7,-8,142,-17,11,1,-3,3
-13,-45,-80,30,-34,-3,0,-6
7,31,17,-53,12,1,1,3
-1,-4,110,176,30,-1,-4,-6
-3,-7,-81,-165,-25,3,4,5
3,3,-60,63,18,1,-1,2
2,2,90,41,-23,-1,2,0
-4,-8,4,-58,8,-1,0,-2
-1,-6,-84,-12,0,2,1,0
6,26,103,153,24,1,-6,-1
-8,-27,-45,-169,-11,2,4,1
5,15,-79,66,-9,-5,-2,0
-3,-13,66,-24,-3,4,4,-1
7,32,-4,12,9,-1,-3,3
-9,-44,-28,-76,-20,-12,-4,-5
7,48,71,64,15,9,1,2
2,-14,2,95,13,5,5,3
-10,-18,-76,-99,-15,-5,1,-1
4,9,26,3,-1,0,-3,1
-4,-24,-9,-63,-6,1,-1,-3
6,36,70,181,31,3,-1,1
7,15,-4,-132,-26,-1,5,4
-10,-32,-94,-35,0,-3,-5,-5
-4,-13,52,78,7,0,1,-2
8,20,-6,-91,-12,0,2,1
-6,-12,-12,93,12,2,0,3
9,24,23,-27,-6,-1,-1,1
-2,-11,-17,17,9,2,1,-1
-5,-7,-6,-33,-7,-6,-1,-1
3,3,11,23,4,7,0,1
0,2,-23,-3,-2,-2,2,-1
-2,2,44,0,0,-2,-4,-3
1,-6,-32,1,0,3,3,4
0,-2,12,-14,-5,-2,-1,-1
0,9,-6,5,3,1,2,2
1,-1,25,38,6,-2,-3,0
-2,-5,-27,-55,-3,1,1,-1
2,4,-5,25,-2,0,2,2
-2,-3,-3,2,-5,-1,-4,-5
1,2,14,0,6,0,2,3
-1,-2,-7,-19,-2,4,2,1
-1,0,3,5,-1,-1,-3,-1
4,2,0,22,6,0,0,-2
-3,-2,8,-13,-5,-2,0,1
0,0,-14,-12,3,1,2,1
3,-1,4,16,-3,-3,0,-2
-4,3,0,-6,1,-1,-6,0
3,-2,1,1,-2,-7,2,2
2,1,0,-2,5,16,5,3
-3,1,4,4,0,5,4,-2
2,2,-1,1,-1,-10,-5,0
-3,-4,-1,-5,-3,-2,-2,-4
0,-2,-1,3,-3,-5,-4,0
1,3,1,-6,1,2,3,0
0,-1,0,4,3,0,-3,1
1,0,0,7,2,14,17,3
-2,0,0,-11,-3,-11,-9,0
1,0,-1,3,3,-2,-6,-3
-1,1,-1,4,-2,6,3,2
1,0,3,-1,3,-4,-2,-1
1,0,-1,-3,-1,4,5,-2
-1,0,1,0,-5,-6,-4,1
-1,-3,-2,5,2,-5,-6,-2
2,5,4,-1,6,16,15,7
0,-2,-2,-5,-5,0,-4,-4
0,-1,-2,4,-3,-9,-4,1
0,1,3,-3,3,6,6,-2
-2,-1,-1,2,-2,-5,-11,-1
-1,1,-1,0,0,-4,-2,1
2,-1,3,1,3,3,9,1
-1,2,-3,-2,-5,-4,2,1
1,-1,1,2,6,17,-6,1
1,2,1,1,-1,-24,2,0
-3,-2,-1,0,0,9,-3,-2
4,3,1,0,0,4,4,1
-3,-5,-3,-1,-5,-4,-1,-5
1,-1,-1,-6,-1,-3,-7,3
3,4,3,4,5,9,9,3
-3,0,0,3,4,9,4,1
-1,0,1,-3,-4,-15,-7,-4
1,-2,0,2,0,2,-1,0
-1,1,0,0,-2,0,4,1
0,1,0,-1,3,1,-6,0
3,0,-2,0,-3,-2,3,1
-4,-1,2,-2,3,8,5,-1
2,1,-1,3,-3,-9,-5,0
2,0,1,-2,4,5,2,1
-2,-2,-2,2,-1,-7,-4,-1
-1,1,2,-3,-2,7,3,0
2,1,-1,1,-1,-11,-6,-1
1,1,-2,1,-1,5,7,5
-3,-2,3,0,3,7,1,-4
-1,-2,-2,-4,2,-1,-3,-1
1,2,2,7,0,5,7,2
1,0,-2,-3,-1,-11,-8,-1
3,0,4,1,-1,4,6,1
-3,1,-3,-1,4,0,0,4
1,-1,-1,-3,-7,-5,-5,-6
-2,0,3,4,2,12,3,-1
1,0,-4,-3,1,-6,-3,2
0,0,0,2,-1,-3,-1,0
1,-1,1,2,0,0,2,0
0,1,3,-2,0,1,-4,0
0,-1,-2,1,0,-1,1,1
-2,1,2,0,2,1,5,-1
0,0,0,-1,-3,2,1,0
2,0,-3,0,2,0,-3,-2
-2,-1,2,-1,2,1,2,4
1,1,-1,0,-3,-2,-5,-3
0,0,0,-3,3,1,5,1
-1,0,1,6,-2,-3,-1,0
0,1,-1,-3,-2,-1,-1,-1
2,1,1,2,0,8,1,1
-2,-2,-1,-2,3,-3,-2,1
1,0,-1,2,1,-2,1,0
-2,-1,0,0,-1,0,0,-3
2,-1,-1,-2,-2,-4,-7,0
2,3,3,5,6,10,21,4
-3,-1,-1,-7,-8,-4,-13,-1
1,-1,0,3,2,-2,-1,-2
2,-2,0,0,1,4,1,-1
-2,4,0,1,-2,-8,-9,5
1,-2,0,1,3,6,18,-1
-1,2,-1,-2,1,-1,-10,-3
-1,1,0,1,-2,-1,1,0
2,-2,0,-1,0,-1,-3,-3
-2,0,0,0,-1,-1,1,6
2,1,1,-1,0,2,0,-1
0,0,-1,-2,-2,-1,-2,0
1,0,2,-1,-2,-1,3,1
-1,2,1,0,0,-1,1,-1
0,-1,-3,0,-2,1,0,0
1,3,3,0,1,-4,-2,0
0,-4,-2,2,0,5,1,0
0,0,0,-1,1,1,2,-1
-1,2,-1,-1,0,-2,-5,0
1,-1,1,1,3,1,4,1
-2,-1,-1,-1,-1,0,0,0
1,1,1,0,-1,-1,0,-1
0,0,0,-1,-5,-4,-9,2
3,0,1,3,4,11,16,1
0,-1,0,-2,-2,-9,-10,-3
-2,2,-2,0,3,5,2,2
0,-2,1,0,0,-3,-1,-1
-1,0,-1,1,-1,-1,0,0
2,2,0,0,-2,-1,0,-1
0,0,1,-2,3,3,3,-1
1,1,3,2,0,1,1,2
-4,-6,-6,0,0,-3,-5,0
2,3,1,0,1,1,4,0
0,0,-3,-5,-6,-2,-2,2
2,3,7,5,6,2,2,0
-2,-1,-13,-3,-3,2,-3,-4
0,2,48,4,2,-3,-1,1
1,-6,-80,-1,2,0,2,2
-2,2,71,-8,-5,1,1,1
2,-2,-98,-31,-5,-1,0,-1
-4,-6,34,65,10,2,-1,-1
13,36,138,29,13,4,3,2
-9,-31,-180,-125,-20,-6,1,1
-5,0,132,80,-3,-10,-14,-7
18,23,31,41,26,25,18,15
-46,-82,-95,-144,-58,-27,-18,-22
54,132,-20,212,58,22,16,17
-25,-98,-13,-182,-25,-6,-3,-5
-2,42,71,169,20,-1,-4,-6
9,3,-52,-181,-13,5,5,8
-15,-43,-11,57,7,-20,-14,-9
0,57,21,52,-47,-4,1,-6
6,-134,-87,-88,60,27,18,18
21,148,73,80,-36,-18,-15,-2
-58,-126,3,-105,-6,-5,-7,-23
69,146,92,198,36,22,25,34
-14,33,31,-108,-8,-3,-11,-15
-25,-150,-148,-62,-20,-9,-2,-3
32,108,145,26,3,7,6,10
-45,-132,-183,-66,11,-6,-9,-13
13,70,0,131,-37,-8,-2,1
11,-17,124,48,70,18,12,9
19,76,-89,-142,-34,-7,-7,0
-17,-57,34,93,0,-2,-1,-9
10,9,28,-23,7,5,8,14
-9,-2,1,-53,-1,-4,-7,-10
-15,-71,12,59,6,2,2,0
15,91,-21,-97,-20,-4,-2,1
-19,-80,49,-31,-17,-18,-9,-6
36,143,32,87,28,21,8,6
-15,-92,27,51,22,14,12,6
-1,2,-145,-93,-12,-16,-14,-6
6,22,73,76,-31,-5,4,1
-14,-16,-103,1,29,12,5,-1
3,-23,-52,-75,-46,-16,-10,-3
12,68,211,127,55,16,7,7
-14,-59,-153,-151,-11,-6,-1,-5
2,-4,46,107,-34,-4,-3,0
3,15,-6,7,23,6,4,3
-5,-9,16,-84,2,-1,-2,-5
5,21,45,9,1,-1,0,1
10,11,-135,131,18,6,4,5
-12,-12,222,-2,-4,-5,-5,-1
-5,-59,-163,-156,-21,5,6,2
15,93,-61,41,-17,-11,-3,-2
-12,-48,206,90,40,3,-6,-7
5,-1,-177,-97,-24,9,12,9
-3,6,63,55,10,-8,-8,-4
-5,-14,-50,-56,-9,-5,-6,-6
7,18,102,21,4,4,7,9
4,11,-46,55,12,3,2,-2
-5,-11,31,-53,-17,-1,-3,-2
0,-12,-48,2,5,1,1,2
6,25,-13,-76,-10,-4,-5,-3
-6,12,74,36,18,5,7,2
-1,-52,-69,42,-2,-1,-1,3
2,33,56,48,5,1,-4,-5
-4,-23,-58,-77,-14,-1,3,4
2,2,22,22,-4,-3,-5,-2
2,9,19,43,12,2,5,1
3,22,-17,0,11,-2,-8,-6
-9,-32,-7,-32,-16,2,10,4
7,14,20,20,2,-1,-5,2
2,12,15,8,-3,3,5,1
-6,-19,-24,-34,0,0,-2,-1
0,-7,7,12,7,-1,0,-1
7,3,-41,-25,-4,-1,0,2
-3,13,-38,37,7,0,-2,-1
-7,-18,98,32,6,5,2,-1
5,25,-42,-51,-11,-2,2,3
-5,-32,-8,-68,-16,-7,-2,-3
10,39,44,110,24,6,-2,0
-6,-23,-17,-49,-10,-5,1,0
-2,-17,-14,17,-3,2,2,0
5,31,3,-11,2,1,-2,-1
-2,-5,28,4,-1,-3,-1,1
0,-4,-25,-12,-2,2,1,0
-1,-6,-1,18,8,3,0,1
-2,14,17,6,-7,-5,-4,-4
7,-2,6,12,14,6,7,5
-3,-10,-18,-23,-13,-1,-1,0
-1,1,-8,-7,2,-3,-1,-1
0,4,4,36,7,2,-3,-2
-1,-4,15,-20,-7,-2,1,2
2,5,-7,-29,-4,0,2,0
-2,-5,-47,10,4,1,-1,-1
0,6,48,29,1,0,1,-1
0,1,7,-19,-4,-1,-1,1
0,-4,-26,-14,0,-2,-1,0
3,5,33,24,4,1,3,0
-2,-6,-18,13,1,2,-1,1
1,1,-9,-32,-1,4,-1,-1
-2,2,10,12,2,-3,0,0
2,-4,6,3,-3,-1,0,0
-1,1,-14,-4,-1,0,1,1
-1,0,13,0,1,-1,-1,-1
1,1,-10,-2,-1,2,0,-2
-2,1,9,3,-2,-6,-4,2
3,-1,-13,2,4,7,12,1
0,5,13,1,-2,-1,-8,-1
-3,-7,-8,-2,3,-1,0,-1
2,2,-2,-5,-4,1,3,3
-4,-2,3,6,-3,-8,-14,-6
7,3,4,5,13,-2,10,8
-1,1,-8,-11,-6,15,14,0
-3,-5,9,2,-5,-3,-20,-7
1,5,-3,6,5,-8,7,5
2,1,-1,-3,-2,5,2,-3
-1,-4,-7,-7,-1,-8,-9,2
0,3,11,10,4,11,11,0
-2,-4,-5,-1,-4,1,-7,-3
0,1,-2,-8,-1,-4,4,1
1,2,3,8,3,5,0,1
0,-4,-1,-2,0,-4,-1,-1
0,4,0,0,-2,-2,0,1
0,-1,3,-2,2,5,1,0
1,0,-5,-1,-3,-5,-1,0
2,2,3,2,2,0,2,1
-3,-2,-2,1,4,7,1,0
1,0,2,-2,-6,-4,-4,1
-3,-1,-2,0,2,-3,-1,-2
4,1,2,2,3,4,6,1
1,3,0,2,-5,-5,-2,1
-5,-5,-2,-2,0,2,-3,-3
0,1,-2,-4,3,-2,-1,0
2,2,3,3,-2,-1,-1,1
4,0,-1,2,4,6,7,3
-5,-3,0,-4,-3,1,-4,-4
1,2,-1,0,-1,-5,5,3
2,2,3,2,2,-1,-3,-1
-4,-2,-2,0,-4,-2,-4,-4
3,1,1,-1,1,1,0,4
2,0,1,2,4,10,4,0
-4,-1,-3,0,0,-6,-5,-1
0,1,0,-2,-2,-6,-1,2
1,0,1,3,2,10,9,-1
0,-1,1,0,-1,-4,-3,-1
1,1,-1,-2,-3,-2,0,0
1,-2,-1,0,-1,0,-1,0
-1,0,1,1,1,-2,-5,1
-1,0,0,-5,2,5,6,-1
-1,2,0,5,1,2,-3,-1
1,-1,0,-1,-1,-5,3,-1
2,2,1,-1,0,1,-1,0
-3,-2,0,0,-1,-1,-2,2
1,1,0,1,0,-1,0,1
3,1,1,1,3,7,5,1
-3,-2,-1,1,-1,-5,-4,-2
0,-2,-2,-1,0,-1,-1,1
0,1,0,-2,1,4,2,-1
2,1,4,1,-7,-8,-5,0
-1,1,-2,-1,5,8,7,2
-1,-1,-1,0,0,-1,-2,-3
-1,-1,0,2,1,-1,0,1
-2,-1,-2,-2,1,1,-5,-3
2,2,3,2,-4,-8,-2,2
2,2,-2,-1,2,8,7,2
0,-1,0,1,2,0,-2,-2
-2,-2,1,0,-2,0,2,1
-1,0,1,-1,-1,-4,-3,0
3,0,-1,-1,0,1,3,-1
1,-1,-1,0,-2,0,1,3
-2,5,1,2,4,5,-4,2
0,-3,-2,1,2,-6,1,-6
1,0,3,-2,-2,2,1,4
0,0,0,-1,-1,0,-1,-2
-1,-1,-1,-1,-2,-1,8,-2
-1,0,0,2,2,3,-8,1
1,2,0,0,-1,-6,-1,0
-1,-3,0,0,2,7,2,1
1,3,-1,0,-2,-3,1,0
1,-2,1,-1,0,-1,1,-1
0,-2,-1,-2,-2,-2,1,-2
-2,0,3,1,1,-1,-2,-2
-1,-1,-3,0,0,3,1,-1
0,-1,1,1,1,-2,-2,-2
-2,0,0,-2,-3,-2,1,2
1,0,0,2,-1,4,2,1
0,-1,0,-1,1,-2,0,-1
2,3,-2,-2,0,-1,0,0
-1,0,1,5,0,1,-2,0
1,-1,1,-3,1,0,0,1
1,-1,8,0,-1,-1,-1,0
-1,1,-6,0,0,0,1,0
-1,0,-14,-2,2,2,1,1
0,-3,12,-1,-1,-2,2,-2
0,3,-17,-21,-3,0,-2,1
-1,0,4,38,5,1,0,-3
5,7,63,23,3,7,3,7
-8,-13,-90,-42,-8,-8,-4,-6
5,8,82,12,4,2,3,5
0,1,-40,-15,-5,1,-2,-2
-3,-10,-14,-8,0,-3,-2,-3
3,7,15,21,6,1,0,1
-4,-5,-3,-52,-10,-5,0,-2
17,34,9,85,1,17,12,10
-17,-40,-23,-50,4,-16,-13,-9
5,13,26,48,10,9,7,5
-4,3,-14,-38,-3,-6,-6,-5
-6,-18,-9,-16,-11,-5,-1,-1
10,16,-3,3,1,6,5,4
-2,-6,19,-1,3,-5,-2,-1
-5,-19,-76,-3,-12,-1,-1,-2
6,25,53,-12,12,5,1,4
-5,-13,6,1,13,-1,-3,-6
21,56,59,96,23,7,2,8
-22,-76,-36,-31,-7,11,11,-2
13,56,22,-25,-38,-21,-11,3
-12,-44,-101,-69,4,4,2,-8
5,26,141,127,24,12,4,5
-3,-21,-117,-138,-13,-10,-2,0
7,53,162,175,18,1,-6,-6
-10,-65,-236,-129,-33,0,6,6
3,14,115,-56,-7,-8,-4,-5
4,3,-37,93,14,4,-1,5
-9,-23,-87,-28,-3,-1,1,-2
16,74,255,96,36,10,3,2
-4,-28,-113,-143,-32,-4,1,2
-4,7,46,167,1,-9,-10,-9
-13,-86,-143,-194,-6,5,8,4
21,130,56,37,3,-2,-4,2
-9,-93,-17,146,23,11,9,3
-4,28,-23,-175,-11,-8,-7,-5
13,17,160,68,2,3,4,4
-19,-53,6,122,7,-3,-8,-8
6,38,-190,-236,-33,-4,2,3
14,52,202,217,22,3,2,-3
-33,-119,-89,-144,7,8,3,1
25,54,0,75,-22,-8,0,5
-6,-1,-64,-73,-5,-7,-3,2
8,12,72,67,14,6,1,1
-10,0,-28,2,5,0,-5,-10
11,7,-25,-47,-4,4,8,9
-10,-10,32,27,0,-4,-9,-10
8,-6,-17,52,1,4,8,11
-3,18,-30,-58,-1,-6,-2,-5
1,-16,-5,-18,-1,4,1,4
4,22,77,31,-3,1,3,0
-7,-24,-71,11,12,-2,-9,-6
7,10,37,-37,-11,2,8,6
-2,28,9,121,2,-8,-9,-6
-8,-70,7,-34,16,12,8,3
5,64,-5,-161,-31,-7,0,0
2,-20,-91,78,21,1,-3,1
-4,15,92,-16,-5,3,5,1
-1,-14,-27,7,-8,-6,-7,-4
4,-13,0,-13,11,4,2,2
2,16,53,96,-3,-1,1,1
1,-3,1,-104,2,1,0,1
-8,-19,-73,90,-4,-3,-2,-4
3,10,47,-32,13,8,5,2
5,15,4,-4,-11,-8,-4,1
-5,-19,-23,-35,-2,3,2,-2
-1,0,15,30,-5,-1,-1,-2
5,12,-20,39,5,2,0,2
1,0,9,-49,6,1,2,3
-4,-17,-22,34,1,-1,0,-2
0,19,23,-50,-8,0,-2,0
-2,-17,-21,-12,-3,-5,1,1
7,27,29,54,19,10,-2,0
-4,-25,-17,-14,-11,-4,2,-1
-4,6,6,-35,-3,-2,-3,-2
3,-3,-16,52,1,0,2,2
-1,8,55,-57,-7,-1,1,0
3,1,-21,98,24,5,0,1
1,5,1,-42,-8,-2,1,1
-6,-13,-16,-27,-9,-3,-1,-3
1,3,-1,-4,-3,-2,-3,0
-1,-16,-30,-24,-3,2,1,0
4,29,36,39,7,0,1,0
1,-10,16,27,7,4,0,3
0,7,-3,-33,-9,-6,-1,-1
-5,-23,-29,-29,-8,1,3,0
7,22,7,51,11,-1,-3,0
-2,-6,-14,-78,-2,1,1,-1
-4,1,38,147,7,1,-1,-4
-2,-12,-30,-109,-7,3,3,6
3,-14,-5,-16,-8,-4,-1,-2
5,39,37,65,24,6,-1,1
-3,-19,-13,-8,-14,-2,0,0
-6,-17,-55,-39,-8,-3,0,-2
11,44,13,25,19,4,-1,1
-9,-33,45,19,-18,-3,1,2
6,16,-26,-56,14,1,-1,-4
1,0,33,-1,-13,-3,0,2
-8,-12,-19,85,8,3,4,0
4,10,-7,-55,-8,-2,-4,1
-4,-13,-10,13,10,1,1,0
5,16,25,-38,-6,1,0,0
0,-7,-22,-15,-3,-3,-1,0
0,11,41,43,0,-1,1,0
-2,-20,-31,-19,0,2,1,0
3,17,14,-4,9,3,-4,-3
-1,-3,-19,89,6,0,4,4
1,-8,32,-71,-6,2,3,1
-2,-1,-50,-27,-15,-4,-4,-1
-1,14,43,89,18,0,0,-3
2,-6,8,-74,-10,0,1,1
-2,-6,-38,-4,3,0,0,2
5,9,3,20,2,1,0,-2
-5,-6,31,4,-5,-2,-1,-1
-4,-14,-20,-18,2,1,-1,0
7,20,10,30,1,-2,0,-1
-2,-12,-21,-33,-8,0,0,2
0,2,9,39,9,4,3,1
0,5,20,-23,-1,-1,-4,0
1,-2,-35,-14,-2,2,3,-1
0,3,24,28,0,-6,-2,-1
-4,-4,-15,-16,0,3,3,1
6,6,20,1,1,1,-1,1
-5,-7,-14,-1,0,-2,-1,-2
2,1,1,4,1,3,-1,2
1,3,5,10,-3,-2,0,0
-1,-4,-4,-26,-1,-1,2,-2
0,2,-7,20,1,-1,-3,0
0,2,7,0,1,2,4,2
0,-2,-6,-7,1,2,-3,1
-1,4,13,4,-1,-3,2,-2
1,-5,-11,-8,0,0,-2,-1
0,4,7,9,0,-1,3,1
0,-4,-4,-2,1,2,-2,0
-1,1,5,-4,1,0,0,-2
2,0,-3,7,-1,2,1,3
-2,-1,-2,-8,-2,-2,-1,-2
2,1,-1,9,1,1,0,3
-1,-1,6,-7,1,-3,0,0
0,-1,-9,-2,-2,2,1,-2
1,2,5,6,3,-1,-1,1
-1,-3,-2,-1,-1,-1,1,-1
0,6,3,0,0,3,0,1
-1,-3,0,-1,-2,-3,-3,-1
1,1,-2,2,4,4,3,1
1,-3,2,2,-1,-1,1,-2
-3,-1,-1,-8,-1,1,-6,1
3,2,-2,5,2,2,9,3
-2,1,4,0,-4,-4,-5,-4
0,-2,-4,-4,-3,-8,-9,1
6,7,7,9,13,21,25,5
-4,-6,-6,-7,-7,-13,-21,-6
-2,2,2,0,2,1,1,0
2,-2,-2,0,-5,-4,5,0
0,0,1,-2,-4,0,-5,-1
-3,0,0,3,6,8,5,-2
-1,-2,-3,-3,0,0,3,4
10,8,9,9,5,-28,-12,6
-6,-4,-6,-6,-6,23,8,-5
0,1,1,2,5,3,5,2
-3,-2,-2,-2,-3,-5,-9,-4
-1,0,-1,-2,-2,6,7,-2
4,-1,3,1,1,-9,-13,8
0,2,0,3,0,13,25,-5
0,0,0,-1,0,-8,-19,-1
0,1,0,-4,0,2,4,-1
-3,-5,-1,1,-2,-6,-6,2
3,2,1,5,4,1,7,3
-1,1,-2,-3,-1,12,5,-3
-3,-1,3,0,1,-11,-6,-3
3,0,-4,2,0,0,-2,6
2,2,3,-4,-2,3,5,-1
-4,-2,-2,3,2,6,0,-3
2,-3,-5,-5,-4,-12,-3,0
4,8,9,4,0,3,0,2
-3,-4,-4,3,2,0,0,1
-2,-1,-1,-5,0,4,0,-3
2,2,4,6,0,4,5,2
-2,-1,-1,-8,-1,-12,-16,-2
2,1,-3,-2,0,10,27,5
-1,0,2,7,2,-1,-13,-3
-2,0,0,1,1,-3,-1,-5
2,-1,1,1,-4,-1,-4,4
1,0,1,1,2,0,-2,0
-3,-2,-3,-4,0,1,1,0
1,1,3,2,3,0,3,0
0,2,-5,-3,-4,-1,0,1
0,-2,3,0,3,-1,-5,-1
0,2,1,3,-1,3,7,2
4,-2,-1,-4,-3,-1,-3,-1
-2,3,2,2,0,1,3,-1
0,-1,-2,0,2,-2,-4,0
-1,-3,-1,0,0,3,4,-1
0,0,0,-3,1,-1,-1,1
2,2,1,4,2,-3,-2,0
-2,2,3,0,-1,3,2,-2
0,-3,-4,-4,-5,-5,-8,1
1,3,0,6,5,8,15,4
-2,-4,-1,-4,-2,-5,-8,-3
3,3,5,1,-1,2,0,0
-2,0,-1,-1,-1,-3,-1,0
0,0,-3,2,2,4,1,0
0,-2,0,2,1,-1,0,1
-1,1,-2,-4,0,-4,-3,-2
-2,-1,-4,-2,0,-4,-4,-2
0,-3,-11,-21,-7,-5,-2,-2
-2,2,2,2,-3,-1,0,-1
0,-1,-4,-5,6,3,0,-1
2,-1,-1,0,1,0,0,1
1,2,11,15,-3,2,1,0
-2,1,-5,-10,-1,-2,-1,1
1,-3,0,0,1,3,-1,0
0,1,-3,4,-1,-3,2,2
1,1,3,-3,2,-1,-1,0
-2,0,-4,4,3,2,0,-2
2,2,4,-3,-5,-3,0,-1
-2,-3,0,0,2,2,-1,1
2,2,-3,-2,2,2,0,0
1,-1,3,2,1,-2,1,1
-2,-2,2,2,-1,-1,1,-1
0,1,-5,-5,-8,-1,0,0
1,2,4,8,9,2,1,1
-1,0,-1,-3,-2,2,-2,-1
0,0,-4,-5,2,-1,0,0
0,-1,3,2,-5,-2,0,-1
-1,3,-5,-12,-2,-1,-1,3
3,-2,12,21,1,1,1,0
2,2,-16,-20,8,4,2,0
-3,-1,25,49,0,-2,-2,-2
-2,-1,18,-30,-5,1,2,0
-3,-10,-59,-12,-5,-1,-3,-1
-1,-3,-37,-45,-7,-5,-2,0
8,23,130,77,15,4,3,3
2,-2,-101,-53,-13,-3,0,-1
-8,-22,-15,0,6,2,-2,-2
11,31,139,140,43,14,8,5
-12,-24,-103,-144,-43,-14,-5,-8
-2,-8,16,-13,3,-5,-5,1
19,51,33,120,5,11,9,10
-16,-51,-31,-75,1,-1,-1,-4
2,1,4,16,-8,-7,-6,-3
11,35,34,49,24,12,8,4
-28,-78,-153,-194,-59,-22,-10,-12
27,107,146,232,44,10,-3,6
-7,-58,-164,-157,-19,4,12,7
17,61,204,136,64,21,6,4
-25,-65,-104,-5,-48,-29,-18,-15
5,-8,-10,-92,10,11,12,11
-4,-11,-27,-113,-57,-6,-1,-3
7,68,95,246,76,4,-8,-7
4,-29,14,-229,-54,-6,5,9
-14,-24,-171,16,11,-8,-14,-15
0,27,252,184,4,12,13,9
-2,-55,-229,-218,-17,-18,-10,-3
28,119,231,255,40,31,19,8
-22,-100,-173,-183,2,-6,-3,1
0,16,-40,-12,-34,-17,-9,-5
4,-8,121,144,6,18,10,6
-6,-5,-63,-175,1,-18,-15,-7
23,71,123,219,27,11,7,7
-21,-38,-148,-186,9,6,-1,-10
-8,-48,39,153,-32,-15,-2,1
17,39,26,-8,34,17,10,8
-14,-11,56,-207,-78,-17,-10,-11
29,61,-122,225,75,14,7,13
-27,-60,65,-213,-31,-7,-5,-9
13,19,31,107,5,1,2,3
-19,-68,-130,-59,-34,-9,-4,-1
20,90,183,109,59,11,4,1
-7,-42,-146,-169,-84,-14,-1,-2
6,16,104,242,118,28,8,9
-7,-1,-39,-116,-63,-21,-8,-8
0,-39,-72,-26,9,8,3,3
0,31,67,-29,-6,-4,-2,-2
0,-9,-114,-25,-10,2,3,2
7,42,162,123,17,-1,-3,-4
-7,-42,-1,-16,-4,5,5,6
2,15,-69,-34,8,-3,-6,-5
-7,-16,-37,-58,-13,-4,-2,-1
12,2,90,110,5,7,9,7
-11,8,-49,22,-2,-5,-7,-6
5,-1,-14,-72,2,3,4,3
-2,-20,-73,-37,-10,-8,-4,-2
3,39,159,19,14,7,2,-1
-1,-21,-8,46,-6,-1,-2,1
0,-8,-90,-38,-9,-5,0,1
0,22,48,15,7,4,-1,0
-1,-16,-41,35,-3,0,5,3
2,5,19,-81,-1,-4,-6,-7
2,18,51,84,16,9,3,2
-4,-21,-42,-66,-19,-6,1,1
1,2,-33,-22,8,4,-1,1
2,3,33,110,20,1,-1,-1
-2,-7,-63,-48,-28,-4,4,5
0,12,108,-30,4,-2,-3,-6
-2,-15,-60,57,6,7,2,1
4,12,42,-29,0,-9,-1,0
-8,-25,-60,-50,-9,-1,-4,-1
5,31,49,61,11,6,1,-3
3,-2,-16,-23,-1,-1,1,5
-1,-11,3,-33,-13,-4,-1,-3
0,7,-2,58,21,7,6,3
-1,-8,-6,-16,-9,-5,-4,-1
-1,1,-2,-2,-2,2,1,2
-2,-4,0,-16,-1,-1,-1,-4
5,17,24,18,1,-1,0,3
0,-10,-2,36,0,2,-2,-1
-2,3,-25,-54,-3,-1,2,-2
-1,-10,-8,-11,0,1,-1,3
3,13,32,46,9,1,2,-1
-3,-2,-11,-26,-2,-1,-2,-1
0,-6,-8,-3,-5,-2,0,1
0,5,9,-7,1,1,1,1
3,0,2,27,4,2,-1,-1
-2,-1,3,-1,-4,-2,1,0
-1,-6,-28,-23,-1,0,-5,0
1,6,27,16,-1,-7,8,-1
1,3,-8,-2,10,23,7,5
-1,-6,-6,0,-6,-10,-7,-2
0,4,5,-1,-3,-6,-6,-1
0,-1,2,-16,-1,-4,0,1
2,1,4,23,6,-13,1,2
-2,-2,-2,-5,-2,21,3,-5
-4,-2,-4,-4,-3,-3,-3,-2
2,-1,2,-4,3,7,-10,-1
4,4,-5,5,-4,-20,16,6
-1,-1,8,9,9,25,5,0
-2,1,-9,-15,-8,-19,-16,-4
2,-3,1,-2,-1,2,11,3
-2,0,6,9,1,13,-7,-6
1,1,-2,-5,1,-14,-1,4
1,3,0,3,3,12,8,3
-1,-3,1,-1,3,-4,-3,-2
1,1,-1,3,-7,3,0,0
-2,0,-2,-1,-1,-11,-1,-2
0,-2,-3,-4,4,13,3,4
2,6,8,5,3,-11,-4,0
-2,-3,-6,-5,-7,0,-2,-4
0,-2,-2,1,2,15,4,2
0,1,5,1,3,-17,1,-1
1,0,-1,0,-1,5,-6,5
-1,-1,2,1,0,15,15,-4
1,1,-1,-1,-4,-24,-24,1
3,2,-1,2,10,13,25,3
-3,-2,2,-2,-9,-2,-12,-6
-1,-1,-4,0,3,-4,-9,-1
1,1,2,2,-2,4,10,4
0,0,1,-3,0,-3,-5,-2
0,0,-3,-3,1,11,18,3
-1,-2,2,6,3,-10,-18,-2
1,3,1,1,-3,-1,7,-1
1,-4,-3,-3,-2,3,-3,-1
1,2,2,0,3,-2,-3,1
-2,0,0,-1,-3,-2,2,1
0,1,2,0,2,0,2,0
0,-2,-6,1,1,7,3,-1
-1,1,8,2,-2,-4,-4,1
1,2,-4,-3,0,2,-3,0
-3,0,1,0,0,-4,10,2
2,-1,-1,-3,-3,0,-3,-1
1,0,0,5,5,-2,-5,-1
0,1,0,0,-1,3,-3,-1
0,-2,-2,-2,1,-1,5,1
-1,2,2,2,0,11,1,-1
0,0,-1,-1,-3,-10,-2,1
1,0,2,1,3,-3,-6,-3
2,-1,2,-1,1,2,8,4
-1,-1,-4,0,-5,2,-2,-1
-1,1,2,-2,2,-1,1,0
1,0,-1,4,1,2,-3,1
-1,1,-1,0,1,2,2,0
-1,-3,0,-3,0,0,1,-1
4,3,2,3,-2,-3,1,0
-2,-1,-2,-1,1,2,3,2
1,2,1,-2,-3,-3,-7,-2
0,-2,-1,2,2,-1,2,2
-2,0,2,0,2,3,1,-2
-2,-1,-1,0,1,1,-2,-1
0,1,2,0,-1,-2,-1,0
2,0,-2,-1,0,2,4,1
-2,-2,2,0,1,-2,-2,0
3,2,-2,-2,-5,0,0,2
0,1,0,2,4,0,2,1
-2,0,1,1,-2,2,-2,-4
1,-1,-3,-2,1,-1,0,1
0,-1,1,-2,1,0,-1,-1
1,0,4,3,0,-2,1,1
1,3,-2,-2,-3,2,2,1
0,-2,-4,3,3,0,-3,-1
-3,0,3,-3,-1,1,0,0
0,0,-1,2,-1,-2,1,1
3,2,2,1,1,-1,0,-1
-3,-2,-1,-1,-1,3,1,0
1,0,-6,-6,1,-3,1,-1
0,0,14,18,0,-1,-2,1
2,3,-7,-11,2,4,2,2
-2,-3,2,-1,-3,-3,-2,-2
-1,1,0,0,1,3,-2,0
0,-7,-26,2,0,0,1,1
0,6,32,-6,-1,-1,1,-1
2,-2,-30,-9,-2,-1,1,0
3,11,35,25,4,0,-1,0
3,8,13,11,0,-1,-1,-1
0,1,0,2,4,0,2,1
-2,0,1,1,-2,2,-2,-4
1,-1,-3,-2,1,-1,0,1
0,-1,1,-2,1,0,-1,-1
1,0,4,3,0,-2,1,1
1,3,-2,-2,-3,2,2,1
0,-2,-4,3,3,0,-3,-1
-3,0,3,-3,-1,1,0,0
0,0,-1,2,-1,-2,1,1
3,2,2,1,1,-1,0,-1
-3,-2,-1,-1,-1,3,1,0
1,0,-6,-6,1,-3,1,-1
0,0,14,18,0,-1,-2,1
2,3,-7,-11,2,4,2,2
-2,-3,2,-1,-3,-3,-2,-2
-1,1,0,0,1,3,-2,0
0,-7,-26,2,0,0,1,1
0,6,32,-6,-1,-1,1,-1
2,-2,-30,-9,-2,-1,1,0
3,11,35,25,4,0,-1,0
-1,-4,23,9,1,2,3,4
-4,-14,-56,-32,1,-1,-1,-4
-3,4,9,11,-6,-2,-2,-2
5,8,39,25,11,-2,-3,1
4,4,-34,-22,-20,0,4,3
-6,-11,-7,-8,26,12,1,1
3,14,47,25,-22,-13,-3,-3
-5,-20,-125,-91,-9,4,0,-1
9,19,210,141,58,15,7,7
-10,-22,-220,-113,-68,-27,-11,-9
2,18,106,25,9,5,3,1
5,5,97,87,28,9,3,5
-4,-8,-114,-57,-12,-5,-4,-6
-7,-18,-9,-4,4,3,4,2
4,-1,-18,-110,-13,-1,0,1
5,20,29,86,-8,-6,-5,-4
3,-2,-53,-5,38,18,9,8
1,19,115,62,2,-9,-6,-4
-12,-59,-165,-82,-27,-8,-2,0
14,56,206,115,20,11,6,4
-20,-35,-168,-156,-45,-19,-12,-13
18,38,202,156,65,21,10,11
0,-15,-203,-86,-26,1,5,3
-8,-12,152,90,-27,-16,-8,-6
-2,-12,-189,-83,39,12,3,0
14,47,222,49,-12,6,7,8
-8,-27,-169,-42,8,-2,-5,-6
-1,3,-15,45,6,-4,-3,2
-3,-12,46,-148,-64,-17,-3,-3
8,44,-18,159,72,18,0,-1
-11,-52,80,-69,-23,-4,1,-2
4,24,-149,-31,1,1,3,4
2,-5,107,58,-30,-8,-3,-1
2,-2,10,-102,-5,0,2,1
6,14,2,176,34,5,0,3
-12,-43,17,-128,-12,7,5,-2
0,25,-58,-40,7,-12,-9,-7
12,-2,23,90,-31,8,14,12
-10,-5,142,108,51,-4,-15,-9
1,13,-251,-247,-39,-2,3,-2
17,23,202,255,32,11,7,12
-35,-64,-160,-255,-32,-12,-11,-17
22,40,68,141,5,-4,4,9
-2,9,54,-11,32,14,3,-2
4,7,17,101,4,2,0,5
-3,-29,-118,-127,-10,-6,-2,-2
-7,-5,85,-28,-35,0,3,2
11,58,-18,94,26,-6,-4,-4
-10,-45,-11,-117,-14,5,1,-3
9,17,61,130,18,1,2,6
-9,-22,-1,0,22,3,-2,-5
12,14,-168,-155,-65,-10,5,8
-12,-15,227,198,56,14,-4,-8
1,-12,-169,-165,-33,-11,-2,3
13,67,122,51,14,6,6,2
-13,-66,-92,-23,-7,-4,-4,-4
-2,1,-36,-49,-6,-1,-1,-1
6,31,109,127,4,-1,0,3
-3,-14,-95,4,19,6,0,0
-3,-21,131,-20,-9,-3,2,0
7,30,-115,-81,-16,-2,-1,0
-6,-18,19,61,10,2,0,-4
7,25,-10,-86,-23,-4,0,6
-5,-25,50,137,46,9,1,-2
6,18,-17,-45,-18,-6,0,2
-8,-6,-16,-53,-26,-7,-5,-4
2,-3,55,143,39,10,1,-1
2,-9,-100,-116,-25,-1,5,2
6,31,84,-9,8,2,2,6
-10,-38,-61,40,6,-3,-6,-8
7,37,42,3,-2,4,4,3
-3,-22,21,0,0,-2,-2,2
-3,-9,-99,-16,-12,-5,1,-2
5,27,109,49,11,2,-1,0
-5,-36,-67,-62,3,2,1,0
3,25,-3,-1,-4,-2,-1,-1
-7,-21,-1,26,-15,-6,-3,-2
9,21,15,-19,18,12,8,6
3,11,3,-29,-7,-5,-5,-3
-3,-14,35,52,5,0,0,1
-3,-3,-37,-111,-5,1,0,-3
6,7,16,193,13,3,2,4
-5,-1,2,-118,-15,-3,-1,0
0,-6,-14,17,8,1,2,-2
1,4,19,23,-1,-1,-2,1
-4,-7,-28,-50,-8,-5,-3,-2
6,7,-12,16,2,3,3,3
-4,-3,38,13,6,1,-3,-2
3,0,-9,13,1,0,3,0
-2,1,-7,-27,-9,-1,-2,0
2,3,-6,-3,5,0,0,1
-3,-4,15,12,0,3,0,-1
3,3,14,33,5,0,1,1
-2,-4,-34,-37,-3,-3,-1,-1
-1,5,12,-1,-7,-6,-6,-2
1,-4,10,10,5,3,10,2
2,2,-9,19,5,11,-7,3
-3,-3,-4,-32,-5,-6,6,-5
1,3,-1,0,2,12,8,5
-1,-2,11,15,-6,-36,-29,-7
0,1,-1,6,4,18,21,5
4,2,-8,-17,6,22,10,3
0,2,7,6,-5,-19,-8,-5
-5,-6,-3,4,0,9,-8,0
2,3,3,6,0,-17,4,1
-2,-3,-5,-10,2,17,7,0
2,3,-3,1,0,-2,-2,2
-2,0,7,1,-2,0,-1,-2
1,-2,-3,0,0,-4,-8,-3
2,0,-1,-3,-3,-9,-1,1
-2,-1,0,-1,2,6,4,0
2,3,3,4,2,4,5,2
-2,-1,4,7,3,1,-2,0
-1,1,-8,-8,-3,-6,-5,0
1,1,1,-1,-3,1,-1,1
2,-1,4,2,1,1,4,-1
-1,-1,-2,6,3,5,4,2
-1,-1,-1,-9,-3,-6,-6,-1
1,1,0,-1,-2,-3,-1,-1
0,2,3,5,3,8,5,1
0,0,-2,2,-1,-5,-3,0
2,-2,-2,-3,4,9,1,0
-2,0,3,-1,-5,-14,-5,-1
2,0,2,3,7,20,15,2
0,-1,-2,0,-4,-14,-13,-1
-3,0,-2,-4,-1,-4,-2,-3
0,1,0,2,1,3,6,2
1,0,1,0,-1,5,0,0
0,0,1,0,0,-1,1,0
1,-1,0,-1,-2,-6,-3,1
0,2,-2,2,4,7,0,-2
-3,-2,-1,-1,-2,-6,-5,1
6,3,1,1,0,2,13,3
-4,-2,1,0,-1,-1,-7,-3
0,0,0,-2,4,8,-1,0
1,-1,1,1,-4,-6,1,0
-2,0,-3,0,0,-1,-1,1
1,1,1,0,3,2,-1,-2
-1,-1,-1,-2,-3,-1,1,0
1,1,3,4,2,-3,5,3
2,0,0,-1,0,7,-1,-1
-1,1,0,-1,-1,0,1,2
-2,0,-1,-1,-1,-3,-4,-3
0,-2,1,0,-1,-4,-1,-1
1,0,4,4,1,5,1,0
1,1,-6,-1,1,-5,-3,2
-1,0,3,-1,3,4,4,0
0,-1,-4,-2,-3,4,0,-2
-1,-1,1,-1,-1,-7,-6,1
2,2,2,4,3,4,6,2
0,1,-1,-4,-3,-5,0,-2
-2,-1,-2,0,-1,6,0,-1
1,1,3,1,0,-6,-2,-2
1,-1,0,1,3,5,-3,4
3,3,0,3,3,4,10,2
-5,-4,-2,-1,-4,-8,-9,-4
3,1,0,-2,1,0,5,2
0,-1,1,1,-3,0,0,-1
-3,1,-1,-1,3,4,-3,0
1,0,1,1,1,-1,3,0
0,0,-1,-2,-2,0,-3,1
-2,0,1,1,0,2,6,-2
2,-1,-2,-2,0,-3,-7,1
1,3,2,4,3,-3,1,-1
-1,-2,0,-1,-5,3,0,1
2,1,1,-2,3,1,1,1
-1,0,-1,2,-2,-1,2,0
-2,-1,0,0,3,-2,-4,-1
2,0,0,-1,-2,4,3,1
-2,-1,0,-1,0,0,1,1
0,-2,2,-1,0,-5,-6,-3
1,3,-3,0,-2,0,1,-1
0,-1,2,5,7,8,3,2
1,3,0,0,-5,-4,4,0
-2,0,-1,-3,0,-2,-8,2
1,-3,0,1,0,4,8,0
0,2,-3,-4,-4,-6,-5,-3
1,-2,4,5,5,0,-1,1
-2,1,0,-2,2,6,2,-2
-2,-1,0,-1,-5,-3,-1,1
2,1,2,0,2,2,2,0
-1,-1,-6,0,0,-2,-2,0
4,-1,3,2,0,0,5,1
-1,1,0,0,1,1,-4,1
0,-2,-1,0,0,0,-1,0
