2,1,-2,-4,-2,0,-1,0
0,2,-11,6,2,1,0,2
-3,-5,-16,-2,-2,1,0,-1
-3,-5,-16,-2,-2,1,0,-1
-2,0,-13,0,-2,1,0,-1
0,-3,-25,-7,-2,-1,0,1
-2,-1,17,2,-2,-2,-2,-1
-1,-4,-14,-4,-4,1,0,-2
0,2,15,3,0,-3,-1,-3
-1,-2,-12,-6,-2,1,0,1
-3,-3,-54,-3,-2,-2,0,-1
-3,-2,2,-2,0,-1,-2,-2
-3,-2,2,-2,0,-1,-2,-2
-2,1,44,0,-1,0,-1,1
-3,-3,25,-1,1,1,2,0
-1,3,30,11,1,-1,-1,-2
0,1,101,3,0,0,-3,-2
-1,0,-3,5,0,-2,-1,-1
0,5,10,2,2,2,-1,1
-3,-1,-11,-2,-1,-1,1,-1
2,1,-38,-9,-2,-2,-1,0
2,1,-38,-9,-2,-2,-1,0
0,0,-4,-4,-1,-2,-2,-2
1,-2,-21,1,-1,0,-1,1
-2,1,-21,0,0,2,-1,-1
-1,-2,8,-4,-1,-2,0,0
-1,-3,-52,-8,-1,-4,-2,-2
-2,-2,-4,1,-1,0,0,1
0,0,-3,1,1,-1,0,-2
-1,-2,27,0,-3,1,-1,-1
0,4,42,1,1,0,-1,-2
-1,-3,-12,-2,0,1,1,0
1,1,-18,3,1,0,0,0
0,1,-12,0,-1,-1,-1,0
0,4,10,9,0,-2,0,-1
-2,-4,-51,-6,0,0,-1,0
-2,-2,-12,-1,1,1,0,0
-1,-2,25,-4,-1,-4,1,0
-3,-1,-4,1,-2,2,-2,-3
-3,-1,-4,1,-2,2,-2,-3
1,1,-2,0,-1,-3,0,0
0,1,-15,0,0,0,-1,0
-1,1,16,2,-2,-1,-1,-1
-1,0,-2,-3,-3,-1,-2,1
-1,0,-2,-3,-3,-1,-2,1
1,1,-2,4,11,2,-1,0
-2,0,11,-96,-24,-1,-1,-1
-3,9,19,-12,-5,-2,-4,-5
3,-33,-20,66,30,7,-1,2
-9,-11,-38,6,-4,-3,-17,-1
23,-14,72,14,2,0,-11,13
-19,2,-5,34,8,-2,-25,-9
1,15,59,-7,-5,-2,31,-2
38,4,-11,34,10,1,-42,-7
9,2,-20,-15,-4,2,30,6
33,47,27,5,-4,-2,10,21
-62,-14,-19,-34,-7,0,0,-24
18,19,11,20,7,0,45,43
2,-1,-30,-27,-7,-5,3,-26
-128,-34,-14,-23,-6,-1,3,-13
105,97,25,91,26,5,-104,33
-118,-128,-15,-71,3,3,-82,-60
-118,-128,-15,-71,3,3,-82,-60
61,38,0,46,2,16,89,14
127,0,1,65,-15,-8,53,64
-128,-43,-32,-60,-25,-5,-7,-52
122,58,29,37,16,4,117,45
122,58,29,37,16,4,117,45
-98,-13,-17,-32,-6,-18,30,-4
36,73,26,-19,25,0,94,25
-126,-44,24,48,50,5,70,30
114,-32,-4,16,-30,3,6,20
-122,-6,-29,-73,2,-6,-40,-63
4,-40,-4,-2,-9,2,-119,0
38,36,9,72,6,6,-13,-18
42,17,-38,-61,-48,-19,-87,-7
87,94,21,-53,-17,-11,-49,15
-42,30,-9,37,10,-2,9,-10
58,44,8,21,-11,-3,87,64
5,-13,12,57,21,5,-48,-10
5,-13,12,57,21,5,-48,-10
-32,-44,-2,7,1,4,-16,-9
8,4,-2,14,-4,-5,10,10
13,29,-2,-22,-2,-6,-6,-14
9,-10,8,19,9,4,1,9
-57,-11,-3,-9,-12,-6,-36,-17
-2,-13,-3,-1,0,1,5,-2
58,36,-3,9,5,-2,-2,18
-45,-36,31,-17,-6,-2,-18,-19
-9,-6,-73,-8,2,2,-3,1
-9,-8,116,15,1,4,-4,-14
-1,-21,-4,-8,-6,-6,0,-4
-1,-21,-4,-8,-6,-6,0,-4
5,0,-42,-13,-2,2,0,5
-6,-11,-56,0,2,-4,-2,7
-10,-17,-43,-20,0,7,-8,-11
-1,-7,92,3,3,3,1,6
0,0,-49,7,0,-7,-5,-6
-19,-6,120,42,-5,1,4,-19
-19,-6,120,42,-5,1,4,-19
2,-5,-68,-19,-3,5,3,17
11,16,44,58,6,0,-2,-12
-14,-5,-100,-2,-4,-6,-9,0
-5,-8,-87,-29,-6,-6,2,6
13,5,-10,7,-3,-5,-2,8
4,-4,1,-36,-4,0,-1,-8
1,-6,69,12,5,3,-2,3
2,2,27,-8,-3,-2,3,-5
-1,-8,-20,0,-1,-7,-1,7
3,5,110,-5,1,9,2,-2
3,5,110,-5,1,9,2,-2
7,8,42,17,5,6,10,82
-19,-2,16,-8,-3,-4,-6,-25
-1,-5,-47,-4,0,0,-1,5
7,4,33,-15,-4,-5,-2,-11
0,5,70,8,-2,-9,-4,-3
3,0,-10,-4,-2,5,-1,-14
-14,-1,17,-6,-3,-9,-2,1
3,-4,-55,-18,1,1,-2,14
3,0,-104,-10,-1,-3,-1,-13
0,3,74,5,1,-5,0,-5
-8,-6,-74,-6,-4,1,-3,-14
0,1,69,0,-1,0,2,1
0,1,69,0,-1,0,2,1
4,3,19,6,-1,-1,0,6
-6,-10,-8,4,4,4,1,0
1,-8,-61,-9,-4,-3,-4,-2
2,2,-28,-6,-1,3,1,-1
-2,-1,60,6,-2,-9,-3,-1
-4,0,-74,-7,-1,-6,-1,-1
-4,0,-74,-7,-1,-6,-1,-1
-1,-4,59,9,2,-4,-1,1
-2,0,22,4,-3,-6,0,-3
-3,-3,-67,7,0,4,0,-4
-2,3,29,-9,-1,-1,-1,-3
-1,1,6,-1,0,-3,-2,-3
-2,-3,-11,0,-1,2,0,0
-2,-2,52,3,-2,-3,-1,-1
1,3,-2,2,0,1,2,0
-1,-2,8,-3,-3,-2,-1,-1
-1,-2,8,-3,-3,-2,-1,-1
-2,-2,-36,-9,-1,0,-1,0
0,-6,-67,2,1,-1,-1,0
2,1,23,-2,-3,0,0,0
1,1,-6,5,0,-1,-1,-1
-1,0,-4,-12,-4,-3,-1,1
-2,0,13,4,-2,0,-1,1
-2,0,13,4,-2,0,-1,1
-1,-2,9,-2,-4,-2,-3,0
-2,-1,-23,2,2,0,0,-1
-2,-4,-35,-6,-1,0,1,-1
1,0,-16,-7,0,0,0,-2
0,-5,-17,-1,-1,0,1,-2
1,-4,-12,2,0,-2,1,1
-3,-3,-7,-6,-1,-1,0,-2
-1,-1,5,-3,-2,-2,-1,0
0,-1,22,5,0,1,0,0
-1,-4,28,-1,-1,-5,-1,-1
-1,-4,28,-1,-1,-5,-1,-1
-3,-5,-58,-1,-1,-2,-1,-1
-1,-1,-10,0,-2,0,-2,1
-1,-1,13,0,-2,0,0,1
-3,-3,11,2,-2,-4,0,-2
-1,1,-5,1,-1,-3,-1,-2
-3,0,6,3,1,-1,-2,-1
-2,-3,1,-7,-1,0,0,0
-1,0,74,0,1,-1,-2,-1
-1,-2,-7,5,-1,-2,-1,0
0,-1,-19,-2,0,-1,0,1
0,-2,-30,-1,-2,0,-3,1
0,-2,-30,-1,-2,0,-3,1
-1,-1,-2,-2,-2,-2,1,-2
0,1,-9,-1,1,-2,-1,-1
-1,-4,-15,-2,-4,-3,-2,-3
-2,-3,-7,-3,-1,-3,0,-1
-1,1,4,3,0,0,-1,-1
-1,1,4,3,0,0,-1,-1
2,1,1,2,10,3,2,1
-2,-2,-1,-55,-19,-6,-1,-1
-1,-5,-9,-37,-6,0,-1,0
1,-14,-19,-13,-20,-4,15,-3
1,-14,-19,-13,-20,-4,15,-3
-7,-5,-22,-29,-10,-3,-15,-6
-3,-24,-33,-4,-1,-2,-4,-1
21,10,26,10,4,2,-16,4
10,15,-1,-2,3,-5,-3,0
20,6,-2,-46,-15,-9,-47,0
43,5,-12,-20,-9,-3,-18,-15
43,5,-12,-20,-9,-3,-18,-15
-65,8,4,-7,-4,4,83,16
-50,14,-23,12,-8,-8,-5,22
19,-4,44,20,1,-10,-31,-3
105,57,-89,-29,5,6,-9,44
21,42,-60,28,-11,0,-96,12
80,-49,-31,-11,1,31,61,48
-105,-45,22,7,2,-18,-97,-57
-128,3,60,-40,-8,-9,-31,-53
-29,-23,42,37,0,3,36,-34
-45,56,37,-43,-24,-4,-5,-27
-92,-92,-12,-20,9,-23,-23,-39
-32,-36,-24,118,42,33,65,-36
97,54,13,95,33,-2,61,98
97,54,13,95,33,-2,61,98
-128,-114,-34,-111,-12,32,-68,-69
-128,-128,-42,-27,-11,-24,-103,-42
-50,-70,24,56,90,18,-108,-59
-9,26,-13,-25,-28,-31,-29,-24
-77,-35,-45,-88,28,-42,40,-25
-35,-60,-48,-90,-56,-13,-39,-55
-39,-22,-30,-76,-78,14,127,-8
-53,-61,-66,-45,-113,44,-121,-99
16,92,-1,66,-28,6,40,46
53,114,-8,-47,-3,-50,67,14
-81,-116,-31,-7,-4,25,-78,-67
-8,109,72,73,59,19,93,98
21,-128,12,8,51,29,-128,-76
21,-128,12,8,51,29,-128,-76
67,2,1,60,24,-11,44,-1
-43,-25,-15,-104,0,-16,-106,-32
-27,18,-12,-58,-38,-34,47,38
-27,18,-12,-58,-38,-34,47,38
8,5,-22,-9,-28,2,20,16
8,5,-22,-9,-28,2,20,16
27,13,-16,1,6,0,2,22
22,5,-12,-20,7,-19,34,30
7,10,-34,22,11,36,15,53
8,0,61,7,-3,0,8,-37
13,14,27,12,-3,-16,-5,1
-3,-5,-78,3,2,7,0,15
21,-16,-128,-10,-1,0,7,6
21,-16,-128,-10,-1,0,7,6
5,20,58,-3,3,-9,-15,-33
6,-9,-6,32,4,1,-3,6
-1,-3,-4,0,-7,-6,-2,-2
3,4,91,22,-4,0,3,11
3,4,91,22,-4,0,3,11
-1,-6,35,-5,-12,-2,-1,2
-1,-6,35,-5,-12,-2,-1,2
-2,-10,19,-20,-1,0,0,0
4,7,-20,-7,0,-8,-4,2
3,18,127,17,0,-3,-2,1
-2,-4,34,3,-1,1,2,7
-2,-4,34,3,-1,1,2,7
2,-1,6,-3,-3,-3,0,0
2,-1,6,-3,-3,-3,0,0
-4,-4,-82,10,5,6,6,1
-1,-4,88,29,3,-1,-2,-6
5,1,-120,-8,-2,-2,0,-2
-3,5,-12,14,-4,-3,-2,0
-3,5,-12,14,-4,-3,-2,0
-5,-8,-24,-15,-2,1,-1,1
2,7,22,-10,-1,-4,0,0
9,4,37,-18,-2,-3,-1,-2
5,3,-2,7,1,2,0,-4
-1,2,66,-5,-3,1,2,4
-1,2,66,-5,-3,1,2,4
-3,-2,65,-13,-3,-5,-2,-1
-8,-10,-44,-1,-2,-1,0,-2
-1,-4,-128,-4,1,0,-2,-3
-3,-3,19,10,-3,-5,-3,1
-3,-3,19,10,-3,-5,-3,1
5,10,-35,15,4,7,3,-1
-1,-2,-24,0,-2,-5,-1,-1
10,-1,10,-16,-1,-5,-1,-1
-7,1,25,1,-1,1,-1,0
-1,-1,74,7,1,3,2,1
-3,-5,-66,9,-1,-1,-4,2
-3,-5,-66,9,-1,-1,-4,2
0,-6,12,5,0,-4,-2,2
-3,5,104,-4,-2,3,-2,-2
-7,-9,19,5,-1,-6,-4,-3
1,0,-15,1,-2,0,-1,2
-1,2,-14,-4,-2,-3,-1,-1
3,3,32,12,0,-1,0,-4
3,3,32,12,0,-1,0,-4
-2,0,9,4,-4,-1,-2,-3
0,5,-33,7,1,0,-2,-2
-2,-3,-8,-2,-1,-3,-1,0
-2,-9,-105,-6,-1,-1,0,-1
0,3,41,0,4,6,3,0
-2,-5,8,-6,-3,1,-1,0
-1,0,-28,-5,-1,0,-2,-1
1,3,35,2,0,-3,-4,-2
0,-2,-30,-2,1,1,-1,1
-1,-2,-12,2,-1,-1,1,-1
-2,-1,4,-8,-3,-1,0,-2
-2,-1,4,-8,-3,-1,0,-2
-1,-4,-35,0,1,-1,0,0
-1,-2,-20,6,1,2,1,-1
-1,1,-40,-7,-2,-4,-1,-2
0,3,10,-4,1,0,-1,-1
1,-1,-31,-1,0,0,-2,-1
-2,-3,-11,-10,-2,1,-1,-2
-2,-3,-11,-10,-2,1,-1,-2
1,-1,-14,-2,-3,1,0,-1
-1,0,22,-8,0,0,0,-1
-1,-2,14,3,0,-1,-1,-1
0,2,-4,1,-1,1,1,0
-1,-4,-1,-1,-3,-1,-1,-1
-1,-1,-9,-8,-1,-1,-1,-1
-1,-2,-38,-7,-3,1,-2,-1
-1,0,-26,9,1,-3,-1,0
1,4,-29,1,0,-1,-1,-2
1,4,-29,1,0,-1,-1,-2
-3,-9,-81,-1,-1,-2,0,0
-1,0,55,0,1,0,-1,-1
2,2,33,0,-2,-1,0,-1
-2,3,33,11,0,-1,-1,-2
2,3,-15,4,-2,-1,0,0
-1,2,20,-13,-2,-2,0,-1
-1,2,20,-13,-2,-2,0,-1
-3,-7,-4,-6,-2,-1,-2,-1
-1,-4,-64,-1,0,-1,1,-1
-1,-4,-64,-1,0,-1,1,-1
-2,-5,14,-3,-1,-2,-3,-1
0,-1,38,6,-2,-1,-2,-3
-1,3,40,1,0,0,-1,-2
1,0,-3,-1,-2,0,-1,0
-2,-3,-15,-9,-1,2,-2,0
0,0,39,2,-3,-3,2,0
0,0,39,2,-3,-3,2,0
-1,-1,-27,-3,-1,-2,-3,-2
-1,0,10,1,-3,-1,0,-2
1,1,-13,1,1,-1,-2,-1
-1,-3,13,-1,4,-1,0,0
-2,1,-3,-1,3,0,2,2
0,-1,-11,-2,0,1,0,0
-1,0,-6,-14,-4,-1,-2,-1
1,3,23,15,5,0,-1,-2
0,3,46,-36,7,4,-1,-2
0,11,3,18,-4,-2,-2,-1
-3,-4,3,-24,-10,-3,-2,-3
0,0,-5,-17,-10,-2,4,2
0,-3,-29,-26,-10,0,0,-4
-4,2,19,13,8,4,0,-1
3,2,-36,74,1,-2,4,5
5,-3,-5,-4,-2,-3,9,2
3,10,-7,-17,-7,-5,12,6
-2,-6,-7,-16,-10,-6,-21,-5
-4,-6,-32,5,-2,2,30,0
-27,-2,56,22,3,6,-12,2
17,5,-9,-52,-2,2,-26,-7
20,2,11,16,7,4,-39,-5
-106,-23,-14,35,0,2,2,-26
-9,-15,-10,27,6,-2,20,-1
-9,-15,-10,27,6,-2,20,-1
110,48,-17,-19,-11,-4,16,11
-82,6,12,-20,-1,4,16,-26
-10,-63,-7,-59,-35,-16,-73,-37
-68,-1,-6,-7,24,10,-86,-15
-68,-1,-6,-7,24,10,-86,-15
-84,-110,-47,-17,-30,-7,8,-72
-84,-110,-47,-17,-30,-7,8,-72
52,57,7,-30,-22,-11,52,33
55,25,28,95,31,-2,84,26
67,25,-1,20,25,-6,-4,29
-39,3,-4,-31,29,7,-99,-18
-29,4,4,41,18,34,-31,23
109,97,18,59,14,17,-62,42
-38,-73,-66,-124,-58,6,-124,-28
57,-24,23,104,83,43,-29,-3
109,91,2,-48,-19,-8,106,76
-43,12,7,-53,-7,-26,127,29
-43,12,7,-53,-7,-26,127,29
-16,-33,-12,-72,-59,-39,66,22
7,-15,-19,-83,22,13,-66,-17
-53,-90,-63,-93,-97,26,-20,-66
-53,-90,-63,-93,-97,26,-20,-66
24,31,-3,95,66,4,24,24
59,-33,-8,-12,-98,-27,-108,-7
59,-33,-8,-12,-98,-27,-108,-7
-4,-62,-15,26,-4,-13,-86,-46
-96,-43,-62,-71,-64,-101,-128,-53
78,127,40,84,101,14,91,109
6,75,-7,-111,-46,-6,-39,9
6,75,-7,-111,-46,-6,-39,9
68,47,14,-35,-28,11,88,61
0,32,24,-9,-14,18,-46,-45
-99,-42,8,-23,19,-17,-53,-63
-125,-9,14,-38,-37,-11,22,-2
-62,-23,-46,-20,-8,28,-89,-49
-62,-23,-46,-20,-8,28,-89,-49
1,3,-4,33,10,-8,21,-15
27,-7,11,37,16,9,24,15
-2,-9,-23,38,18,14,44,-4
-2,-11,-85,-34,-8,-13,11,-45
-2,-11,-85,-34,-8,-13,11,-45
-6,4,124,-7,-13,-29,-2,-29
0,-10,-26,-44,-7,-10,5,-5
2,-43,-101,-1,0,16,19,55
-5,2,-47,7,-4,4,0,-31
5,3,39,3,-5,-8,0,18
5,3,39,3,-5,-8,0,18
5,5,-19,10,3,2,4,22
-1,11,43,-19,-3,2,0,0
-1,5,-6,40,43,8,4,-4
4,6,42,-12,-5,-1,0,-2
4,6,42,-12,-5,-1,0,-2
0,-6,-28,30,-1,8,3,5
0,-6,-28,30,-1,8,3,5
-5,-4,76,2,-6,-5,-6,3
0,3,124,5,-6,0,3,22
-3,-1,11,3,-7,-5,-4,-19
4,8,58,-15,-1,-3,-2,0
4,8,58,-15,-1,-3,-2,0
-1,-6,-77,-15,-2,-1,0,-3
2,-4,-94,-32,-4,11,5,2
-2,-5,12,-31,-5,3,-1,2
6,2,-30,2,-2,-6,5,25
2,12,81,28,-1,-9,-5,-7
-1,-1,27,9,3,-2,-1,-9
-2,6,19,4,-5,-5,-5,-6
-2,-7,-31,13,3,-10,-3,-4
-4,3,66,4,-1,-4,-4,-6
-3,1,15,9,1,4,-3,-13
-3,1,15,9,1,4,-3,-13
-1,7,88,-12,1,-1,-4,-8
1,2,83,6,0,-5,-3,-4
-6,-4,-75,-3,-1,4,-2,-2
-2,0,-25,16,5,-1,-2,-2
-1,-4,-17,-5,-4,-7,-3,-1
-1,2,-33,10,2,2,0,-1
-1,-3,-12,-7,-4,-8,-3,10
2,0,90,5,-5,-2,-2,0
3,13,80,1,-1,-1,0,-5
3,13,80,1,-1,-1,0,-5
-5,-2,51,-4,-2,1,2,1
2,3,-30,-11,-3,-5,1,0
-1,-9,-23,8,0,-1,3,-1
-1,-3,-7,-2,-1,-1,0,3
-1,0,52,5,0,4,1,-3
-1,5,3,-5,-3,0,-2,-3
3,2,-10,4,2,5,2,-2
3,2,-10,4,2,5,2,-2
-2,1,-28,1,-4,-4,-3,0
1,-4,-32,-19,-6,-2,-4,-2
1,-4,-21,-8,-1,1,2,2
0,0,27,7,2,3,0,-1
0,0,27,7,2,3,0,-1
0,-1,-11,-6,3,3,2,0
-2,2,11,3,1,12,1,0
-1,10,84,17,2,-3,-1,-6
-2,2,11,7,0,-5,-4,0
1,-3,-45,-7,-2,-8,-1,3
1,-3,-45,-7,-2,-8,-1,3
1,1,10,-1,-3,-4,-2,1
-1,-7,-8,-1,0,-5,-1,4
-1,-7,-8,-1,0,-5,-1,4
-3,-1,-12,-3,0,-1,0,-2
-3,-1,-12,-3,0,-1,0,-2
0,-1,-23,-8,-1,3,1,0
0,-3,23,-10,0,-3,-1,5
-2,-5,6,2,0,2,0,-4
1,0,-22,4,-3,-2,-1,0
0,0,16,1,1,0,-1,-2
-2,-2,-19,-1,-1,-3,-1,0
-1,-2,-50,0,-1,0,0,-1
2,8,32,11,-2,-4,-2,-2
-3,-6,-17,2,-1,-2,0,-2
-3,-3,67,-3,-1,1,0,-3
0,1,31,7,-1,1,0,0
-2,3,19,-6,0,-2,1,0
-1,-2,-64,-8,0,-2,-3,-1
1,-1,-29,1,0,-1,0,1
-1,1,-5,-2,-1,-1,-1,-1
0,4,-31,7,3,3,1,0
-1,-5,27,-5,-6,-2,-1,2
-1,-5,27,-5,-6,-2,-1,2
-1,-6,-86,-5,0,5,0,0
-2,0,7,-3,-3,-4,-1,-1
1,-4,-51,-9,0,0,1,-1
1,3,34,8,2,2,0,0
1,4,-13,-3,-1,7,2,0
0,1,17,0,1,4,-1,-3
0,0,-1,-15,-3,-7,0,-2
1,1,-18,-5,-3,0,1,-2
-3,-1,9,10,0,0,-2,0
-2,-2,23,3,-2,3,-2,-1
0,-2,-3,0,-4,-2,1,-1
-3,-5,-39,4,-2,-2,-2,1
-1,-3,40,3,2,-2,0,0
-1,-3,40,3,2,-2,0,0
4,7,-22,6,1,0,-2,1
-2,-2,4,-12,-1,0,1,-1
-1,-3,26,0,-2,-4,-3,-2
-1,1,12,3,0,4,1,-2
-1,1,12,3,0,4,1,-2
1,-2,-24,-3,2,-2,-1,1
-2,0,78,6,0,0,-1,-2
-1,-1,14,-5,-1,-4,-1,0
-1,-3,-20,0,-3,7,0,-1
0,-2,-38,1,-2,-5,-1,-1
-1,-3,14,1,0,1,-2,-1
-2,0,37,-2,0,-3,0,0
-2,-3,20,3,-2,-1,-2,-1
-1,-2,-6,-3,-1,-4,0,0
0,-1,-10,2,2,-2,-2,0
0,-5,-38,-3,-1,1,1,-1
-1,0,44,-2,-1,-2,-1,0
-1,-3,-12,2,1,1,2,0
-2,-2,5,8,1,2,-2,0
0,0,-35,-4,-1,-3,-1,0
-1,-7,-85,-16,-3,-3,-1,1
1,1,-4,1,-4,2,0,1
1,1,-4,1,-4,2,0,1
1,3,23,-6,1,-2,1,-1
-2,-1,-12,-2,-4,0,-2,1
0,-5,-73,-11,-2,-1,0,0
-3,-3,-31,5,-3,-3,-2,-3
2,4,-31,-2,0,-3,-1,-1
-1,0,7,0,0,-1,0,1
-1,-3,-8,3,-2,0,-1,0
-1,-2,44,-4,-1,-2,0,0
0,-3,-6,-6,0,0,-1,-1
-6,-5,11,-5,-5,1,-2,-3
-6,-5,11,-5,-5,1,-2,-3
-1,-1,-4,0,0,-2,-1,0
1,-1,-73,4,2,-1,1,0
0,1,19,7,1,-3,1,0
1,0,-18,5,1,1,1,-1
0,0,4,4,-2,0,0,-1
-2,-8,-35,-10,-3,2,0,2
1,2,-9,-2,-3,1,-2,0
-1,-3,64,4,-2,1,-1,-1
-3,-2,36,-2,-3,-1,-2,-1
1,5,51,8,2,1,-2,0
0,3,20,-1,-1,-3,-1,0
-1,-5,-7,-5,-4,-2,-2,-2
-1,-5,-7,-5,-4,-2,-2,-2
-1,-1,18,4,0,-1,-1,0
-1,-1,18,4,0,-1,-1,0
3,2,-74,-5,-2,-2,-2,1
-3,-1,4,-3,-3,-3,0,-1
1,2,32,-2,-1,3,0,-1
0,0,-7,2,1,2,0,-1
0,2,-6,3,0,0,0,0
-2,-3,-1,-3,0,2,-1,-1
-3,1,5,4,-1,0,-3,-2
-2,-7,-57,5,-2,-3,-1,-3
0,-2,34,-7,-1,0,1,0
1,3,-15,-6,-1,1,0,-1
1,-1,4,2,-2,-2,-1,-2
1,3,23,-1,0,-1,0,1
-1,-4,-14,-6,0,-2,-2,0
-1,2,34,1,0,1,-2,-2
1,-2,-40,-3,2,2,0,1
3,3,-8,3,1,0,1,1
-1,-2,-6,-6,-1,0,-1,-2
-3,-1,71,4,-2,-6,-2,0
0,0,-91,1,0,-3,0,-1
-1,0,16,-2,0,1,0,0
-1,-5,-44,0,1,-2,0,-1
0,-4,-3,3,1,1,-1,-1
-1,-2,8,-9,-1,1,-1,-1
-2,-2,22,-2,-1,-1,-1,0
-1,2,-8,-4,-1,0,1,0
-2,-4,14,-10,-1,0,-2,-2
-3,-4,-39,-1,-4,-3,-1,-1
-1,-2,24,1,-1,-1,1,0
-3,-6,-3,2,1,0,-1,-1
0,3,6,0,1,-2,-2,-1
0,-2,16,6,1,0,-1,0
-1,2,12,-1,0,-1,-1,0
2,3,9,2,1,0,-1,-1
-1,0,-13,-4,-3,-1,0,-2
-1,2,38,3,-5,0,-1,-1
-1,2,38,3,-5,0,-1,-1
-1,-3,26,4,-2,-3,1,-1
-1,0,7,1,0,-1,-2,-1
2,3,-48,2,1,0,-2,2
-1,-3,-23,-6,-2,-1,-2,-1
-2,-1,-3,-5,-1,-1,0,0
0,4,72,-1,0,-3,-1,-3
0,4,72,-1,0,-3,-1,-3
-1,-6,-19,-9,-4,-1,-3,0
-2,-5,-99,-1,-1,0,0,0
-2,-3,-19,0,-3,1,-1,-1
-2,-1,-13,1,0,0,1,-1
-1,-2,21,0,0,2,-2,0
2,1,-6,-1,0,-1,-2,-1
-3,-3,7,1,1,-1,-1,-2
0,0,48,9,1,-1,-1,-2
1,2,20,2,0,-3,0,0
1,2,20,2,0,-3,0,0
0,0,-28,-1,-3,0,-1,1
-3,-7,-30,4,-1,-1,0,-1
-2,-1,15,0,2,0,0,-2
-1,-1,-5,-3,-1,-1,-1,-2
-2,-2,66,8,1,0,0,-1
-1,-3,6,1,-1,0,-2,0
-2,-2,-12,-6,-3,-3,-1,-1
0,2,13,2,1,-1,-2,-2
0,2,13,2,1,-1,-2,-2
-2,0,-15,-3,-4,0,0,-1
1,-1,-18,-3,-1,-3,-2,0
-1,-2,-8,0,0,-3,0,-1
1,1,-7,-4,-3,1,-1,-1
0,-2,-47,-2,-2,0,0,-1
-2,-4,7,1,-1,0,-2,-1
-1,-2,-24,0,0,0,-1,-1
1,7,81,1,0,-1,0,0
-1,-1,12,-6,-3,-2,-3,-1
-3,-2,-34,-9,-1,-2,-5,-2
-1,-2,66,5,1,2,0,-1
-2,-2,12,3,-1,-3,0,-1
-2,-1,9,-1,-1,-2,2,0
1,0,-54,-2,-2,-1,0,-1
1,0,8,-1,-2,0,0,-1
1,0,8,-1,-2,0,0,-1
-2,-4,-41,-2,-2,-1,-1,1
-1,-4,-5,-4,1,1,-2,0
-3,0,26,0,0,-2,-1,-3
0,0,-39,-1,-1,1,-1,-1
0,0,-39,-1,-1,1,-1,-1
-1,-1,-7,-4,1,2,0,-1
1,3,-18,-3,0,-2,-1,1
-4,-6,-17,-5,-3,-3,-2,-1
-2,-2,11,2,-1,1,-2,-2
1,4,74,6,0,0,0,-2
1,4,74,6,0,0,0,-2
-1,0,-18,-10,-1,0,0,0
-1,-3,-15,0,-3,-1,0,0
-2,-1,-12,-2,-2,0,-1,-2
1,3,10,-3,-1,-2,1,0
-2,-1,50,2,0,0,-3,-2
-1,-3,-32,1,0,-2,0,0
0,0,-28,7,1,-1,-1,1
-3,-2,-19,-9,-5,-3,-2,-1
-2,-1,-109,-1,0,-1,-1,-2
1,0,2,4,2,2,0,1
-1,0,-13,-10,-2,-1,-1,-1
0,-2,56,3,0,2,-1,-2
0,-2,56,3,0,2,-1,-2
-1,-3,-3,-5,-1,1,-2,-2
-1,-4,-28,5,-1,-4,-2,-1
3,1,-34,-5,-2,-2,1,0
0,0,10,-3,0,-2,-1,0
0,0,-77,9,3,2,1,-3
-1,0,29,4,-1,-3,-1,-1
-2,1,29,6,0,-1,-1,-1
0,-1,6,3,0,2,-2,1
-3,1,98,2,-2,-2,-2,-3
-1,-2,7,-5,-1,-1,-2,-1
-1,-2,-26,8,0,-3,-2,-2
0,0,-4,-1,0,-3,-2,-1
0,1,-75,-2,0,0,-2,-1
0,1,-25,-2,0,0,1,1
-2,-1,93,7,0,-1,-2,-1
0,1,-39,-1,1,-1,-1,-2
0,1,-39,-1,1,-1,-1,-2
1,-1,-40,-6,-1,1,0,-1
-1,-3,-11,-4,-1,-3,1,-2
-1,-4,-18,3,0,1,-1,-2
-2,-2,4,-4,0,-1,0,-1
-3,-3,-28,2,-2,-1,-2,0
-1,-3,-8,-6,-3,-1,-2,-2
-1,-3,-8,-6,-3,-1,-2,-2
0,0,-10,1,-1,-1,0,-1
0,1,7,2,1,-1,-1,-1
-3,-2,-14,1,-2,-1,-1,0
0,0,16,-1,0,-4,-2,-2
0,0,16,-1,0,-4,-2,-2
0,2,-4,-5,1,0,-1,-1
0,-2,15,3,-2,-1,-2,-1
-3,-2,-5,-7,-2,-1,-1,-1
-3,-2,-5,-7,-2,-1,-1,-1
-1,-2,-6,-7,10,4,0,0
0,3,9,61,-6,1,-1,-2
-2,-1,23,-23,1,-1,-1,0
-3,-2,-18,9,-17,-3,-2,-4
-3,-10,-16,-7,-7,-4,-2,-1
-5,-3,-4,-8,5,1,-3,-4
2,-23,-34,-11,-3,-1,1,2
0,-14,-62,10,10,1,-3,-4
9,8,1,3,1,2,2,3
-4,-9,-104,-24,-6,-2,-2,1
7,17,34,14,9,2,5,4
-9,-9,-7,-59,-2,-3,-2,1
-36,-5,18,-15,1,0,-8,-14
39,19,10,1,1,2,26,13
104,63,-16,-24,-4,1,19,10
-53,-20,9,-34,-7,-8,-7,-24
-27,-75,-13,-20,7,-6,-21,-14
105,55,13,-8,1,0,56,17
-98,-124,-17,-21,13,7,-60,-60
89,42,-6,-34,-29,6,32,44
94,33,-35,-100,12,1,-18,6
-79,-65,49,-65,-1,3,-21,-19
-70,31,-4,92,9,-11,-55,-26
65,22,-7,2,2,-16,-62,-41
-7,38,34,32,68,17,-6,25
96,48,25,-62,-18,16,-45,26
-65,-26,-41,-128,-85,-6,46,4
38,-20,-38,-69,-55,-10,-89,-29
70,58,10,24,3,-19,109,16
-46,6,51,127,25,57,-35,33
-10,-78,12,20,30,-33,73,35
-10,-78,12,20,30,-33,73,35
77,61,31,51,23,11,17,67
-34,-11,-31,-110,-52,-25,16,-35
-29,30,-33,24,-33,13,-83,-34
-57,2,32,39,31,-29,-12,35
-89,6,-23,-64,-52,40,-62,-2
-89,11,22,71,109,15,127,41
-69,-60,-57,-126,-116,-12,-2,-77
40,-83,-28,-31,11,18,127,-73
4,-56,-75,-114,-72,-56,-128,-38
127,127,44,69,-7,16,99,52
-119,-55,11,45,101,-14,-23,-91
-128,-67,-43,2,-36,-9,90,-81
-70,-52,82,116,119,17,90,6
-16,41,3,51,-50,-34,108,92
8,-44,-35,-48,-42,52,-88,-33
-66,-14,-25,37,3,-8,45,-14
127,83,93,55,119,62,-128,113
127,83,93,55,119,62,-128,113
-66,-20,6,27,-13,0,-122,71
19,17,-24,-102,-39,-5,-101,-5
-39,-30,-14,-128,-7,-3,-60,33
57,-22,-6,24,-61,-52,-23,-26
57,-22,-6,24,-61,-52,-23,-26
41,10,0,34,-11,-2,-55,0
-37,-15,10,-13,10,13,38,5
16,24,-33,-9,26,8,42,-5
2,-8,95,27,29,24,67,11
2,-24,113,24,0,-49,23,26
2,-24,113,24,0,-49,23,26
-9,64,63,4,0,-16,7,25
-7,8,-80,-17,7,12,7,-12
33,112,-120,0,3,-3,11,-8
-22,-21,51,-3,-2,-2,13,12
15,18,5,46,3,-2,3,-34
-5,-8,13,-9,2,-4,-8,-12
9,23,20,2,3,6,3,9
-1,-7,-57,-41,0,8,6,-1
-6,-8,-38,-6,11,9,5,6
-12,-3,56,-3,-11,3,2,3
2,-2,-90,-21,-5,1,2,5
2,-2,-90,-21,-5,1,2,5
-4,-18,-128,-39,-6,2,0,-2
0,0,51,17,0,-1,2,0
-2,2,-22,-3,-3,-5,0,1
4,15,100,19,3,5,4,2
0,-2,69,-10,-1,-5,0,-1
1,-2,-89,-20,-1,2,-1,-1
1,-2,-89,-20,-1,2,-1,-1
-1,0,64,6,-1,-1,-2,-1
-1,-9,12,-8,-2,8,-1,-1
-1,7,-11,-10,-3,-2,0,-2
-4,-13,-32,3,-2,-1,0,0
-1,-6,95,4,-4,-2,-2,-2
-1,-5,-60,-6,-4,-1,-3,-2
0,1,1,7,4,-1,-1,-1
-1,6,48,12,-3,0,0,0
-2,-1,20,11,2,-2,-2,-3
0,-5,-94,-7,-4,-2,-1,0
0,-5,-94,-7,-4,-2,-1,0
2,-1,49,24,2,-6,0,2
-2,-2,1,6,0,-3,-2,-1
-1,-2,10,-38,-5,0,0,1
-4,-7,-51,-30,-5,-7,1,-2
2,-1,-86,-16,-2,-3,-1,0
-3,-7,14,-6,-3,-1,-3,-2
0,-2,-14,11,4,-2,0,-1
0,1,10,6,4,1,1,0
3,1,72,8,2,7,3,1
0,0,22,-8,-3,-2,-3,0
0,0,22,-8,-3,-2,-3,0
0,-2,-43,-3,-1,-1,4,0
-4,-6,-81,-23,-7,-4,-7,-5
0,-4,4,-2,-2,-6,-2,0
1,16,65,12,4,-1,-2,-2
-3,-9,-29,-16,-4,-1,-1,0
1,1,-68,10,0,-1,3,1
1,1,-68,10,0,-1,3,1
-1,3,89,7,0,-2,-1,0
1,4,-30,-1,1,1,2,1
1,1,-21,4,1,0,0,0
0,2,62,12,1,-1,-1,-2
0,-2,-24,-1,1,1,-2,1
-4,-6,-28,1,0,-5,-3,-1
0,1,-17,-5,2,0,-2,-1
-2,-1,-54,2,2,1,-1,0
1,6,-8,16,1,2,-2,0
-2,-5,-9,-7,-1,0,0,0
-1,-2,-24,16,3,12,3,-1
-2,-2,8,-2,-2,-2,-1,0
-4,-2,7,2,-1,-1,0,-1
-4,-2,7,2,-1,-1,0,-1
-1,0,44,-5,-2,-5,-1,-1
-2,-1,6,9,-1,-1,-2,-1
0,-2,-6,2,1,-2,0,-1
-6,-11,-105,-12,-2,-3,0,-2
0,0,46,11,-3,-2,-4,-1
1,1,-15,2,2,-2,0,0
-1,-2,-67,-11,-4,2,0,-3
-1,-3,-69,-5,0,0,0,1
4,2,11,-13,-2,-5,-3,-1
3,4,57,10,-1,2,-3,0
-2,-1,-12,3,0,-1,0,-1
-4,-4,16,9,0,1,-2,-3
-2,1,54,2,1,0,-1,-1
1,3,18,2,0,-2,-1,0
0,-1,-30,-9,-1,-1,0,0
-2,-3,-9,-7,-4,-3,-2,-2
-1,-2,28,-4,-3,-2,-2,0
-5,-5,-9,5,-5,-5,-1,-3
-5,-5,-9,5,-5,-5,-1,-3
1,-1,-56,0,1,0,3,1
1,2,21,4,0,2,1,0
-2,-3,-7,-5,-2,0,-1,-2
-2,-3,-7,-5,-2,0,-1,-2
-2,-4,-8,-7,3,0,0,1
-1,1,18,-1,-2,-1,-1,-2
0,-6,-59,-10,-1,-3,-1,-1
-1,3,11,2,0,-2,-1,-2
-1,0,37,-6,-2,3,-2,-1
2,2,32,-1,0,1,1,2
2,2,32,-1,0,1,1,2
-2,-4,-27,-6,-2,-2,0,-1
-1,-2,7,2,-1,-2,8,1
0,1,29,13,2,1,-7,-3
-1,0,-9,-6,-3,0,-3,0
2,-3,-58,-7,0,1,3,0
1,2,84,-3,0,2,0,0
2,3,25,2,-2,1,1,-1
-1,-3,-3,-3,-1,0,0,1
-2,-3,9,1,-1,-1,-2,0
0,-4,3,3,1,-1,0,0
0,1,-23,-6,-2,2,-1,-1
-3,1,-20,0,-1,0,0,-1
-3,1,-5,1,1,-2,-3,0
0,-3,13,2,0,0,0,-2
-4,-6,-2,-4,-1,-1,-1,1
-1,0,-16,0,1,-2,-1,0
1,-1,-12,-5,-2,-1,-1,-1
0,-2,8,5,-1,-2,-2,1
-1,2,33,-5,-3,-1,-2,-2
-2,0,-2,6,1,-2,-1,-2
-2,-7,-44,-4,-1,1,-1,0
-1,1,11,-6,-1,0,0,-1
0,-1,-1,-8,-1,-3,0,1
1,0,34,4,1,-3,-1,1
0,-1,-18,-2,-1,0,0,-2
-1,0,12,2,0,-2,1,-1
1,-1,-38,2,-1,1,-2,1
-2,-1,-49,-4,-4,0,-1,-1
-1,1,5,-3,-1,-1,-2,-1
0,1,-11,1,-4,-1,0,0
0,-2,-2,-1,0,1,-1,-1
-2,0,31,5,-1,-3,0,-2
0,0,7,-2,3,1,-1,-1
0,0,-2,-1,0,0,-2,-1
-1,-3,-6,-2,0,-2,-2,-3
-1,-1,-7,2,-1,0,-1,0
-4,-4,32,11,-2,-3,-2,0
0,-1,18,-5,-2,-3,-2,0
1,4,-9,-6,-1,-2,-1,-2
1,-1,14,-9,0,0,0,1
1,0,19,0,0,-1,2,-2
1,1,-19,-3,0,0,1,0
-1,-4,18,2,-2,-1,-1,-2
-1,-4,-22,-8,-1,-3,-1,0
-1,0,-5,5,-1,-2,-1,-1
-2,-3,-13,0,0,1,-2,-1
-2,-3,-13,0,0,1,-2,-1
-1,0,-3,2,4,0,-2,-1
-3,-2,-8,-52,-9,0,-2,-2
-1,3,1,35,7,-1,2,1
-1,-3,0,-4,-4,0,1,0
-1,-3,0,-4,-4,0,1,0
-5,-9,1,56,16,1,-1,-2
-5,-9,1,56,16,1,-1,-2
-3,-7,31,11,9,2,7,-3
-21,-18,-36,14,-5,-2,-5,-7
-36,7,15,-35,-12,-1,-15,-6
-80,-3,20,8,5,-2,19,-9
0,25,26,0,0,1,-1,-1
48,2,-66,-56,-13,-5,-4,29
46,4,46,12,2,0,19,-5
7,-4,-29,-9,-2,2,4,5
-15,-15,-4,4,1,-8,-6,11
-15,-15,-4,4,1,-8,-6,11
40,-49,-13,-26,-11,4,20,-10
-81,-36,3,-14,-4,-2,-59,-41
-6,4,4,-33,-8,6,7,-14
36,24,12,51,37,11,-16,9
86,-51,-15,24,0,4,44,18
79,4,-20,12,19,0,33,10
3,24,9,-37,-11,-14,49,2
-22,-2,0,-24,-14,4,-27,34
-124,-20,-3,100,38,10,-82,11
-124,-20,-3,100,38,10,-82,11
127,42,-27,-49,-24,-19,-104,14
10,22,21,-49,-31,-13,0,31
67,-7,0,-19,-21,-2,-128,-28
-25,-18,39,116,40,12,-54,11
-115,-102,5,13,1,-37,-42,-46
94,105,11,9,-4,-10,36,30
94,105,11,9,-4,-10,36,30
58,45,16,-22,89,21,127,77
-128,-54,-5,-91,-84,8,-106,-72
-80,-98,10,95,40,16,-86,-29
-77,-6,-24,-113,-70,-2,-35,-39
127,78,4,-77,-93,-30,97,53
-59,-38,-28,-69,3,-11,15,-60
9,94,-9,-89,36,-29,-68,22
18,12,5,-103,-28,-6,-95,-25
-7,18,-2,20,22,89,-43,-85
-7,18,-2,20,22,89,-43,-85
-58,4,-50,-36,-45,52,79,-13
14,102,48,-7,1,12,-9,38
-25,-124,-34,-30,-94,-17,-91,-76
-68,-104,-60,-24,25,-12,-128,-38
-68,-104,-60,-24,25,-12,-128,-38
98,31,31,1,10,-22,110,57
-58,-26,-44,-60,-14,-15,-34,-29
92,61,18,127,26,-77,45,28
-100,-41,7,-77,-18,4,127,-3
116,30,114,120,127,33,120,72
-51,5,-36,-116,-41,32,48,-30
-51,5,-36,-116,-41,32,48,-30
-128,-80,-39,-112,-62,-24,-128,-100
-58,24,-24,-77,16,-17,-76,-1
24,12,-5,-14,20,23,-128,-4
127,127,63,70,80,4,95,95
45,49,60,78,-1,-25,-128,-11
-54,-78,-54,-80,-13,23,-60,-55
-54,-78,-54,-80,-13,23,-60,-55
-19,-59,25,25,-34,-1,-43,13
50,-1,11,41,6,4,83,46
-14,-6,-42,-13,-49,-24,35,13
15,-9,2,100,25,-3,42,26
6,1,-26,-43,-22,0,28,-3
-12,59,-73,-5,-13,-25,15,-30
2,8,1,-9,-12,-20,-15,6
8,6,127,12,-5,21,16,26
8,6,127,12,-5,21,16,26
-8,1,-83,-6,7,1,8,-2
-1,25,-26,-5,-5,8,-2,15
-1,25,-26,-5,-5,8,-2,15
-7,-7,-4,-23,5,8,1,5
-1,-11,-100,-4,-3,8,10,16
-3,1,23,23,0,5,2,-1
1,-3,65,12,12,6,1,6
3,0,73,17,-5,0,-2,4
1,5,74,-1,-1,-1,-1,0
2,-2,-54,16,5,21,9,0
0,-2,-102,-36,-4,9,2,0
-4,6,18,-35,-7,3,0,5
-5,-8,-61,-2,-5,-6,-3,0
1,-2,39,13,2,-1,-3,0
1,-4,47,-4,1,9,5,0
-4,-21,32,-9,2,-1,-1,-2
-1,-2,-44,-8,-4,-4,-2,-1
-2,5,109,38,8,-4,-1,-3
1,2,-27,-9,-1,-4,-1,-1
-1,6,83,44,1,-1,-1,-3
-2,-5,-28,16,3,2,1,2
-2,-5,-28,16,3,2,1,2
-2,-2,-7,-23,-7,-1,-2,-1
-1,-5,3,-11,0,0,0,-3
3,14,-9,21,6,1,-2,1
1,14,-69,-19,-2,-1,-3,-1
0,-4,-72,3,-4,0,0,0
0,-5,27,-29,1,2,0,0
0,1,-48,8,-1,-2,-2,-2
-2,-3,28,7,2,-2,0,2
0,1,43,-2,1,4,4,0
-3,0,4,-10,-7,-2,-4,-4
-3,0,4,-10,-7,-2,-4,-4
-2,-7,-4,9,-2,5,-1,-1
1,-2,29,8,-1,-1,4,2
-2,1,-15,-10,0,-6,-2,-2
-2,-10,-23,9,-2,-2,-2,-4
-1,-4,2,-7,0,-4,-3,-1
2,7,95,13,0,0,-1,0
-5,-3,1,23,1,-5,-3,-2
-1,-4,-11,-8,-1,-1,0,-2
1,2,-15,10,-2,5,1,0
-1,1,24,1,-1,0,0,1
-1,1,24,1,-1,0,0,1
0,-3,-50,-14,-3,-2,-3,-1
-1,-5,-92,-16,-3,-1,1,-1
3,7,63,3,1,-1,-1,0
0,0,-27,7,1,-1,-1,0
0,0,-27,7,1,-1,-1,0
1,0,26,-1,-2,-2,1,0
-1,0,46,-5,0,-1,0,1
-2,1,3,3,-1,-2,-1,-2
-2,-3,-22,0,0,-1,0,-3
1,-4,4,-2,-2,0,-1,0
0,-1,16,4,1,-2,-1,0
-3,-4,-22,-7,-2,-1,0,0
-1,-1,9,6,-1,-1,-1,2
2,0,28,6,1,-2,1,-1
-1,2,-5,-7,-1,-3,-1,-1
0,2,5,3,1,0,-2,0
1,-3,-49,-8,0,3,-1,-1
-4,-3,-8,-6,-2,-1,-1,-2
0,3,12,-6,-2,-1,-2,-2
0,3,9,-1,0,0,-1,1
-2,-3,31,0,-2,0,1,-1
-2,-2,4,6,0,1,-1,-2
-1,-3,-15,2,-1,0,0,-1
0,2,-16,3,2,1,-1,-1
2,0,39,-2,-4,-1,-2,-1
-2,-3,-22,-9,0,-2,0,0
0,2,31,1,-2,-2,-1,-1
-3,-2,23,12,0,-2,-1,-1
-1,1,5,-3,-1,1,1,0
1,2,16,1,-2,-1,1,0
-1,-4,-22,-3,-1,0,-2,-2
1,0,10,-1,-1,-2,-1,-1
-1,-1,-19,-4,-2,-1,-1,0
-1,-1,-15,8,0,0,-1,-1
-1,-5,-69,-18,-1,-1,-1,-3
-1,-5,-69,-18,-1,-1,-1,-3
-2,-3,7,1,0,-1,-1,1
-1,-1,4,-2,-1,-1,-1,-4
0,-1,-14,-5,-2,0,0,-1
0,-1,-14,-5,-2,0,0,-1
-1,6,52,16,2,1,0,0
-1,-2,-28,-7,-2,-3,0,-1
-2,2,9,0,-2,0,0,0
-1,-4,-51,-19,-4,1,-1,0
-1,-4,-51,-19,-4,1,-1,0
-1,-2,-6,-13,0,-2,1,1
2,2,-1,-3,3,0,-1,0
1,-1,-4,-4,1,-2,-2,-1
-2,0,17,2,-1,1,-1,2
-2,0,17,2,-1,1,-1,2
-1,-3,-35,-3,0,-1,0,-1
-1,-2,-17,5,-3,-3,-2,-2
1,1,-13,9,1,0,-1,-1
-1,-1,10,-4,-2,-1,-2,-1
-1,-1,10,-4,-2,-1,-2,-1
-2,-4,9,-6,-5,0,-1,-2
-1,-5,4,2,-2,1,3,0
-2,-1,-59,-7,-2,1,-1,-1
0,3,12,1,-2,-3,-2,-1
-1,1,63,11,-1,-1,-2,-1
-2,-3,-26,-3,1,-2,-1,-1
-2,-3,-26,-3,1,-2,-1,-1
-3,-5,4,5,0,-2,-2,-2
0,0,-14,-1,1,1,-1,0
-3,0,36,4,2,-2,0,-1
0,-5,-72,-7,-3,-3,-2,0
-2,-3,21,1,-2,-2,-2,-2
0,2,-25,-5,-2,1,0,-1
0,2,-25,-5,-2,1,0,-1
-1,0,-3,-3,1,-2,-1,0
1,-1,-56,4,-3,0,0,0
0,2,42,2,1,0,-2,-2
-1,-1,2,-2,-2,1,1,-1
-1,-1,2,-2,-2,1,1,-1
-2,-4,-22,-5,-3,0,1,-1
-1,-4,-42,-6,1,0,0,1
0,1,44,2,-1,-1,-1,-2
-1,-1,-7,5,-1,-1,-3,-1
-1,-1,-7,5,-1,-1,-3,-1
2,5,40,-5,0,0,0,-1
-1,-1,8,-24,-7,2,-1,-1
-3,0,-1,28,1,-2,-2,-3
5,-14,18,-74,-10,-2,0,3
-3,-3,-2,11,3,0,-2,-3
-2,-8,-24,11,-2,-3,2,-1
0,9,-2,-12,-4,-3,-2,-2
0,9,-2,-12,-4,-3,-2,-2
-3,-3,15,12,-1,-3,-3,0
9,10,15,57,-4,6,4,3
-1,10,-16,6,5,-2,38,-3
-34,0,-25,-18,2,-4,-15,-12
-9,21,10,-7,1,-8,-9,-4
-42,-23,16,15,3,1,-15,-21
-5,-7,4,6,5,12,-5,7
17,11,53,11,2,-5,0,2
-50,-31,3,4,-2,-8,4,92
-57,-27,9,28,7,4,-8,-48
30,42,73,-7,-7,-5,-8,-25
127,35,-19,3,-4,-1,55,22
32,-47,-50,-88,-40,-8,35,-16
-88,6,-28,11,33,13,-53,0
127,127,28,76,42,12,74,57
-74,-41,18,-28,-12,-7,-6,-14
-53,-26,-48,31,-14,-10,-82,-44
-84,5,-15,-115,-23,2,119,-55
-84,5,-15,-115,-23,2,119,-55
59,12,16,28,-41,-2,-75,39
-51,-39,28,87,39,-1,-56,43
-83,-59,3,16,53,-9,1,-2
-23,23,-5,-81,-20,4,79,6
123,113,45,42,33,3,110,61
85,-35,-18,-38,30,-6,-84,-6
-42,2,0,-11,39,-42,-22,14
-39,-10,-3,32,10,28,22,-40
-4,-1,-31,29,-40,3,10,-16
-63,100,13,90,48,-5,-60,-23
19,32,-11,-128,-49,2,-18,-23
-105,-68,28,127,87,-34,123,-7
-12,-128,-11,6,-21,4,127,26
-12,-128,-11,6,-21,4,127,26
-66,-42,-16,-70,-9,15,-49,-79
19,63,-9,-5,-33,3,-128,-12
95,35,-12,-1,-9,21,-58,2
-54,24,-3,-53,-15,14,108,53
17,42,3,-46,2,26,80,-29
-3,8,-4,-9,-12,30,-93,-22
4,-32,-42,21,-53,6,76,-37
10,24,6,-85,-46,-22,-14,6
-96,-32,19,82,62,-27,75,2
28,9,17,115,31,-7,-52,26
-87,-83,-4,-128,-65,-21,91,47
20,127,4,38,34,-10,73,8
-27,-80,-12,21,46,-9,33,-30
-60,-46,-11,24,-25,15,-128,-47
-27,-49,36,107,24,25,-111,32
127,93,29,5,6,-18,34,96
127,93,29,5,6,-18,34,96
-40,-7,-32,-111,-20,2,-22,-54
6,-29,-5,3,-15,-11,-76,-19
-49,-44,-28,-125,-72,-1,-128,-80
-49,-44,-28,-125,-72,-1,-128,-80
-23,-40,-17,-14,-36,7,-21,-20
-18,16,-2,29,-7,-11,36,-6
-52,-19,-1,-17,73,-21,127,49
15,15,16,-29,3,6,105,15
79,40,32,32,46,-2,58,58
-2,-28,31,23,-25,-5,23,17
-81,-108,-62,-74,-74,-1,-94,-81
81,95,24,52,5,-2,45,45
-33,-105,-28,-16,42,-38,81,18
21,35,-1,-8,9,4,-95,6
70,25,3,-19,2,12,97,15
19,-39,-7,-5,-7,3,6,8
67,66,-6,-13,14,6,2,30
13,12,-38,-33,-4,-4,16,-6
4,-21,-36,19,14,6,8,10
4,-21,-36,19,14,6,8,10
-15,-1,47,-4,8,11,10,11
-22,-18,-41,-28,-3,35,3,-11
-16,-12,-47,-14,-7,-37,5,83
-15,40,56,-13,-12,-11,4,26
4,-6,83,-19,2,-12,-2,-15
8,4,127,95,8,6,2,-41
0,-11,5,34,-1,-14,-4,-32
0,-11,5,34,-1,-14,-4,-32
4,-2,-21,-7,-8,8,-1,-2
1,1,31,-20,-5,-3,1,-4
-2,-7,-12,14,-1,0,3,3
-6,-13,-24,-12,15,2,0,0
0,7,70,7,21,-9,-6,-6
2,8,54,42,4,3,3,-4
-8,-8,-91,-34,-2,2,-1,-7
-5,-15,-9,-20,-15,-2,-3,-3
6,16,105,7,-1,-7,-1,2
-4,-7,33,-13,-2,-10,2,-2
-2,-3,-101,13,6,-1,-2,-3
2,-4,-18,-5,-5,4,0,-1
0,6,-39,10,0,-4,-2,-3
-2,8,90,9,0,-2,-3,-3
-2,4,-71,-14,-4,11,0,0
0,-11,-46,-3,-3,-3,-1,0
-3,-11,-49,-16,-4,-4,-1,-5
1,0,-69,-10,1,1,-1,-1
-2,-5,-32,20,6,8,-3,1
-5,-10,-44,-13,-2,-1,0,1
-1,4,29,9,0,-4,-1,-1
2,-13,-85,8,1,4,2,1
1,2,68,-14,-1,-4,-3,-1
0,-2,-8,3,0,-7,1,0
0,-2,-8,3,0,-7,1,0
0,4,68,0,-3,-4,-1,-3
0,-1,-1,-5,-3,-3,-1,0
1,6,81,-12,3,0,-1,0
1,5,-48,31,3,6,-1,-1
1,5,-48,31,3,6,-1,-1
-2,-4,-22,-46,-4,2,1,0
0,1,-5,9,-1,-3,-1,-1
-1,1,1,6,0,-3,-3,-3
0,0,-9,1,0,1,1,2
0,1,-17,15,2,3,0,-1
-2,-4,-55,2,-1,0,-1,0
-2,1,-2,-15,-2,-1,0,-4
-2,0,-24,-7,-3,-1,-2,0
-2,-7,-9,-1,0,0,0,0
-1,-1,35,0,-2,-2,0,-2
1,0,10,5,0,-5,-2,-1
1,0,10,5,0,-5,-2,-1
0,4,42,32,3,-1,-1,-4
1,4,34,-9,-3,-4,-2,-2
-2,-2,62,13,3,-2,-1,2
-1,-3,-55,-23,-6,1,-1,-2
-1,-2,31,4,0,-5,-3,-2
-1,-1,33,-3,-4,-9,0,-6
-3,3,36,-6,0,-2,-1,0
0,-3,-25,-10,-5,2,1,1
1,3,13,5,-1,1,-1,1
-1,-1,-15,-4,-2,-2,-1,-2
-2,1,30,2,-1,-2,-1,-1
0,0,6,0,2,-2,0,-1
0,0,6,0,2,-2,0,-1
0,0,6,3,-1,-1,0,0
-2,-2,26,0,-2,0,-1,-1
-2,-1,-37,-4,-3,0,-1,0
0,0,11,-4,-1,0,1,-1
-1,-1,11,-2,-1,0,-1,-2
-2,-1,-44,0,1,0,-1,-2
1,0,-11,-2,0,-1,-2,-1
-1,-1,-2,-3,-2,-2,1,1
-1,-1,1,0,-1,-1,-2,-1
-2,0,10,-3,0,0,-1,-2
-2,-5,-5,-2,-3,-2,-2,-2
-2,-5,-5,-2,-3,-2,-2,-2
-2,-3,-3,4,-2,-1,0,-2
-1,1,3,2,3,-1,-1,-1
0,1,10,-5,-3,-1,-1,-1
0,1,10,-5,-3,-1,-1,-1
-1,-1,22,-9,-2,-1,-2,0
-1,-1,22,-9,-2,-1,-2,0
-2,-3,4,3,0,-1,-1,-2
-1,1,-18,4,-2,0,0,1
-1,0,-12,-5,-1,2,-1,0
0,-2,-6,1,0,-2,0,-1
0,-2,-6,1,0,-2,0,-1
0,-2,-10,-5,-2,1,-1,-2
2,3,-9,7,1,1,1,-1
-1,-2,1,-3,2,2,1,0
-1,0,-5,1,-2,-1,0,1
-2,-4,-31,4,1,-4,-1,-1
-2,-4,-31,4,1,-4,-1,-1
-1,-1,-20,2,-1,1,-2,-3
-1,-2,56,2,-4,-4,-3,-1
-1,1,14,-4,-1,1,-1,-2
0,-1,-6,-1,0,-3,-1,0
0,-1,-6,-1,0,-3,-1,0
0,-1,-4,-2,1,0,-2,0
1,-1,-1,-3,0,-2,-1,-1
-2,1,-13,-4,-4,-1,-1,-1
-1,1,-11,1,-2,-3,-1,-4
0,1,-1,-30,3,1,-1,0
-1,-11,-14,-60,-12,-2,-2,-1
-1,11,11,97,18,7,1,-1
-2,-7,2,-41,-16,-4,-3,-3
1,0,-6,19,4,3,0,0
1,-2,-5,-6,-7,-3,-2,-1
-4,8,-15,-40,-19,-5,-3,-1
2,-8,1,4,-7,1,-1,2
2,-8,1,4,-7,1,-1,2
-5,1,-1,-48,10,2,-3,-6
-14,-2,9,-13,-9,-3,-5,-1
51,6,59,8,2,-4,1,2
59,16,34,16,5,1,-4,5
59,16,34,16,5,1,-4,5
-40,-1,-50,2,3,1,-20,-5
-41,-46,-82,18,7,-1,27,25
5,15,-18,-15,1,3,58,14
83,17,16,6,-14,-9,15,3
59,72,-36,-4,8,1,7,-13
59,72,-36,-4,8,1,7,-13
4,-43,22,-6,-5,4,-52,-1
39,21,3,6,20,-3,-8,13
-4,53,-8,9,-18,0,19,6
-97,-15,39,12,14,12,-12,-31
-97,-15,39,12,14,12,-12,-31
-79,-75,-11,-48,-27,3,7,-67
-79,-75,-11,-48,-27,3,7,-67
-7,9,40,33,2,-8,54,51
61,-18,-30,-67,61,-3,46,27
63,14,15,-14,33,-3,-1,-8
-22,-56,4,-9,-51,-2,12,-11
-22,-56,4,-9,-51,-2,12,-11
1,1,17,3,-22,13,40,15
-102,-112,0,53,71,-14,-49,-62
-100,-63,-50,10,-25,3,-128,-87
67,-50,-33,-111,-30,-42,127,5
-63,-59,-43,-107,-29,4,103,-44
-23,8,18,91,51,1,43,-8
106,91,36,85,83,23,45,92
5,25,-10,-46,-82,-42,-86,30
87,75,13,56,43,37,-116,29
-20,22,-7,-10,14,39,-54,-7
-20,22,-7,-10,14,39,-54,-7
32,-1,-10,-74,-70,-33,121,21
11,-26,-15,-69,-4,-17,-82,-29
-3,53,54,27,-30,-17,21,96
-128,15,-20,-71,-12,-7,116,-19
-19,-88,-16,-48,-10,13,-112,-15
127,123,44,50,25,17,-41,104
127,123,44,50,25,17,-41,104
-108,-84,-57,-105,-33,-6,115,-51
89,16,41,102,64,26,49,57
114,127,11,-87,43,-18,-120,-40
-128,-105,-79,-33,-65,-33,92,-40
-81,-29,56,92,70,-1,43,54
-128,-104,-27,-90,-77,11,30,-70
19,-8,-60,-46,-46,-72,-83,-31
10,63,5,122,-29,-3,117,56
10,63,5,122,-29,-3,117,56
73,110,119,111,40,-71,60,87
73,110,119,111,40,-71,60,87
-68,-90,-37,-115,-12,44,-8,-116
-68,-90,-37,-115,-12,44,-8,-116
-2,-21,-1,-87,-45,-28,5,26
-24,-28,34,67,62,-12,71,23
-24,-28,34,67,62,-12,71,23
73,81,-36,-67,-27,33,-55,-38
-7,2,-2,35,-1,-7,0,11
-29,49,3,-27,-43,-4,-9,-7
35,-9,-39,31,21,-16,-22,14
14,24,12,-38,-14,11,-4,1
14,24,12,-38,-14,11,-4,1
31,11,14,-26,20,58,69,91
-5,-60,65,35,11,-16,-19,22
-15,27,-29,-61,-2,-11,-36,-75
-13,-22,-71,-8,21,7,-10,13
-13,-22,-71,-8,21,7,-10,13
-3,-6,-7,20,-8,-3,-16,42
-3,-6,-7,20,-8,-3,-16,42
-6,-9,-6,7,1,-8,-7,-27
2,2,110,29,-12,3,-6,-13
0,-8,-35,-4,3,0,-7,-12
0,-8,-35,-4,3,0,-7,-12
0,-14,-82,-19,1,-3,-4,-7
2,-7,35,-3,-4,-1,-1,-7
0,14,19,-8,-5,-1,-3,-2
-2,1,28,8,5,-3,-6,-4
0,-3,-41,7,-4,4,-2,-4
-3,0,43,32,3,-5,-3,2
1,-6,-16,25,5,5,-2,0
5,8,-52,-18,-1,0,-1,0
-5,-1,0,-18,0,5,3,0
1,2,26,0,-3,-13,-5,-2
0,-1,-109,-32,-3,3,5,-14
1,4,-23,20,3,1,0,-1
2,9,14,-17,-3,-3,-2,8
-3,-8,-86,11,2,-1,2,-2
-3,1,-4,14,3,-7,-1,0
1,0,-52,11,4,3,-2,2
2,3,70,-7,-3,3,1,6
3,1,102,9,-3,-3,-1,-3
-2,-4,55,7,2,1,0,-16
0,-1,48,-14,-2,3,-3,-3
1,-1,43,20,2,-2,1,4
-3,-7,-24,-22,-6,-3,1,-11
3,5,77,9,0,1,-1,3
-1,-1,9,8,0,4,0,3
2,2,15,-5,-1,-2,-1,5
0,-1,-27,-17,-4,2,0,4
0,3,17,-4,-1,0,0,0
0,-1,-32,9,1,4,1,2
0,-1,-32,9,1,4,1,2
-5,-4,25,8,0,-3,-6,-2
-1,2,19,-6,-3,-2,-1,2
0,-1,4,-1,-1,-2,-1,-1
2,-1,79,-5,-1,-2,-1,0
2,-1,79,-5,-1,-2,-1,0
-2,-2,-25,-7,-1,-1,-1,-1
-3,-5,-46,-2,-4,-5,-3,-4
0,2,-36,-1,0,4,0,-1
0,-5,-5,-4,-2,-1,-1,-2
0,0,40,-2,0,-1,-2,-1
0,0,40,-2,0,-1,-2,-1
0,2,-42,-2,0,2,-1,1
-2,2,18,6,0,-2,-1,-1
2,2,30,6,2,0,1,0
-2,-5,-47,-5,-4,-1,-2,-2
-2,-5,-47,-5,-4,-1,-2,-2
0,-2,2,-1,2,-1,0,-2
-2,-2,14,1,0,-2,-2,-2
-1,-5,-23,-4,0,0,0,-1
0,4,40,0,0,-1,-2,0
-1,-1,-10,0,-2,1,0,-1
-1,-1,-10,0,-2,1,0,-1
0,0,-15,5,1,2,0,-1
-2,-1,3,-1,0,1,1,1
-1,-5,-36,-4,-3,-3,-2,0
0,-1,-6,5,0,-4,-1,-2
0,-1,-6,5,0,-4,-1,-2
-2,-1,20,3,-2,0,0,-2
0,0,45,-2,0,-3,-2,-1
-2,1,-4,1,0,-1,-2,-1
-1,-1,-6,-6,-3,0,1,1
-1,-1,-2,1,-1,-2,0,0
1,1,11,-9,-2,-1,-1,-1
1,-1,-11,-5,0,1,-1,-1
-1,0,-18,0,-1,0,-2,-1
-1,1,4,2,0,1,-1,-1
-2,-1,-25,-3,-1,-1,-1,-2
0,1,11,2,0,-1,-1,-3
0,2,24,5,0,1,-1,-1
1,1,25,-8,-1,-2,-4,0
-1,-4,-33,-3,-2,-3,0,-1
0,-1,41,2,-2,0,-1,-1
-2,-3,21,-7,-2,0,-3,-2
0,1,7,3,1,0,-1,-3
0,1,7,3,1,0,-1,-3
-1,-2,-18,-5,-2,-1,-1,-1
-2,-1,-20,6,-3,-1,0,0
0,-1,-2,-8,2,-1,1,-1
0,2,-5,-27,-6,-1,-2,-1
2,2,3,-13,-9,-2,0,-1
2,6,6,62,53,5,2,1
-3,1,-2,11,12,2,-1,-1
-3,-12,-7,23,-3,-3,-1,-2
1,1,11,59,2,5,0,1
-4,-6,-8,-10,-3,2,-7,-5
-4,5,27,13,13,0,4,4
-4,5,27,13,13,0,4,4
-4,9,-5,-31,-1,-3,-2,-5
30,-5,-8,-12,-7,-1,-2,0
-11,-8,21,-23,1,2,-4,-9
-42,-30,-36,-29,-9,-5,-6,-48
-35,-32,-10,-4,-4,-4,-1,10
-35,-32,-10,-4,-4,-4,-1,10
12,14,-48,-12,-2,1,-32,3
-26,-8,-26,12,1,-7,6,4
22,28,23,4,1,3,-3,-4
67,29,36,-6,2,1,10,12
-12,-43,-41,74,1,-3,61,32
34,16,29,30,1,-5,14,-9
34,16,29,30,1,-5,14,-9
-57,-22,4,-32,-10,-2,106,-3
-27,52,-3,-99,-15,7,-56,-23
85,101,13,20,7,14,-128,-9
46,-8,9,-71,-5,-9,-44,9
72,15,27,35,21,5,34,39
-14,-1,-27,-12,-1,1,-94,5
40,47,10,27,-8,13,28,-16
40,47,10,27,-8,13,28,-16
-39,-70,-22,-21,-11,-6,36,-27
-39,-70,-22,-21,-11,-6,36,-27
-106,35,14,110,34,9,68,0
-13,-61,7,-11,21,-7,-74,33
-51,-1,6,-103,-14,-8,121,4
68,65,14,27,31,11,10,8
68,65,14,27,31,11,10,8
-66,-34,-7,-21,3,-10,-128,-3
32,24,0,-89,-13,-9,114,55
32,24,0,-89,-13,-9,114,55
70,-24,17,29,-28,7,33,75
6,-16,-43,-113,-46,-32,5,-34
127,93,58,107,77,14,-2,59
127,93,58,107,77,14,-2,59
42,5,-15,-51,-73,34,79,-41
-55,-26,12,4,22,-13,20,-71
-74,-69,-22,-21,-4,15,-128,-96
-43,34,-36,-17,-63,13,-128,-55
43,-64,-20,-29,-38,8,127,9
43,-64,-20,-29,-38,8,127,9
7,14,18,88,73,-61,-56,30
-36,46,-15,-95,-70,-82,101,46
-18,-31,-31,-128,-8,10,-1,-27
-104,-119,-52,-77,-86,-85,61,-48
-104,-119,-52,-77,-86,-85,61,-48
62,3,-4,-39,-19,17,-81,24
-109,-85,-36,-65,-78,39,-109,-83
127,127,1,-76,-33,3,-42,49
-19,-29,30,18,83,9,96,24
-101,-40,-19,-26,20,-15,18,-55
-85,-97,-6,127,32,-37,-42,-44
27,25,16,5,10,19,-12,13
-42,-45,-7,-46,-13,-2,-128,-50
21,36,23,77,74,21,-93,-8
-15,32,6,34,6,12,38,-16
-15,32,6,34,6,12,38,-16
-3,-69,3,18,23,5,-80,-5
-17,-61,-6,-12,7,-1,-70,-8
18,29,19,21,9,0,7,22
13,19,41,-5,-7,13,11,11
-18,2,73,3,-2,22,-4,7
1,5,-12,19,-1,8,-6,-11
1,5,-12,19,-1,8,-6,-11
10,-11,-5,-39,-13,-15,8,34
-1,16,-2,-4,-2,-8,0,12
-2,5,23,-53,-1,4,9,9
-2,4,8,13,0,-2,-2,-12
-5,1,-9,40,4,4,-4,-10
-3,-1,38,-1,-6,-3,-2,-1
0,8,-31,24,11,-1,2,-12
0,-6,-87,-7,-3,-4,-2,-8
0,0,59,29,4,-4,3,-6
0,-2,-102,-22,-2,2,0,-1
0,-2,-102,-22,-2,2,0,-1
1,-6,-120,14,7,11,6,3
-3,4,111,-19,0,8,-3,-4
-2,8,127,15,-3,-5,0,-5
2,0,-75,-19,-4,-4,-2,-4
2,0,-75,-19,-4,-4,-2,-4
0,3,-24,3,-3,-1,0,-2
-1,5,-31,-11,-1,-7,-2,-2
3,-6,-113,4,2,7,-1,-6
-3,-5,-59,-1,-4,-3,0,1
-2,0,0,-13,-2,-5,-3,-1
-1,-4,-2,-25,-2,-2,2,0
3,6,49,34,3,-2,2,3
-2,-9,24,4,2,8,3,1
-2,-1,31,17,2,-3,-5,0
8,2,-2,-4,-1,-1,0,-15
-2,-3,-84,-30,2,4,2,-16
-2,0,-15,1,-1,-2,0,2
-2,0,-15,1,-1,-2,0,2
1,15,-18,-5,-2,-5,-2,6
-4,3,67,2,-7,-7,4,9
-7,-7,11,2,1,0,-6,-8
4,6,-3,28,3,-8,-1,4
4,6,-3,28,3,-8,-1,4
-1,-4,-29,-17,-2,13,2,0
7,-4,-46,0,0,-1,-2,-3
0,4,35,-16,-3,-3,-2,-2
-7,-17,-95,-14,-3,-5,-1,-10
-1,3,44,23,2,2,-1,5
-1,3,44,23,2,2,-1,5
0,2,-64,7,1,0,-3,0
-5,-7,-15,-18,-8,-3,3,-1
-5,1,17,11,1,-11,-7,-8
-1,-10,-41,5,-3,-4,-1,-1
-1,-10,-41,5,-3,-4,-1,-1
-2,-4,5,4,-1,0,2,-11
5,-5,29,-2,-5,-1,-1,2
-1,1,17,-1,3,6,-2,2
1,1,12,5,3,-1,7,6
-4,-4,-42,-16,-2,-1,0,-19
-7,-1,-11,-15,-1,-1,2,-5
-7,-1,-11,-15,-1,-1,2,-5
3,-1,32,-9,-1,1,-4,6
1,5,48,-6,-4,-4,-1,1
3,0,34,-12,-1,0,-1,1
-3,-10,-102,-5,-2,1,1,-6
0,-2,-14,8,1,-3,8,2
3,3,52,6,0,3,-3,-2
-5,-3,-1,5,-2,-4,-1,1
0,0,-42,6,1,2,-1,0
-6,-5,11,-23,-3,-7,1,-1
1,-2,-28,1,-2,-4,-4,0
1,-2,-28,1,-2,-4,-4,0
1,4,-14,19,3,1,0,0
-1,1,26,-13,-2,-2,-1,1
-1,2,57,18,3,1,0,-2
-4,-1,-9,5,0,-3,-4,0
1,-1,18,6,-2,-4,0,-1
-5,-5,41,-1,-1,-2,-2,-2
-1,-2,-6,18,-1,-2,-1,-1
1,4,8,-2,1,-2,-2,-3
-1,-10,-81,-9,-5,-2,1,0
1,3,16,5,1,0,1,1
-2,-3,-1,-7,-1,0,-1,-3
-3,-2,-19,2,-2,4,0,1
0,2,8,-6,-1,-1,-2,2
-4,-4,40,30,4,2,-4,-2
1,-3,-52,-5,-1,-1,-1,0
-1,2,-6,5,-2,-4,2,0
2,2,29,-2,-1,6,-1,1
-1,-2,8,6,-2,1,-2,-1
0,-1,19,-9,-2,-3,-1,-3
-1,-2,-24,3,-2,-1,1,1
-4,-8,-17,-11,-3,-1,-3,-3
-1,-1,21,-10,0,-3,1,-2
0,2,-8,2,0,-1,-2,0
0,2,-8,2,0,-1,-2,0
-3,-5,-11,-20,-6,0,-1,-1
-2,-2,-20,-9,-2,0,2,-2
1,0,3,1,-1,-2,-1,0
-3,0,-4,-1,-2,-1,0,0
0,-1,-1,3,-1,3,2,-1
0,-4,-12,0,-1,-2,-3,2
-2,-1,19,3,-1,-1,-1,-2
1,-1,-10,-8,-4,-4,0,-1
-1,-5,-38,-12,-3,-1,-1,0
-3,-5,17,1,-2,-2,0,-2
-3,-5,17,1,-2,-2,0,-2
-1,1,-15,-6,1,1,1,2
1,2,-8,-9,0,-2,-1,-2
2,6,-14,-8,1,-2,-1,-1
-2,-4,29,-6,0,-2,-1,1
0,0,-19,3,-4,0,0,-3
-1,-3,-22,-1,0,2,-2,-2
-1,-3,-22,-1,0,2,-2,-2
-2,-2,-7,4,-3,-2,-2,-1
0,0,-46,-5,0,0,0,1
0,1,20,-5,2,-1,-5,1
1,-3,-21,-2,-1,-2,0,0
0,-1,2,7,-3,0,0,-2
-2,-1,-3,22,0,0,-1,-1
1,-1,12,9,-1,-2,2,1
0,1,-10,11,1,1,0,-1
1,0,-4,2,0,1,-1,0
-32,-6,-2,-9,32,2,-88,-17
39,-2,27,81,33,7,40,24
54,27,-2,-4,3,-2,-93,9
36,3,-8,-52,-12,-3,-60,20
-52,-30,-12,-40,-1,-5,-20,-25
28,25,18,72,6,-11,-31,-12
1,50,-25,-8,1,0,15,-13
18,31,10,43,-8,-8,26,-2
37,30,37,64,53,18,75,21
-77,-43,-13,-20,-56,-23,-31,1
-56,8,-11,-59,-10,-5,6,-17
6,-7,-5,-71,-34,-6,105,40
32,-1,-15,-9,1,9,-22,16
32,-1,-15,-9,1,9,-22,16
-88,-108,-45,-58,-37,-7,-13,-73
-86,-1,2,-43,-7,11,-118,-26
97,48,7,-12,-31,13,66,50
50,19,29,127,42,14,-56,54
93,9,15,114,56,9,-38,95
-36,-7,9,-73,-7,-8,-39,-42
59,8,58,127,52,16,127,92
61,66,45,-88,29,-10,47,38
23,30,-39,-100,-42,26,-79,-53
-78,-5,-7,-52,19,-38,-50,14
-85,35,-9,94,-8,-34,-96,-24
-85,35,-9,94,-8,-34,-96,-24
-89,-50,-108,-128,-128,11,10,-112
13,25,75,61,88,33,67,25
-96,-67,-56,-128,-16,11,-26,-97
-119,-43,-30,-74,-77,-19,6,-27
14,14,8,-31,-15,-2,-114,-3
127,101,73,127,62,11,-48,110
14,52,43,84,53,-15,-63,14
-36,-38,-42,-45,-38,-22,-23,-51
-27,-58,-11,28,1,-4,-4,14
49,19,6,-30,-7,-23,108,45
25,-4,61,79,75,6,48,23
-47,-64,-21,15,-10,1,-57,-64
-109,-117,-45,-48,-61,49,-38,-94
-39,8,-42,-90,-93,-23,-128,-53
-95,-79,-15,-7,16,1,-59,-63
6,27,18,24,-4,2,127,46
-37,-3,11,-65,-79,-16,85,23
95,127,112,86,49,-41,127,127
26,10,18,38,7,-14,32,-2
3,-12,-11,-23,-38,-19,63,1
46,10,8,13,14,-4,11,34
14,48,31,121,70,-5,2,45
9,-8,-8,-26,-18,-27,11,-11
9,-8,-8,-26,-18,-27,11,-11
9,-8,-18,-34,-11,3,-22,-77
-9,-14,-25,-35,-8,17,-6,-7
9,7,-25,-7,3,2,4,12
2,-12,29,17,4,-2,-1,0
3,-1,-65,15,3,3,3,19
4,-4,-6,3,6,-12,-6,6
5,1,29,13,-1,5,2,3
2,6,52,1,3,-3,1,5
-1,-7,34,5,7,9,0,2
-4,5,-49,32,9,-9,-6,-5
5,6,127,23,-2,-8,1,3
3,16,105,-7,1,4,1,3
-3,-14,-109,-25,-9,2,-1,-2
0,-1,-110,-48,-11,-6,-4,0
-3,-10,14,10,-1,2,-2,1
3,6,102,7,2,0,-2,2
-3,-6,-7,14,-1,-3,-2,-4
-1,0,-27,-5,-3,-2,0,-2
-3,-6,-71,-4,0,-4,1,-3
-1,-12,-107,2,2,-5,1,3
3,4,-52,5,5,9,4,0
-1,2,8,-20,-4,-2,-3,-2
-1,2,8,-20,-4,-2,-3,-2
1,-4,94,12,1,-1,-2,0
-2,6,53,-4,2,0,-1,-4
-4,-2,21,-5,-5,-9,-7,-4
0,-2,33,-32,-7,-4,0,0
-6,-8,55,-5,-4,0,-6,-1
2,4,-22,3,2,2,-2,-2
2,1,42,8,2,1,5,5
-4,-4,-37,8,3,3,-1,-3
4,1,14,14,-3,-1,2,0
-1,-2,-1,-12,-2,2,0,-1
1,4,28,1,0,-2,-2,0
-2,-6,10,5,-3,1,-2,0
0,-1,-8,2,-1,3,-1,-1
1,2,33,20,1,2,3,4
-2,0,8,-1,-1,-2,-3,0
1,1,-5,-10,-3,-1,-2,0
-1,-6,-42,-11,-3,0,-1,1
0,2,1,-5,0,-1,0,-1
0,9,50,5,1,-3,-1,-1
-1,-2,7,3,-1,0,1,-1
-2,-8,-11,-2,0,0,-1,-2
-1,4,9,2,3,0,-1,-3
-2,-5,-20,0,0,-5,-1,-1
-1,2,24,-3,-3,-2,-4,-1
1,-4,-30,-9,-2,-3,1,-3
1,3,4,-1,-2,0,-3,-2
-2,-1,-38,-5,0,1,-4,0
-2,-1,-38,-5,0,1,-4,0
-3,-3,-4,-3,-3,-1,1,-1
0,2,15,2,0,0,1,0
-2,2,45,6,0,-3,-1,0
3,0,-20,-28,-6,-4,-2,0
0,0,22,-12,-2,-2,-3,-3
0,2,3,15,0,3,0,0
-3,-9,-103,-12,-2,4,2,-1
2,5,18,19,1,5,1,1
-3,-8,27,-6,-1,-1,-1,-3
0,1,-9,11,0,-4,-1,0
-3,-6,-41,-14,-2,-4,-2,-4
1,2,20,0,0,-1,-2,-2
1,2,29,-2,-2,0,1,2
-1,0,-71,4,0,3,-1,1
-2,0,17,-23,-5,-2,-2,-1
3,8,48,16,3,2,-2,-2
-1,-3,36,-4,-3,0,-1,0
-3,3,13,-1,-2,-5,-1,-3
1,2,11,4,-2,2,3,1
-2,-2,17,7,0,-3,-1,-2
0,0,-42,-25,-5,3,0,0
-3,0,0,7,3,-2,-1,-2
1,2,25,0,1,-3,0,2
-1,-1,19,-1,-3,-6,0,0
-1,-2,-9,3,-1,0,1,0
-1,0,-18,-3,1,-3,-2,0
0,-3,-28,-2,0,1,-1,0
0,1,-5,-5,-3,-1,-2,1
1,-3,-71,-9,1,9,3,-1
-1,0,5,13,-1,-5,-4,-1
-1,0,5,13,-1,-5,-4,-1
-2,-1,-14,-1,-1,0,-3,-2
-4,-4,45,6,1,2,4,2
-1,-3,-28,0,1,-5,-1,-1
0,0,37,-3,-2,0,1,0
1,0,-53,-4,-1,-1,0,-2
-6,-4,45,-2,0,2,-1,-3
0,-3,5,-5,-1,2,0,-2
-1,3,53,15,1,-5,-4,1
-1,0,6,6,1,-4,-3,0
-1,-2,-9,-7,-2,0,-2,1
1,1,-58,-5,-2,-2,-2,1
0,3,-1,0,-4,-5,-3,-3
1,5,108,8,1,0,0,-3
-3,-5,-6,-1,0,0,0,-1
2,2,-40,-10,1,-2,-1,2
1,-3,0,1,1,0,5,4
1,-2,-6,0,2,0,-3,-2
-1,-1,31,-2,-2,1,1,-2
-2,-4,-6,-8,-2,-1,-1,0
0,-4,-24,1,-2,1,-1,1
-2,-2,-1,1,1,1,-1,-2
1,-3,15,-2,-5,-5,-2,-3
1,-3,15,-2,-5,-5,-2,-3
0,-2,-51,-4,-2,4,1,0
1,4,19,3,-1,1,-1,0
0,1,14,8,2,-1,-2,-1
-4,-8,-52,-1,3,-3,-3,0
-1,3,38,2,1,5,3,-1
1,4,13,6,0,-2,-1,0
-2,-1,-42,-3,-6,-3,1,-2
-2,-1,-42,-3,-6,-3,1,-2
1,-1,-34,-4,-1,-3,0,-1
1,1,22,-1,2,-2,0,-1
1,1,27,1,-2,1,-1,0
1,2,-27,5,0,-2,0,0
0,2,3,1,2,0,0,0
-1,-3,15,-5,-3,0,-1,1
0,-2,23,8,2,3,3,0
-1,-2,-20,-8,-4,0,-2,-1
-2,-4,-38,4,0,-3,-5,1
-2,-3,37,-12,-3,-3,-2,0
-2,-3,37,-12,-3,-3,-2,0
-1,1,10,5,1,0,-2,-2
1,-1,-51,-2,0,-1,1,0
1,3,14,4,0,4,-1,-2
-2,-2,7,-2,-1,0,-1,-4
0,2,-14,-5,0,3,1,-2
-1,-1,-3,4,-2,-3,-3,-2
-2,-1,-11,0,-1,-2,0,-1
1,5,7,4,2,2,-1,0
1,1,-9,5,2,2,0,-1
-2,0,8,0,-2,0,1,-1
-2,0,8,0,-2,0,1,-1
1,3,18,-6,1,0,0,-1
-2,1,-5,3,0,0,0,-1
-2,-2,-11,-2,0,-2,0,-1
-1,-2,-3,0,-1,-3,3,0
-1,-6,65,16,3,-3,1,-4
-2,3,81,18,-6,-3,-5,-6
-3,-5,-117,35,-1,-2,0,-3
4,4,81,39,3,0,0,2
1,1,-65,-4,-4,-1,6,-2
3,10,51,-2,1,3,1,4
-1,-2,48,-20,-9,-2,-6,-3
-1,-2,48,-20,-9,-2,-6,-3
2,-5,-119,-2,-1,-8,5,22
2,-5,-119,-2,-1,-8,5,22
-3,-3,11,8,-1,-3,-4,-10
-5,6,110,10,-2,-2,-2,-11
0,3,38,-11,-2,3,0,-2
1,-5,-63,-22,-5,-2,1,1
2,-1,-20,-5,1,-1,1,4
2,-1,-20,-5,1,-1,1,4
0,4,42,-13,2,-3,-1,-4
0,-4,-75,-17,-1,5,2,0
-3,-3,-24,-51,-5,-8,-3,-3
-2,2,59,30,1,3,-2,0
-1,0,4,13,-2,3,0,0
3,4,3,-14,1,2,0,-1
-1,-3,7,6,-1,-3,-3,-1
0,1,24,-3,-1,-1,0,-1
-1,-3,40,10,3,0,-2,0
-1,-3,40,10,3,0,-2,0
