-3,-5,-8,-3,3,0,-1,-1
-3,-5,-8,-3,3,0,-1,-1
-7,-4,-4,1,-2,-3,-1,-4
3,3,0,3,7,4,1,1
1,-1,-4,-2,0,-1,-2,-1
-1,-4,-12,-10,-8,-3,-1,-1
0,2,5,2,-2,-2,-3,0
-4,-4,-7,-10,-9,-7,-8,-5
0,-1,0,-3,-3,-3,-2,-1
-3,-4,-23,-26,-8,-3,-1,-2
2,-1,7,10,8,5,3,1
-1,0,-2,-5,-3,-6,-3,-1
-1,-3,-2,-3,-1,0,-3,1
1,1,10,8,-3,-2,0,2
3,4,8,6,4,5,2,1
-2,1,3,-1,-5,-4,-2,0
1,3,7,5,8,1,1,0
-1,0,2,3,5,2,-1,-3
0,1,7,4,2,0,-1,0
2,0,-7,-2,2,1,0,0
-3,-5,-11,-11,-9,-5,-4,-5
-3,-5,-11,-11,-9,-5,-4,-5
-3,-1,-2,-1,1,2,-1,0
-2,-2,-1,-3,-4,-2,-3,-2
-4,-4,-8,-10,-9,-8,-4,-3
1,-7,1,4,7,1,-1,-1
1,1,-1,0,-2,-3,-1,-1
2,2,5,2,-1,0,2,6
2,2,5,2,-1,0,2,6
-1,-1,3,0,-4,-4,-1,0
0,2,-2,1,-2,2,1,-2
-3,-4,3,-2,-1,-3,-2,-3
-2,-5,-3,3,1,-1,-3,-4
5,8,4,-1,-2,1,1,2
5,8,4,-1,-2,1,1,2
5,8,4,-1,-2,1,1,2
-11,-10,-17,-9,-3,-3,-3,-10
-58,-21,-1,-3,-1,-9,-28,-84
37,34,18,5,1,10,37,20
12,-2,-13,-7,-8,-8,-10,22
8,7,44,17,7,1,-16,9
35,4,1,-8,-4,-8,-10,103
-52,-10,7,0,-5,-19,-56,-128
-20,-16,-33,-30,-13,2,1,-6
18,9,-4,14,3,5,9,9
-8,2,0,0,6,2,-2,-2
6,-18,-26,-7,-4,8,42,75
6,-2,5,-3,4,1,1,-24
-24,-14,-32,-12,-8,-4,-17,-44
18,11,23,20,8,5,14,2
2,-1,-6,-3,4,-1,1,-3
-11,8,19,32,10,4,17,-46
18,11,14,2,-3,1,15,35
-6,-8,-7,3,0,-3,-8,2
39,11,3,-18,3,8,42,90
-9,-3,-8,-8,-2,-10,-37,-21
-4,0,-13,-7,-6,-5,-20,-55
29,9,13,30,13,11,19,50
-4,0,6,6,0,-3,1,-4
7,0,-11,-4,-3,0,-5,-5
-8,-5,-7,-13,-8,-10,-16,-29
-38,-5,10,0,-8,-12,-20,-50
-38,-5,10,0,-8,-12,-20,-50
3,-3,-5,-7,-9,-5,-5,6
12,5,11,-4,-2,3,14,30
-16,-3,-14,-9,0,-1,-6,-40
-24,-12,4,-15,-20,-13,-3,18
-24,-12,4,-15,-20,-13,-3,18
2,10,8,20,9,1,0,-8
-2,0,8,15,7,2,-11,-16
-12,-7,-15,-16,-8,-6,-25,-1
8,1,-4,-3,3,2,3,32
-1,-3,1,4,0,1,2,-2
0,2,0,-3,-1,1,1,0
0,-3,-13,-13,-4,-4,-6,-3
0,3,4,1,-1,0,-1,-2
-2,-1,-4,-1,0,0,-1,-1
-2,-1,-4,-1,0,0,-1,-1
-2,-2,0,3,2,-2,-3,-1
-1,-1,0,0,-3,0,-2,-2
1,1,6,4,-2,-2,-2,-2
-1,2,-1,-6,-2,-1,0,0
-1,0,-2,-1,-1,0,-1,4
-1,0,-2,-1,-1,0,-1,4
-3,-10,-13,-8,-3,-4,-1,-3
-2,0,0,0,3,-1,-2,-3
-11,-8,4,0,-1,-2,-6,-6
4,6,4,1,-3,0,-2,-1
3,-11,-6,-4,-2,-1,2,4
-5,-7,5,1,1,3,4,-1
-5,-7,5,1,1,3,4,-1
3,15,18,8,5,4,9,1
1,4,-1,-2,-4,-5,-3,1
0,-9,-2,-2,-3,-5,-10,-9
-7,-9,-12,-22,-8,-1,5,20
-16,-2,19,15,0,-8,-18,-23
-19,-18,-9,-10,-11,-9,-5,16
-2,7,-8,-1,1,-2,-8,-22
-16,-10,-11,-7,-5,-1,-6,-7
6,-1,-5,0,2,0,0,8
-1,-5,-25,3,-2,-2,-5,-15
-3,3,8,3,1,3,20,-4
-1,-6,-16,-12,-1,3,20,39
1,-7,-24,-29,-15,-9,-10,-7
-16,-2,6,-4,-9,-7,-28,-12
2,3,20,6,3,0,7,5
-5,-6,-14,2,0,0,-2,-22
5,6,14,20,8,3,-4,-4
5,6,14,20,8,3,-4,-4
-22,-5,-17,-13,-15,-12,-19,-38
-33,-12,-9,-2,-2,1,-5,-22
-1,-8,-32,-28,-14,-8,14,-8
27,6,15,8,2,2,8,28
9,-6,-4,-8,-4,0,20,32
-26,-2,6,1,7,0,-13,-30
8,9,15,16,13,7,7,12
8,12,19,31,12,5,3,-1
20,-1,0,-1,-1,-3,3,39
8,5,4,1,1,3,10,19
8,5,4,1,1,3,10,19
-1,11,29,54,21,9,21,10
-16,-15,-30,-25,-13,-8,-15,-24
4,-11,-22,-26,-3,1,4,6
17,6,29,16,0,-1,-13,-32
-25,-3,1,1,4,1,-5,-24
12,-11,18,39,7,3,30,14
-7,4,-4,0,0,2,1,-17
-1,1,14,15,3,1,1,3
-4,-5,-10,-8,-3,-6,-5,-4
-3,-1,-5,-6,-7,-1,-2,0
-3,-5,-13,-17,-4,-1,-2,-3
-3,-4,-4,0,0,0,2,-1
1,0,-1,2,-3,-3,-1,-1
-1,-1,3,1,-2,-2,-1,1
-2,-2,-10,5,4,0,1,-2
-3,0,2,6,1,0,-1,0
-1,-4,-4,-9,3,0,1,1
-2,0,3,0,-2,-4,-4,0
-1,-2,-3,-6,-3,-2,-3,-4
0,-2,1,1,1,1,-1,0
1,2,-2,-4,-1,-2,0,0
-1,1,9,8,-1,-1,0,-1
2,0,-6,-7,-5,-1,-2,1
-1,1,2,2,3,1,1,0
1,1,2,0,0,-2,-1,-2
1,1,2,0,0,-2,-1,-2
-3,-2,3,1,-6,-6,-2,-2
0,0,4,-2,2,1,0,-2
0,0,4,-2,2,1,0,-2
-3,-1,-7,-3,4,2,-4,-2
-3,-6,-9,-8,-1,2,0,-2
-2,1,2,3,-1,-1,-1,-2
1,-3,2,2,-2,0,0,1
0,-1,-2,-3,-5,-5,-1,-2
0,-1,-2,-3,-5,-5,-1,-2
-4,0,1,-3,-4,-3,-3,-6
-4,0,1,-3,-4,-3,-3,-6
-14,-4,-2,-2,-1,-6,-16,-35
-3,-4,3,-3,-4,-3,-2,0
-10,-2,-3,-3,2,4,1,4
-4,6,14,1,-2,-5,-13,-24
-4,6,14,1,-2,-5,-13,-24
4,4,-10,-4,-3,4,16,20
-60,-24,-7,2,-4,-13,-42,-86
-60,-24,-7,2,-4,-13,-42,-86
42,31,5,2,2,6,16,43
1,8,2,1,5,4,4,-9
1,8,2,1,5,4,4,-9
17,-2,-6,0,-3,2,12,31
-5,3,-3,6,0,-16,-46,-39
11,10,-7,-3,3,3,-11,-17
17,14,13,8,14,7,16,23
-18,-16,-33,-36,-13,-9,-8,13
-36,3,8,-4,-7,-2,-9,-51
3,-10,-24,-36,-21,-4,31,68
-15,-1,21,16,0,-3,-14,-12
-13,-9,-7,-2,-5,-6,-4,-17
-2,0,-7,-1,4,1,0,-5
-13,-8,-18,21,0,-6,-47,-108
14,2,-6,1,9,9,8,19
7,-11,-19,0,-3,0,20,-14
5,-10,20,35,11,4,21,46
18,22,8,7,15,11,-13,22
-23,-4,8,16,3,-2,-1,-50
-2,1,9,17,2,1,-10,-18
31,8,25,21,13,10,17,12
5,9,2,1,4,4,19,31
4,-7,-14,-28,-16,-10,-7,-8
12,7,20,33,9,4,-1,8
6,-6,0,3,-3,-1,23,34
-8,-3,-10,5,-1,-2,-4,-18
-19,-5,-23,-10,-6,-1,-6,-27
-34,-13,-9,0,-5,-7,-3,-28
20,-4,0,-18,-14,-4,-3,4
1,2,13,11,-7,-2,0,0
-4,-2,2,-3,-4,-6,-6,-3
1,2,9,9,2,3,2,2
-3,-4,3,6,-4,-5,-1,-2
0,0,0,-3,1,0,0,1
2,-2,-1,11,9,2,0,1
0,0,-1,8,5,1,0,-2
-3,-1,7,11,0,-1,-2,-1
1,-1,4,-3,-3,0,-1,0
-6,-3,-7,-15,-5,-3,0,-2
3,2,4,8,5,3,-1,0
4,-1,-7,-12,-5,-1,-1,0
-2,-2,0,2,-3,-4,-1,-1
1,1,-3,4,3,2,0,0
3,-1,7,2,-1,-2,-1,1
-6,-5,4,3,0,-3,-2,-4
-2,1,-1,1,-1,0,0,0
0,-1,-1,3,0,-1,0,-1
0,0,-1,0,-1,-2,-1,0
0,0,-1,0,-1,-2,-1,0
-1,-1,4,2,-1,2,-1,-1
1,0,0,-7,-2,1,-1,0
-2,-3,0,2,0,-2,-1,-1
-16,-24,-7,-3,-5,-1,2,-1
-16,-24,-7,-3,-5,-1,2,-1
3,10,-1,7,7,4,3,-1
-2,5,-8,-2,0,-1,-7,-22
6,-6,-15,-6,1,2,1,-1
3,-11,-3,-1,1,-1,0,-1
8,28,9,6,-1,-8,-16,-30
8,28,9,6,-1,-8,-16,-30
-28,-14,-1,5,0,0,-2,-5
24,-1,0,-6,2,9,24,44
24,-1,0,-6,2,9,24,44
40,14,10,10,1,7,22,36
16,3,6,8,-1,-5,-17,-8
-12,-7,-5,-7,-5,-10,-30,-14
-8,2,3,7,-2,-3,-5,-34
9,1,-5,-20,-10,-2,-3,18
9,1,-5,-20,-10,-2,-3,18
10,-6,-6,7,0,0,4,9
10,-6,-6,7,0,0,4,9
4,-4,-10,-17,-8,-10,-6,-8
-9,-8,-14,0,1,1,15,4
12,7,14,25,9,3,5,37
-11,-13,6,19,-3,-7,-15,12
29,17,17,-13,-2,-4,-9,-6
8,6,6,17,11,9,14,6
-24,-2,8,35,11,7,12,16
-12,-7,-10,-26,-8,-8,-37,-51
-2,0,7,0,3,3,-3,-5
1,-1,1,2,-7,-4,-7,-4
-3,0,8,-2,-4,-3,1,0
-4,-5,-5,5,-6,-11,-13,-5
-2,0,2,2,-2,-3,-1,0
-1,1,-3,-13,0,0,-3,-2
5,1,0,5,0,2,0,0
-7,-5,-5,0,2,1,-3,-5
2,-2,-4,2,14,8,2,0
-2,-1,8,7,2,3,5,2
-1,0,6,-1,-7,-4,-1,-2
-1,2,-5,-2,-4,-3,-3,-2
-2,-2,-2,2,1,-1,-4,-3
1,1,1,-2,-7,-1,1,0
1,4,6,0,0,-1,-1,1
-3,-3,2,-2,-5,-5,-3,-1
2,3,9,12,10,7,2,2
-1,-3,-6,-10,-5,-2,2,0
-2,-3,-3,-2,-3,-4,-6,-2
3,3,5,8,11,4,2,0
-1,-1,1,3,-5,-1,1,0
0,-3,-4,-2,-7,-4,-1,-1
-4,-3,-12,-7,1,-1,-4,-2
-1,-3,3,-2,-2,-3,0,1
-2,-4,-9,-5,-2,0,-3,-3
-2,-2,0,2,-4,-5,-6,-3
-6,1,-4,4,3,0,-6,-19
-5,-5,1,2,-2,-3,0,8
10,12,2,4,-1,2,5,9
-7,-15,-4,-2,0,2,6,3
-1,-4,6,-8,-3,2,4,-1
7,17,1,-3,-2,-3,-5,0
-17,-6,6,-2,-2,0,7,15
-7,-3,-17,-4,-2,-5,-16,-43
-36,-7,9,8,2,-4,-20,-87
39,31,24,19,7,4,8,28
-26,-41,-21,-16,-12,-16,-22,-29
-15,-14,-68,-5,1,-1,-2,28
25,19,19,-3,-8,-1,13,16
-8,2,16,13,4,-4,-16,-44
12,2,-3,-3,-6,-7,-19,0
-5,-1,-2,-5,-5,-3,-18,2
7,5,8,-5,4,8,22,16
-13,5,-4,-4,-1,-6,-10,-16
4,-2,3,7,9,5,12,23
21,9,9,-1,3,6,10,22
-2,-5,-7,22,0,-2,12,36
6,-7,-1,-7,3,3,-16,-35
6,9,16,13,12,8,-3,27
-23,4,8,4,-3,-11,-77,-57
7,-2,-2,-23,-8,-4,12,43
-1,-12,-9,0,-10,-12,24,66
-29,-11,-2,-19,-16,-11,2,-33
-32,-4,-14,3,5,7,5,-32
13,0,0,12,5,6,26,27
7,-9,-20,-27,-17,-9,-1,-7
4,3,5,8,6,4,1,2
-1,-4,4,5,-4,-5,-4,-3
1,-2,-5,-3,-1,1,1,-1
-1,0,1,0,2,-2,-1,2
0,0,-4,-4,3,1,-1,1
-1,-3,-8,-4,0,-3,0,2
-1,1,3,-2,-4,-2,-2,-3
-2,1,2,0,-1,0,0,-1
-5,-8,-16,-15,-10,-5,-4,-4
-1,-1,4,5,5,3,0,1
-1,-1,-1,-2,-5,-5,-3,-4
1,3,9,7,6,2,1,-1
2,1,-4,-1,0,0,1,2
-2,2,3,2,4,3,-1,-1
-1,-3,0,2,-5,-2,-4,-1
-1,-3,-3,-6,-4,-1,-1,0
0,-1,-2,-4,5,9,4,0
-2,-2,0,4,-3,-5,-2,-3
-1,-2,-8,-7,-3,-3,0,0
-1,-2,-8,-7,-3,-3,0,0
-1,1,3,5,1,-2,-1,0
6,1,6,2,-4,-1,-1,9
6,1,6,2,-4,-1,-1,9
1,-6,-5,-6,-3,-1,1,6
-2,-4,-14,2,-3,-1,-1,1
1,3,11,-2,-2,-1,0,7
1,3,11,-2,-2,-1,0,7
-2,1,-15,-7,3,-1,-3,-8
-5,12,22,7,2,5,1,-2
5,8,21,25,6,3,0,-23
-13,-7,-6,-18,-6,-4,-5,-4
44,19,-4,-1,-1,-5,-4,15
-10,-17,-15,1,-4,-9,-21,-2
-15,-6,-16,-29,-5,-8,-22,-39
-5,-9,-26,1,-1,2,8,-27
45,19,20,21,9,6,45,50
32,7,1,9,1,8,38,86
-13,2,-5,6,-4,-5,1,16
-11,-4,11,18,-5,-4,24,12
1,1,-5,-4,5,3,-8,1
-8,-3,12,7,0,-3,-2,-1
12,-14,-14,9,-6,-6,-14,-66
-5,-9,-16,-1,-2,1,-12,-27
6,5,-5,6,7,6,23,23
-20,-19,-10,-21,-5,-9,-21,49
5,-3,-5,4,0,2,12,-6
-16,-6,-12,-1,3,1,-7,-38
-10,-6,3,-6,-6,-1,22,-2
-5,0,0,-15,-8,2,9,5
2,-6,-1,-37,-10,-8,-1,-9
6,-3,-1,-10,1,0,8,-12
29,-1,-5,16,2,-11,-75,-11
-4,-11,-30,-17,-5,6,41,-7
-14,-7,1,-9,-16,-9,6,5
25,7,14,33,13,10,30,34
-30,-3,-5,3,4,3,11,-58
-14,10,13,14,16,9,-6,-24
-28,-8,-33,-39,-8,-4,-12,-7
1,4,10,-2,0,-5,-39,-8
9,3,16,46,10,11,26,39
8,9,16,21,12,3,-11,-11
2,-4,5,8,-8,-6,3,0
-6,-5,-8,6,-11,-13,-13,4
40,6,9,33,8,7,2,57
40,6,9,33,8,7,2,57
0,-2,-1,0,-4,-3,-1,-1
-1,-1,-5,-6,1,-2,-1,0
0,0,6,4,-5,-1,-1,-2
-4,-4,-8,-10,-10,-7,-7,-4
-2,-2,2,3,-2,-2,-1,0
-3,-4,-6,-9,-2,0,-1,0
0,1,1,2,3,0,0,-1
-3,-2,-1,-1,2,-1,-2,-1
0,0,1,5,9,1,0,1
-1,-1,5,6,-6,-1,-1,-1
2,2,1,1,-1,1,0,0
-3,-1,-3,-6,-1,-3,-3,-3
-2,-1,-8,-13,-9,-5,-2,-2
-1,-3,-8,-7,-8,-4,-2,-2
-1,-3,-8,-7,-8,-4,-2,-2
-1,-1,-7,-2,-7,-6,-4,-1
-2,-3,0,-1,-6,-3,-2,-3
-1,-1,-5,-5,-1,-1,-2,-1
-1,-1,-5,-5,-1,-1,-2,-1
1,0,-1,-1,-3,-1,-1,-1
0,1,4,0,-1,0,0,-1
2,-3,-8,-5,-4,-3,-2,-1
0,0,0,-4,-7,-2,-3,1
-2,-2,-2,-1,2,0,1,0
-2,-3,-2,-5,-7,-2,-3,-5
0,0,1,2,3,1,2,1
-14,-13,-9,-2,9,0,-7,-20
6,7,4,-2,-8,-5,-1,0
15,11,5,-2,-3,2,10,23
5,14,34,21,7,7,15,7
-30,-5,-3,-26,-14,-7,-9,-19
-32,-26,-42,-34,-14,-8,0,-23
-32,-26,-42,-34,-14,-8,0,-23
-26,0,20,19,-1,-7,-22,-26
-5,9,29,-1,0,-2,-16,-10
-5,9,29,-1,0,-2,-16,-10
2,-2,-9,-21,-5,-9,-1,12
0,1,13,22,3,-6,-25,-13
4,7,18,9,-1,2,10,-18
17,7,1,-7,-7,-7,-7,21
0,5,26,45,10,4,-4,-31
1,-3,-30,0,3,-1,-5,-10
2,5,17,19,9,1,5,-16
-8,-5,-15,-25,-3,-3,-8,-3
-1,-4,15,2,-6,-6,-12,-25
21,12,28,21,6,5,3,-10
4,5,5,9,9,7,-10,-12
-6,0,-12,9,5,4,8,-7
-2,-12,-32,-13,-5,-2,2,34
4,3,1,2,0,-4,-13,-3
-11,-3,19,2,-13,-4,19,18
1,5,6,24,13,6,0,1
-5,1,-10,-14,-6,-8,-11,-2
5,2,0,1,4,4,1,3
-1,-3,-10,-5,3,1,0,0
-4,0,-2,-1,-1,-3,-3,-2
-1,0,-6,-10,-11,-5,-1,1
-3,-4,0,-2,-6,-6,-4,-1
-2,-4,-11,-11,-5,-3,-2,-4
-1,-2,6,6,-1,0,1,-3
0,-1,-2,-4,4,2,0,-1
0,0,-4,-1,2,0,1,0
0,1,8,10,-4,-3,-3,-1
-2,-2,-6,2,4,2,0,-4
-3,-1,-1,-7,-5,-3,-2,-1
0,0,-4,-4,5,2,-1,-1
1,0,-5,-2,0,-2,-1,1
0,3,2,7,12,8,4,2
-1,-4,-8,-2,-3,-1,-3,-1
-1,0,3,-1,0,1,-2,-1
2,-1,-4,-2,2,2,1,5
0,-1,-2,2,-1,-1,2,6
-4,1,-7,-1,-2,-1,0,-4
-2,-2,9,1,-2,-2,-1,2
0,1,1,0,-2,1,0,1
-3,2,3,-1,-2,-4,-5,-8
5,6,-6,-7,-1,-1,3,8
-12,-18,2,9,5,4,4,0
-12,-18,2,9,5,4,4,0
-52,-33,-6,-11,-5,-6,-9,-15
3,13,-9,-7,-2,-2,-4,-8
6,0,-1,-4,-2,2,11,27
6,0,-1,-4,-2,2,11,27
-9,-9,-13,-5,2,-6,-15,-13
-21,-18,-26,-9,-7,-3,-6,-10
-1,-12,-15,-10,-8,-5,-5,30
6,6,15,17,-2,-1,-4,-12
4,2,-5,-25,-11,-7,-5,-8
9,5,6,0,1,3,0,7
3,5,-1,-6,1,3,7,-10
3,5,-1,-6,1,3,7,-10
5,4,2,-18,-3,1,-13,-16
23,5,7,29,8,8,20,46
9,11,10,14,6,8,18,16
30,6,-7,-4,3,5,14,47
2,-5,-25,-23,1,1,1,-5
-7,-8,-10,-9,-6,-4,-1,13
42,3,2,2,2,-2,32,24
-8,-8,-9,-10,-14,-9,-27,-9
-8,-7,3,-13,-4,-4,-24,-11
-32,-24,-34,-25,-16,-9,0,24
20,5,21,15,4,11,44,54
-5,6,-4,28,11,4,-13,-22
1,0,4,5,12,7,4,2
-3,-2,-10,-5,3,-2,-3,3
1,1,8,4,1,-2,-1,2
1,2,10,3,-2,-1,-1,1
-3,-3,-3,5,5,0,-2,-7
2,2,6,11,1,2,6,3
-1,1,6,4,-2,-1,0,1
3,2,3,-4,3,3,2,-1
-2,-1,-4,-4,-5,-4,-4,0
0,0,9,14,5,4,2,3
0,2,0,-2,2,2,0,0
0,-3,-4,-2,0,0,-1,-3
-2,-2,-5,-4,-6,-7,-5,1
-2,-2,-5,-4,-6,-7,-5,1
0,3,7,6,4,2,0,1
0,-2,1,1,-8,-6,-3,-4
-2,-1,-2,-6,-7,-2,0,-1
0,-1,-4,-1,4,4,2,0
-2,1,-4,7,4,-1,-1,-3
0,-2,0,4,4,1,0,1
-3,-5,-7,-13,-6,-2,1,0
0,0,5,-4,-6,-3,-2,-1
0,0,5,-4,-6,-3,-2,-1
0,-1,0,-4,-3,-1,-2,-1
-1,2,4,7,3,2,-1,0
-1,-5,-12,-14,-6,-4,-3,-4
-3,-3,-4,1,-6,-4,-3,-1
0,1,-1,-6,-3,-2,-1,0
1,2,2,-2,0,-2,-1,-1
-2,-2,-1,-6,-4,-3,-3,-1
2,-5,-2,-2,2,1,3,3
-7,-8,7,-5,-5,-3,-4,-5
8,16,12,9,8,3,1,0
-11,-21,-4,-2,-5,-5,-5,-6
-31,-21,1,-2,-3,-5,-6,-3
24,22,2,2,-1,3,2,5
-3,-4,-19,-6,2,4,10,4
-3,-4,-19,-6,2,4,10,4
-41,-47,-29,-17,-14,-22,-30,-33
72,42,16,-14,2,7,28,120
14,0,-34,-8,-5,-22,-68,-66
19,5,11,-12,-4,-2,14,75
-18,-15,3,-3,-14,-9,-3,-28
10,0,-7,10,5,4,2,-8
3,9,12,8,4,4,3,-21
4,0,3,10,3,6,20,30
0,1,2,-31,-5,-2,12,18
10,5,3,7,3,-4,-30,-30
12,13,-3,-2,4,5,2,-37
6,6,37,28,9,1,8,15
7,-3,-13,-4,3,1,-14,-27
5,0,-15,-17,11,3,0,21
5,0,-15,-17,11,3,0,21
-7,-10,-26,-19,-9,-2,7,-25
-42,-16,-28,-13,-8,-3,6,-2
21,11,35,47,13,2,-7,-10
18,12,21,6,4,8,25,41
12,-5,-24,-52,-20,-9,4,-22
-12,7,24,30,18,6,11,-11
19,0,-19,-10,0,1,2,2
4,4,24,37,5,0,3,39
-5,-2,-3,-7,-7,-6,-2,-3
-8,-8,-16,-11,-7,-6,-6,-7
-8,-8,-16,-11,-7,-6,-6,-7
-6,-13,-40,-28,-12,-6,-3,0
4,0,3,5,9,6,2,2
3,3,12,10,-1,0,2,1
1,2,4,-6,-5,-6,-11,-2
-2,1,0,5,1,0,3,1
0,-2,-7,1,4,4,3,-1
-8,-12,-32,-21,-13,-7,-7,-6
-2,1,-1,-5,0,-2,-1,-4
-1,0,-1,1,-4,-2,-3,0
0,2,3,4,-1,-1,0,-1
-2,-3,-10,-5,-6,-3,-3,-1
-2,-2,-6,-3,-5,-5,-1,0
0,0,2,2,2,1,-1,0
0,-4,-7,-2,3,1,0,0
1,0,1,5,3,2,2,2
1,0,4,-4,-2,-2,-2,-2
1,2,6,4,4,5,1,1
1,2,6,4,4,5,1,1
-3,0,-9,-4,0,-1,0,0
-1,-2,1,-3,-3,-1,0,-1
-2,-2,-5,-2,3,1,0,-1
-1,1,2,1,-1,-1,-2,-2
-1,-6,-12,-2,-7,-3,1,-1
-1,0,2,-3,-5,-5,-4,-3
0,0,-2,-1,1,-2,-1,0
-3,-6,-18,-6,-3,-1,-2,0
0,0,-1,-6,-1,-1,2,5
0,2,1,1,-2,1,2,-3
-3,-4,2,5,6,0,-1,4
1,5,-2,4,-5,-4,-1,10
-18,-17,-3,-9,-1,-3,-17,-35
-27,-26,2,4,0,-1,3,9
-27,-26,2,4,0,-1,3,9
-8,-2,-11,-6,-4,-8,-23,-28
2,-6,-11,-9,-4,-4,-4,3
7,11,17,8,7,4,2,2
2,4,10,5,3,5,1,6
-45,0,12,16,2,-8,-44,-81
-45,0,12,16,2,-8,-44,-81
18,-5,-1,-31,-16,-8,-8,-10
-13,2,3,-4,7,4,-2,-21
-3,3,-15,-13,-4,5,36,8
18,-2,-15,1,7,7,16,30
-12,-29,-29,-34,-27,-15,-10,28
0,6,20,31,14,4,-5,-26
11,3,-11,-11,5,7,5,31
-1,-3,-10,17,4,1,-2,15
-2,-7,3,1,-7,-10,-21,-17
5,6,15,-1,4,0,-5,-6
-6,-7,-19,-27,-3,7,51,35
14,8,22,11,8,6,17,75
-35,-12,0,13,-6,-10,-38,-93
22,18,10,26,10,11,-2,31
-14,-12,-23,-48,-23,-6,17,1
-7,5,4,10,5,5,-1,-22
6,-7,-14,-20,-7,-10,-30,17
1,7,9,14,7,0,-13,-15
6,-2,-33,-46,-10,-3,10,19
-13,11,46,44,11,0,-10,-24
120,215,264,155,-5,-84,0,17
-6,0,36,-95,-53,-126,-186,17
54,0,-246,-353,-101,-126,0,-167
54,-137,150,89,-149,-42,-186,17
-6,287,552,671,233,168,174,17
54,0,-132,29,41,120,114,143
54,0,-132,29,41,120,114,143
-138,71,96,-95,-149,36,0,-101
318,143,36,155,89,0,54,17
-270,-137,210,671,281,36,-126,-167
-72,0,-360,-611,-197,36,174,83
-72,0,-360,-611,-197,36,174,83
54,143,-18,-419,41,0,54,143
186,71,96,-95,-101,0,54,-167
-72,-65,36,-29,185,36,54,17
-138,-65,-132,29,-5,0,-126,-101
120,-137,-360,-161,-101,-84,0,-167
120,-137,-360,-161,-101,-84,0,-167
54,0,-72,-287,-101,-84,54,-41
186,215,210,-95,-149,0,0,83
-72,-137,-72,89,-101,-168,-60,-101
-204,-65,-186,-287,41,120,-60,-101
-204,-65,-186,-287,41,120,-60,-101
-270,-209,36,287,137,168,234,-419
-270,-209,36,287,137,168,234,-419
-936,575,-132,-161,137,-84,-546,-1949
1380,-425,-132,29,89,210,960,3448
-138,359,-132,-743,-101,-42,-426,-1439
1050,0,36,29,89,420,1620,2494
252,503,96,-95,-101,-84,-126,-101
1716,431,-72,353,233,294,1560,2686
984,647,498,-221,-149,0,534,1607
450,-137,-18,287,281,504,534,-1181
-1200,-647,-72,545,89,36,-426,-1817
120,0,-420,155,-197,78,294,1289
120,0,-420,155,-197,78,294,1289
-1332,-863,96,545,-5,-378,-966,-863
-600,-137,498,29,-149,-378,-1452,-1247
-600,-137,498,29,-149,-378,-1452,-1247
-204,863,498,-677,89,168,594,779
-204,863,498,-677,89,168,594,779
1116,503,378,-353,-197,-42,654,1607
186,-65,96,545,233,-84,-2119,17
54,-575,-876,-545,-149,-42,594,-611
786,359,-246,-353,-149,-84,-2179,83
-1266,359,438,1900,665,210,-546,-611
-804,-863,-1626,-3975,-1451,-420,54,-1121
-804,-863,-1626,-3975,-1451,-420,54,-1121
-936,-791,150,155,-101,-210,-2719,-1757
852,791,780,221,377,462,1500,1355
120,647,1188,2224,617,504,3559,2369
-72,-209,-18,545,185,78,654,2369
-870,-425,780,1385,137,-168,-306,-1691
120,431,552,671,185,-42,-2599,83
-870,503,378,611,41,-252,900,-1631
852,71,-72,-1193,-293,-42,594,143
54,503,-132,-221,-5,-84,-366,1163
54,215,-534,-1840,-437,-210,-1332,461
-138,-137,-702,-1708,-485,-168,654,-227
120,863,1356,2098,761,378,1200,-419
654,215,210,-353,-197,-210,-1392,2243
-738,143,-246,353,233,168,174,143
54,0,36,29,329,78,54,17
-6,0,150,-161,-149,-126,0,-101
-6,0,150,413,137,36,0,-101
-6,71,36,-161,-53,-42,54,-101
54,71,324,221,41,78,174,83
54,71,-132,-221,137,252,174,-101
-336,-425,-702,-1001,-629,-294,-486,-737
-336,-425,-702,-1001,-629,-294,-486,-737
-270,-503,-1110,-935,-437,-210,-126,17
54,215,264,413,281,78,54,143
186,287,498,545,329,210,294,143
186,287,612,353,-5,78,114,143
54,0,-132,-95,41,120,114,-167
120,143,264,287,137,36,114,17
-72,143,378,545,473,210,-60,17
-72,0,36,-29,-245,-84,-246,-227
54,71,-18,353,281,36,234,209
-72,-209,-420,-545,-197,-84,-186,-227
-72,-209,-420,-545,-197,-84,-186,-227
450,359,378,353,137,0,0,269
-138,-65,36,29,137,120,54,17
720,719,666,-29,-293,-168,234,653
252,359,378,-95,-149,0,114,335
252,359,378,-95,-149,0,114,335
-270,215,378,737,233,78,-126,209
-270,215,378,737,233,78,-126,209
120,-281,-186,-221,89,-84,-186,17
-870,287,666,-29,-53,-336,-1512,-3790
1644,215,-534,29,41,168,294,461
-1200,-2590,-1110,-1193,-389,-294,-306,-227
-1200,-2590,-1110,-1193,-389,-294,-306,-227
252,1439,726,545,377,336,534,-359
588,-1439,-822,-1001,-485,0,2047,6945
120,1582,612,-161,41,378,1686,2117
720,1223,150,29,41,-42,-1272,-1313
-600,431,378,287,89,78,-366,-2393
-600,431,378,287,89,78,-366,-2393
-270,-209,-360,221,-197,-252,-1572,-1817
186,71,150,89,185,78,534,653
318,-137,36,-95,-53,78,294,1733
186,-137,-534,-485,41,210,654,-1055
186,-137,-534,-485,41,210,654,-1055
-336,-209,36,-485,-341,-210,-726,-227
54,287,150,995,425,168,-366,-1757
-534,-209,-72,611,185,0,54,17
-6,-137,36,-29,137,210,1926,-167
-6,143,36,155,-149,-252,-186,779
120,71,498,-803,-341,-378,-486,143
54,-575,-1452,-2554,-1013,-636,-1452,-737
-1596,-209,150,479,425,336,294,143
-666,-791,-474,89,-53,-252,-966,-1565
984,431,210,155,-5,78,294,1733
720,0,-474,-869,-197,-210,114,-995
318,-503,-300,-1067,-293,78,2347,4276
318,-503,-300,-1067,-293,78,2347,4276
54,-65,-246,-611,-101,36,234,-167
-138,143,264,287,89,-84,-546,-227
-72,-137,-72,-287,-149,-42,-366,-485
-72,-137,-72,-287,-149,-42,-366,-485
-336,-719,-1224,-485,-437,-210,-126,-167
54,0,-360,-353,-5,36,234,83
-72,0,96,-95,41,36,0,-167
120,431,840,545,425,210,234,143
-336,-353,-1110,-803,-197,-210,-486,-419
120,287,438,287,-53,78,54,143
120,287,438,287,-53,-168,-546,-359
384,503,840,803,425,120,294,401
120,71,-360,-677,-149,-84,0,-41
-72,71,96,287,-101,-84,0,-41
54,71,36,89,-101,-126,0,17
54,143,150,-29,-341,-126,-186,-41
-204,-137,-132,155,-101,-168,-426,-485
-72,0,498,935,-5,36,0,-167
120,215,264,89,233,36,114,83
186,71,150,221,41,210,54,-41
252,287,-246,-419,185,210,114,17
120,143,-18,-95,-485,-84,-126,17
-72,0,-132,-485,41,-84,0,-101
54,0,150,-29,185,120,54,17
-72,-209,-186,-221,137,78,54,17
-6,287,210,353,137,-42,54,-41
654,863,498,353,41,36,174,209
-72,-209,-132,221,233,78,0,-41
-72,-65,264,413,41,78,54,-101
654,575,36,-95,-53,0,54,335
-336,-137,-534,-869,-101,0,0,-359
252,-647,210,413,281,210,594,1163
-1332,-425,-822,-935,-245,-336,-726,-1883
918,791,324,155,-5,120,840,2435
186,287,96,-161,-53,-42,-306,-677
-72,-719,-534,-485,-197,-84,-60,209
-270,-791,-72,-485,-245,-210,-246,-485
-72,-935,-300,-353,-101,-84,174,461
120,215,-18,155,89,36,354,401
-804,-1007,-822,-353,-245,-252,-366,335
786,1870,210,-95,-149,-252,-666,-167
384,431,378,737,185,-42,-486,-611
1578,-575,210,287,185,462,1866,3004
-5246,-2806,-1278,-803,-293,-510,-1332,-3538
4303,4107,-990,545,329,294,780,2686
-2394,-503,-990,-611,-149,-168,-1392,-4042
252,0,1242,995,233,168,594,653
-2659,-2086,-1278,-935,-293,-420,-1512,-2135
-600,-65,-132,-95,-149,-420,-1032,-677
1116,575,-822,-2290,-917,-210,114,1607
-1134,-1223,-588,-161,41,0,-2479,-101
-1266,-137,780,2548,617,78,114,-2710
-1266,-137,780,2548,617,78,114,-2710
-204,-281,-588,-611,-293,0,534,971
-666,-1079,-1224,-2554,-533,-210,1806,3514
-666,-1079,-1224,-2554,-533,-210,1806,3514
654,1079,726,-287,425,420,960,17
654,1079,726,-287,425,420,960,17
-270,-137,612,2548,281,78,-426,-929
120,575,324,29,89,-552,-1692,-227
-468,-503,-702,-803,-437,-462,-846,-677
-468,-503,-702,-803,-437,-462,-846,-677
-936,-1367,-588,-221,-533,-552,-366,-419
450,359,498,869,713,336,-366,-1439
-402,-209,264,-419,-677,-510,-1032,-1949
252,71,954,1834,425,78,-126,587
186,71,378,89,-197,-126,0,17
186,71,378,89,-197,-126,0,17
-72,0,-72,-161,41,0,294,17
-336,-137,96,-353,-149,-84,-126,-101
-6,0,-132,-161,-53,-42,0,17
-468,-425,-474,-29,89,78,-126,-101
-204,-281,-1164,-1001,-389,-126,-246,-359
120,215,840,869,329,168,174,143
120,215,840,869,329,168,174,143
120,71,324,611,-53,-168,-186,-167
186,287,498,-29,233,36,0,143
120,143,-648,-485,-5,210,174,83
-6,-65,-186,29,89,0,-60,-101
186,287,900,545,185,36,0,-101
-72,-209,-246,-221,-245,-210,-126,-167
-72,-209,-246,-221,-245,-210,-126,-167
-204,-503,-534,-29,281,168,54,83
120,287,900,737,185,120,114,17
54,0,-300,-419,-245,0,-126,-167
-6,-137,96,-29,-5,-42,114,-41
-6,-65,36,89,-197,-84,-60,83
252,215,954,671,233,78,0,-41
-72,-65,-132,-221,-245,-210,-186,-101
-72,-65,-132,-221,-245,-210,-186,-101
-138,0,-420,-677,-149,-168,-186,-227
54,71,-246,-419,137,78,0,-41
-72,-137,-822,-545,-437,-210,54,-41
-6,143,36,29,-101,36,0,17
-138,-137,-132,-95,-5,0,-126,-227
-6,-65,-186,-287,-5,0,-186,-167
120,71,96,-29,185,36,54,-101
120,215,324,479,473,210,54,17
-204,-65,-300,-419,-197,-84,54,-41
-270,-425,36,-95,-197,-42,0,143
852,431,-246,-29,-5,78,354,905
186,-65,378,-161,-5,-42,-126,17
654,1007,-186,-29,137,120,294,143
-870,-863,-186,-287,41,78,-126,-293
-870,-863,-186,-287,41,78,-126,-293
-738,-281,36,155,137,36,-306,-2135
-804,-1870,-1338,-287,-149,-168,-546,83
720,-719,150,221,185,210,-60,719
-3457,-1295,-420,671,89,-42,-606,-4678
2509,1511,780,287,185,168,780,1991
252,215,1068,611,41,120,594,1481
-3523,-2662,-702,-869,-581,-594,-2179,-6267
-3523,-2662,-702,-869,-581,-594,-2179,-6267
-870,-1511,-1392,-1708,-629,-42,1020,1481
3439,143,-246,89,233,336,2047,3832
120,-863,-420,-161,-101,78,714,2812
1380,647,264,413,137,36,414,1925
1380,647,264,413,137,36,414,1925
3571,4251,1014,353,41,210,2107,6057
1914,1007,-534,-869,-389,-168,-60,1355
-6,431,36,-803,-293,-42,1500,-545
654,-425,-246,155,-101,0,0,1289
-468,-1295,-246,353,89,-210,-666,-293
1716,1295,-72,-221,-101,168,654,2177
984,431,-72,29,-101,-84,780,2177
54,431,-132,155,41,120,-1152,2626
-468,215,264,-29,137,0,0,-1181
-534,-791,-762,-1583,-437,-168,-1692,587
720,-425,-132,737,41,36,1560,971
-804,143,900,1966,569,336,654,-359
-804,143,900,1966,569,336,654,-359
-666,-65,96,935,89,-84,0,-2644
-138,-281,438,-743,-293,-126,1500,2494
120,-137,-72,413,329,210,294,1541
252,71,-132,-221,89,78,780,2309
252,71,-132,-221,89,78,780,2309
-6,0,-300,-743,-485,36,1080,-929
-336,0,96,671,233,210,-966,-2135
-138,-209,-534,-1840,-437,-84,-486,-1439
-336,359,378,1061,329,0,174,-1565
-1068,-647,-420,-1648,-437,-336,-786,-1313
-402,-425,-474,-743,-53,-294,54,-611
450,359,264,-29,-149,-210,-846,-3154
1578,863,-300,-485,-101,-126,-906,-167
-402,-503,-420,1451,473,336,534,779
318,647,150,-161,425,210,780,335
318,647,150,-161,425,210,780,335
120,-281,-420,413,41,-84,234,-359
-468,0,552,29,-5,-84,-126,209
720,647,264,-221,89,36,-486,401
-1332,-425,-588,-1067,-533,-510,-1092,-1373
654,287,612,-95,41,120,-126,905
-1200,-791,-474,-1325,-629,-252,-486,-1313
120,-281,-186,479,-5,0,-906,-863
384,287,210,611,329,168,-60,83
-1464,-719,438,1900,329,36,534,269
54,287,900,-935,-581,-252,-726,-167
1182,-353,-420,-1001,-725,-420,54,1733
54,-503,324,1708,89,-126,-546,461
2046,1582,1188,1319,761,420,1200,1733
918,1223,1993,1966,809,336,-126,-1565
252,-209,-420,-161,89,-84,-186,2812
1116,575,552,287,233,78,-846,-1817
1116,575,552,287,233,78,-846,-1817
186,359,324,-95,-5,78,174,143
-72,-65,-186,-485,-245,-84,54,-167
-72,-137,-132,-95,-149,-84,-126,-227
-72,-209,-534,-221,-293,-42,-126,-227
-72,0,498,611,-5,0,54,83
-6,-209,-246,29,-53,0,-60,-101
-6,-65,-18,-221,-53,-84,-60,-101
120,71,-18,89,281,120,294,143
-138,-137,-300,-545,-437,-168,-60,-101
-138,0,-300,-545,-485,-252,-306,-293
54,0,36,29,281,120,234,17
-138,-281,-300,-545,-5,120,234,83
54,215,-18,-353,-5,36,54,209
186,-137,-186,-161,-341,-126,0,17
186,-137,-186,-161,-341,-126,0,17
120,71,324,353,-149,-84,54,-41
-6,71,36,-29,41,-42,54,17
54,-137,-72,29,89,78,54,83
-6,71,-246,-419,-389,-42,0,-101
-72,71,210,221,233,120,0,17
120,-137,-72,-419,-101,0,0,-41
120,143,264,287,473,210,54,83
186,215,-18,-29,425,252,294,83
252,0,36,29,281,168,234,461
318,359,96,155,-53,-42,234,587
318,359,96,155,-53,-42,234,587
450,71,-246,-95,233,78,-126,587
-6,215,210,413,-5,-84,-126,17
252,143,150,-221,-53,-84,-126,-101
522,1223,-132,-353,-149,-294,-666,-1181
-1662,-1367,-474,-287,-101,-84,-426,-2135
1578,1582,264,353,89,210,474,1541
-336,-137,726,29,-5,120,414,143
-1332,-425,-648,-29,-149,-126,-1152,-4042
852,143,-300,-95,41,210,1020,971
-204,-425,36,-29,-5,-252,-726,17
-2196,-1007,-1855,-1708,-245,-126,-666,-3982
-534,-719,-246,-161,-197,-42,-126,-1565
-534,-719,-246,-161,-197,-42,-126,-1565
1248,359,900,221,-197,-168,654,2878
-870,71,324,29,185,120,-726,-3280
918,0,-186,-1325,-149,120,960,2435
54,-65,-762,-221,-101,36,780,-611
-204,-137,840,1517,329,78,414,143
-402,-65,-132,-353,-533,-168,-546,-41
-6,287,1470,1451,713,336,1620,2944
1980,0,-534,-611,-149,-168,-366,461
-534,-503,-534,-1391,-629,-210,-546,-863
318,359,-702,-1001,-341,-42,1140,971
-804,-503,666,89,-149,120,1806,2878
-1200,-791,-2317,-29,473,78,-2359,-3406
654,215,-420,-1001,-581,-42,-786,-1757
-204,431,1590,2290,617,168,0,-1565
-204,0,-18,-869,-485,-84,-426,-803
-72,-137,-18,155,-149,-84,-126,-41
-138,-281,-420,-161,185,36,0,-41
-138,-281,-420,-161,185,36,0,-41
-402,-209,-186,89,-53,-84,0,-227
252,287,36,221,377,210,114,83
-6,-209,-648,-611,-341,-84,0,-41
54,215,324,155,-53,-42,-126,17
-204,-209,-360,-611,-389,-252,-426,-293
54,0,36,-161,-101,-84,-60,-41
-138,-209,-1278,-1648,-341,-84,0,-101
186,0,438,671,425,252,234,83
-6,71,-72,-287,-101,-210,-126,-41
-6,-137,-72,-161,-5,36,-126,83
120,143,612,545,-101,-42,54,143
252,359,498,413,233,252,174,83
-72,143,210,-29,-197,-126,-60,17
120,287,438,353,425,78,114,17
-6,71,150,221,281,120,0,-167
54,143,438,287,137,36,0,17
186,71,-360,-95,137,78,54,17
-138,-281,-588,-677,-389,-168,-186,-293
-138,-281,-588,-677,-389,-168,-186,-293
-138,0,-72,-29,89,120,0,17
-72,-65,-18,-161,-149,-42,-126,-101
-204,-209,-420,-611,-389,-294,-186,-167
120,-425,96,287,377,78,0,-41
120,143,-18,29,-53,-84,0,-41
186,215,324,155,-5,36,174,401
186,215,324,155,-5,36,174,401
-6,0,210,29,-149,-126,0,17
54,215,-72,89,-53,120,114,-101
-138,-209,210,-95,-5,-84,-60,-167
-72,-281,-132,221,89,0,-126,-227
384,647,264,-29,-53,78,114,143
384,647,264,-29,-53,78,114,143
384,647,264,-29,-53,78,114,143
-666,-647,-936,-545,-101,-84,-126,-611
-3787,-1439,-18,-161,-5,-336,-1632,-5313
2509,2518,1068,353,89,462,2287,1289
852,-65,-702,-419,-341,-294,-546,1415
588,575,2563,1127,377,78,-906,587
2376,359,96,-485,-149,-294,-546,6567
-3391,-647,438,29,-197,-762,-3325,-8114
-1266,-1079,-1855,-1906,-581,120,114,-359
1248,719,-186,935,185,252,594,587
-468,215,36,29,329,120,-60,-101
450,-1223,-1452,-419,-149,378,2593,4786
450,-65,324,-161,233,78,114,-1499
-1530,-935,-1795,-743,-341,-126,-966,-2770
1248,863,1356,1319,425,252,900,143
186,0,-300,-161,233,0,114,-167
-666,647,1128,2098,521,210,1080,-2902
1248,863,840,155,-101,78,960,2243
-336,-503,-360,221,41,-84,-426,143
2641,863,210,-1127,185,378,2593,5739
-534,-137,-420,-485,-53,-378,-2179,-1313
-204,71,-702,-419,-245,-168,-1152,-3472
1980,719,780,1966,665,504,1200,3196
-204,71,378,413,41,-84,114,-227
-468,-281,-360,-803,-341,-378,-906,-1817
-2461,-281,612,29,-341,-462,-1152,-3154
-2461,-281,612,29,-341,-462,-1152,-3154
252,-137,-246,-419,-389,-168,-246,401
852,431,666,-221,-53,168,900,1925
-1002,-137,-762,-545,41,0,-306,-2518
-1530,-791,264,-935,-917,-510,-126,1163
-1530,-791,264,-935,-917,-510,-126,1163
186,791,498,1319,473,78,54,-485
-72,71,498,995,377,120,-606,-995
-738,-425,-822,-1001,-341,-210,-1452,-41
588,143,-186,-161,185,120,234,2051
-6,-137,96,287,41,78,174,-101
-6,-137,96,287,41,78,174,-101
54,215,36,-161,-5,78,114,17
54,-137,-702,-803,-149,-126,-306,-167
54,287,264,89,-5,36,0,-101
-72,0,-186,-29,41,36,0,-41
-72,0,-186,-29,41,36,0,-41
-72,-65,36,221,137,-42,-126,-41
-6,0,36,29,-101,36,-60,-101
120,143,378,287,-53,-42,-60,-101
-6,215,-18,-353,-53,0,54,17
-6,71,-72,-29,-5,36,0,269
-6,71,-72,-29,-5,36,0,269
-138,-647,-702,-485,-101,-126,0,-167
-72,71,36,29,185,0,-60,-167
-666,-503,264,29,-5,-42,-306,-359
318,503,264,89,-101,36,-60,-41
252,-719,-300,-221,-53,0,174,269
-270,-425,324,89,89,168,294,-41
-270,-425,324,89,89,168,294,-41
252,1151,1068,545,281,210,594,83
120,359,-18,-95,-149,-168,-126,83
54,-575,-72,-95,-101,-168,-546,-545
-402,-575,-648,-1391,-341,0,354,1289
-1002,-65,1128,995,41,-294,-1032,-1439
-1200,-1223,-474,-611,-485,-336,-246,1037
-72,575,-420,-29,89,-42,-426,-1373
-1002,-647,-588,-419,-197,0,-306,-419
450,0,-246,29,137,36,54,527
-6,-281,-1392,221,-53,-42,-246,-929
-138,287,498,221,89,168,1260,-227
-6,-353,-876,-743,-5,168,1260,2494
120,-425,-1338,-1840,-677,-336,-546,-419
-1002,-65,378,-221,-389,-252,-1632,-737
186,287,1188,413,185,36,474,335
-270,-353,-762,155,41,36,-60,-1373
384,503,840,1319,425,168,-186,-227
384,503,840,1319,425,168,-186,-227
-1398,-281,-936,-803,-677,-462,-1092,-2393
-2130,-791,-474,-95,-53,78,-246,-1373
-6,-503,-1795,-1774,-629,-294,900,-485
1848,503,900,545,137,120,534,1799
654,-353,-186,-485,-149,36,1260,2051
-1662,-65,378,89,377,36,-726,-1883
588,719,900,1061,665,336,474,779
588,935,1128,2032,617,252,234,-41
1380,0,36,-29,-5,-84,234,2494
588,431,264,89,89,168,654,1223
588,431,264,89,89,168,654,1223
-6,863,1705,3519,1049,420,1320,653
-1002,-1007,-1680,-1583,-581,-294,-846,-1499
318,-719,-1224,-1648,-101,78,294,401
1182,503,1705,1061,41,0,-726,-2009
-1596,-137,96,89,233,78,-246,-1499
-402,359,-186,29,41,120,114,-1055
-138,-281,-300,-419,41,-42,0,83
-6,143,840,995,185,78,114,209
-204,-281,-534,-485,-101,-210,-246,-227
-138,0,-246,-353,-293,0,-60,17
-138,-281,-702,-1067,-149,0,-60,-167
-138,-209,-186,29,41,36,174,-41
120,71,-18,155,-101,-84,0,-41
-6,0,210,89,-53,-42,0,83
-72,-65,-534,353,233,36,114,-101
-138,71,150,413,89,36,0,17
-6,-209,-186,-545,185,36,114,83
-72,71,210,29,-53,-126,-186,17
-6,-65,-132,-353,-101,-42,-126,-227
54,-65,96,89,89,78,0,17
120,215,-72,-221,-5,-42,54,17
-6,143,552,545,-5,0,54,-41
186,71,-300,-419,-197,0,-60,83
-6,143,150,155,185,78,114,17
120,143,150,29,41,-42,0,-101
120,143,150,29,41,-42,0,-101
-138,-65,210,89,-245,-210,-60,-101
54,71,264,-95,137,78,54,-101
54,71,264,-95,137,78,54,-101
-138,0,-360,-161,233,120,-186,-101
-138,-353,-474,-485,-5,120,54,-101
-72,143,150,221,-5,0,0,-101
120,-137,150,155,-53,36,54,83
54,0,-72,-161,-197,-168,0,-101
54,0,-72,-161,-197,-168,0,-101
-204,71,96,-161,-149,-84,-126,-359
-204,71,96,-161,-149,-84,-126,-359
-870,-209,-72,-95,-5,-210,-906,-2201
-138,-209,210,-161,-149,-84,-60,17
-600,-65,-132,-161,137,210,114,269
-204,503,840,89,-53,-168,-726,-1499
-204,503,840,89,-53,-168,-726,-1499
318,359,-534,-221,-101,210,1020,1289
-3919,-1654,-360,155,-149,-510,-2479,-5445
-3919,-1654,-360,155,-149,-510,-2479,-5445
2839,2302,324,155,137,294,1020,2752
120,647,150,89,281,210,294,-545
120,647,150,89,281,210,294,-545
1182,-65,-300,29,-101,120,780,1991
-270,287,-132,413,41,-636,-2719,-2453
786,791,-360,-161,185,168,-606,-1055
1182,1079,780,545,713,336,1020,1481
-1134,-1079,-1855,-2290,-581,-336,-426,845
-2328,287,498,-221,-293,-42,-486,-3220
-936,0,1242,1061,41,-84,-786,-737
-804,-575,-360,-95,-197,-210,-186,-1055
-72,71,-360,-29,233,78,54,-293
-804,-503,-990,1385,41,-210,-2785,-6843
984,215,-300,89,473,420,534,1223
522,-719,-1050,29,-101,36,1260,-863
384,-647,1188,2290,569,210,1320,2944
1248,1654,498,479,761,504,-726,1415
-1464,-209,498,1061,185,-42,0,-3154
-72,143,552,1127,137,78,-546,-1121
2112,647,1470,1385,665,462,1080,779
384,719,150,89,233,210,1200,1991
318,-425,-762,-1774,-725,-378,-366,-485
852,575,1188,2158,473,210,0,527
450,-353,36,221,-101,0,1440,2177
-468,-137,-534,353,-5,-42,-186,-1121
-1200,-281,-1278,-611,-245,0,-306,-1691
-2196,-863,-474,29,-197,-252,-126,-1757
1380,-209,36,-1127,-629,-126,-126,269
-6,-65,-132,-29,-245,-84,-126,143
120,215,780,737,-293,-42,54,17
-204,-65,150,-161,-149,-210,-306,-167
120,215,552,611,137,168,174,143
-138,-209,210,413,-149,-168,0,-101
54,71,36,-161,89,36,54,83
186,-65,-18,737,473,120,54,83
54,71,-18,545,281,78,54,-101
-138,0,438,737,41,0,-60,-41
120,0,264,-161,-101,36,0,17
-336,-137,-360,-935,-197,-84,54,-101
252,215,264,545,281,168,0,17
318,0,-360,-743,-197,0,0,17
-72,-65,36,155,-101,-126,0,-41
120,143,-132,287,185,120,54,17
252,0,438,155,-5,-42,0,83
-336,-281,264,221,41,-84,-60,-227
-72,143,-18,89,-5,36,54,17
54,0,-18,221,41,0,54,-41
54,71,-18,29,-5,-42,0,17
54,71,-18,29,-5,-42,0,17
-6,0,264,155,-5,120,0,-41
120,71,36,-419,-53,78,0,17
-72,-137,36,155,41,-42,0,-41
-1002,-1654,-360,-161,-197,0,174,-41
-1002,-1654,-360,-161,-197,0,174,-41
252,791,-18,479,377,210,234,-41
-72,431,-420,-95,41,0,-366,-1373
450,-353,-822,-353,89,120,114,-41
252,-719,-132,-29,89,0,54,-41
588,2086,552,413,-5,-294,-906,-1883
588,2086,552,413,-5,-294,-906,-1883
-1794,-935,-18,353,41,36,-60,-293
1644,0,36,-353,137,420,1500,2812
1644,0,36,-353,137,420,1500,2812
2707,1079,612,671,89,336,1380,2309
-738,-425,-246,-419,-197,-378,-1752,-863
-468,215,210,479,-53,-84,-246,-2135
654,143,-246,-1259,-437,-42,-126,1163
654,143,-246,-1259,-437,-42,-126,1163
720,-353,-300,479,41,36,294,587
720,-353,-300,479,41,36,294,587
318,-209,-534,-1067,-341,-378,-306,-485
-534,-503,-762,29,89,78,960,269
852,575,840,1642,473,168,354,2369
-666,-863,378,1253,-101,-252,-846,779
1980,1295,1014,-803,-53,-126,-486,-359
588,503,378,1127,569,420,900,401
-1530,-65,498,2290,569,336,780,1037
-738,-425,-534,-1648,-341,-294,-2179,-3220
186,215,264,155,329,210,294,209
-72,71,438,29,185,168,-126,-293
120,0,96,155,-293,-126,-366,-227
-138,71,498,-95,-149,-84,114,17
-204,-281,-246,353,-245,-420,-726,-293
-72,71,150,155,-53,-84,0,17
-6,143,-132,-803,41,36,-126,-101
384,143,36,353,41,120,54,17
-402,-281,-246,29,137,78,-126,-293
186,-65,-186,155,713,378,174,17
-72,0,498,479,137,168,354,143
-6,71,378,-29,-293,-126,0,-101
-6,215,-246,-95,-149,-84,-126,-101
-72,-65,-72,155,89,0,-186,-167
120,143,96,-95,-293,0,114,17
120,359,378,29,41,0,0,83
-138,-137,150,-95,-197,-168,-126,-41
186,287,552,803,521,336,174,143
-6,-137,-300,-611,-197,-42,174,17
-72,-137,-132,-95,-101,-126,-306,-101
252,287,324,545,569,210,174,17
-6,0,96,221,-197,0,114,17
54,-137,-186,-95,-293,-126,0,-41
-204,-137,-648,-419,89,0,-186,-101
-6,-137,210,-95,-53,-84,54,83
-72,-209,-474,-287,-53,36,-126,-167
-72,-65,36,155,-149,-168,-306,-167
-336,143,-186,287,185,36,-306,-1181
-270,-281,96,155,-53,-84,54,527
720,935,150,287,-5,120,354,587
-402,-1007,-186,-95,41,120,414,209
-6,-209,378,-485,-101,120,294,-41
522,1295,96,-161,-53,-84,-246,17
-1068,-353,378,-95,-53,36,474,971
-402,-137,-936,-221,-53,-168,-906,-2710
-2328,-425,552,545,137,-126,-1152,-5505
2641,2302,1416,1253,377,210,534,1799
-1662,-2878,-1164,-1001,-533,-636,-1272,-1817
-936,-935,-3866,-287,89,0,-60,1799
1716,1439,1128,-161,-341,0,840,1037
-468,215,954,869,233,-126,-906,-2770
852,215,-132,-161,-245,-252,-1092,17
-270,0,-72,-287,-197,-84,-1032,143
522,431,498,-287,233,378,1380,1037
-804,431,-186,-221,-5,-210,-546,-995
318,-65,210,479,473,252,780,1481
1446,719,552,-29,185,294,654,1415
-72,-281,-360,1451,41,-42,780,2309
450,-425,-18,-419,185,168,-906,-2201
450,719,954,869,617,378,-126,1733
522,-65,-72,-1451,-341,-126,780,2752
-6,-791,-474,29,-437,-462,1500,4216
-1860,-719,-72,-1193,-725,-420,174,-2075
-2064,-209,-762,221,281,336,354,-2009
918,71,36,803,281,294,1620,1733
522,-575,-1110,-1708,-773,-336,0,-419
54,215,264,353,41,-42,114,-101
318,287,324,545,329,210,114,143
-6,-209,264,353,-149,-168,-186,-167
120,-65,-246,-161,-5,78,114,-41
-6,71,96,29,137,-42,0,143
54,71,-186,-221,185,78,0,83
-6,-137,-420,-221,41,-84,54,143
-6,143,210,-95,-149,-42,-60,-167
-72,143,150,29,-5,36,54,-41
-270,-503,-876,-935,-437,-168,-186,-227
-6,0,264,353,281,168,54,83
-6,0,-18,-95,-197,-168,-126,-227
120,287,552,479,329,120,114,-41
186,143,-186,-29,41,36,114,143
-72,215,210,155,233,168,0,-41
-6,-137,36,155,-197,-42,-186,-41
-6,-137,-132,-353,-149,0,0,17
54,0,-72,-221,281,420,294,17
-72,-65,36,287,-101,-168,-60,-167
-6,-65,-420,-419,-101,-84,54,17
-6,-65,-420,-419,-101,-84,54,17
-6,143,210,353,89,-42,0,17
450,143,378,155,-149,0,0,587
450,143,378,155,-149,0,0,587
120,-353,-246,-353,-101,0,114,401
-72,-209,-762,155,-101,0,0,83
120,287,666,-95,-53,0,54,461
120,287,666,-95,-53,0,54,461
-72,143,-822,-419,185,0,-126,-485
-270,935,1302,479,137,252,114,-101
384,647,1242,1642,329,168,54,-1439
-804,-425,-300,-1127,-245,-126,-246,-227
2977,1439,-186,-29,-5,-168,-186,971
-600,-1151,-822,89,-149,-336,-1212,-101
-936,-353,-876,-1840,-197,-294,-1272,-2453
-270,-575,-1452,89,-5,120,534,-1691
3043,1439,1188,1385,473,294,2773,3196
2178,575,96,611,89,378,2347,5487
-804,215,-246,413,-149,-168,114,1037
-666,-209,666,1193,-197,-126,1500,779
120,143,-246,-221,281,168,-426,83
-468,-137,726,479,41,-84,-60,-41
852,-935,-762,611,-245,-210,-786,-4174
-270,-575,-876,-29,-53,78,-666,-1691
450,431,-246,413,377,294,1440,1481
-1266,-1295,-534,-1325,-197,-336,-1212,3130
-1002,-353,-648,-29,185,78,-366,-2393
-600,-353,210,-353,-245,0,1380,-101
-270,71,36,-935,-341,120,594,335
186,-353,-18,-2356,-437,-294,0,-545
450,-137,-18,-611,89,36,534,-737
1980,0,-246,1061,137,-420,-4472,-677
-204,-719,-1680,-1067,-197,294,2527,-419
-870,-425,96,-545,-725,-336,414,335
1716,575,840,2158,665,462,1866,2177
-1926,-137,-246,221,233,168,714,-3664
-870,791,780,935,809,420,-306,-1499
-1794,-503,-1855,-2488,-341,-126,-666,-419
120,359,612,-95,41,-168,-2299,-485
654,287,954,2998,521,504,1620,2494
588,719,954,1385,617,168,-606,-677
186,-209,324,545,-341,-210,234,17
-336,-281,-420,413,-485,-510,-726,269
2707,503,552,2158,425,336,174,3640
2707,503,552,2158,425,336,174,3640
-138,71,612,353,-5,-84,54,83
54,-65,-18,29,-149,-84,0,-41
-6,0,-246,-353,89,-42,0,17
54,71,378,287,-197,0,0,-101
-204,-209,-420,-611,-437,-252,-366,-227
-72,-65,150,221,-53,-42,0,17
-138,-209,-300,-545,-53,36,0,17
54,143,96,155,185,36,54,-41
-138,-65,-18,-29,137,0,-60,-41
54,71,96,353,473,78,54,83
-6,0,324,413,-245,0,0,-41
186,215,96,89,-5,78,54,17
-138,0,-132,-353,-5,-84,-126,-167
-72,0,-420,-803,-389,-168,-60,-101
-6,-137,-420,-419,-341,-126,-60,-101
-6,-137,-420,-419,-341,-126,-60,-101
-6,0,-360,-95,-293,-210,-186,-41
-72,-137,36,-29,-245,-84,-60,-167
-6,0,-246,-287,-5,0,-60,-41
-6,0,-246,-287,-5,0,-60,-41
120,71,-18,-29,-101,0,0,-41
54,143,264,29,-5,36,54,-41
186,-137,-420,-287,-149,-84,-60,-41
54,71,36,-221,-293,-42,-126,83
-72,-65,-72,-29,137,36,114,17
-72,-137,-72,-287,-293,-42,-126,-293
54,71,96,155,185,78,174,83
-870,-863,-474,-95,473,36,-366,-1247
450,575,264,-95,-341,-168,0,17
1050,863,324,-95,-101,120,654,1481
-1926,-281,-132,-1648,-629,-252,-486,-1181
-2064,-1798,-2371,-2164,-629,-294,54,-1439
-2064,-1798,-2371,-2164,-629,-294,54,-1439
-1662,71,1188,1253,-5,-252,-1272,-1631
-270,719,1705,-29,41,-42,-906,-611
-270,719,1705,-29,41,-42,-906,-611
186,-65,-474,-1325,-197,-336,0,779
54,143,780,1451,185,-210,-1452,-803
318,575,1068,611,-5,120,654,-1121
1182,575,96,-419,-293,-252,-366,1355
54,431,1530,2938,521,210,-186,-1949
120,-137,-1680,29,185,0,-246,-611
186,431,1014,1253,473,78,354,-995
-468,-281,-822,-1583,-101,-84,-426,-167
-6,-209,900,155,-245,-210,-666,-1565
1446,935,1644,1385,329,252,234,-611
318,431,324,611,473,336,-546,-737
-336,71,-648,611,281,210,534,-419
-72,-791,-1795,-803,-197,-42,174,2177
318,287,96,155,41,-126,-726,-167
-666,-137,1128,155,-581,-126,1200,1163
120,431,378,1577,665,294,54,83
-270,143,-534,-869,-245,-294,-606,-101
54,143,438,611,-101,-84,-60,-41
384,215,36,89,233,210,114,209
-6,-137,-534,-287,185,78,54,17
-204,71,-72,-29,-5,-84,-126,-101
-6,71,-300,-611,-485,-168,0,83
-138,-209,36,-95,-245,-210,-186,-41
-72,-209,-588,-677,-197,-84,-60,-227
-6,-65,378,413,-5,36,114,-167
54,0,-72,-221,233,120,54,-41
54,71,-186,-29,137,36,114,17
54,143,498,671,-149,-84,-126,-41
-72,-65,-300,155,233,120,54,-227
-138,0,-18,-419,-197,-84,-60,-41
54,71,-186,-221,281,120,0,-41
120,71,-246,-95,41,-42,0,83
54,287,150,479,617,378,294,143
-6,-209,-420,-95,-101,0,-126,-41
-6,71,210,-29,41,78,-60,-41
186,0,-186,-95,137,120,114,335
54,0,-72,155,-5,0,174,401
-204,143,-360,-29,-53,0,54,-227
-72,-65,552,89,-53,-42,0,143
54,143,96,29,-53,78,54,83
-138,215,210,-29,-53,-126,-246,-485
384,503,-300,-419,-5,0,234,527
-738,-1223,150,611,281,210,294,17
-738,-1223,150,611,281,210,294,17
-3391,-2302,-300,-677,-197,-210,-486,-929
252,1007,-474,-419,-53,-42,-186,-485
450,71,-18,-221,-53,120,714,1733
450,71,-18,-221,-53,120,714,1733
-534,-575,-702,-287,137,-210,-846,-803
-1332,-1223,-1452,-545,-293,-84,-306,-611
-6,-791,-822,-611,-341,-168,-246,1925
450,503,900,1127,-53,0,-186,-737
318,215,-246,-1583,-485,-252,-246,-485
654,431,378,29,89,168,54,461
252,431,-18,-353,89,168,474,-611
384,359,150,-1127,-101,78,-726,-995
1578,431,438,1900,425,378,1260,2944
654,863,612,935,329,378,1140,1037
2046,503,-360,-221,185,252,900,3004
186,-281,-1392,-1451,89,78,114,-293
-402,-503,-534,-545,-245,-126,0,845
2839,287,150,155,137,-42,1987,1541
-468,-503,-474,-611,-629,-336,-1572,-545
-468,-425,210,-803,-149,-126,-1392,-677
-2064,-1654,-1915,-1583,-725,-336,54,1541
1380,431,1242,995,233,504,2713,3448
-270,503,-186,1834,569,210,-726,-1373
120,71,264,353,617,336,294,143
120,71,264,353,617,336,294,143
-138,-65,-534,-287,185,-42,-126,209
120,143,498,287,89,-42,0,143
120,215,612,221,-53,0,0,83
-138,-137,-132,353,281,36,-60,-419
186,215,378,737,89,120,414,209
-6,143,378,287,-53,0,54,83
252,215,210,-221,185,168,174,-41
-72,0,-186,-221,-197,-126,-186,17
54,71,552,935,281,210,174,209
54,215,36,-95,137,120,54,17
54,-137,-186,-95,41,36,0,-167
-72,-65,-246,-221,-245,-252,-246,83
-72,-65,-246,-221,-245,-252,-246,83
54,287,438,413,233,120,54,83
54,-65,96,89,-341,-210,-126,-227
-72,0,-72,-353,-293,-42,54,-41
54,0,-186,-29,233,210,174,17
-72,143,-186,479,233,0,0,-167
54,-65,36,287,233,78,54,83
-138,-281,-360,-803,-245,-42,114,17
54,71,324,-221,-245,-84,-60,-41
54,71,324,-221,-245,-84,-60,-41
54,0,36,-221,-101,0,-60,-41
-6,215,264,479,185,120,0,17
-6,-281,-648,-869,-245,-126,-126,-227
-138,-137,-186,89,-245,-126,-126,-41
54,143,-18,-353,-101,-42,0,17
120,215,150,-95,41,-42,0,-41
-72,-65,-18,-353,-149,-84,-126,-41
186,-281,-72,-95,137,78,234,209
-402,-503,438,-287,-197,-84,-186,-293
588,1223,726,611,425,168,114,17
-666,-1439,-186,-95,-197,-168,-246,-359
-1998,-1439,96,-95,-101,-168,-306,-167
1644,1654,150,155,-5,168,174,335
-138,-209,-1050,-353,137,210,654,269
-138,-209,-1050,-353,137,210,654,269
-2659,-3309,-1626,-1067,-629,-888,-1752,-2075
4832,3094,954,-869,137,336,1746,7646
984,71,-1915,-485,-197,-888,-4052,-4174
1314,431,666,-743,-149,-42,900,4786
-1134,-1007,210,-161,-629,-336,-126,-1757
720,71,-360,671,281,210,174,-485
252,719,726,545,233,210,234,-1313
318,71,210,671,185,294,1260,1925
54,143,150,-1972,-197,-42,780,1163
852,1007,-132,-95,233,252,174,-2327
450,503,2161,1834,473,78,534,971
522,-137,-702,-221,185,78,-786,-1691
384,71,-822,-1067,569,168,54,1355
384,71,-822,-1067,569,168,54,1355
-402,-647,-1452,-1193,-389,-42,474,-1565
-2725,-1079,-1566,-803,-341,-84,414,-101
1446,863,2047,3064,665,120,-366,-611
1248,935,1242,413,233,378,1560,2626
852,-281,-1338,-3327,-917,-336,294,-1373
-738,575,1416,1966,905,294,714,-677
1314,71,-1050,-611,41,78,174,143
318,359,1416,2416,281,36,234,2494
120,359,552,-29,281,168,114,83
-270,-65,-132,-419,-293,-210,-60,-167
-468,-503,-876,-677,-293,-210,-306,-419
-468,-503,-876,-677,-293,-210,-306,-419
-336,-863,-2257,-1774,-533,-210,-126,17
318,71,210,353,473,294,174,143
252,287,726,671,-5,36,174,83
120,215,264,-353,-197,-210,-606,-101
-72,143,36,353,89,36,234,83
54,-65,-360,89,233,210,234,-41
-468,-791,-1795,-1325,-581,-252,-366,-359
-72,143,-18,-287,41,-42,0,-227
-6,71,-18,89,-149,-42,-126,17
54,215,210,287,-5,0,54,-41
-72,-137,-534,-287,-245,-84,-126,-41
-72,-65,-300,-161,-197,-168,0,17
54,71,150,155,137,78,0,17
54,-209,-360,-95,185,78,54,17
120,71,96,353,185,120,174,143
120,71,264,-221,-53,-42,-60,-101
120,215,378,287,233,252,114,83
120,215,378,287,233,252,114,83
-138,71,-474,-221,41,0,54,17
-6,-65,96,-161,-101,0,54,-41
-72,-65,-246,-95,185,78,54,-41
-6,143,150,89,-5,0,-60,-101
-6,-353,-648,-95,-293,-84,114,-41
-6,71,150,-161,-197,-168,-186,-167
54,71,-72,-29,89,-42,0,17
-138,-353,-990,-353,-101,0,-60,17
54,71,-18,-353,-5,0,174,335
54,215,96,89,-53,78,174,-167
-138,-209,150,353,329,36,0,269
120,431,-72,287,-197,-126,0,653
-1134,-1151,-132,-545,-5,-84,-966,-2201
-1728,-1798,150,287,41,0,234,587
-1728,-1798,150,287,41,0,234,587
-468,-65,-588,-353,-149,-294,-1332,-1757
186,-353,-588,-545,-149,-126,-186,209
522,863,1014,545,377,210,174,143
-2923,71,726,1061,137,-294,-2599,-5127
-2923,71,726,1061,137,-294,-2599,-5127
1248,-281,-18,-1972,-725,-294,-426,-611
-804,215,210,-221,377,210,-60,-1313
-138,287,-822,-803,-149,252,2227,527
1248,-65,-822,89,377,336,1020,1925
-738,-2014,-1626,-2164,-1253,-594,-546,1799
54,503,1188,2032,713,210,-246,-1631
786,287,-588,-677,281,336,354,1991
-6,-137,-534,1127,233,78,-60,971
-72,-425,210,89,-293,-378,-1212,-1055
384,503,900,-29,233,36,-246,-359
-336,-425,-1050,-1708,-101,336,3133,2243
984,647,1302,737,425,294,1080,4786
-2262,-791,36,869,-245,-378,-2239,-5889
1512,1367,612,1708,521,504,-60,1991
-870,-791,-1278,-3070,-1061,-210,1080,83
-402,431,264,671,281,252,0,-1373
450,-425,-762,-1259,-293,-378,-1752,1097
120,575,552,935,377,36,-726,-929
450,-65,-1855,-2938,-437,-84,654,1223
-804,863,2677,2872,569,36,-546,-1499
-402,71,666,935,-53,-84,-60,-167
186,143,726,671,-101,-126,-60,17
-6,143,210,287,137,36,0,-101
-138,-209,-72,-95,-149,0,114,-101
-204,-209,-246,-485,-101,-42,-60,-101
186,215,324,155,89,78,0,-41
-6,-65,-72,-29,89,120,54,-101
-138,-281,-936,-485,-101,-126,-126,-101
-6,71,780,1061,-53,36,114,-41
-6,71,780,1061,-53,36,114,-41
-6,71,-474,-419,-5,36,54,-101
-72,0,-186,-161,-5,78,54,83
-6,215,210,545,281,78,0,83
-6,215,210,545,281,78,0,83
54,71,96,89,377,36,0,17
54,-65,150,155,185,168,294,209
54,143,498,803,137,0,54,-41
54,71,-246,-287,-5,36,114,-101
-72,-65,-186,-95,-389,-168,-186,-101
54,0,-186,-353,-53,210,114,17
-6,71,-132,-29,-293,-252,-186,83
-72,71,-18,-29,-101,-84,-186,-293
186,215,96,287,281,120,174,83
54,0,-246,89,185,78,174,83
384,-137,-474,-353,-101,36,234,845
450,359,96,-221,185,78,234,401
-402,-719,-72,89,185,0,-60,17
-204,-719,-1795,-419,89,78,114,-359
186,575,780,611,41,78,0,-293
-1530,-2950,-822,-161,-149,-294,-546,-359
786,503,-420,-161,41,252,1020,905
654,1654,1416,89,473,168,-246,-677
186,287,954,-95,233,210,594,845
384,-137,-246,-95,-149,-210,-60,4720
-2262,647,438,221,-101,-336,-2239,-5445
-270,791,1470,869,281,-252,-2059,-4744
-336,-503,-420,287,-101,-294,-546,779
-600,-575,-1626,29,185,-42,-726,-293
-600,-575,-1626,29,185,-42,-726,-293
2046,1151,780,737,233,378,1020,1415
522,431,1644,737,473,36,-366,83
654,-65,264,-29,-677,-168,294,2117
-2196,-791,-702,-1193,-245,-210,-846,-3538
-1464,-209,-186,611,-53,-168,-606,-1313
654,359,324,1774,377,0,0,-227
186,143,-702,-1193,-53,-42,-1572,-545
918,287,-936,-1067,137,336,1560,1673
186,287,36,89,233,-42,54,779
786,215,780,479,281,-42,-546,269
-72,-575,264,-287,-197,-84,-606,17
-738,-863,-1110,-29,-5,36,714,905
-534,-353,-186,-419,-245,0,-126,1481
-2130,-647,438,287,41,-210,-486,-1883
1512,575,-588,-1451,-197,168,1260,1673
54,0,96,29,-53,0,114,83
252,71,324,221,-101,-42,-60,-41
186,71,150,155,-5,-42,54,83
-270,-209,-588,-1127,-341,-126,-60,-101
-270,-209,-588,-1127,-341,-126,-60,-101
54,71,210,221,-101,78,54,-41
-270,-209,-588,221,329,120,54,-41
384,287,438,287,281,0,114,143
186,215,150,-95,377,168,174,143
120,-137,210,89,-293,-168,-186,-167
450,0,-762,-287,425,294,174,17
-804,-137,-132,-545,-293,-126,0,-293
384,143,-18,29,89,120,174,17
186,71,36,89,137,36,54,-41
-6,-65,-420,-287,-5,-42,-126,-101
120,143,-132,-287,137,0,54,-101
120,143,-132,-287,137,0,54,-101
186,215,-72,413,233,36,54,-41
54,0,36,29,41,78,-60,-101
-600,-209,612,89,-245,-126,-126,-227
252,71,-72,-29,41,-42,-60,17
54,-137,-186,-287,-149,0,0,-41
186,0,-186,-419,-5,36,0,17
186,0,-186,-419,-5,36,0,17
-6,0,36,287,233,120,234,17
54,-65,96,221,-149,-126,-60,-167
54,71,-132,-95,-149,36,114,401
252,143,-18,89,425,294,234,-167
654,359,324,29,-5,78,174,905
186,287,36,287,185,168,294,-101
-600,-575,-132,-485,-293,-210,-426,-359
318,-425,-1338,155,-293,-42,354,335
-336,143,1128,353,137,78,-60,-41
852,-425,-990,671,185,78,714,2243
-468,-791,612,155,41,0,234,17
54,-503,-1110,-1517,-293,-84,-186,461
1248,1151,264,353,281,252,780,3262
318,-137,210,611,425,336,474,-101
1116,647,1014,2290,521,252,0,-485
1116,647,1014,2290,521,252,0,-485
984,-863,-474,-1517,-629,-294,534,1097
54,-65,-360,-611,89,-126,-606,335
-1002,-863,-702,-161,-149,-84,-126,-1691
-270,431,1014,2416,569,294,-426,461
318,215,-822,-221,-101,210,1140,3196
-1332,791,1819,803,41,-462,-2719,-3154
2046,935,1705,3130,377,420,3073,3196
-138,287,-1050,-2614,-101,210,-606,-41
-270,-425,-990,-1067,41,210,354,-359
-138,935,-534,-2164,-341,-168,-1452,-3406
-138,935,-534,-2164,-341,-168,-1452,-3406
318,287,552,1642,521,420,2047,653
-3055,-1295,780,2356,137,120,534,-227
-534,-1151,-1110,-1001,-149,-252,174,269
588,1511,1416,869,233,-378,-2419,-2135
-2196,-935,-1050,-2554,-725,-462,-786,971
-72,-353,954,2416,425,36,-3445,-2710
-1926,-1223,378,-2098,-1013,-720,474,-2009
1446,431,-420,-545,-533,-210,-186,-929
1716,-209,-534,-29,-437,-42,780,2177
1248,-353,-2545,-2164,89,294,-546,1289
-204,-719,-588,89,-293,36,780,1541
318,0,96,-221,-53,-336,-1632,-1055
-204,-2086,-1566,-545,-581,-552,-1272,-545
-3259,-209,438,-1451,-821,-462,-966,-1691
-1398,-137,-420,-1648,-917,-84,534,-2075
3373,1511,1014,671,377,504,1440,2494
852,-353,-132,1385,473,168,354,-167
852,-353,-132,1385,473,168,354,-167
-1002,-137,726,2740,1145,120,-1152,-1373
-2130,-65,264,1900,665,378,354,-1691
984,-65,96,287,233,78,960,-41
120,-65,-18,287,233,78,54,143
120,-65,-18,287,233,78,54,143
-72,0,-246,-221,-5,0,0,-167
120,287,150,29,425,210,-126,-101
54,71,36,-95,-197,-168,-60,-41
-6,71,210,611,281,294,174,-41
252,143,324,-221,41,0,-186,-101
-72,215,612,155,137,36,0,83
-204,-65,96,287,-197,-42,-60,-167
-468,0,-186,155,41,36,114,83
-1530,-425,210,155,-149,-84,-186,-227
252,143,324,287,-5,78,174,-167
252,143,324,287,-5,78,174,-167
-6,71,36,221,377,0,174,143
-6,71,36,221,377,0,174,143
120,143,210,479,-245,-126,-126,-101
-138,-137,-132,-95,-53,-126,-60,-101
186,143,-246,-353,-5,-84,0,-41
54,-65,-132,-161,-149,-126,-60,17
-72,-65,36,29,-149,-210,-60,-41
-138,0,-246,-419,-293,-168,-126,-41
120,287,498,413,425,168,174,209
120,143,324,413,41,36,0,17
-72,0,36,-95,-149,0,0,-41
-6,0,-72,29,89,36,54,-167
120,143,36,-221,-197,-126,54,269
186,143,-72,155,569,168,114,335
-72,143,438,-221,41,0,54,-611
252,647,378,155,89,36,-126,143
252,287,-186,-29,89,120,114,461
918,-137,-420,-29,-101,120,714,2686
252,863,-420,221,281,78,174,17
-666,-353,-72,-353,-149,-294,-726,-863
720,575,666,-95,-53,-42,234,1097
252,431,666,89,89,168,534,1289
120,71,378,353,185,36,114,-1499
1380,-425,-1680,-1325,-341,36,354,653
-3589,-2302,-420,221,-53,-252,-1272,-3472
-468,791,498,611,89,-336,-1512,-2584
-204,71,378,29,-101,-126,-426,587
852,71,378,-1001,-485,-552,-186,3130
-1998,-1223,-822,737,-245,36,-606,-929
2046,791,1014,479,473,504,1620,1859
-936,71,36,-29,41,-126,-906,-2644
-936,-137,-300,29,-149,0,414,-1757
1380,-1367,-3524,-5330,-1061,-210,534,1991
1248,575,954,1834,569,378,1320,4852
1512,791,1242,1966,713,378,1200,653
-936,-137,-648,-353,41,210,0,-737
984,791,1356,-803,-149,-84,-846,-1949
-2527,-1079,-990,1061,281,210,234,-1631
186,-425,-876,-1127,-581,-252,-606,-611
-2262,-1654,-2083,-2422,-1205,-720,-1512,-1499
918,431,2965,3969,1049,630,780,1223
1446,2014,1590,2158,1193,630,1020,527
-1266,287,210,671,-101,-420,-1212,-3664
1380,1151,378,-545,233,294,54,587
-2725,-1439,-1626,-3909,-1403,-462,354,-1817
522,-137,2107,1642,521,36,54,971
1116,143,780,545,-245,-210,-60,527
-138,575,1128,2548,905,168,-966,-737
-666,-503,1068,1577,185,-126,0,-41
54,-65,-1338,-2032,-389,-336,-846,2309
-72,287,210,29,185,168,-2905,-1439
-402,287,726,1193,425,168,-60,-2201
120,-575,-1452,-2746,-389,0,1440,2560
3505,863,-72,2158,425,420,1080,4150
3505,863,-72,2158,425,420,1080,4150
1116,431,552,353,137,252,714,-611
-1530,-209,1470,1319,857,420,1140,-359
-1926,0,780,1517,521,336,-786,-2644
-402,431,726,-545,-677,-252,54,209
-402,431,726,-545,-677,-252,54,209
-738,-503,-822,413,329,336,840,269
-2130,-1511,-1626,-3519,-1253,-888,-2479,-677
-402,-281,-72,-221,-101,-84,-60,-293
450,143,324,89,-53,0,114,83
54,287,150,29,-5,0,354,209
54,215,264,155,185,36,-246,-419
-138,-65,-132,-287,41,-84,-60,-101
-6,0,-246,-221,41,120,114,-41
186,71,-474,-743,-101,-126,-60,-101
-6,0,378,353,-197,168,174,17
-270,-137,-246,-287,41,-84,54,-167
-72,-281,-300,29,329,120,114,-41
54,0,150,89,-53,78,174,17
54,-137,-360,89,233,78,54,-167
54,-503,-936,-1127,-629,-336,-186,17
54,-503,-936,-1127,-629,-336,-186,17
120,143,438,353,89,-84,-60,83
54,359,726,89,41,36,-60,17
120,287,612,287,233,120,114,-101
120,287,612,287,233,120,114,-101
54,71,96,287,233,0,0,83
-6,0,-72,545,473,168,0,-167
54,71,-246,-221,-53,0,0,-41
120,143,96,155,-53,36,0,17
54,143,36,-95,-101,-84,-60,-41
54,-65,-360,-161,41,78,54,-41
54,71,210,353,89,0,-60,17
-402,-137,96,29,-149,-42,54,17
-138,-209,-72,-95,185,210,114,-101
120,215,150,155,185,0,54,-293
-270,215,-246,155,185,78,-126,-611
54,71,552,221,-5,36,54,17
-138,-209,150,29,-53,36,54,209
-402,-425,96,-287,-101,-42,-60,-293
384,647,1302,155,41,168,234,401
-600,-281,666,29,-197,-252,-126,83
-600,-281,666,29,-197,-252,-126,83
-1266,-2158,-2197,-2614,-677,-594,-4292,-2836
1980,719,-246,-611,-245,0,54,2812
1980,719,-246,-611,-245,0,54,2812
786,71,264,-485,-197,78,900,653
2046,647,-18,287,377,378,1020,2243
-6,0,-72,-485,-101,-42,-1332,-611
-6,-65,150,-419,-5,78,654,719
2575,143,-762,-95,233,36,1140,6057
2575,143,-762,-95,233,36,1140,6057
654,-137,-186,-1067,-101,210,2287,3388
852,1079,1014,1319,281,78,174,-293
-204,-425,36,545,41,168,960,2626
-600,-281,-702,-1840,-533,-336,-1452,719
-402,-281,210,221,233,168,-486,-1757
-402,-281,210,221,233,168,-486,-1757
-1596,-353,-132,89,-101,-294,-3085,-3088
1782,863,552,1642,665,294,-1392,-1757
-1134,0,1188,2872,809,78,414,401
-1134,0,1188,2872,809,78,414,401
2310,359,-702,-1391,-485,-84,-666,269
-138,287,-246,-29,-389,36,2407,3706
-138,287,-246,-29,-389,36,2407,3706
2376,-209,-2083,-3261,-725,-462,-1812,143
-1002,647,1705,1774,809,588,2893,3388
-1002,647,1705,1774,809,588,2893,3388
1914,575,-876,-2680,-437,210,414,-2201
-1200,-863,-822,479,-53,-42,780,3580
-1200,-863,-822,479,-53,-42,780,3580
654,-281,-246,611,-5,-168,1987,17
786,287,378,545,473,120,-186,-737
-204,-65,-1392,-2488,-869,-252,-186,-1313
186,1223,1302,2032,905,378,-426,461
1182,-575,1188,1708,713,378,234,971
786,1079,2161,3196,1289,588,-546,-2075
-870,575,1302,1900,857,588,780,-227
-738,-281,-1110,-935,-53,-84,1080,1415
-270,71,-762,-2872,-485,-84,0,-2710
252,791,1014,1319,377,168,-666,1925
1050,-353,-990,-1259,-197,-84,-1092,-419
54,1295,1530,413,473,252,-666,-677
-72,215,666,353,89,36,960,3070
-270,287,840,1193,41,36,174,-1439
-72,-353,-936,-95,-5,-126,-186,-101
120,143,-300,-935,-245,-84,54,-101
54,71,498,353,-5,0,-126,143
-204,-65,-246,-353,-197,-210,-246,-545
120,287,378,155,377,210,234,209
120,143,210,-161,-245,0,0,335
54,-65,-534,29,-101,-42,-60,17
252,287,264,353,281,120,54,-101
120,143,324,-29,-101,252,114,83
120,143,324,-29,-101,252,114,83
-6,143,264,-29,377,36,174,17
-6,-65,150,-29,89,-42,-60,-101
-138,-137,-18,29,-53,0,0,-101
-6,0,-18,-221,137,36,0,-41
120,0,36,29,-5,210,114,-41
-72,71,36,-221,-437,-210,-186,-227
54,71,438,353,377,252,114,269
186,71,-72,221,89,78,0,17
-138,-137,-648,-353,-101,-126,-186,-41
120,215,-534,-353,89,36,0,-41
120,-65,36,-29,-101,-42,54,17
120,-65,36,-29,-101,-42,54,17
-468,-137,-132,-287,-149,0,-306,-1121
186,71,-186,-161,-197,-42,54,461
120,359,150,-29,89,120,114,-101
54,-65,96,-161,41,-84,54,209
252,287,264,155,137,36,114,401
252,0,36,29,137,78,234,587
-270,-719,-18,-287,-53,36,0,-737
-72,431,-18,-161,-53,-252,-306,-803
-870,-353,-762,155,41,-42,-426,-1313
1050,647,780,287,137,168,654,1859
984,-647,-1855,-95,137,420,2407,3070
984,-647,-1855,-95,137,420,2407,3070
450,359,1302,545,-101,120,1260,1355
522,287,612,89,-149,0,354,-167
-138,0,150,29,-53,-84,294,2177
-870,0,210,995,665,294,-126,-101
-738,359,-300,-803,-389,210,1926,527
2839,1223,612,737,281,120,594,1223
-600,-791,612,1319,-53,-126,-846,-101
1314,719,-648,-1774,-197,252,780,1799
1116,719,96,995,377,78,474,2435
1314,2230,2221,-161,233,78,594,1859
-336,-791,-588,-221,89,-126,414,3448
-72,359,612,2098,569,-42,-1212,-2902
-138,-575,-474,-677,-437,-84,-366,-41
-870,-209,1014,155,41,120,1080,-2009
588,143,612,611,281,210,0,143
1980,1007,-822,-1325,-245,210,1140,2626
-402,-1151,-360,479,-965,-420,-1092,-3088
-1332,71,150,-287,185,210,54,-359
1182,575,780,479,425,252,534,1607
-1596,71,96,1834,665,168,-306,-737
2112,-137,-360,-611,-533,120,2593,6309
2112,-137,-360,-611,-533,120,2593,6309
-1998,-2158,-2599,-3004,-1307,-720,0,-2327
-3919,-1367,150,-1906,-677,-510,-1452,-2075
-336,1295,1644,2224,1001,504,-306,-1565
-1002,-647,96,1319,-197,-168,-1692,-2135
1644,1726,1416,2356,809,210,-1392,-863
1644,1726,1416,2356,809,210,-1392,-863
-936,-575,-648,-3004,-1451,-804,-846,-1055
522,647,552,1319,665,0,-1272,-2710
-1332,-935,264,-1067,89,120,960,461
318,719,1416,2158,473,294,-846,-227
-3985,-1367,-1050,-2290,-1109,-594,-786,-1757
186,215,378,479,185,78,114,143
-6,-281,-246,-161,-341,-168,-246,-101
