2,4,7,0,-7,2,12,1
-1,-4,-6,4,4,-4,-3,-3
0,2,9,1,-2,0,10,6
-2,-3,-11,1,9,-1,-3,-2
1,-1,11,-2,-6,-2,-15,0
1,-1,11,-2,-6,-2,-15,0
-1,-3,-4,-1,-1,-5,0,-4
-1,-1,11,-2,-9,-5,-7,-4
0,2,-3,-2,0,-2,14,1
2,-2,-2,-3,-5,-2,7,0
2,-2,-2,-3,-5,-2,7,0
1,3,4,11,14,6,0,0
0,-1,-6,-6,-5,-3,-1,5
-3,-1,8,-1,2,-1,0,-3
2,1,-14,-1,4,4,4,0
0,1,5,9,-8,-2,1,2
0,1,5,9,-8,-2,1,2
-4,-5,-11,-10,-9,-5,2,-5
-2,1,14,8,-1,-4,-10,-4
-1,-4,0,-5,-6,-4,-8,-1
-1,-1,-8,-1,-9,-2,-1,-4
2,1,8,1,-2,0,10,2
-1,-3,-5,-7,2,1,-3,0
0,1,1,1,-1,-2,-3,0
-2,-2,-3,-1,6,-1,-3,-3
3,2,0,1,2,4,-4,1
-5,-6,-6,-7,-3,-4,-2,-2
-5,-6,-6,-7,-3,-4,-2,-2
-3,-2,-6,2,6,3,-2,0
1,2,4,-4,-1,0,1,-1
-1,-2,-12,-1,7,2,8,2
1,3,-18,-2,-3,-4,-12,-4
0,-1,5,3,10,7,11,6
-1,-4,-1,6,-5,-13,-19,-7
-7,-10,-10,-9,-14,-5,-3,-5
2,3,12,4,4,-3,-9,-1
1,3,34,7,2,6,2,0
0,-4,7,12,14,6,-5,-3
19,11,20,-11,2,4,1,0
19,11,20,-11,2,4,1,0
8,-3,11,-4,-4,3,3,11
8,13,-17,2,-3,-6,2,2
21,8,28,8,10,9,12,15
-27,-3,-2,-4,-2,1,2,-32
4,20,-15,43,6,-9,0,1
-21,23,11,96,31,2,-26,-18
-49,1,23,36,14,-2,-24,-70
-17,0,1,23,38,18,-3,-12
34,5,72,28,6,16,19,21
37,34,13,-102,-76,-38,-7,40
37,34,13,-102,-76,-38,-7,40
44,-20,-45,-58,4,20,21,-3
21,-31,-107,22,23,11,10,-7
-17,-2,73,71,-3,-13,-21,-100
-18,4,32,-19,-2,-3,7,22
16,28,4,-38,29,16,15,68
92,25,68,103,127,71,41,-15
13,-9,63,-21,-1,-6,-3,35
-52,-57,-53,-117,-37,-12,-21,33
-41,-14,68,104,15,0,-14,-88
34,6,-31,-36,-30,0,-9,-86
-49,-54,-110,-53,-10,10,20,31
-41,-57,-70,-13,-42,-11,6,49
6,28,-8,-47,21,10,18,30
44,9,85,33,48,24,18,102
14,-3,-31,-8,-15,-7,9,95
-11,6,-32,-15,-46,-24,-12,-43
-9,18,77,97,-25,-16,5,11
27,-11,36,-3,22,11,-7,42
-1,-7,-47,-33,-42,-4,17,35
-74,-36,66,-80,-15,-10,-3,-11
-74,-36,66,-80,-15,-10,-3,-11
-22,-29,-84,-45,5,2,-10,-64
-1,8,-7,9,15,7,-4,-24
-17,23,29,99,67,15,-6,-75
4,1,-88,87,37,1,-8,0
24,-27,-84,-51,-30,-13,-7,-75
24,-27,-84,-51,-30,-13,-7,-75
101,64,111,72,41,19,10,4
-41,-8,104,30,-36,-20,-12,-27
-33,1,-44,-16,76,54,20,61
-33,1,-44,-16,76,54,20,61
-61,-27,-21,-20,-35,-18,-14,-48
24,12,-41,-43,-29,-10,0,19
24,12,-41,-43,-29,-10,0,19
-5,4,2,-50,-19,0,4,22
-32,-48,-7,3,-51,-28,-7,-11
-32,-48,-7,3,-51,-28,-7,-11
36,17,-23,-121,-46,-3,17,40
40,0,39,-26,-1,-6,1,41
-17,36,76,37,10,9,7,22
15,6,-16,42,0,6,0,-17
15,4,29,114,85,35,16,21
-96,-59,-119,19,-19,-19,-11,-29
-2,9,-14,13,1,8,2,-34
1,-22,-61,80,-3,-7,-9,-9
45,15,67,57,14,-3,-13,-54
-17,2,-3,12,-7,-10,-5,14
6,31,-13,-57,-42,-7,-2,-13
-13,-22,55,-2,2,6,7,19
-13,-22,55,-2,2,6,7,19
36,44,22,72,15,-7,-10,32
-9,8,-27,-25,2,2,3,-2
32,24,91,22,-14,-11,-7,33
-31,-19,-47,40,15,-7,-10,-51
2,2,-15,-17,13,8,3,4
4,-32,-97,-127,-52,-25,-6,13
-29,13,-14,104,8,-15,-22,-50
-6,-3,-16,-27,-10,9,7,14
15,2,-3,48,42,16,9,17
-1,-3,-3,-3,0,-1,0,1
-2,1,-2,3,4,0,-2,0
-2,1,-2,3,4,0,-2,0
-2,0,-2,-1,-3,-2,-10,-3
0,-1,-1,3,16,4,-6,-1
-2,-1,-3,-3,-6,-2,-7,-4
0,2,13,13,12,1,-1,-1
0,0,5,3,-8,-1,4,-1
0,-4,-9,-1,-10,-1,-2,-2
-2,-1,3,-5,-11,-3,-2,0
0,-2,-5,-7,-4,-4,1,-2
0,0,-6,4,3,3,1,-2
-2,-1,-6,-6,-5,-3,12,3
2,3,0,-7,-3,-1,-1,1
0,-1,-1,2,1,0,3,0
-1,-1,-1,-4,-3,-4,-3,1
-2,-2,-10,-3,-7,-3,2,-1
-2,-2,5,-1,-1,-4,16,1
-2,-2,5,-1,-1,-4,16,1
-1,-3,-9,-1,1,-2,0,1
-1,0,4,0,1,0,-2,-1
2,-1,2,5,1,-1,3,-2
1,1,3,0,0,2,-4,2
1,1,3,0,0,2,-4,2
-2,0,4,2,4,1,7,1
-2,0,4,2,4,1,7,1
-1,-1,-2,-2,2,0,-3,-2
-1,1,2,0,3,-1,-2,0
0,-1,-6,0,2,-1,-11,-2
0,1,0,1,7,4,11,0
-1,3,20,1,-10,-3,-6,2
-3,-1,-1,-4,-8,-1,-1,-2
-3,-2,-19,-22,-13,-5,0,-1
-1,-4,5,-7,-11,-1,20,4
-1,-1,-4,12,7,0,-5,-2
-2,-4,3,4,4,0,-1,0
-2,2,19,4,-1,3,-3,-1
0,0,-4,-6,4,1,8,3
1,7,7,7,-4,0,-2,-4
0,0,-1,-4,4,5,3,4
-2,-20,-24,-43,-6,-2,4,-15
-3,-6,-55,-14,7,9,7,-21
59,28,100,69,25,4,4,36
5,10,-4,-69,-3,-4,-5,37
-15,-7,7,44,19,0,-4,-77
-43,-6,-17,8,8,5,17,-7
21,-8,-89,-5,-16,1,16,15
-6,-9,-48,-53,5,-1,-3,11
-59,-15,9,28,-16,-23,-14,-76
40,11,-81,4,-6,0,-6,-7
-34,-24,-19,-21,-9,-5,5,7
70,0,-18,-82,-37,-9,-1,14
-30,-29,-49,-68,-5,9,3,12
-39,-22,-72,44,10,3,-10,-46
27,-1,31,-62,-15,-7,-12,-26
-85,-15,112,127,25,-13,-14,24
44,6,-51,27,22,18,26,95
-10,-16,-53,-78,-39,-31,-53,-43
-2,-16,47,16,15,3,11,20
-2,-16,47,16,15,3,11,20
-22,15,-17,83,22,6,19,1
-27,-13,89,5,-24,-14,-5,-29
-18,-13,-22,-74,-20,-14,-8,-18
-49,3,-55,-39,24,15,3,13
63,0,18,67,3,0,-10,21
23,3,58,-50,41,27,25,22
-72,-19,-92,-41,-24,-22,-31,-128
61,30,-65,72,49,34,10,-64
33,20,106,117,44,35,20,54
3,-21,-54,-89,-38,-10,12,39
-37,-25,-18,60,48,14,-4,-52
-15,33,-15,119,74,27,1,0
13,22,-11,-67,-53,-14,8,85
-11,28,77,17,-6,-15,-35,-22
23,-27,-12,-8,12,4,6,12
-40,-13,-62,-105,-22,-9,4,-12
3,-8,-4,111,45,26,13,5
3,-8,-4,111,45,26,13,5
3,8,20,-63,-14,5,15,65
-11,-9,-45,-58,-37,-15,-28,-11
53,4,37,-8,10,2,12,49
16,-2,79,-31,-2,-4,-6,-52
-49,-6,-50,7,-7,-5,-6,-75
-49,-6,-50,7,-7,-5,-6,-75
30,-5,5,34,13,0,-2,-15
-23,-18,77,59,-13,-4,8,9
2,-5,-61,-67,5,16,13,29
-19,5,11,34,11,-3,-3,-8
1,41,-4,41,17,1,3,-12
6,0,-5,-32,-14,-6,7,27
6,0,-5,-32,-14,-6,7,27
-46,-30,-5,99,9,-8,-23,-64
-3,7,-25,15,2,-7,-6,-33
-1,-1,0,-16,-8,-6,1,0
-1,-1,0,-16,-8,-6,1,0
-1,1,3,-5,0,-5,1,-1
-1,-4,-13,4,8,1,0,-1
-3,-3,-5,7,7,-1,-4,-1
-2,-2,5,10,4,0,1,-2
-1,0,7,5,-4,-2,0,0
0,0,4,-4,-13,-8,-5,-1
-2,-4,-1,5,0,-1,-1,-2
-2,-4,-1,5,0,-1,-1,-2
-1,2,9,10,4,2,0,-1
-2,-2,-7,-6,-1,2,1,-1
0,-1,-10,-2,-2,0,2,0
0,0,-1,7,28,5,-1,-1
0,1,0,0,-1,2,9,2
-1,3,5,-3,-2,0,2,1
1,0,3,-5,-9,-1,0,-2
-2,-4,6,-2,-3,0,-2,-1
0,0,1,3,7,0,1,1
-2,-4,-12,-11,-8,-5,-3,-3
-2,-4,-12,-11,-8,-5,-3,-3
1,1,-6,-9,-15,-2,-1,0
-1,-1,6,1,-7,-3,-7,-3
1,-1,-1,-3,-9,0,1,0
-1,0,1,3,-2,0,0,-1
-1,-2,-1,-2,-8,-3,1,-2
-1,-2,-2,-11,-7,-2,-3,0
-2,-4,-20,-12,-13,-5,-3,-1
1,4,10,9,9,-1,0,1
0,-3,-11,-12,16,3,0,1
0,-3,-11,-12,16,3,0,1
-1,-2,-6,0,1,0,2,2
-2,-4,0,-1,-4,-2,-1,-2
0,-2,8,4,-4,0,-1,0
-1,-2,14,10,-3,1,8,-1
-6,-5,-1,-5,-6,-5,-8,-6
-6,-5,-1,-5,-6,-5,-8,-6
-5,-4,-13,-14,-2,0,-1,-1
-4,-2,-1,2,-8,-3,-6,-3
21,5,12,-6,-4,-2,7,6
10,10,-14,16,8,-2,-11,4
-16,-7,-18,-19,-13,-1,-1,4
5,8,30,25,15,3,-3,-15
5,8,30,25,15,3,-3,-15
-11,-4,59,1,-3,-3,-6,2
14,-13,-41,-16,-14,-2,1,32
28,17,74,-37,4,5,5,23
-57,-29,-102,-72,-40,-22,-16,-57
10,5,-33,-20,13,11,7,44
-36,-2,11,-24,4,15,21,18
17,-14,-103,-47,14,16,-6,4
14,42,30,82,12,-13,-15,-31
-14,-3,36,31,57,36,18,30
-8,-1,-7,37,7,-1,0,-31
42,-20,-42,35,-4,-7,14,50
23,8,-80,-93,11,15,-1,1
79,16,26,30,13,0,16,62
68,-8,-89,-62,-28,-13,-7,33
-8,61,127,115,29,-9,-19,-86
-11,6,-120,-105,4,25,28,31
-17,-15,-69,16,2,15,-3,-42
-17,-15,-69,16,2,15,-3,-42
-27,-7,78,103,4,10,-6,-20
-7,-19,-14,-47,-31,-23,-17,7
18,21,43,-1,16,20,57,89
-54,-60,-88,-79,-69,-25,-16,3
-24,14,15,115,1,5,6,21
36,12,-1,42,32,7,-17,-17
-3,11,0,-7,-59,-13,-8,-16
0,2,47,-78,-25,-4,1,8
0,-7,4,-68,8,-3,3,48
-12,13,63,127,31,-8,-7,-6
31,12,18,-96,-18,10,28,71
-22,-6,-61,-53,-14,-9,-9,-26
68,20,17,-40,22,24,11,49
-48,-30,-79,-57,-4,-1,-6,-4
-7,15,73,-75,-45,9,-11,-34
-11,-18,-62,-13,2,-19,-6,-6
-11,-18,-62,-13,2,-19,-6,-6
20,9,-38,65,24,9,12,58
-32,-18,11,72,25,5,0,-40
-32,1,24,36,-1,-8,11,-22
-4,-30,40,-41,-10,-29,-15,-10
44,5,57,20,21,3,3,-5
28,0,7,3,7,13,16,79
6,-15,-16,45,8,6,-7,-58
-61,22,-12,61,15,6,-9,-67
16,-6,-9,-9,-1,2,-5,-7
-8,7,-7,-107,-23,-19,-1,18
-8,7,-7,-107,-23,-19,-1,18
31,5,-54,-41,-6,-4,7,8
66,35,-16,-128,-26,-2,0,26
-14,-11,9,24,-16,-2,4,16
19,15,6,0,-9,-4,-1,-1
19,15,6,0,-9,-4,-1,-1
-39,-19,24,-74,-42,-19,-12,-15
-39,-19,24,-74,-42,-19,-12,-15
3,24,-15,-2,16,0,8,17
-12,5,6,51,15,7,-2,-11
54,-21,-94,-11,10,2,-2,13
54,-21,-94,-11,10,2,-2,13
25,45,62,28,22,4,0,5
10,13,8,-1,34,20,10,27
-21,-18,23,26,-10,-1,-6,-26
-2,-11,-56,-56,-35,-7,-6,-48
-26,5,-23,-9,11,7,0,-25
-4,-5,26,-54,-14,3,6,26
-4,-5,26,-54,-14,3,6,26
-47,-21,-9,80,58,20,3,7
-10,-6,-14,-4,3,0,-8,-20
18,10,4,32,9,10,8,22
-3,-34,28,5,-10,-6,-5,-9
-3,-34,28,5,-10,-6,-5,-9
-55,-7,-39,20,-4,-7,-6,-22
-55,-7,-39,20,-4,-7,-6,-22
-4,8,1,5,-4,-2,-2,-11
-95,-47,-39,-83,-27,-10,-7,-14
31,4,-20,27,14,0,-2,8
-1,-2,4,5,4,-1,-4,-1
0,-1,1,6,6,-3,-2,-1
-1,1,-9,-19,-25,-3,-4,0
0,0,5,2,3,-2,0,-2
-2,-2,-9,-7,-3,-3,-2,-2
-2,-2,-9,-7,-3,-3,-2,-2
1,2,3,1,2,1,1,-1
-1,-1,-1,0,1,-1,-1,-1
-2,-1,-2,-8,-13,-3,1,-2
-4,-8,-29,-27,-17,-7,-2,-3
3,1,3,23,30,4,1,-1
0,1,-1,9,4,0,-1,1
0,2,4,1,2,-3,-5,-1
-1,0,4,-1,1,-1,15,2
1,2,20,27,11,4,-5,-2
-2,1,-4,-5,5,0,-3,-1
-2,1,-4,-5,5,0,-3,-1
1,-1,-7,4,7,1,-7,-1
2,2,3,0,2,-2,3,1
-1,-2,-8,-13,-10,-1,10,2
-3,-1,-3,-10,-7,-4,1,-2
-3,-3,11,-10,-10,-6,-10,-3
-1,1,6,-3,-4,3,2,-2
-3,0,-7,2,1,2,7,-2
-1,-5,-3,-9,-14,-9,-7,-3
0,2,6,10,13,4,-3,0
0,-2,-5,0,1,3,-10,-2
0,-4,-7,-25,-15,-9,-6,-1
1,0,-1,10,13,4,2,1
-2,-1,-18,-2,10,-1,-2,-3
-3,-3,-12,-6,-10,-2,-2,-3
0,0,3,2,-2,-2,-1,-1
0,1,9,-10,-6,-4,-4,-1
3,1,10,25,13,5,-1,-2
2,1,-4,0,3,-2,3,-1
0,1,0,-4,-8,-3,-2,0
1,-2,-6,-13,-10,-6,-5,5
-18,-6,26,3,-3,-1,0,7
-12,6,-20,-1,-4,-1,-3,-58
-12,6,-20,-1,-4,-1,-3,-58
3,-4,-9,-1,-2,-2,11,11
-15,-5,15,-3,5,5,4,6
11,8,18,18,11,4,-2,-5
10,-4,-17,-18,-11,3,5,11
-14,0,24,45,6,3,1,-16
-26,-12,-53,-73,-10,-3,-13,-3
-6,6,-10,17,11,-4,-12,13
49,-25,-13,37,7,7,10,-24
5,20,86,6,11,3,7,17
-16,-12,12,9,3,-5,-11,-16
8,31,57,57,5,0,-12,-11
-44,-10,63,88,7,3,3,-11
18,18,51,91,9,-1,7,37
-28,32,105,-25,-13,-14,-22,8
21,-5,30,-73,-18,-3,-10,-22
-41,-36,-1,-128,-31,-7,0,23
-78,-22,-31,-41,-79,-31,-14,-48
-78,-22,-31,-41,-79,-31,-14,-48
-14,11,-55,-59,7,19,22,24
21,-42,-92,-26,20,16,27,20
-38,3,-110,114,91,49,9,-104
2,-50,-92,53,3,-5,-11,-10
-37,14,-106,-20,18,28,43,-31
50,33,-77,-11,14,22,19,-23
-42,5,127,76,11,-12,2,-40
39,17,-41,-77,50,25,-22,21
-43,-33,-53,7,-27,-18,-8,-9
0,0,18,-53,-18,0,14,53
9,16,-19,-49,-50,2,-1,31
13,-34,-9,-74,-40,-31,-9,33
-15,18,88,80,-8,-13,-7,52
-15,18,88,80,-8,-13,-7,52
7,25,95,21,-16,-23,-6,11
66,14,5,-103,-43,-6,-1,64
27,-8,53,-4,-7,-6,-2,29
1,-25,52,-3,16,15,23,-20
1,-25,52,-3,16,15,23,-20
10,-20,113,127,86,23,-11,-1
10,-20,113,127,86,23,-11,-1
-90,-32,-11,19,-28,-33,-29,-16
45,64,-62,52,-7,2,6,-41
-39,25,-75,-9,-10,-4,-6,-85
-25,-10,-5,25,7,-9,-12,-24
-25,-10,-5,25,7,-9,-12,-24
-50,-41,-119,-84,-21,-7,-7,-5
33,-4,-49,-18,28,22,3,-35
1,-18,-32,76,13,-3,6,-2
28,-8,19,49,-37,-14,-2,23
-2,1,-42,-21,33,14,1,16
19,12,62,64,26,20,10,24
-114,-26,74,-94,-48,-12,2,-13
51,34,1,-15,-6,-5,11,43
-47,-31,-17,-99,-19,-25,0,42
76,46,108,4,28,18,20,42
76,46,108,4,28,18,20,42
20,-18,-71,-18,7,12,-13,-41
29,-7,-25,18,3,0,-3,-10
11,21,4,-59,-11,-3,0,14
-56,-24,-61,-87,-22,-12,-2,3
-18,4,5,127,-3,-14,-11,1
29,21,42,-6,24,1,-9,-28
25,-8,-65,20,13,6,0,-7
1,-27,-56,-108,-32,-7,-3,-28
82,42,56,6,8,8,10,58
-16,5,31,-4,-2,14,-1,-6
10,16,-45,-16,-36,-15,-2,-23
-47,-17,11,-14,-16,-23,-20,-41
24,11,-35,-83,2,-1,-3,-31
2,-3,-12,-25,-3,-1,5,17
6,5,55,9,32,19,5,11
8,19,59,13,-26,-6,-5,-24
-27,-11,7,47,17,0,3,10
0,0,-11,-9,1,3,3,1
0,-1,1,1,6,2,-2,-1
0,-1,-1,2,0,1,2,-1
-1,2,5,2,1,8,3,0
-2,-3,-12,-5,-3,-3,-4,-2
0,-2,-1,3,14,2,0,0
0,-2,-1,3,14,2,0,0
0,2,2,24,11,1,1,1
-2,-3,-8,-7,-7,-3,-5,0
0,-1,-5,-5,-1,-2,0,-1
-2,-2,12,8,-9,1,0,-1
-2,-2,12,8,-9,1,0,-1
1,1,-2,-11,-5,-6,-5,-1
-1,-2,-4,-7,-5,-3,-1,-2
-2,-5,-9,-14,-4,0,-1,-2
0,1,5,10,15,5,2,-1
0,1,5,10,15,5,2,-1
0,-4,-2,9,5,-1,3,-1
0,2,7,-2,-1,0,2,1
-1,-3,-10,-1,2,-3,5,1
-1,-1,-8,-4,8,0,-5,-1
2,4,7,-1,-14,0,0,1
-1,-3,-4,2,10,1,-2,-2
-3,0,4,5,-1,-5,-2,-1
-2,-4,3,4,-1,0,-1,0
1,0,0,-1,5,1,4,0
-1,0,11,-3,-13,0,-1,-1
-2,-1,1,5,-2,-1,-3,-3
-1,-1,11,-3,-5,1,3,0
1,-1,-16,0,9,2,-2,0
0,-4,-3,-2,0,1,-1,-2
-2,-3,1,-5,-9,-4,0,0
0,2,-7,-4,1,1,0,-1
0,-1,9,-4,-5,-2,4,-1
-2,-2,7,8,-3,-1,-7,-2
-2,-2,7,8,-3,-1,-7,-2
2,9,12,2,3,1,0,2
-8,-9,-26,8,5,0,-7,-16
-12,-13,-10,19,2,-3,4,-38
13,8,48,44,10,2,-5,13
-39,-9,46,-7,-5,-5,-3,4
16,4,-7,-1,-5,1,-6,-10
-1,-12,-40,-30,-10,-3,-5,-8
-4,13,54,42,24,7,-2,-10
15,9,105,-59,0,3,2,23
-16,5,-10,69,11,2,-4,-25
4,2,-83,31,19,9,-5,-9
45,25,-88,-5,12,2,-1,47
-25,-17,-50,-112,-16,-2,12,41
-25,-17,-50,-112,-16,-2,12,41
40,3,-30,-111,-24,-5,12,29
-53,-40,62,67,5,3,9,81
24,1,21,64,3,0,2,-3
102,32,-13,-6,12,15,59,16
102,32,-13,-6,12,15,59,16
-35,-3,97,-60,6,3,-5,-28
33,23,88,-38,-35,-19,-24,-5
2,-9,-6,-99,-16,-6,-11,6
-56,18,24,-15,-26,-13,1,20
27,7,9,127,48,17,23,-25
27,7,9,127,48,17,23,-25
-85,-60,-19,104,-1,-20,-37,-37
-15,-18,57,-80,-4,6,-11,-52
46,-18,-77,86,29,17,1,3
-21,16,-75,-66,-9,-10,-8,-46
-33,-22,-9,11,-43,-34,-18,43
-50,46,79,11,25,31,28,72
0,9,-55,28,-16,3,5,-63
-13,-7,-18,-44,-3,-7,-11,-21
19,15,37,-37,-48,-24,-13,-20
1,-1,-36,4,23,13,14,101
1,-1,-36,4,23,13,14,101
63,42,-24,38,1,8,9,15
7,14,8,31,37,8,4,-16
-35,8,105,67,36,12,-4,34
-72,-8,-60,-19,4,5,3,5
37,-27,-19,12,-22,-9,-16,35
-102,-29,84,-50,-47,-21,-34,-128
49,15,-35,46,30,18,14,50
-6,-11,-101,52,14,-3,-16,-33
-7,11,-52,28,-9,-10,-3,-5
22,12,60,-39,7,6,8,4
22,12,60,-39,7,6,8,4
44,-8,62,28,21,13,18,70
39,4,27,-9,2,8,5,16
-30,2,48,46,28,0,-6,-7
29,0,-33,-64,28,18,17,50
-3,-6,-9,0,-1,-3,7,27
63,5,-68,47,39,17,-6,-8
6,-7,-51,-46,-6,0,11,-25
-2,-15,-14,45,-5,-14,-14,-10
-6,-13,-90,-55,-81,-39,-20,-44
-14,-11,13,13,6,1,4,-21
-14,-11,13,13,6,1,4,-21
64,11,7,9,3,7,7,-5
11,7,35,-4,12,7,3,8
20,22,-113,21,18,-2,-10,-24
3,6,20,37,3,-17,4,10
3,6,20,37,3,-17,4,10
-34,-31,-7,-37,-24,-4,-6,-6
-34,-31,-7,-37,-24,-4,-6,-6
-10,-7,-76,-77,-9,7,1,39
-43,-18,-28,49,43,18,5,-19
15,31,17,8,14,17,8,-16
-10,2,-37,8,5,1,-5,-7
-10,2,-37,8,5,1,-5,-7
-17,14,33,14,13,-8,0,-5
-5,-10,52,-40,-7,-4,-3,0
25,-7,-29,-4,-2,9,10,14
-32,12,39,-67,-36,-20,-7,-1
-11,34,-78,15,25,10,-2,-30
-11,34,-78,15,25,10,-2,-30
17,26,40,-27,14,17,1,-32
-25,-17,87,-17,6,8,2,-15
4,-7,-45,26,-14,-2,-9,-47
18,-1,-1,34,15,3,5,20
-3,-3,-9,0,2,0,-2,-2
-2,-2,-2,2,-1,-2,-1,2
-4,-4,-6,-3,-7,-5,-3,-2
1,-2,-16,-11,-10,-2,0,0
-1,1,-8,-6,-6,-4,-6,-2
1,2,-1,8,-7,2,3,0
0,-2,2,-2,-2,-1,2,-1
1,1,16,7,10,-2,0,0
1,2,1,6,23,6,2,-1
-2,-2,-4,-2,-2,-5,-7,-3
0,-2,-6,-3,7,3,-2,1
1,-1,7,3,-1,-1,2,0
-3,2,13,8,5,4,-3,-2
0,-2,-9,-2,2,-5,-3,0
-1,-2,-3,-5,-10,-2,0,0
-1,-2,1,8,3,-1,2,-1
-2,-3,-9,-4,6,-3,-5,-2
-2,-3,-9,-4,6,-3,-5,-2
-3,-3,-2,1,-8,-1,1,-3
-1,2,-3,-6,3,2,0,1
-1,2,-3,-6,3,2,0,1
0,0,3,13,34,8,2,0
0,1,8,13,-5,-3,-5,-1
-2,-2,9,-2,1,3,2,1
-4,-4,-19,-8,-9,-3,3,-2
1,0,-4,-5,-2,0,0,0
-1,1,5,-2,-6,-3,0,-1
-4,-8,-28,-11,-1,-1,-1,-1
0,0,5,0,-2,-3,-2,0
0,2,10,-16,0,2,-1,0
0,2,10,-16,0,2,-1,0
-2,-1,-2,13,3,5,3,-1
2,1,0,-6,-3,0,-7,0
-6,-5,1,0,-6,-6,-3,0
-4,2,-26,22,4,-2,-4,-13
-3,-8,-13,-11,-12,-1,-10,-1
2,-6,-15,8,-6,-3,-3,-23
-3,-10,-35,-15,8,-2,-4,-10
1,0,-27,-15,10,11,6,-1
8,-8,-32,-62,-7,-2,2,2
-6,6,-12,19,8,-5,-3,0
-6,6,-12,19,8,-5,-3,0
33,3,29,-6,-2,-4,-5,2
-8,2,-14,0,-4,-1,-2,0
4,26,14,1,-16,-4,6,41
29,7,91,-11,8,10,23,39
-37,5,-7,3,17,3,-12,7
-37,5,-7,3,17,3,-12,7
30,11,-44,48,-9,-13,-21,-63
114,57,127,18,-17,0,6,49
-15,-47,-64,-46,-1,9,11,-10
22,15,98,-17,-12,-4,-2,32
-24,-13,-41,14,6,2,-14,-44
21,0,-97,-55,6,-1,12,119
4,-2,-23,-128,-7,6,0,-50
-27,-30,85,88,5,-12,-5,0
-118,-29,-45,57,9,3,-14,-125
37,18,-120,-25,30,23,9,-1
-33,-49,-21,-39,-14,0,-7,-48
18,82,122,118,-3,-10,4,70
-26,18,31,24,18,4,3,-16
-61,-7,71,93,39,-2,-17,-17
-1,20,71,-67,1,4,11,40
71,8,29,69,-10,-6,13,72
-17,-12,-4,-41,-42,-16,-12,10
-45,-82,-85,-120,-40,-24,-1,36
27,-16,-8,91,43,13,5,-15
26,41,33,95,21,7,14,-23
-8,-6,-63,-70,11,23,3,-3
-8,-6,-63,-70,11,23,3,-3
-36,-46,-74,-42,30,34,24,10
-35,-2,-26,81,26,6,21,79
18,21,59,39,22,14,6,-31
-44,-31,1,-62,-32,-19,-1,-2
2,1,49,-68,-44,-17,-9,-1
58,-2,-77,-54,6,-13,-12,-34
58,-2,-77,-54,6,-13,-12,-34
-22,27,86,-74,-5,1,-3,-2
48,50,-13,50,28,9,16,61
-58,-27,-6,-12,-20,-15,-10,-12
47,11,-21,-15,-26,2,13,21
47,6,16,-114,-37,-3,-1,-18
-48,31,63,27,8,-6,-5,-1
-6,-13,54,84,-26,-25,-12,40
2,37,-111,-68,30,12,-9,-62
-23,-1,-27,73,19,4,-3,-45
-58,-2,-14,15,-22,-7,-11,-17
10,-3,-31,24,1,-15,-12,9
22,-6,31,-7,29,29,15,47
38,11,-87,-128,-30,-12,-1,-8
-23,-23,53,77,11,1,10,41
38,1,57,26,10,2,1,12
33,17,-11,-28,4,-12,11,19
62,-43,-62,23,10,3,-4,-11
62,-43,-62,23,10,3,-4,-11
-28,7,14,-3,9,4,-8,-19
18,-1,33,0,-17,-5,5,8
-28,-7,-10,-124,-55,-18,-9,-13
10,27,5,47,24,19,0,-16
10,27,5,47,24,19,0,-16
-17,12,0,-8,-3,-11,-5,-6
-21,23,71,-55,-9,-2,9,41
11,7,-43,18,-7,-14,-16,-27
-5,-34,-30,-45,-24,-5,12,21
84,32,-28,17,44,18,3,6
-43,-9,-30,25,9,16,4,-8
-4,-3,15,3,-1,0,-1,-1
-2,-5,-11,6,-3,-1,-3,-3
-2,-5,-11,6,-3,-1,-3,-3
-3,0,-9,3,2,3,2,3
0,0,1,5,5,2,0,0
1,-2,2,2,3,-2,1,-3
0,-3,1,0,2,1,-1,-2
0,-3,1,0,2,1,-1,-2
0,2,7,-2,-7,1,1,0
0,-3,-6,-2,3,-2,-2,-1
0,0,-1,0,4,0,0,-1
-2,0,-2,1,-1,1,0,-1
-2,1,-3,-4,-5,-1,0,-1
-2,1,-3,-4,-5,-1,0,-1
0,-1,-8,-12,-5,-2,-2,0
-1,-2,3,-1,-5,0,1,-1
-1,0,3,8,9,1,1,0
3,3,17,4,4,1,1,0
3,3,17,4,4,1,1,0
-1,-1,-6,-2,4,1,0,-1
0,-1,-2,1,13,5,0,-1
1,-2,4,-3,-7,-3,-1,1
1,-2,4,-3,-7,-3,-1,1
1,2,-7,-7,-1,0,-2,-1
-1,-2,-6,3,14,3,11,0
-1,-3,-9,-5,1,-2,0,-2
-5,-4,-11,-1,-7,-1,-1,-1
2,-2,-13,-13,-22,-4,-1,-2
-4,-5,-27,-10,-6,-4,0,-2
3,6,23,9,3,-1,-3,-2
-2,0,-10,-11,-1,-5,-3,-3
-1,2,12,8,1,-1,2,-1
-2,-1,5,-10,2,-2,-1,-1
-4,-7,-19,-10,-5,-2,-3,-1
-1,-3,5,-2,-3,-1,-1,0
-13,-7,-3,8,1,-4,-6,-14
-13,-7,-3,8,1,-4,-6,-14
14,-8,-10,-8,-5,-6,-9,-11
-23,1,13,-3,2,2,-2,-3
22,5,-6,0,2,1,-1,2
6,4,-16,-7,0,2,1,-2
-7,-7,-38,14,-8,-9,-8,-32
-4,-16,-88,-28,-8,0,11,46
-45,12,62,4,-3,-11,-21,-35
10,5,14,-31,-8,1,10,-9
24,10,5,27,-7,-3,-2,4
17,27,110,33,18,9,1,16
17,27,110,33,18,9,1,16
39,26,0,-2,4,-2,1,33
-46,-37,-77,-24,11,14,13,7
41,-1,86,-7,-7,-9,1,81
41,-1,86,-7,-7,-9,1,81
21,-4,10,-46,-6,-3,0,-12
-16,3,-21,-41,-34,-19,-5,-8
-53,-1,0,0,26,15,3,-34
4,3,-126,104,40,13,3,18
-34,-31,-46,-53,-29,-13,-17,-49
49,33,56,70,2,-1,-1,-4
-6,7,75,24,-3,-10,-7,-27
16,-28,-48,100,14,-13,-6,-25
21,29,67,26,4,3,5,57
-19,6,-44,-4,-17,-6,5,1
44,13,42,37,-17,-1,5,62
-45,-18,-14,-84,-15,-10,-6,-26
-85,-9,3,68,16,-2,-9,-84
20,-27,-65,-99,-17,-9,-19,-57
20,-27,-65,-99,-17,-9,-19,-57
23,-10,47,6,-9,2,2,20
29,0,-4,19,26,8,0,2
-12,-33,-85,-60,12,7,6,10
-34,-15,-127,-45,18,14,5,-11
36,-19,-126,6,-4,9,11,-4
32,45,18,47,-6,-7,-13,-2
14,53,23,37,15,12,11,6
-7,-11,-110,-94,19,-11,-1,24
6,-11,10,7,0,-4,9,43
18,-9,4,-32,-36,-11,-12,-28
-35,-35,55,-29,-17,-4,-10,-2
-29,-2,61,14,-7,-1,-5,-32
-40,-2,-41,54,30,21,16,85
-6,-5,17,-20,6,15,8,-43
-14,-15,-49,-22,-15,-7,-6,-27
18,-33,-46,-9,-9,-5,-3,-8
-49,-24,-62,-34,3,0,2,11
13,-4,-5,52,-3,-14,3,11
29,32,73,14,54,31,10,3
19,45,78,-15,19,15,8,-12
-10,-28,-31,-65,-44,-14,-4,20
-62,-13,22,83,24,6,-1,-29
11,-3,6,-1,-14,-1,5,-6
17,10,21,-10,-26,-10,-3,-18
-6,-7,6,-31,-11,0,-2,-23
-28,-7,51,3,22,1,4,40
7,-7,43,49,17,16,7,1
24,19,-23,-95,-5,-2,9,23
-33,3,-39,-12,-5,1,-4,-20
-24,-9,6,85,38,12,3,17
-11,11,60,39,0,7,3,20
0,1,-68,-12,7,7,1,-5
23,-2,-29,15,-14,4,0,2
-18,0,-50,-33,-32,-18,-8,-20
-47,-16,-49,27,8,-4,-8,-10
5,-1,6,-23,-5,-2,-4,-9
2,19,-33,-48,-40,-15,-2,5
-23,-58,104,-36,-11,-12,-12,-26
-25,8,-34,59,11,2,0,-8
20,19,8,24,4,0,3,5
20,19,8,24,4,0,3,5
-11,-11,-1,-14,21,8,6,20
1,6,86,88,22,-12,0,9
1,6,86,88,22,-12,0,9
15,9,68,68,-3,-7,-2,26
-25,-18,-43,-57,5,5,2,-18
-25,-18,-43,-57,5,5,2,-18
7,2,25,47,15,17,7,8
9,1,51,-60,-24,-10,-2,-2
9,1,51,-60,-24,-10,-2,-2
2,2,9,3,3,0,1,0
-1,-1,-9,-1,7,3,1,1
-1,-1,-9,-1,7,3,1,1
-2,0,-4,-3,0,0,2,-1
-1,-2,-11,-5,-5,-3,-1,-3
-1,1,1,3,0,-3,-2,-2
-1,-3,-9,2,15,-2,-2,-2
-1,-3,11,-3,-3,4,0,-1
0,0,3,7,-2,-5,-2,-1
0,0,-4,-6,1,2,-2,0
3,5,9,-2,12,5,2,0
1,0,9,0,2,2,1,0
1,0,9,0,2,2,1,0
-2,-3,-15,-2,-3,-3,-4,-1
-2,-5,-27,-13,3,-1,-2,-2
-1,-3,-7,3,9,0,0,1
1,0,1,10,0,-1,-1,-1
-1,0,-2,-4,2,4,-1,-2
-1,4,17,4,1,-5,-2,-1
2,-1,-2,0,0,2,1,0
-1,-1,-8,10,-3,-1,1,1
0,0,6,17,9,4,1,-1
-4,-2,-10,-13,0,2,1,0
-4,-2,-10,-13,0,2,1,0
-2,-5,6,8,9,-2,-1,-2
-2,1,-2,-12,-5,2,1,-1
-2,-3,6,-10,-23,-6,0,-1
2,1,2,2,8,-5,-4,-3
-1,-3,-3,7,11,1,0,-1
0,1,4,-8,-2,0,-1,0
-2,-1,-1,10,3,1,-1,0
0,0,-4,-3,0,0,-3,-1
0,0,-4,-3,0,0,-3,-1
3,0,1,0,1,-2,-1,4
-1,-4,1,1,-16,-5,-1,-2
-1,-2,-7,2,4,3,-1,-1
-5,-6,-19,-11,-7,-1,0,-1
19,4,20,4,4,2,2,16
0,-7,-31,10,4,-5,-16,-10
6,-5,-31,-28,-5,0,0,-13
6,-5,-31,-28,-5,0,0,-13
-8,1,9,30,16,8,5,-2
-34,-6,26,-3,-5,-3,-1,-2
-22,6,10,-7,16,8,1,-15
2,-4,-35,-8,-9,-3,-4,-31
52,5,-38,7,12,6,5,11
15,-18,-35,-47,-7,-14,-11,19
55,4,37,8,0,1,3,2
2,11,42,-33,-19,-16,-13,48
34,3,-66,-13,24,18,10,-41
-27,11,54,54,29,0,-11,-91
-27,11,54,54,29,0,-11,-91
-18,10,-4,115,-12,-26,-16,22
-32,1,-71,103,4,3,5,30
-35,-7,-35,-16,-6,7,2,50
38,-14,54,-52,-33,-6,-7,43
66,3,27,21,27,16,17,112
40,0,38,-72,-52,-7,8,-32
40,0,38,-72,-52,-7,8,-32
20,-21,41,-114,-24,-7,-5,-30
-26,-23,-8,-27,-29,-21,11,2
20,28,1,37,11,1,15,9
55,9,-5,26,13,7,-12,-2
-17,-53,-128,-115,-32,-18,0,15
-31,-29,-42,-62,0,3,6,52
-31,-29,-42,-62,0,3,6,52
-66,46,-6,-70,30,34,29,-40
46,9,95,26,-2,-16,-21,8
1,2,-12,-14,11,7,-4,44
-76,-21,-99,14,-24,-14,-7,-63
52,14,-17,54,47,40,26,47
27,11,17,47,-5,-6,-7,-32
-15,-25,-47,29,-5,2,3,27
-25,-8,38,-27,-6,12,-12,-16
5,30,125,47,28,11,7,-61
-51,-19,61,73,-9,-9,-1,-13
22,-21,35,25,-23,-25,-12,-23
-16,-3,18,-42,-2,-8,-5,43
31,5,57,50,-13,-16,-9,-11
25,-9,-45,14,14,6,4,-3
-12,-23,-49,-8,-20,-6,-4,12
-12,50,-65,-71,3,16,11,6
7,-10,22,34,-23,-5,6,19
-13,-7,-7,-22,-9,-11,-9,-5
26,8,-73,20,4,12,13,31
-8,-15,-52,21,8,11,-1,-36
-26,-17,26,-80,-15,-4,6,8
-1,-16,-103,-62,-9,0,0,36
-1,-16,-103,-62,-9,0,0,36
-21,-22,44,31,-1,-4,-7,42
-33,-22,-54,-7,-9,-20,-19,-23
7,17,3,-8,21,9,6,-46
-50,-7,-49,-81,-7,-9,-8,8
3,2,51,53,-2,-10,-3,26
3,2,51,53,-2,-10,-3,26
2,5,83,12,8,-11,4,18
-65,-2,18,27,-9,-2,-2,-21
-1,-3,-52,-27,-5,-1,-6,-12
-15,-14,35,-13,-8,5,7,19
23,22,56,31,12,9,4,7
0,-18,-47,-31,-22,-8,-4,-22
7,19,-1,-20,-47,-19,-6,-25
7,19,-1,-20,-47,-19,-6,-25
0,11,75,-49,-14,-14,-3,17
21,-8,-3,39,18,3,1,3
0,-9,-46,-68,-27,-8,-1,4
24,-9,13,26,34,20,8,12
-9,-15,26,-36,-10,-4,1,8
1,1,31,-22,-34,-13,-1,6
25,15,15,-33,-21,-5,0,0
-13,4,-14,95,13,-6,-9,-5
-14,-12,-17,-47,-83,-26,-8,3
2,-17,-68,-70,-33,-19,-6,-24
2,-17,-68,-70,-33,-19,-6,-24
49,7,-48,13,-27,-13,-12,-9
-1,-1,0,4,11,2,0,0
-2,-3,-6,-4,-7,-3,-3,0
-2,-2,-8,6,17,4,0,-1
1,2,3,-10,-7,-2,-1,0
0,1,-4,0,-1,0,-1,2
-2,0,11,-3,-8,-4,0,-2
0,0,-4,-17,-9,-3,-2,0
-3,-1,10,1,-4,-2,-1,0
1,1,7,-4,-10,0,-1,0
-2,-4,-3,2,20,4,0,0
0,0,-7,-1,-1,-4,-2,-1
1,1,1,14,10,3,0,1
-1,-4,-13,-4,-18,-5,-2,-2
-1,0,-6,-7,-10,1,1,-2
-3,-4,-16,-9,-13,-4,-2,-3
-2,-3,-8,-5,-2,-2,-1,0
2,2,12,16,3,2,0,1
-3,-4,-4,0,13,1,0,0
0,1,-5,4,-5,-1,-3,-2
1,-1,3,-2,0,0,1,0
-1,0,-5,-12,-12,-3,-1,0
0,-3,-7,-4,-4,-2,-1,-4
-2,-3,-3,-5,-3,2,8,3
8,5,19,7,-4,0,5,6
-4,-6,-10,-3,0,-2,-3,-2
-8,-13,-17,-10,-10,-5,-6,-4
0,-1,3,-3,-4,-3,-2,0
2,5,7,5,-1,-1,-1,1
-3,-3,-28,-23,-12,-4,-2,-1
-3,0,10,-7,-1,1,-1,0
-3,0,10,-7,-1,1,-1,0
-4,-4,2,-4,1,1,-2,3
-5,-1,7,0,-3,-4,-1,0
-5,-1,7,0,-3,-4,-1,0
-2,-3,-19,3,3,2,0,-1
-52,-3,7,-2,-2,0,2,-3
27,13,23,50,2,0,0,3
13,0,-10,-14,1,0,-1,-4
-6,-9,-19,-36,-16,-9,-4,-6
-6,-9,-19,-36,-16,-9,-4,-6
1,-7,-35,21,0,-1,-2,-3
19,14,-11,-10,-10,-5,-3,15
48,25,32,9,12,8,4,-2
10,-12,-32,10,-3,-2,-8,-67
10,-12,-32,10,-3,-2,-8,-67
16,-3,-24,-24,0,-3,-1,36
-10,-13,-31,42,-2,-7,-5,-38
35,6,-11,-26,2,5,4,3
0,11,26,-9,-1,-4,-6,-25
25,5,31,-4,1,0,5,55
-10,-29,-54,-52,4,11,14,101
-7,-33,49,42,-10,-10,-5,21
11,3,59,-31,2,4,7,-8
-18,-15,-23,3,-21,-5,3,-30
-3,1,-65,-50,1,4,4,28
9,-38,-57,-26,-5,-12,-9,-108
52,58,68,28,25,4,0,3
52,58,68,28,25,4,0,3
-68,-31,-54,-33,-27,-14,-6,30
73,-16,-42,-3,3,0,-7,-24
-32,-31,-69,-44,27,30,29,87
42,5,-44,7,-7,-2,3,8
-20,-10,47,-15,-45,-20,-10,-25
37,14,4,52,21,9,6,19
29,10,-29,46,-17,-27,-2,44
-68,-37,-80,23,10,6,-11,-39
-24,18,57,53,15,0,-4,-24
27,0,-5,15,3,12,6,12
27,0,-5,15,3,12,6,12
-22,0,13,-106,-34,-5,5,3
88,21,80,61,20,15,11,55
-16,23,-20,-100,0,6,3,30
-55,5,4,74,-20,-9,-10,-34
32,2,-33,4,20,3,0,12
46,-15,-55,-73,-9,-4,-5,-30
-7,-17,4,-55,-10,-2,2,21
-24,-3,30,-8,7,0,0,-14
-27,-44,-36,-30,-22,-17,-15,-43
-23,-1,-21,-35,16,3,1,-16
29,16,58,-89,-24,-8,4,-13
29,16,58,-89,-24,-8,4,-13
31,40,-34,95,28,10,4,-27
-73,-26,-70,-62,1,6,-3,-7
49,10,-4,30,0,-1,0,30
5,-4,19,-97,-7,-7,-1,0
-31,27,59,-46,7,6,2,-5
3,9,111,127,33,21,7,0
-45,-14,45,-73,-13,-8,-6,-4
16,2,-17,127,19,2,0,-10
-4,-13,-56,17,-14,-11,-7,-15
6,-26,29,-22,-8,2,1,6
-34,-29,-35,24,26,8,0,-13
10,5,-36,-1,3,-9,-3,-3
-5,0,-72,-26,5,-3,-1,-18
47,4,42,-59,-18,-9,-2,0
6,-8,-56,14,-2,1,-2,25
6,-8,-56,14,-2,1,-2,25
0,21,61,105,17,8,3,-2
0,21,61,105,17,8,3,-2
-17,-11,-51,-13,-15,4,-1,-10
-17,-11,-51,-13,-15,4,-1,-10
54,12,16,-68,-7,9,14,26
-3,4,46,74,5,-4,-2,-9
16,27,41,52,30,8,3,9
-20,-17,-38,-33,-18,-3,-3,-5
-8,-6,-17,-63,1,-1,-4,-5
11,-24,-58,8,-10,-8,-12,-22
21,0,4,-19,-8,-2,-1,-6
-22,-5,18,-37,-29,-8,-1,0
-22,-5,18,-37,-29,-8,-1,0
-36,-6,25,-43,-29,-27,-10,-7
14,9,31,57,44,15,5,3
-1,0,1,-5,-13,-2,0,-2
0,-2,-8,-2,-4,-4,-1,-2
1,1,1,8,7,2,0,1
0,1,6,-3,-7,-3,-2,1
-1,2,-9,-10,2,-1,2,-1
-3,-1,-15,6,-4,-2,-1,0
0,-1,-7,-8,-6,0,0,2
0,-2,2,-2,-1,0,1,-3
-1,0,0,-9,-2,-2,1,-2
0,0,-4,-6,-4,-1,0,-1
-1,-2,0,-6,-5,0,-4,-3
-1,-4,-8,2,7,1,1,0
-1,-1,-3,-13,-14,-6,-3,-4
0,-1,-4,11,2,0,1,-2
-3,-4,-10,-12,-13,-6,-2,-2
-4,-4,1,-5,-13,-6,-2,-1
-4,-4,1,-5,-13,-6,-2,-1
-3,-4,-7,-4,-6,-2,-3,-3
-1,-1,-10,2,-9,-2,-1,-1
0,-1,3,-5,-11,-3,-1,0
-1,0,-3,-2,-3,-4,-4,-2
-1,0,-7,-6,-6,-6,-2,-1
-1,-1,1,-2,-4,-2,0,-1
4,-3,-4,-18,-9,-3,2,7
-3,2,10,15,5,0,-4,-3
0,1,7,13,2,-3,-2,-1
6,2,-1,-12,-16,-2,-2,15
-5,1,25,39,15,2,-1,-8
-5,1,25,39,15,2,-1,-8
10,4,11,-5,-2,-3,-1,-2
10,4,11,-5,-2,-3,-1,-2
-6,0,-20,-8,-4,-1,-1,-3
-9,0,-18,25,24,7,3,2
-8,-9,-9,-7,-5,-3,-2,-3
-8,-9,-9,-7,-5,-3,-2,-3
-1,0,-13,5,-9,-2,-1,-3
13,6,13,21,2,1,1,1
5,12,29,35,4,4,1,-6
1,-6,-14,10,13,2,-2,2
-13,-6,11,-18,-8,-4,-4,-1
7,2,11,-6,1,-4,-2,-3
-9,-11,-16,15,-6,-3,0,0
-6,4,-13,-5,-6,-3,-2,9
-4,17,15,-11,4,1,7,12
4,5,27,-19,-20,-11,-5,-16
3,-6,11,-66,-16,-4,4,17
3,-6,11,-66,-16,-4,4,17
22,-3,-56,-59,5,7,2,-11
25,-5,56,12,-7,-7,-5,21
12,8,-93,-38,2,2,4,6
-23,7,-17,-5,25,14,4,-12
24,-2,-15,-2,-5,3,8,21
21,-30,115,20,-14,-7,-1,17
21,-30,115,20,-14,-7,-1,17
3,-16,63,36,-19,-5,5,-22
-8,-56,8,-6,3,1,-6,-33
-8,-56,8,-6,3,1,-6,-33
-8,-56,8,-6,3,1,-6,-33
-1,-2,52,12,1,5,-11,5
20,22,17,24,3,-16,-35,-80
-31,-34,-14,-98,-19,-2,-21,4
-9,-12,9,45,-7,-9,-1,2
9,-19,-56,-20,-2,7,32,88
9,-19,-56,-20,-2,7,32,88
-5,-14,-114,-50,-23,-23,-13,-33
-5,-14,-114,-50,-23,-23,-13,-33
-8,9,-51,-38,4,14,10,-11
-6,39,103,35,5,1,11,33
-14,-12,57,-14,-5,-9,-18,-69
-14,-12,57,-14,-5,-9,-18,-69
55,1,19,-53,3,11,9,-1
-38,33,-30,56,24,14,13,47
45,20,115,127,13,-5,-5,9
14,-9,-11,84,20,8,10,14
-39,-14,-46,-128,-47,-17,0,25
31,-1,36,39,-4,-2,-8,15
20,-2,-65,-43,-2,22,3,-26
20,-2,-65,-43,-2,22,3,-26
-4,-12,-25,57,13,1,2,15
-59,-11,-10,-23,-10,-12,-3,-17
-44,-31,-60,5,11,3,0,-15
27,17,72,-30,0,-8,-1,-3
13,13,9,-93,-17,-13,-1,15
0,-4,-22,-22,24,13,3,3
0,-4,-22,-22,24,13,3,3
42,24,-2,27,28,13,7,0
-18,-21,-72,-61,2,7,4,25
10,-2,13,28,3,-3,-7,-29
-15,-14,42,127,5,-7,-8,4
-26,-1,-11,-67,-16,-1,-1,-16
-2,3,-27,-10,-20,-12,-1,-2
-2,3,-27,-10,-20,-12,-1,-2
-8,-25,-55,-62,-21,-10,-7,-24
-36,-14,4,8,15,-3,-6,41
-2,1,-30,-11,6,3,-6,-33
-1,-2,-70,-57,-17,-3,5,28
20,10,-1,-45,-20,-6,5,41
20,10,-1,-45,-20,-6,5,41
-3,-7,1,91,11,4,-5,-22
31,-2,-41,11,-4,2,6,-16
5,-2,-7,2,-15,-7,-4,-8
2,-6,10,-24,-10,-2,2,8
2,-6,10,-24,-10,-2,2,8
8,6,12,-49,-21,-13,-8,-7
21,31,-45,45,29,14,6,-11
1,6,-7,10,7,0,-2,-3
3,-1,-5,-70,-4,6,5,18
26,-2,16,78,21,11,4,0
10,4,-38,82,5,-4,-13,-27
10,4,-38,82,5,-4,-13,-27
-19,-23,-27,-23,-20,-8,-3,-14
40,18,29,71,-1,-2,2,5
-13,-10,-25,-38,-17,-7,-3,-16
