-1,0,2,-2,-3,-10,-6,-2
-1,0,2,-2,-3,-10,-6,-2
0,1,3,3,0,-2,-2,-3
2,0,1,12,2,-1,-1,-2
-1,-1,17,-2,4,1,-4,2
-1,-1,17,-2,4,1,-4,2
-1,-2,-20,-7,-2,-3,-2,0
-1,-1,-3,-1,2,-7,-2,0
-1,-4,1,-4,-5,-3,-10,-5
-3,-1,-10,3,-2,-5,0,0
0,-1,-27,0,7,-2,-1,0
0,-1,-27,0,7,-2,-1,0
1,-1,-16,-3,-4,-1,4,-2
-2,-1,7,-6,7,1,1,-1
-2,-2,2,-1,-5,3,-2,2
-4,1,-12,-8,-6,-4,5,3
-1,-2,4,-3,-3,-3,-2,-1
1,-1,8,0,5,2,-2,-1
0,0,-12,0,-6,0,2,1
-2,-2,2,-2,-3,-2,-1,-1
0,1,26,3,0,4,-2,6
-1,-1,10,1,-4,-2,3,1
3,3,13,2,0,3,5,1
-1,-1,-9,3,1,-1,-3,-3
-1,-3,-11,-3,-2,4,1,-3
0,1,11,3,-5,-5,-4,-3
0,1,11,3,-5,-5,-4,-3
-1,3,14,4,4,-1,3,-2
-1,3,14,4,4,-1,3,-2
0,-3,-17,-3,-1,2,2,0
-2,-4,-8,1,-4,-4,-3,0
1,-6,13,6,3,4,-3,-2
1,-6,13,6,3,4,-3,-2
3,33,23,-2,-5,2,0,3
1,10,-12,-9,-8,-13,-6,0
-1,3,-7,12,-1,-4,-11,0
-3,-2,-18,-3,-7,1,3,-2
-1,-20,-9,-5,1,-2,0,-1
-1,-20,-9,-5,1,-2,0,-1
-3,-7,17,-2,-5,-4,-1,1
-1,-4,-43,7,8,-4,-14,13
-1,-4,-43,7,8,-4,-14,13
-80,0,60,-12,3,9,3,-3
-80,0,60,-12,3,9,3,-3
5,-20,43,-7,-8,-2,-8,-3
24,29,9,8,3,-7,-9,-4
-28,-19,-36,-8,-5,-15,12,-28
-28,-19,-36,-8,-5,-15,12,-28
19,-9,9,-5,-4,-2,-11,-37
19,-9,9,-5,-4,-2,-11,-37
26,40,35,33,14,1,-4,21
26,40,35,33,14,1,-4,21
-62,-15,-91,-13,-19,-8,6,21
-97,-37,47,-1,5,7,20,26
77,8,-25,-27,-6,-21,-27,29
-34,-20,-60,-23,-9,-13,-8,23
-6,3,16,-16,1,-3,6,10
-29,-90,-8,1,-4,-5,0,-6
14,-16,16,22,7,-6,-2,27
23,1,28,4,1,-7,12,18
-48,-10,-14,-5,-4,-8,-15,2
-48,-10,-14,-5,-4,-8,-15,2
-19,-11,-34,-17,-4,-2,-6,-19
13,-37,-55,-37,-12,-8,2,7
8,19,42,27,2,4,0,12
18,5,24,5,1,4,2,1
19,1,24,-1,-2,0,-2,1
-10,6,3,5,1,0,0,-1
-5,-6,30,18,5,-2,-4,-6
9,11,-27,-20,1,1,0,0
1,-1,26,8,-3,3,6,1
2,0,-1,23,3,-5,-4,-1
4,-1,28,11,-2,-9,-9,-2
-1,-5,-15,-23,-4,11,6,0
-1,-5,-15,-23,-4,11,6,0
3,5,28,5,2,-3,-8,3
3,5,28,5,2,-3,-8,3
-3,-9,-57,0,-9,-5,1,1
-2,5,81,2,7,14,12,4
-7,-10,5,-40,-1,14,6,-10
4,8,42,-26,-10,-4,0,-1
0,-1,-25,-1,2,-4,7,-1
2,0,-28,14,13,1,-7,21
-14,0,-26,-12,-1,15,4,-31
-1,-4,-26,-5,3,-9,1,7
-1,-4,-26,-5,3,-9,1,7
-10,-7,-49,-13,-4,-23,-13,-38
-24,-6,6,-10,-2,-11,-12,-65
4,0,57,21,-2,-2,0,-16
-1,-1,21,2,4,2,-2,0
-2,-3,-13,-2,1,-9,-2,3
-2,-2,8,1,-2,0,1,0
-2,0,13,-2,-2,3,5,-4
0,1,20,-3,-3,-7,-2,-5
-2,0,10,2,0,12,3,0
-2,-5,-30,-8,-7,-4,-5,-5
2,3,5,6,0,0,0,-2
1,1,-21,-6,1,3,2,-5
1,1,-21,-6,1,3,2,-5
0,-1,3,3,0,4,-5,-2
0,4,14,3,-1,-6,4,1
-4,-3,-7,-1,0,-2,-1,-2
1,0,-10,-5,-4,-1,0,-1
-2,-2,-14,-6,-4,3,3,1
1,1,12,6,-1,-5,-4,0
-3,-2,-31,-22,0,-3,-2,-4
-1,-6,36,16,-5,1,-2,0
2,2,-30,3,1,-1,-9,0
-1,-1,51,9,3,-5,0,0
-1,3,3,-2,-4,-2,-3,-3
-1,-4,-35,-25,-9,-4,0,-2
0,2,11,3,7,3,1,0
-1,-3,-23,-9,-4,-5,0,-5
0,-2,13,0,-1,1,2,3
0,-1,10,3,-6,-2,-2,-1
-3,1,14,6,-8,-5,-2,-2
-3,1,14,6,-8,-5,-2,-2
-2,0,8,0,-1,-1,1,-2
0,-6,-17,-1,1,7,-6,-2
0,1,23,-1,3,6,-2,0
0,1,23,-1,3,6,-2,0
1,0,14,7,1,0,2,0
0,1,-26,-14,-6,-4,-4,-2
4,10,-1,16,8,0,2,3
-2,-20,-20,-10,-1,0,8,-1
-8,-13,-41,-16,-6,2,-5,-4
-3,-11,-11,-3,-11,-5,12,8
2,14,33,2,0,-4,-2,1
-9,7,-54,-26,-7,4,1,-8
1,9,0,4,-1,-3,-7,-2
-1,-16,-19,-1,-3,-5,-3,3
-4,-9,-24,0,9,1,1,-3
5,9,11,-3,-7,-3,10,3
-9,-2,3,-3,-4,-5,-20,-12
33,14,20,19,7,3,-1,24
17,-30,-46,-26,-10,-6,-23,-7
-21,14,68,3,-2,1,8,-3
-29,-21,-9,-21,-5,-1,5,6
-12,-73,-128,-40,-9,4,0,40
-12,-73,-128,-40,-9,4,0,40
71,55,127,46,13,3,-1,-93
-37,18,66,38,12,0,0,-12
-7,5,-50,-1,9,1,-16,-4
-18,24,58,8,-13,3,-23,-37
-6,-23,-8,-4,6,9,29,100
17,-92,-88,-80,-34,-18,21,127
0,52,51,25,2,-3,18,33
-31,-31,6,-1,0,-8,-15,-43
14,35,58,29,3,2,45,-9
-21,-19,-28,-14,2,-6,27,23
-21,-19,-28,-14,2,-6,27,23
-17,22,38,4,9,3,18,26
-9,-26,-19,-5,4,0,5,-1
-49,13,-20,-12,-10,-7,-25,-58
52,15,-6,1,4,4,15,17
52,15,-6,1,4,4,15,17
7,-13,-34,9,9,1,2,9
-17,-4,57,-2,-4,0,4,-9
45,-33,-108,-31,1,-2,-5,-30
38,-11,62,9,-1,8,-2,22
-19,3,8,25,3,2,-3,-5
15,6,25,10,3,5,9,-2
20,14,81,-16,-11,-6,-9,4
2,-19,2,-12,-5,3,-1,-5
-20,10,52,-3,8,4,3,-4
-23,-3,-26,-4,-8,-9,-9,0
8,7,-17,3,-2,-3,-17,8
-2,-3,-5,-2,-5,-3,5,-3
-2,-3,-5,-2,-5,-3,5,-3
0,-3,-12,-4,-5,-4,1,-1
-3,3,6,-5,-5,-8,-1,-3
-2,-2,2,13,-3,-1,0,-7
0,0,-8,-6,-1,13,8,-55
0,0,-8,-6,-1,13,8,-55
-1,-1,-23,-9,0,-2,0,25
2,3,1,15,-2,-4,-2,-4
-3,3,6,10,1,-6,-5,6
-5,-4,-52,-18,-3,1,-7,-39
8,7,82,23,9,-5,-5,34
0,-2,27,11,-4,-7,-4,18
4,5,4,28,-5,0,-2,27
-7,-3,21,7,2,1,2,-12
3,1,6,-9,0,4,3,14
0,-5,-7,-51,0,18,3,-13
-13,-1,-10,-22,0,-3,-8,-26
-3,-3,-37,-17,-4,-7,8,73
4,3,-17,3,4,-4,2,18
11,4,23,18,2,-3,1,35
4,1,38,7,-2,-7,-11,16
-7,3,-30,-16,-3,-6,-2,12
-2,-1,9,6,0,2,-2,-5
-3,0,-20,-3,3,1,-4,-32
-1,-1,3,2,-2,-2,-1,4
1,0,-7,-6,-4,-8,-4,0
0,-2,-22,-9,-2,-4,-3,7
0,0,-1,1,-4,-1,-2,-3
-2,1,29,2,-2,-3,4,-2
-5,-2,-13,-5,-3,1,-1,-1
2,-2,7,1,5,-5,-6,11
1,-2,-11,-7,0,0,2,-3
-4,0,-17,-4,0,-2,-1,0
0,-3,-28,-15,-2,1,0,5
-1,1,14,3,-3,1,4,-8
-1,1,14,3,-3,1,4,-8
-1,-3,-2,-2,1,2,1,-2
-1,-3,-2,-2,1,2,1,-2
-4,-2,-14,-7,1,-1,-4,7
-7,1,-2,4,-3,-6,-1,-7
-2,-3,2,2,0,4,-1,-1
-2,-3,2,2,0,4,-1,-1
-2,0,-4,-1,-1,-8,-2,-7
-2,1,-1,-1,0,0,-2,-3
0,-2,-17,-2,4,3,-4,-8
-3,-3,19,1,-2,1,0,-1
-1,-1,-9,-4,-1,-2,1,-1
-1,-3,-32,-9,3,2,0,-2
-1,-2,-48,-6,-7,-3,-2,1
0,2,12,6,-2,2,0,-3
1,-1,10,-3,-4,-4,2,-1
-2,0,-14,-7,10,0,0,1
-1,-2,-5,-4,-4,-5,-3,-2
-1,-3,5,-12,1,-1,0,-1
-2,2,13,13,3,1,0,0
2,3,-15,-3,6,4,-1,0
-4,-25,-32,0,-2,-3,-2,-2
3,37,42,-2,-4,1,-1,1
3,6,3,17,19,3,-1,7
-2,-23,1,3,-1,7,5,-5
0,3,45,7,-4,-2,-2,3
0,2,-80,-3,-3,5,-1,0
-4,-13,-24,-15,-4,-3,1,-3
-7,-10,-58,-18,-11,-2,5,-7
8,16,69,7,8,-3,-2,5
-1,-11,-74,-21,-8,1,9,22
-32,5,-34,16,5,2,4,1
-31,20,-3,-2,2,-2,-4,-20
19,-8,-42,-16,-4,2,3,-15
-10,19,115,16,4,8,21,26
-25,-4,28,-7,-8,-13,-5,35
54,9,58,15,2,-2,0,-30
-37,4,-1,-26,-1,2,-9,-13
-37,4,-1,-26,-1,2,-9,-13
12,27,71,22,-6,2,9,-8
12,27,71,22,-6,2,9,-8
17,46,77,22,4,1,3,-30
-22,-42,-70,-22,-2,5,12,1
11,-11,47,2,-2,-5,-2,-46
1,29,35,30,19,16,0,-26
-14,-43,-97,-15,-16,-21,-25,22
24,43,-27,-10,1,2,-8,11
-26,-8,-13,7,-2,-5,2,13
32,-16,-53,-13,-7,-9,-12,14
34,41,127,26,2,1,0,2
34,41,127,26,2,1,0,2
-5,-3,-34,-6,0,-1,5,-10
-2,-6,-33,-7,-4,-10,0,-1
-2,-3,-9,-9,-1,-4,-5,-2
1,-3,-10,-2,-4,-4,3,-1
-4,1,5,0,-3,-9,-3,-2
1,0,27,8,2,4,-3,-1
1,0,27,8,2,4,-3,-1
0,-1,18,12,1,-2,0,1
0,-4,-21,-15,-6,-3,1,-2
-2,-2,25,5,2,-1,-3,0
-1,1,-3,-3,-5,-1,-3,1
0,1,4,8,-2,-2,5,0
1,-2,-7,-5,-7,3,3,-1
-1,-1,-2,0,4,3,-2,-2
-2,-1,6,4,1,-10,-2,-4
-1,-2,-33,-4,-3,2,1,1
9,1,13,5,5,0,-4,1
-1,-1,-12,-7,7,3,0,-2
-5,0,-21,-7,-1,3,1,-3
-5,0,-21,-7,-1,3,1,-3
-1,0,10,1,-4,4,-4,0
-1,1,6,1,-8,-9,3,0
-1,-2,2,1,6,5,7,0
-1,-4,-51,-21,-1,-2,-2,-2
-2,0,-4,-3,0,-3,-1,0
-1,-1,21,4,-1,0,-1,2
-1,0,-1,-2,-5,-3,-1,0
-1,0,18,9,0,-5,-4,0
-1,-1,6,14,-2,-3,-1,11
-2,1,11,5,-7,-6,-12,-1
-2,1,11,5,-7,-6,-12,-1
-1,-1,-22,-1,-7,7,1,-7
-2,-6,-14,-9,-1,2,-7,-7
-2,1,15,-10,0,-1,-3,-6
-1,3,-36,-11,9,7,2,-4
1,-4,10,11,4,-3,-5,-2
-4,-24,-67,-7,-5,-5,-2,-3
-1,0,8,1,-10,-1,3,1
-1,-6,2,10,18,-1,-2,-4
2,7,26,-1,-5,2,-4,-1
-1,7,-3,-9,-7,-2,1,-4
0,-3,15,4,-7,-1,-5,-3
-4,-1,23,5,11,-5,-5,-2
-3,-19,3,-1,-2,-2,-4,2
0,-8,-30,-9,-2,4,2,5
-9,4,14,-15,-6,-8,-5,-6
-1,-1,-30,1,1,-7,-3,1
-22,-43,-128,-21,-7,0,-1,-1
-22,-43,-128,-21,-7,0,-1,-1
19,7,79,-7,-10,-10,2,22
-17,-4,-68,31,14,8,-4,-15
41,0,48,13,7,2,2,-14
19,3,19,-9,-2,7,19,10
29,42,127,26,1,0,4,27
13,-2,102,23,5,-1,-16,-10
-50,11,0,8,0,3,-22,0
-4,-9,-38,-23,-9,-3,1,-27
10,17,-82,-9,0,1,2,43
24,17,0,5,-1,-6,-43,29
24,17,0,5,-1,-6,-43,29
-6,1,70,3,-2,-4,23,4
-8,0,36,9,7,5,8,-26
1,14,100,53,13,5,0,-4
-22,-10,-45,-17,-9,-7,13,-18
-22,-10,-45,-17,-9,-7,13,-18
-23,-26,-18,5,7,1,4,24
24,21,74,24,10,2,-24,-41
34,-3,-29,1,0,1,1,-16
-20,15,8,2,-8,-1,7,9
-16,2,64,2,-1,4,1,37
-5,-10,-40,-23,-8,-11,-8,-8
18,-7,-36,-4,-2,1,-6,-16
-15,14,-55,-29,-7,0,8,-3
-5,-7,60,2,-1,-1,-3,-10
-5,-7,60,2,-1,-1,-3,-10
17,-14,-13,-18,2,-8,-1,14
-26,-44,-49,-9,-1,0,4,-13
20,32,3,-3,0,-1,-2,3
0,8,-81,-9,-3,0,4,4
-6,14,78,8,6,7,-1,-1
-7,-19,14,6,-4,2,3,-2
-5,-18,-7,12,1,10,-3,8
-14,-29,15,3,-3,-4,1,-16
2,2,17,-25,-2,-5,4,20
-2,15,28,-10,-6,-6,5,-34
-23,-23,-84,-27,-12,-5,-4,-2
-56,-2,24,11,1,-1,0,-14
7,-4,-59,-17,-5,3,6,8
-9,8,12,8,3,0,-2,-8
8,6,54,6,-1,1,-2,-1
1,-6,-37,5,6,-2,-1,0
5,-1,8,-1,0,-6,-6,4
5,-1,8,-1,0,-6,-6,4
-4,-5,-9,-5,5,12,8,-5
0,1,7,-6,-9,5,-1,-2
-2,-4,39,9,4,-6,-7,1
0,-7,-28,-13,-5,-7,-3,-7
1,0,8,-12,1,-10,-3,-4
-2,-2,4,1,0,-3,-2,9
-14,4,-9,11,-3,-9,0,-6
6,2,28,15,-9,-10,1,3
-1,-4,-2,-2,1,-2,-4,-3
2,-3,7,2,1,2,-4,1
2,-3,7,2,1,2,-4,1
0,-6,-83,-18,-4,7,-1,-2
-2,0,17,-7,0,-5,-7,12
3,0,-43,-14,2,0,-12,17
4,-1,43,-9,0,14,7,-78
16,0,2,-2,2,17,2,10
-8,-3,-8,-19,-2,-13,-4,-36
-3,-1,22,29,1,11,17,12
1,0,5,0,7,2,-2,-1
-1,-5,-44,-9,-6,0,1,8
-1,1,13,3,-1,-4,-5,-4
-1,-3,-5,-8,1,2,-3,-2
1,2,14,6,1,3,4,1
0,0,10,3,2,0,4,-1
-5,3,-31,-5,-1,3,-1,-4
-5,3,-31,-5,-1,3,-1,-4
2,-1,19,4,-6,-6,-3,-17
1,0,8,1,-4,-3,1,3
1,0,8,1,-4,-3,1,3
-1,-1,-16,-5,0,-6,-2,2
-1,0,18,-2,1,-4,-1,5
-1,0,18,-2,1,-4,-1,5
-2,1,3,7,-3,-1,0,-2
0,0,18,1,-4,1,2,0
0,1,32,17,6,-1,-1,4
-1,-1,11,1,1,-6,-3,-4
-1,-3,0,4,-1,-1,1,-2
-3,-5,-12,-10,-2,3,-1,-3
0,-5,-31,-22,-3,6,0,0
0,-5,-31,-22,-3,6,0,0
0,0,-4,0,0,-6,-5,-2
1,0,-15,-2,-1,5,2,1
-1,1,19,4,-4,-2,-2,-2
0,-2,9,-1,-9,-7,-3,0
-3,-1,12,-9,-4,-3,1,-3
1,-2,-10,-2,0,2,0,0
-2,-2,-24,-5,5,-4,-3,-3
-2,2,12,2,2,1,1,1
-1,1,21,-1,2,-6,1,-1
-1,0,11,3,7,1,-2,1
-1,0,11,3,7,1,-2,1
2,0,13,4,0,0,2,1
3,6,-4,-11,3,3,6,-3
0,-4,6,-4,-16,-6,3,-6
-5,-21,33,10,2,-3,-5,0
-1,7,0,2,5,3,0,-1
-4,-8,-66,-13,-2,-2,-4,-1
-4,-8,-66,-13,-2,-2,-4,-1
-4,7,33,8,0,-3,1,-2
-10,-20,-66,-40,-17,-3,-6,-5
-1,5,-13,1,-6,-2,3,-2
1,-2,20,-10,3,-2,-6,5
7,9,32,12,7,7,16,-3
-100,20,50,18,3,-4,2,-2
23,15,9,6,1,1,2,19
2,31,-2,-1,2,0,15,-18
-20,39,90,8,3,9,0,-3
49,-16,45,8,6,-4,4,-24
58,5,34,16,-2,-5,19,3
12,-52,-43,-35,-21,-13,13,-9
19,19,-9,22,1,-3,-9,-19
37,24,55,-5,1,4,-6,6
-47,-13,29,13,9,11,12,14
-50,-13,-23,-16,-13,-17,-30,-49
-19,56,97,25,7,-3,-30,13
46,-5,89,15,1,11,31,34
2,15,5,24,11,-4,2,-7
-15,-78,-10,-10,-13,-15,-4,-14
10,20,-44,-14,4,9,22,26
-8,-5,-128,-22,-3,0,30,-8
3,15,-1,-5,-12,-6,-7,-8
-58,-27,-25,-1,4,4,-3,-12
19,27,36,1,6,6,10,29
-7,-36,-92,-33,-12,-19,-55,-83
36,0,-57,10,7,4,14,39
-17,8,29,2,-5,-2,11,-7
-10,17,-47,5,5,3,4,7
18,1,-22,3,2,6,7,15
10,-1,40,19,0,-1,-2,-20
9,1,-43,5,-3,-1,4,5
5,-2,32,-3,2,1,8,8
-1,6,9,-1,-3,-1,2,8
6,10,-1,2,2,0,1,-5
4,-3,33,6,19,2,-2,-5
5,7,5,-4,2,2,5,0
5,7,5,-4,2,2,5,0
-2,-5,1,0,-4,-4,-1,-2
2,3,4,1,3,-5,-1,3
-1,-4,-4,-8,0,-2,0,2
-2,-2,23,2,-4,-5,-2,-4
-4,-4,-6,4,-3,-2,1,-2
2,1,-11,3,-1,-10,-14,0
-1,-2,-13,-8,1,4,-1,0
-1,-3,0,24,2,5,5,-2
-1,-2,-12,-7,1,0,-2,-1
-5,-6,-12,-17,-1,-8,-8,6
-5,-6,-12,-17,-1,-8,-8,6
-4,-5,-15,11,-4,6,9,-2
-3,-2,-38,-27,0,-5,4,6
-1,-1,-3,-31,-1,7,1,1
-2,-5,19,-7,0,6,1,-10
4,0,-1,-5,-2,0,5,45
-8,-6,-2,7,0,-8,-5,-10
9,8,-3,-12,-7,-1,-4,17
-8,-8,-70,-34,-3,-6,-3,-10
17,7,35,28,2,16,7,-4
-3,-3,-8,-4,-1,-1,-2,-2
-2,0,-23,0,-10,-10,-8,-5
1,-2,6,-4,2,-4,1,6
1,0,15,6,0,3,1,-1
-1,-3,0,-4,-6,-5,-1,0
-1,-5,-15,-3,1,3,1,0
1,-2,17,2,0,-4,-2,-5
1,-2,17,2,0,-4,-2,-5
-1,-1,4,-3,0,-4,-2,0
-1,1,-7,-2,-3,-3,-2,-2
-4,0,-11,-1,-5,-1,-1,0
-3,2,15,8,2,1,0,1
-2,-3,6,0,-3,-2,-3,-1
0,1,36,4,-1,-4,1,2
-5,-1,-9,-5,-4,-6,9,-4
1,-2,-13,-3,-2,-2,0,-1
-2,-6,-5,-5,-3,-2,-3,-4
-2,-6,-5,-5,-3,-2,-3,-4
0,0,-1,-3,-8,-5,-1,-2
1,0,-7,5,-3,0,-3,-2
0,2,9,-2,3,4,-1,0
0,2,9,-2,3,4,-1,0
0,1,-5,2,-2,-4,-2,-3
1,0,12,3,1,-1,3,-1
-4,-7,17,4,-1,-2,0,-3
-1,0,-2,-6,-8,-3,-1,-1
-2,-2,-8,0,2,1,1,-2
0,3,2,-2,-4,0,-1,0
-1,0,2,2,5,-2,-1,-3
-3,-2,-12,-4,-1,0,0,1
0,5,34,18,8,0,0,-1
-1,-1,9,-1,-1,2,0,-1
-1,-1,-2,-7,1,0,-1,0
1,1,-2,8,-3,-2,-1,0
-4,-15,-23,-2,4,-3,-2,-2
0,9,39,3,3,1,-3,-3
2,11,13,-1,2,3,4,-2
-2,2,60,-3,-1,-3,-3,11
-3,-4,-43,2,1,5,3,-4
-1,-4,-21,-12,0,-1,-7,2
-3,-15,-73,-15,-7,2,0,-22
18,2,84,12,3,-5,7,25
8,21,48,14,0,4,8,-5
16,3,-21,-20,-12,-13,-16,-35
0,31,58,28,6,1,0,11
37,28,20,5,-3,-4,3,43
31,8,76,18,13,1,1,15
-5,7,-4,-12,0,2,-3,6
-70,-3,31,1,1,3,-1,-55
-87,-27,-23,-14,-3,11,2,-76
-2,-19,75,14,8,-3,-6,44
5,-2,88,-4,-3,-14,-13,-30
-110,-16,-35,11,-3,-7,-17,-53
2,-31,-100,-20,-12,-15,-15,24
24,30,12,17,6,1,-9,-19
61,-11,-77,-47,-11,-3,8,-21
-25,-12,22,2,-4,-9,-1,32
44,53,24,37,16,3,2,52
6,1,-13,-14,-4,9,4,10
-30,5,116,17,7,3,-3,-18
26,-3,-48,-5,-15,-9,5,7
47,-40,-34,2,2,3,11,-16
-5,22,-44,12,-1,11,-7,-25
-5,22,-44,12,-1,11,-7,-25
9,27,-21,3,7,0,14,-13
7,23,14,9,7,3,-7,12
-65,-14,107,11,-5,-6,-5,7
-12,8,63,-4,0,-4,-5,5
-1,0,4,3,1,-6,-1,7
-3,-16,-89,-4,0,-4,-2,-6
25,-14,12,-8,-6,-1,0,3
-3,-12,-16,-9,-2,1,-1,-4
2,-7,21,-2,1,-4,-5,-9
2,-7,21,-2,1,-4,-5,-9
-2,-2,16,2,-12,-4,-6,-4
2,9,13,-11,-9,-3,-2,-4
2,-7,-11,-15,-3,-1,-5,-5
-2,-1,-3,-1,0,-8,-5,-1
-2,3,3,-10,-4,4,0,5
0,-1,6,10,-4,-3,-1,-1
-2,-2,14,-1,-4,-1,0,-1
1,3,2,1,-7,-2,-1,-1
-4,-3,26,1,-3,-2,-5,-4
-1,-4,-15,-11,-1,-1,7,-2
-1,-1,-41,-14,-6,-7,-4,0
-2,-1,45,6,-7,0,-2,-1
1,2,21,6,0,1,2,-1
2,-2,-47,-14,-5,8,8,1
2,-2,-47,-14,-5,8,8,1
-5,2,3,4,2,-3,-7,-4
0,1,32,9,3,3,3,7
2,6,-11,0,-1,-13,0,-5
0,0,7,6,-6,-7,-7,-5
-2,1,13,1,0,15,13,13
1,0,-41,-8,-3,-3,-9,37
4,-3,-14,-12,-3,4,4,5
-15,-10,-33,-12,2,-5,1,-26
5,5,34,11,-5,-9,-5,-35
-1,1,14,3,0,-11,-4,-23
-1,1,14,3,0,-11,-4,-23
4,-1,-6,-4,13,-1,-5,-3
-10,-1,10,-3,-13,6,-2,7
3,-2,-8,-8,-12,0,-2,-1
5,10,92,23,-1,4,6,-21
-1,6,25,1,0,6,4,-22
-1,-1,-15,-5,-4,-7,-7,-2
-3,-3,6,-2,-4,-7,-2,-2
5,2,-3,0,4,1,0,1
-2,-1,4,-5,-10,-1,-3,0
-2,-3,-17,-1,-4,-7,0,-2
-2,-3,-17,-1,-4,-7,0,-2
0,0,30,2,-2,0,0,0
-3,-4,-4,-1,5,2,-4,-2
-2,-4,-54,-10,3,1,3,2
-3,2,-11,0,0,-1,-1,-3
-3,2,-11,0,0,-1,-1,-3
-2,-2,11,-3,1,3,0,-4
0,-1,7,-2,-6,-5,-2,0
-1,-1,-5,-2,2,0,-1,2
-1,1,13,6,6,5,0,0
-1,1,-4,-4,-3,-2,-2,-4
-1,1,-4,-4,-3,-2,-2,-4
-2,-3,7,-4,-12,-10,-2,-1
1,0,21,8,6,3,-2,-1
-2,-3,-21,-5,-1,4,2,-1
-4,-9,-76,-15,-5,-7,-4,-2
-4,-9,-76,-15,-5,-7,-4,-2
0,0,2,-3,-6,-3,-1,1
0,0,2,-3,-6,-3,-1,1
0,2,-6,-4,-1,-2,-5,0
0,0,8,2,11,4,9,1
-2,0,25,-9,-10,-1,1,0
0,7,26,7,-7,-4,2,0
0,7,26,7,-7,-4,2,0
3,6,26,-1,-2,1,0,1
-3,-2,29,-16,-26,-8,-9,-3
-2,-3,-11,2,7,2,0,1
-1,-8,-2,4,-4,-7,-3,-2
-1,5,-13,1,6,-6,0,-2
-1,3,-14,2,8,2,-2,-1
-2,-11,-2,1,-7,-4,-1,0
3,3,10,0,19,1,2,-1
-3,0,-9,-22,-31,-11,-7,-4
0,0,13,-1,11,10,6,-5
0,0,13,-1,11,10,6,-5
3,10,4,2,-9,-2,-11,10
2,5,1,21,32,7,0,-5
-13,-30,-90,-43,-25,-5,4,-5
1,8,16,17,5,-4,-3,1
4,-6,80,3,-16,3,9,-7
-2,7,-16,-22,7,-8,-14,-8
2,3,-12,11,4,-6,-10,-34
-20,6,34,10,1,7,1,-12
19,1,-11,3,1,0,-2,14
-15,-25,-128,-44,-12,1,-7,9
37,-2,33,10,0,-15,-19,30
21,20,87,21,-4,-8,13,15
21,-13,-40,-20,-4,-3,-4,43
-30,-12,101,36,6,2,-7,6
14,24,46,16,-1,4,13,-49
14,24,46,16,-1,4,13,-49
7,17,95,-3,0,3,13,-33
7,17,95,-3,0,3,13,-33
7,-23,-128,-39,-14,-9,-12,32
43,35,51,30,17,11,-2,-28
-34,12,-24,-7,-8,-3,-16,10
-20,-41,-49,-28,-10,-10,4,30
-20,-41,-49,-28,-10,-10,4,30
-19,-10,-48,-6,2,0,-5,-11
4,36,80,20,5,1,1,6
48,8,91,-16,0,4,7,7
-10,1,-98,-2,0,-1,32,1
-28,-3,-87,-10,-4,-2,5,14
-28,-3,-87,-10,-4,-2,5,14
27,-12,78,1,1,1,-11,-35
-15,6,61,-2,-1,-2,-4,3
-33,-24,-103,-11,-2,-7,-13,5
-18,-15,24,-8,-8,-3,-6,-21
-11,8,4,13,7,-2,-3,4
16,10,39,15,-3,-4,-2,-8
-13,-14,-21,6,4,4,-2,-11
22,14,35,12,-3,-3,-3,-7
-3,-8,-8,-8,-6,-10,-18,0
-13,-21,-51,-18,-1,4,7,-2
14,1,16,9,-2,-5,-2,6
58,-3,-46,-20,-17,5,-2,-8
-11,3,46,8,-7,8,4,6
-10,-1,29,-21,20,2,-5,-7
-3,-3,35,3,0,-1,-1,4
2,-1,-8,-2,9,2,-3,4
-12,-2,30,11,-12,-14,-3,-5
-8,3,-4,-1,0,4,1,2
-4,-9,-71,-14,-4,-4,-2,-3
0,1,21,1,-8,-5,2,-2
-1,-1,12,0,1,-12,-12,-3
-2,-3,3,-14,-2,-2,-1,-3
1,0,10,8,7,4,-1,1
-1,-2,-35,-8,-4,2,-1,-1
0,-1,-17,-11,-1,3,3,0
-2,0,-18,-2,-4,-3,2,1
-2,-3,-11,4,6,1,-6,4
1,0,13,9,-1,-5,-1,3
-1,0,-14,-4,2,-3,0,-1
-1,1,25,6,2,-2,-1,-2
-2,-1,-4,-5,-4,-6,-3,0
-1,2,-1,-2,3,-4,-3,1
-1,-3,-10,2,-8,1,0,-9
-3,1,-1,4,-1,2,2,-1
-1,-3,-9,-12,-5,-5,-3,0
0,1,0,-8,-1,-7,-7,0
-3,-4,-9,0,0,-4,-1,-3
2,3,37,11,8,6,3,2
-1,-2,10,6,-3,4,0,-5
-2,-4,4,2,-2,-5,-2,1
-2,-1,-25,-11,3,-1,0,1
-1,-4,-4,1,-2,-4,-1,0
-5,1,-27,4,-1,5,-3,-1
0,2,-7,4,4,-2,0,0
-1,2,2,-3,0,2,-1,1
0,0,-6,-5,7,2,0,0
1,0,-28,-3,0,-4,-2,0
1,0,-28,-3,0,-4,-2,0
-1,0,-4,-3,-2,1,2,-1
-2,-3,0,-6,-1,-1,1,0
-4,-16,-22,-10,0,-3,-2,-2
-4,-16,-22,-10,0,-3,-2,-2
-1,2,-8,-9,-9,-3,-1,0
-3,-13,-66,-17,-4,1,1,-2
-3,-5,-16,-4,1,-3,2,-2
-4,2,21,-14,-10,-6,-4,-7
3,14,-38,7,6,-3,-7,-16
-3,-7,26,13,4,0,1,-1
-5,-4,10,-2,-2,-10,-5,2
-1,-22,22,-8,-6,-9,-17,-1
-5,-1,-18,-22,-2,6,31,15
-12,-10,43,6,-1,-6,10,-18
-49,-2,4,6,16,-8,-11,36
10,-1,3,5,-1,1,-7,11
15,16,106,6,6,-3,5,13
-13,28,-6,-22,-7,0,-3,-56
-43,-28,-48,31,-1,2,-7,-4
33,5,45,18,7,8,-15,52
9,-12,-12,-14,-2,-11,6,32
3,22,58,2,-4,14,28,-12
52,65,48,0,-7,-1,-12,12
21,20,34,0,2,2,-1,46
33,14,77,41,15,11,27,36
29,19,-50,-18,-10,-11,-16,-21
-35,-32,-128,-33,-5,-2,5,-47
1,20,33,22,-2,2,11,-19
-42,-71,-21,1,-7,-8,-19,-64
-78,5,-11,7,6,14,28,26
18,-12,-73,-8,-9,-7,0,20
1,-11,28,15,3,1,10,-8
2,6,-29,-7,-1,-4,-6,-20
-9,-26,-23,1,-6,-8,-16,-75
19,27,10,7,-3,-5,-16,-32
-19,-15,-57,-6,-3,-3,4,-30
-11,-5,-31,-8,-2,0,-2,26
1,23,24,-1,-5,4,5,15
-18,-4,-25,-3,2,4,1,20
2,5,6,0,5,-1,-1,12
1,-5,-6,-9,0,-4,-1,35
1,-5,-6,-9,0,-4,-1,35
1,-1,55,-4,-5,-2,0,6
-6,-10,-8,5,-5,0,-3,-2
0,2,16,-44,2,-5,-4,0
-7,-2,-3,-2,-5,-13,0,18
-4,-10,-15,31,0,0,-7,8
1,4,32,-6,-4,-12,-2,-9
-5,-6,-45,-23,-3,6,3,-11
-2,-1,-4,-25,0,1,1,-10
5,2,-15,2,1,-3,0,5
0,2,48,35,-3,0,4,-16
-1,1,28,23,4,0,6,3
-3,-4,-27,13,-1,2,-2,-3
-3,-4,-27,13,-1,2,-2,-3
-1,-4,-35,-4,-2,-1,-3,-1
3,1,-3,-31,-3,18,18,0
-6,-2,-4,7,9,-2,-11,-42
0,6,16,59,1,-7,-6,11
0,6,16,59,1,-7,-6,11
-3,-8,-15,15,-1,-4,0,7
-2,2,26,6,-4,-7,-7,-4
3,9,50,-5,3,-3,-11,2
6,1,16,8,-6,-3,2,-4
6,1,16,8,-6,-3,2,-4
-2,-4,-26,-18,-7,-3,-4,-1
-1,-2,-14,-3,2,3,-1,-1
-2,-5,-16,-8,-3,-3,-3,-1
1,0,25,3,-3,-6,-1,0
-3,-1,6,6,-2,2,0,0
0,-2,-23,-6,-1,-6,-2,0
0,0,-2,1,-4,-3,0,-1
0,-1,-22,-5,0,-4,2,0
-4,-1,-42,-11,-4,5,-1,2
3,3,2,3,5,7,0,1
0,0,-4,-4,-2,-4,-2,-1
-3,0,-3,-2,-5,-3,-2,-2
1,0,-5,-3,3,-4,-3,0
1,-2,-6,1,-3,-2,-4,-1
1,-2,-6,1,-3,-2,-4,-1
-3,-3,-6,-1,-6,-1,0,0
-1,-1,-7,-5,0,-1,-2,-1
-1,0,-5,1,1,0,0,0
0,0,7,0,-1,2,0,-1
-1,-1,3,1,-4,-9,-4,-2
-1,-1,14,7,-1,-6,-2,-2
0,-3,-25,-11,2,0,0,0
-2,-3,-2,3,-7,-6,0,-1
0,1,-1,-3,0,3,-1,-3
-2,1,9,2,-3,-1,0,3
-3,-6,8,-10,-5,-1,-1,-5
-9,10,-5,-2,3,1,-1,3
-2,-4,-28,-6,2,1,1,1
2,-8,14,-5,-8,-1,-5,-4
1,5,1,7,4,0,0,-2
-3,-9,-6,-6,1,3,12,-2
-1,-10,1,10,-2,-3,-2,-1
-3,-16,-45,-10,0,5,8,1
2,13,44,10,3,-2,-5,0
-2,-10,-10,14,13,-3,-9,-2
5,12,0,-4,-4,3,21,16
2,22,44,-4,-5,-8,-6,10
1,19,22,-2,-5,2,4,1
7,0,-34,5,2,2,20,9
-5,1,24,17,3,0,-8,-1
14,-6,22,3,0,4,9,9
37,8,38,-10,-1,2,6,12
56,-2,-71,5,3,-5,-9,-7
-33,-1,48,5,-2,1,6,6
-10,2,106,8,-1,-3,-2,-19
22,-40,-87,-38,-14,-12,-9,-1
18,30,80,0,-2,-7,-13,-93
35,30,-4,3,7,8,16,-25
-9,3,-62,-8,5,14,-44,-41
8,-20,-73,-31,-13,-10,21,1
3,15,56,17,1,1,62,-38
3,15,56,17,1,1,62,-38
-77,-38,-30,-5,-3,4,-31,-32
-80,-19,16,-13,-3,3,-11,-51
-13,-7,-27,-2,-3,-4,-14,11
21,12,34,17,-1,-7,-3,59
18,2,-5,14,5,-7,0,5
-25,-15,-22,-30,-14,-2,5,61
1,-2,95,14,1,4,-10,3
12,49,74,10,-6,-8,7,-19
7,-19,70,21,-9,-7,-37,20
-12,-29,-106,-51,-12,-10,-40,-53
-58,2,21,9,-10,-8,10,-19
-43,-72,-83,-52,-16,-15,-21,-65
34,17,30,36,15,4,13,5
17,13,1,8,6,8,17,1
-40,52,53,13,9,7,6,-38
37,40,23,19,12,7,30,10
-32,-3,-39,-10,-3,0,5,-16
-27,-7,14,0,-6,-8,2,-5
1,3,24,14,-3,-3,-1,1
0,1,21,-5,-4,-3,-2,0
-3,-1,-34,-15,0,1,0,-1
-2,-2,-8,-5,-1,-3,-1,-4
-4,-2,-2,4,3,-1,-1,-2
-2,-3,-13,1,4,4,2,-3
-2,2,8,4,2,7,7,-4
-2,2,8,4,2,7,7,-4
-3,-1,-3,-1,-1,-2,-3,-2
0,1,-7,0,-3,-2,-4,2
-1,-7,-33,-7,2,-3,-1,1
0,1,7,3,-3,-1,6,1
-4,-5,-13,-13,0,-1,-2,-3
-1,2,4,-6,-6,-2,0,-2
-1,-1,-3,-3,-7,-6,-6,-1
0,-1,18,2,-2,-2,0,-1
0,-1,9,-1,3,0,-1,0
-4,3,55,6,-6,-2,-2,-8
1,2,6,5,4,8,2,1
1,-1,12,8,2,0,-2,-2
3,1,10,-5,-5,-7,-3,1
0,-3,-1,5,-1,-3,-4,1
2,1,-6,-2,0,-1,3,0
-2,-1,-14,-6,-1,-1,-5,0
-2,-5,-51,-11,10,5,-3,0
-2,-5,-51,-11,10,5,-3,0
0,0,12,1,-3,-1,-1,0
-2,-1,-3,-5,0,0,1,1
-1,-1,1,-6,0,2,0,-2
-2,-3,-52,-6,-2,-2,-1,-1
-2,-3,-52,-6,-2,-2,-1,-1
-3,-5,-52,-7,-5,1,-2,-2
-2,-2,39,5,-7,-2,-1,-2
-3,6,30,1,0,-2,-2,-1
4,4,-3,5,9,6,3,-2
2,1,10,3,-4,-3,4,3
0,0,-20,-1,1,2,-1,-3
-8,-14,-25,-13,-7,-3,-3,-3
0,0,15,2,-1,-2,-4,1
5,22,22,10,9,2,1,9
-9,-11,21,6,1,7,-1,-8
2,-1,-17,0,1,-1,3,1
0,-7,-29,2,-3,-1,4,1
4,13,39,17,9,3,1,-2
13,11,79,12,0,-6,-2,-2
-5,-14,-5,-19,-11,-10,-15,-32
-23,-17,-106,-7,3,5,10,35
14,-21,-69,-27,-20,-5,0,-6
17,5,84,12,10,5,6,-21
28,34,105,26,14,14,9,43
-2,3,17,-2,-11,-5,0,-30
-4,-16,47,31,16,-8,-45,-37
25,30,29,-4,3,-11,1,40
-19,-5,57,-12,-22,0,2,-30
-19,-5,57,-12,-22,0,2,-30
8,0,-99,4,8,4,9,10
16,-38,-71,-35,-10,-4,1,-49
7,-21,-29,15,8,-7,22,23
-9,-48,-17,-30,-16,-18,-18,48
-9,10,41,4,-3,-4,-4,-44
-8,-8,-81,-20,-8,-2,-8,28
-11,45,107,33,8,12,22,24
-47,16,87,6,-1,-13,-19,16
18,-11,-5,-26,-1,-12,-32,-14
18,-11,-5,-26,-1,-12,-32,-14
29,7,36,12,6,3,-1,29
18,8,14,4,-4,-7,-2,6
-35,-3,59,16,-4,-3,12,43
-3,-7,5,-15,-7,3,5,1
16,-9,-63,-10,-9,-4,-12,-42
-5,11,61,2,0,2,-3,-18
-31,-30,-2,8,5,-5,-7,2
-31,-30,-2,8,5,-5,-7,2
5,1,-35,0,7,2,-36,-10
-4,-5,-26,-3,-1,-2,-7,3
18,12,10,7,6,3,-8,-10
-15,-19,-100,-18,-3,-4,3,-16
-16,17,49,24,5,1,1,11
-11,-22,-80,-47,-8,0,6,5
6,6,33,17,16,-2,2,13
