-1,1,0,-2,-3,2,2,-2
0,-3,-3,0,0,-1,-1,0
-1,1,12,-2,-6,-2,-1,-1
0,-5,-40,-11,5,4,2,-1
-2,-4,7,-7,0,-4,-4,-1
2,3,-1,-6,-3,-1,15,0
-3,-2,-22,-2,-2,-12,-32,-4
-3,-3,4,8,-5,-4,-12,-6
1,-4,-9,-2,2,3,4,1
-1,-2,10,3,0,5,11,1
-3,-7,-61,-26,-5,1,3,-4
0,-1,15,4,0,-3,-5,-1
0,2,17,3,0,1,9,1
-1,0,7,6,-2,-1,0,1
-2,-1,2,-5,-3,-1,-2,-4
-2,0,5,2,1,-4,-1,-2
0,1,7,2,1,9,13,3
1,2,31,8,0,0,-2,-1
-2,-6,-37,-12,-3,-3,-4,0
2,4,12,3,-1,3,0,2
-2,0,9,2,4,-5,-6,-1
1,-3,-9,-4,-2,-6,-9,-1
0,-2,3,1,-1,-1,1,0
-6,0,-1,0,2,2,-7,-12
1,-2,-10,1,-1,1,5,7
2,-1,-4,-3,-4,0,4,12
-7,-1,7,25,4,-4,-17,-26
2,-1,8,1,0,-1,-3,-7
-8,-6,-10,-15,-3,-3,-15,-27
3,-2,-9,-6,-2,2,2,24
4,3,-9,1,5,2,14,14
-13,-2,9,6,6,-1,-21,-32
-18,-8,-24,-11,-4,-7,-14,-77
-5,-5,-6,-7,-4,-4,-8,1
-15,-6,23,-2,-4,-7,-19,-30
6,5,4,-2,3,4,11,8
12,0,-2,-2,-3,-3,10,33
4,-5,-8,6,-2,2,6,39
7,-1,-11,-13,-9,0,13,29
8,11,29,7,3,14,25,10
4,4,14,12,-6,-13,-20,-1
-2,-3,-21,-10,-2,1,7,0
0,-1,-6,-1,-10,2,2,1
-2,-3,-6,-29,-4,3,2,-5
-1,4,11,14,1,-2,-29,-2
-4,-1,15,7,-6,-14,-4,-5
-9,-8,-32,-13,-8,3,-6,-39
-6,2,24,7,0,-11,-7,-22
0,7,10,9,-9,-6,11,-1
0,7,10,9,-9,-6,11,-1
5,1,2,38,3,3,21,13
5,-4,-16,-1,2,-9,0,40
10,3,12,48,11,8,18,32
-36,-12,3,27,17,6,19,-32
0,6,-18,-4,0,-4,-49,5
-1,10,56,-18,3,11,3,-14
-24,-22,-33,-29,-28,-14,19,-8
27,-4,-30,-21,-7,-10,-8,24
2,1,-1,-21,-9,8,-10,2
6,8,18,30,17,12,28,-1
-11,-9,-9,-27,-11,-8,-9,-21
-3,-15,-43,-32,-13,-18,-31,13
13,-5,-11,5,3,39,54,-17
0,1,-16,-17,-4,-8,-13,-30
13,10,51,76,22,1,-33,28
14,3,-46,-27,14,12,13,22
14,3,-46,-27,14,12,13,22
9,16,46,31,3,-3,3,5
3,4,6,-8,-8,25,27,-17
-9,-10,-36,-46,-1,-6,-29,-38
-3,-8,-1,-1,3,5,19,9
0,3,-11,-3,-6,-2,-1,-12
-3,-6,6,23,-3,1,20,17
-3,-6,6,23,-3,1,20,17
-13,-5,-4,-23,-22,-36,-62,-22
0,-2,-16,-27,1,4,27,27
1,-10,-62,-27,-13,-3,-2,8
20,11,7,-4,-4,-4,-31,18
20,11,7,-4,-4,-4,-31,18
27,-1,-20,2,-12,-15,-21,4
-4,-1,12,34,15,6,4,-1
-4,-1,12,34,15,6,4,-1
-6,-9,-25,-24,-14,-4,-15,-5
-19,-9,11,8,-3,-14,-32,-64
-3,-8,7,13,1,-6,4,24
-3,-8,7,13,1,-6,4,24
4,1,15,38,7,0,-9,0
-3,-1,-23,-48,-4,2,20,-4
-9,-9,-3,11,3,-5,-3,7
18,-5,-17,-37,-16,2,2,4
5,11,17,18,0,0,20,8
-2,4,-3,16,4,3,14,8
-1,-1,15,6,5,-2,-14,-1
-6,-6,-36,-76,-15,-7,2,-4
5,10,26,35,-5,2,10,14
-1,5,15,-3,1,1,-9,7
-3,-1,2,6,2,-1,6,0
-1,0,5,5,-2,-1,7,2
-2,-7,-4,1,1,1,3,-2
1,1,2,10,-5,0,4,-2
0,1,-6,-10,0,2,6,0
-1,-4,-10,-1,0,3,7,-3
-7,-2,13,10,0,8,27,-17
-2,-9,-25,-12,-1,-6,-16,-3
-1,-8,-12,-14,-4,-4,-12,-1
-3,2,5,5,1,16,-1,-1
-6,-5,-37,18,-6,-18,-7,-5
-6,4,69,34,-1,-16,-17,-17
7,2,6,-8,5,-2,15,15
1,1,21,5,1,-2,1,-1
3,4,1,-10,-1,12,26,7
1,-3,-48,-22,3,0,5,4
4,8,28,-7,-3,-1,-8,6
2,1,28,17,-3,0,-7,-1
-1,1,-7,-15,2,5,7,1
-8,-9,-9,-21,-14,-7,-31,-13
13,5,1,-4,2,0,6,35
-5,-5,-1,-4,-2,0,-8,-8
-6,3,-28,36,-1,-4,-10,-8
-1,-3,41,16,-2,-17,-29,-7
0,2,11,-20,-3,0,-7,-3
0,2,11,-20,-3,0,-7,-3
0,9,51,34,6,-1,-5,-8
-7,-16,-43,-36,-11,-25,-25,-37
-1,1,19,6,-2,2,8,8
-2,-3,-31,-19,0,-18,-32,-6
-3,-3,-22,-16,-1,3,0,2
0,0,-3,-2,1,-3,-2,0
-1,1,4,-1,-2,-2,5,-3
1,-2,6,2,1,-7,-8,-3
-4,-2,-1,-1,0,-1,-4,-3
0,0,-3,-2,6,-3,-4,1
-5,-2,0,1,0,-4,-19,-4
0,-2,5,-4,-4,-10,-18,-1
0,-2,5,-4,-4,-10,-18,-1
-1,1,18,-1,-3,0,6,2
-1,-2,-6,-4,-8,2,21,0
-1,-1,-2,4,0,-4,-1,-1
1,-1,-9,-7,-4,0,1,0
1,-1,-9,-7,-4,0,1,0
1,3,7,7,-3,1,6,0
-1,-2,-3,-5,-2,-6,-6,-3
2,0,-5,4,4,4,-3,0
0,-3,-3,-5,-1,-3,-3,-1
-1,2,13,1,-3,3,5,0
-1,2,13,1,-3,3,5,0
-3,-6,-4,-3,-4,-1,-8,-2
0,-1,-4,-1,1,3,23,-1
-1,3,24,1,-1,-2,-5,1
-1,-1,-13,-2,1,-2,-6,-3
-1,-1,-13,-2,1,-2,-6,-3
-2,-2,-11,0,-3,-1,-2,-2
1,2,12,2,1,-7,-2,14
-1,-6,-18,-8,-1,0,8,0
-5,-6,-13,-10,-7,-5,-7,-6
-2,2,7,6,6,-8,-15,-6
-3,-4,-16,2,-4,14,24,-3
-3,-4,-10,2,0,-4,-8,-2
-4,-4,-14,-9,-3,-6,-9,-4
3,0,-10,-4,-2,2,5,5
1,0,0,-5,-2,-1,6,8
-2,0,11,6,-1,-7,-4,-8
-1,1,6,0,0,1,-15,-1
3,6,11,4,-7,1,4,9
3,6,11,4,-7,1,4,9
-1,-1,5,-4,-2,0,-3,-7
-4,0,6,1,6,17,11,-12
2,3,0,-2,2,-3,-13,4
1,2,9,-4,-5,-7,-16,26
1,2,9,-4,-5,-7,-16,26
12,-6,-26,-7,2,1,17,49
4,0,8,19,6,-17,-2,7
-10,6,41,13,-4,-7,-18,0
29,11,-48,-8,1,10,69,61
6,7,13,-25,10,9,7,-37
39,15,9,-36,-38,18,69,114
-65,-32,-14,57,70,-26,-116,-127
-1,-8,-18,-28,-44,8,1,-26
-38,-10,29,0,3,26,-9,-81
7,-7,-34,-31,-5,-33,-55,10
7,-7,-34,-31,-5,-33,-55,10
-9,-13,-84,-82,-37,-7,-22,-72
-9,-13,-84,-82,-37,-7,-22,-72
20,1,59,18,-14,-16,-3,124
37,34,48,7,-7,28,75,84
24,-27,-85,-54,-13,17,-80,-5
-46,-35,-39,24,-11,7,-45,-96
-46,-35,-39,24,-11,7,-45,-96
-2,30,127,68,16,-20,2,1
-8,-14,-64,-70,-24,-41,-25,-17
12,34,33,4,36,2,-32,34
29,22,89,35,9,3,66,34
-1,0,-14,-51,-40,-16,-30,-27
-1,0,-14,-51,-40,-16,-30,-27
-20,-13,-6,47,34,11,1,12
11,6,-6,0,6,19,73,51
-18,-10,-40,7,-3,6,32,-38
-26,-2,56,59,16,5,-18,-45
-26,-2,56,59,16,5,-18,-45
47,20,-46,-36,-18,-35,-71,29
4,10,34,34,11,3,32,23
-12,2,21,-21,-27,-5,29,11
-25,-19,-42,-1,-9,3,55,7
-8,-4,2,14,23,7,22,74
28,18,29,52,20,7,-18,-12
28,18,29,52,20,7,-18,-12
-13,-19,-38,-20,7,8,-7,-19
-8,-8,-6,-26,-27,12,-2,0
-8,-8,-16,10,-2,-9,-5,5
-31,-13,63,9,-12,-8,-44,-44
-4,4,52,75,52,11,25,12
-24,-18,-78,-45,-22,-13,-32,-45
26,5,-13,-32,12,8,59,35
-10,6,-34,3,-25,-16,-44,-16
2,5,61,46,33,-4,-21,-30
-8,-4,38,5,26,3,55,0
-8,-4,38,5,26,3,55,0
-14,-38,-95,-56,-20,-21,8,-13
6,33,56,52,30,4,-35,9
3,0,10,-17,-6,10,7,20
-2,-3,9,-4,-4,11,2,-9
-4,-19,0,15,10,8,22,0
-12,-10,4,3,-10,-10,-26,-15
1,3,-3,-22,-25,2,1,-1
-1,-2,7,5,-8,-10,-56,-13
0,3,36,10,3,-4,-8,-5
4,10,44,16,5,1,8,3
4,10,44,16,5,1,8,3
-11,-11,-62,-19,-8,-13,-13,-12
4,4,54,33,18,63,43,2
1,0,4,-4,5,-13,-14,2
-3,3,53,26,-8,-4,-6,-2
-3,3,53,26,-8,-4,-6,-2
15,8,-53,-21,5,41,108,29
15,8,-53,-21,5,41,108,29
-19,-1,21,7,5,-1,5,-12
0,-8,-9,1,-1,-24,-37,-6
2,-7,-41,-22,-2,0,-9,6
4,-2,-25,-25,-1,22,60,10
4,-2,-25,-25,-1,22,60,10
-9,0,45,36,-3,-27,-35,-12
-1,2,18,26,-2,-17,-26,-7
-6,-12,-40,-16,-12,-11,0,-9
4,6,8,2,3,12,15,6
0,2,18,13,4,0,-1,2
-2,-2,2,-4,-2,1,-2,-2
-1,1,-1,-4,1,-2,-1,0
0,2,-1,-1,-1,1,10,2
1,1,10,5,-2,2,5,0
-2,-3,-5,-7,-1,-3,-7,-3
3,-1,-7,-5,3,1,10,16
-1,1,0,-4,-4,-4,-8,-4
0,-1,9,-1,-3,-2,-7,-4
0,-1,9,-1,-3,-2,-7,-4
0,-1,9,-1,-3,-2,-7,-4
1,1,3,2,4,5,-8,-3
-3,-7,-30,-13,-10,-6,-9,-1
-3,-7,-30,-13,-10,-6,-9,-1
-1,-1,12,7,1,-1,-1,-1
0,0,-4,-2,-11,-2,-3,-1
-2,0,-6,-7,4,3,14,0
1,4,22,5,-2,-2,5,0
-2,1,-3,-13,1,-2,-2,-5
2,0,4,8,2,1,-6,1
0,-1,-2,8,-1,-1,-1,-1
-5,0,25,10,-6,-7,-20,-27
4,-2,14,-7,-7,-7,-4,13
-3,-7,-11,-4,5,4,12,1
-2,0,-8,3,7,0,-7,1
-2,-2,-8,-3,0,-3,-3,-1
2,1,-4,-12,-3,0,-3,3
0,-1,-2,3,2,2,6,3
1,0,-16,4,2,12,17,1
-1,1,8,3,-6,-10,-12,-2
-1,1,8,3,-6,-10,-12,-2
-3,-1,-8,-6,0,-3,-22,-6
-1,-2,0,8,3,2,3,1
0,-1,-13,-12,2,-3,-3,0
0,0,0,3,-2,-7,-9,1
1,-2,-14,-1,1,5,-1,0
-2,-2,-9,-1,1,-2,1,-2
-2,-3,-6,-7,-5,0,-8,-1
-1,-1,-5,-10,-11,0,-1,0
-3,-5,-16,-2,1,-6,-7,-2
-4,-3,-67,-9,-11,-3,12,0
-3,3,43,11,0,5,1,-4
-3,3,43,11,0,5,1,-4
2,6,0,0,2,-8,-10,0
11,6,14,-6,2,10,14,14
-15,-15,-20,-12,-23,-10,-23,-10
8,5,34,-17,0,5,24,18
-10,3,3,35,-61,-42,-39,1
62,19,-29,-33,-38,43,70,87
17,9,33,-79,-10,9,58,57
-85,-40,-38,-52,-14,-34,68,-48
47,3,-67,-36,-9,20,-79,56
58,45,116,-62,-77,-13,35,38
32,19,33,-17,1,-2,-22,3
13,-12,-5,45,49,19,92,88
-43,-12,-25,18,23,-17,-104,-98
5,7,6,-52,-5,10,48,23
22,-11,-17,-3,6,6,43,91
-11,-18,-42,4,1,-15,5,-7
21,9,1,28,17,1,29,54
8,-2,-36,-89,-7,0,17,47
-4,-11,-6,1,4,4,15,-7
-26,-5,3,5,-19,-12,-27,-88
-6,1,31,101,91,9,-39,-55
-5,-6,-30,-15,16,3,18,-12
-8,-7,22,-2,-4,11,-7,-78
10,15,3,9,-6,33,57,12
-5,0,-32,-9,-2,-5,19,22
1,-9,13,-2,-3,7,11,13
-9,-1,-5,-8,-6,-6,-18,-4
-1,-10,-13,-1,-4,7,24,23
-9,-5,-33,-9,-12,-17,-39,9
-10,-22,-29,0,2,-8,-36,-8
0,13,27,16,5,3,-17,2
5,2,-6,-3,-3,-21,-21,1
5,2,-6,-3,-3,-21,-21,1
-9,-3,-16,-7,-11,-28,-46,-19
1,2,29,-1,-5,-7,-1,6
-2,-1,-41,11,-6,-22,-42,-6
-6,-2,6,5,0,2,-22,11
0,-7,-20,-11,-5,-19,-15,1
-10,0,49,15,2,-3,-44,-31
-3,-5,31,16,-11,-9,-18,-5
-7,1,10,3,7,1,-3,-6
-31,-17,-49,-51,-14,31,18,-16
-4,-7,14,1,5,12,12,4
13,3,-22,-11,-5,2,-7,15
10,7,0,10,-5,7,10,11
8,-8,-84,-82,-8,0,30,0
6,7,22,-9,7,8,0,3
0,-1,-26,-13,-10,-8,-12,-3
0,-4,-16,-9,0,1,7,6
-3,-14,-73,-9,2,10,23,7
-5,1,-1,-29,-8,-1,-6,1
12,4,24,4,6,3,8,9
3,8,20,14,11,20,14,7
-2,-2,9,5,1,28,21,19
-1,-2,-11,1,2,5,7,2
-5,-2,14,7,-4,-8,-9,-5
3,3,-9,10,5,3,-5,-4
-16,-10,-51,-26,-4,-13,-36,-20
-1,-2,15,6,3,0,-35,-17
0,0,5,3,2,4,10,3
2,-2,13,9,-1,0,1,3
3,-1,28,1,9,10,15,7
7,4,-8,-16,1,30,45,8
3,-1,2,-11,2,-9,-10,-3
-3,0,22,5,1,-8,-13,-6
0,0,-8,-9,-4,8,39,-6
2,-2,-24,5,3,-13,-4,18
-1,0,12,-1,1,3,9,7
-6,-1,3,-5,-2,23,20,-10
8,9,18,4,8,5,17,5
2,5,28,-21,4,3,4,14
2,5,14,2,-11,-4,-1,3
1,3,9,9,1,-2,-4,-3
-1,3,16,-4,2,-7,-22,-4
-1,3,16,-4,2,-7,-22,-4
-1,-5,3,12,-5,-7,-13,4
-2,-3,-6,-8,-2,0,1,-1
1,8,12,1,5,20,31,4
-3,-1,27,3,0,-8,-10,-3
1,2,9,-1,1,-3,-6,0
-2,0,19,10,-7,-7,-7,-2
0,1,1,7,1,-14,-12,-1
0,-2,9,3,-3,26,21,3
-4,-8,-27,-5,-4,-6,-5,4
-2,0,-10,-3,3,-3,-3,-2
-2,-2,-14,-9,-13,-2,-1,-4
-2,3,5,5,3,-15,-18,-6
-2,3,5,5,3,-15,-18,-6
-7,-4,-16,-6,-4,-7,2,-4
-3,-6,-28,-17,4,-5,-7,-4
-2,-2,1,-1,0,-1,5,-1
-3,-3,12,10,-7,-10,-8,-4
5,4,7,-4,-7,-4,-4,2
-2,2,18,10,-4,4,27,1
3,4,4,-3,-4,4,15,2
3,4,4,-3,-4,4,15,2
-3,-4,-21,-13,1,-1,-1,0
1,0,-3,-3,0,-7,-7,1
1,0,-3,-3,0,-7,-7,1
2,1,12,0,-3,3,5,3
2,1,12,0,-3,3,5,3
3,4,19,5,6,11,18,4
0,1,-6,23,2,3,21,1
-3,-4,-3,-5,-1,4,13,2
-1,4,7,-15,2,2,-5,-1
0,3,16,3,-6,11,22,-1
-6,-11,-31,-6,-11,-18,-10,-6
-2,-1,-13,-4,-3,-6,-8,-4
2,3,22,2,-5,-5,-15,1
-1,-1,-7,6,6,8,6,-1
-1,-5,2,-6,2,-5,-10,-3
0,0,-1,-12,3,4,7,1
-3,-1,8,-6,5,2,12,-1
-1,-1,6,2,0,3,6,2
0,1,-3,14,3,-4,-3,-2
-1,-2,-8,4,4,0,-7,-2
-1,-2,-17,-7,-8,1,4,0
-1,0,-7,-1,0,-10,-23,-1
1,-3,-29,-10,-2,2,4,2
-1,-3,7,8,-1,3,2,0
-1,-2,15,10,0,3,5,0
2,5,-2,-5,-4,4,4,2
0,5,-7,-26,-7,-2,2,-1
-3,-3,20,19,6,1,3,-3
4,3,-9,-15,-1,3,3,1
1,1,4,23,-7,6,17,6
-29,6,68,25,-18,-14,-37,-85
-29,6,68,25,-18,-14,-37,-85
-16,-8,-8,-11,4,15,66,15
-24,-13,-52,-96,-61,-58,-82,-45
-40,-15,-66,-76,-11,-10,15,-48
34,3,-11,-4,1,47,82,127
-5,14,16,-15,-33,20,-50,-88
-52,-15,14,-2,-45,-118,-53,-9
14,10,80,67,0,-61,-30,55
-53,-4,43,52,21,-34,-48,-56
2,-2,-27,27,15,-59,-74,-25
22,14,80,79,33,6,-50,71
-22,10,65,4,-37,-21,-67,-104
-34,-25,-27,-22,-23,0,16,-21
0,-5,-51,-45,-23,-18,7,0
9,1,5,-13,-9,10,56,19
-9,-6,-32,-11,-4,6,6,-10
-33,1,21,-9,-7,5,2,-29
11,1,28,28,13,17,41,21
-61,-19,-43,-34,-2,-23,-27,-64
3,-1,15,21,11,3,6,10
0,-2,-11,6,4,1,-2,1
14,6,-8,-4,-8,8,9,12
3,5,23,31,9,-7,-2,13
15,-3,3,-3,-1,5,21,30
-2,-2,7,-16,-12,-5,19,11
-2,-7,-21,2,-10,-16,-12,-6
24,20,11,7,7,13,16,24
7,8,37,19,0,5,7,6
5,-1,-12,5,6,-1,25,10
-5,-3,19,26,-12,-12,-15,-10
2,-1,-11,-8,0,-7,-12,12
2,3,-24,-33,0,-3,-8,1
0,-3,-1,-7,5,61,89,-10
9,19,71,39,10,7,4,12
9,19,71,39,10,7,4,12
5,3,8,2,8,-7,3,9
-2,-11,-53,-9,-19,-11,-10,-2
12,12,12,3,4,36,86,21
17,0,-17,-17,3,9,27,22
17,0,-17,-17,3,9,27,22
3,7,20,7,3,-12,-42,-4
1,4,3,0,-1,-9,3,4
-3,-7,-32,-12,0,15,17,8
2,-2,9,7,0,-7,-7,4
0,-8,-15,7,-3,5,16,-3
-3,-7,-4,-11,-2,-20,-51,1
0,-2,10,-1,3,5,13,-1
-5,3,-7,-18,-3,0,10,-9
-2,0,5,-13,-10,1,8,0
-2,-4,22,3,7,42,68,5
3,4,1,-6,4,-6,-16,-1
-4,-2,0,1,2,-6,-8,-19
-2,-6,-21,-4,-13,-3,5,4
-6,3,17,5,-1,-19,-55,-12
1,0,2,-19,-8,-16,-23,-10
-6,-3,2,0,-2,0,12,0
5,1,3,5,6,6,21,14
1,-4,-22,-14,3,14,7,5
7,7,21,0,-6,-10,-7,3
-5,-4,-38,-40,-10,-7,2,-20
0,0,0,7,-6,4,9,4
0,1,-3,-4,-2,-1,4,1
2,3,7,0,-5,-4,-9,3
-2,-3,-6,-2,7,5,20,-1
-2,-3,2,0,1,-2,-1,-1
-4,-7,-13,-4,-2,-5,-9,-2
-1,-1,3,3,2,-1,-5,-3
2,2,5,1,2,7,9,3
1,0,-8,-10,-6,-2,-3,3
-1,-2,-8,-4,-9,-1,0,-3
-4,-1,1,0,-2,-4,-29,-7
0,2,11,-1,0,-9,-14,-2
-1,-1,15,15,-5,-1,9,0
2,0,-3,-5,-2,6,9,4
-1,-5,-15,-4,1,-3,-3,3
-2,-1,8,7,0,2,0,-3
-1,0,7,2,-6,-3,3,0
1,2,3,-6,-4,-13,-8,3
-1,4,-5,1,4,15,24,6
-3,-5,-27,-10,0,-11,-21,-5
0,1,8,-6,0,-1,-2,-1
0,0,7,4,2,-1,-11,-2
-1,-1,19,13,0,-3,-5,-3
1,-2,9,-5,1,-4,-22,-3
2,2,-5,-3,3,-2,-9,0
-5,-5,-20,-13,-3,-5,7,-4
3,2,-5,3,1,11,28,4
-3,-3,-6,-12,-6,-6,-14,-2
-3,-3,-6,-12,-6,-6,-14,-2
1,-4,-14,-26,-7,-9,-6,0
-3,-8,-30,4,1,21,30,5
1,-1,0,5,7,4,6,-1
-1,-2,6,-2,-8,-6,-6,-3
-3,0,6,7,3,-7,-16,-17
0,-1,3,-19,-13,-5,2,7
-1,-3,-20,-28,-8,-6,-8,3
-3,1,8,12,-4,0,-4,-13
0,0,11,5,8,0,7,2
-2,-5,-25,-28,-4,2,-3,5
6,4,11,17,12,13,10,9
-2,-1,8,13,2,-2,6,8
6,10,16,28,15,-4,-6,-6
-2,-6,-6,-3,-4,-2,-4,23
4,-3,-3,-6,-11,0,0,18
-5,-7,-14,34,51,3,8,3
29,4,23,-10,-27,12,13,64
-1,-5,-18,-22,-21,0,18,22
-8,-5,7,-3,-8,2,13,-20
-15,-7,3,-2,-2,-8,-3,-34
-6,2,7,-7,-1,-1,-14,-25
0,1,-25,-51,-10,-9,8,-4
-5,-3,7,21,4,3,17,5
-4,3,13,16,3,0,-9,-15
-2,1,1,-10,-1,-1,-6,-23
-4,-5,-8,8,0,-11,-31,-10
-12,-8,1,17,-5,-9,-16,-23
4,9,5,22,5,3,-18,-6
-2,-7,-15,-6,5,-1,-4,-1
-6,-7,-26,-44,-18,-20,3,2
0,0,-19,-21,-3,5,20,-2
-3,-2,13,25,4,-4,-30,-14
-4,-7,-7,-11,-11,-4,-13,-9
2,0,2,-5,0,10,16,-1
2,2,11,10,1,-2,-27,3
1,10,31,9,-3,1,8,-1
0,4,20,17,-2,-6,-9,-3
-5,-11,-39,-39,2,5,16,-6
0,3,5,9,-1,0,-24,7
-3,1,10,7,1,-3,4,-13
2,-4,13,6,-7,2,15,29
-3,-1,0,7,10,8,11,7
1,-1,5,3,-4,-9,-24,6
4,0,-13,-28,-15,-5,7,7
-7,-10,-12,6,-2,-5,-12,-13
-1,-4,-5,-5,-8,-7,3,-9
-1,3,4,6,2,1,-2,-11
-6,-11,-24,-12,0,-11,-23,-3
0,-4,-10,-15,-1,0,-1,-1
-13,-9,-10,0,-18,9,-4,-21
-13,-9,-10,0,-18,9,-4,-21
1,2,12,-4,-7,-4,-4,2
4,0,-9,-9,2,2,-1,-6
0,2,-1,-21,2,-8,0,3
0,4,4,12,7,12,19,5
-1,-1,-19,-26,-9,-11,-20,-3
-7,-5,-1,-3,-3,-7,-21,-12
5,0,0,19,8,-9,3,6
6,1,25,24,11,27,55,24
-2,2,4,-3,-1,-13,-24,-9
-6,-5,-2,-1,-9,-7,-15,-5
-3,-4,-23,-27,-8,9,10,-2
-5,-4,1,24,18,10,-22,-8
1,3,-4,-5,3,-10,-4,0
1,2,-2,0,-3,-3,2,-1
-4,-10,-42,-65,-13,-5,-10,-3
3,3,13,20,0,13,21,7
1,3,16,30,8,-4,-6,-4
-1,-2,1,1,4,1,6,2
1,-1,5,7,0,-4,-22,-1
0,-1,2,14,1,0,2,-1
0,0,5,10,-1,-2,-2,-5
-1,-3,-4,-13,0,-8,-17,-5
-2,-3,-5,-12,-8,0,5,1
-2,-2,3,4,-3,-1,3,1
-2,-2,-3,-8,-8,-8,-14,-6
1,1,0,0,1,4,6,1
-2,-3,-4,1,3,-7,-14,-5
-3,-4,12,3,2,-3,-9,0
1,-1,-5,-9,4,10,10,4
0,0,-5,-1,5,12,34,5
2,2,29,1,-3,-14,-18,-1
7,4,109,51,7,-29,-35,4
-12,-5,-19,0,-7,3,-48,-3
9,9,-20,-37,-3,8,-16,1
2,20,70,31,-5,2,2,-9
2,20,70,31,-5,2,2,-9
-1,-9,-40,-11,-4,-13,-27,3
-2,1,-7,-5,5,-21,-9,-5
-9,-8,-58,-36,5,13,19,-8
-2,-6,-10,2,1,-3,13,-6
-6,-3,10,22,-3,-5,5,6
0,0,21,9,-9,-13,-9,-6
-4,-6,3,-5,4,0,-1,-4
3,3,-3,2,0,32,52,9
-4,-6,34,33,-1,8,12,-3
-14,-16,-45,-12,-6,-13,-25,-22
4,-1,-1,7,-3,-12,-10,11
3,2,10,-9,-1,9,25,5
-1,-1,-29,3,4,-18,-35,-4
0,-3,-28,-41,-12,-7,-8,-5
-9,-11,-51,-14,-5,-7,-76,-16
-3,3,30,0,-2,-1,17,-4
0,-1,1,-1,1,-10,-17,-2
1,5,9,9,2,6,24,0
-1,-1,-14,7,4,2,5,-2
-3,-3,-7,8,1,-10,-9,-8
4,5,34,27,8,3,4,3
6,1,6,2,8,25,33,14
0,1,34,6,-5,-13,10,-3
4,16,88,36,16,4,-2,3
4,16,88,36,16,4,-2,3
-6,-8,-33,-13,5,-15,-22,-9
3,4,5,-4,-2,4,13,5
0,-2,5,4,0,2,2,-1
-2,-7,-22,-17,-8,-3,-1,-2
-3,-4,10,19,1,-8,-22,-4
-1,0,-8,0,4,9,-7,-3
-1,3,16,0,1,-3,-1,-2
-1,2,-7,-3,-4,-2,-1,-2
-1,3,14,19,1,7,19,1
-2,-5,-23,-14,-7,-3,4,0
1,2,-4,4,4,-1,-13,1
-3,-5,6,-4,-3,-3,6,0
2,3,14,-2,1,1,-3,-1
-3,-4,-26,-23,-11,-10,-2,-2
3,-3,-17,7,8,15,18,6
-1,1,14,3,-3,-7,-12,-3
-2,0,-1,-4,-2,3,6,0
1,1,3,-26,-15,-4,-3,-2
-1,0,16,17,-1,-10,0,0
-1,-3,-9,-5,8,-5,-3,-3
0,0,-9,4,0,-1,-10,-2
1,-1,-18,-11,0,6,1,2
-3,-4,-24,-5,5,-5,-7,-3
0,1,17,2,6,11,-7,0
0,1,1,0,3,13,9,2
-1,0,15,13,1,-6,-7,-2
-2,-2,-6,-2,0,-3,3,0
-1,-6,-62,-30,-2,-7,-7,-3
-1,-6,-62,-30,-2,-7,-7,-3
1,6,42,33,1,2,-1,-1
-2,1,19,5,-1,0,3,0
-2,-1,5,-5,-8,-6,2,-2
-3,-4,-2,3,4,4,10,-1
0,2,13,3,-2,-7,-13,-2
0,-3,-4,0,-1,-10,-19,-3
0,-5,-11,-9,0,-7,-16,-2
-3,-1,4,-4,-12,-1,6,0
-1,2,3,7,1,-2,-9,-2
2,-9,-64,-74,-20,-1,4,3
-6,-6,-19,5,2,-7,-13,-2
2,3,23,16,4,1,2,1
-1,1,16,24,3,-4,-3,-1
1,0,13,6,7,11,9,0
-2,-1,-4,-22,-10,-9,-5,-3
-2,-1,-4,-22,-10,-9,-5,-3
-4,-1,8,9,4,3,-1,-20
-2,-2,-4,7,-6,-12,-17,-4
4,3,14,8,6,2,12,16
-5,-4,22,36,-1,-6,-2,-1
5,-2,11,12,21,5,0,43
6,3,7,20,-1,-10,5,21
13,3,-15,-10,-5,12,48,47
13,3,-15,-10,-5,12,48,47
25,12,18,-31,-4,7,22,102
25,12,18,-31,-4,7,22,102
22,5,-16,-47,6,46,28,-50
-19,-6,-14,-27,1,-19,-10,34
11,4,15,45,-30,-3,-38,-32
20,-3,-28,-63,-17,-14,8,98
-46,-11,2,5,-8,-7,24,-5
-5,0,-29,-13,18,5,26,-14
-51,-2,79,52,17,-25,-95,-128
-51,-2,79,52,17,-25,-95,-128
29,6,-34,-40,-4,24,85,121
3,-9,-53,-46,-14,-15,-24,-14
23,15,28,57,25,8,0,52
6,-14,-51,-51,-40,-17,-31,-30
6,-14,-51,-51,-40,-17,-31,-30
-10,-6,1,19,7,-4,-91,-2
16,12,34,23,22,18,36,64
13,1,-4,-25,-13,-16,-27,6
8,-6,-38,-79,-44,-14,-25,7
-19,-1,35,42,20,10,-20,8
-15,-6,-12,-3,-31,-29,-43,15
9,2,3,-7,22,12,-1,20
-28,-9,-60,3,25,-8,-1,-100
-13,15,105,61,16,-6,-47,-18
-13,-2,-13,-49,-32,-18,-50,-38
17,-11,-59,-26,9,-4,-2,-8
3,1,-61,-71,-53,-12,-17,-30
3,1,-61,-71,-53,-12,-17,-30
-14,5,33,5,13,-2,-2,-2
20,-12,2,13,2,-4,20,101
-10,-5,0,13,6,11,93,-16
-5,-2,-9,4,-12,-10,-11,-13
-5,-2,-9,4,-12,-10,-11,-13
-13,-8,7,18,21,5,-7,-16
11,12,41,35,-5,11,46,25
17,0,-25,-24,0,-4,14,32
0,-9,-28,-30,-23,-3,-23,5
2,14,44,28,-8,-1,-2,-2
2,14,44,28,-8,-1,-2,-2
2,0,12,31,18,-4,25,39
9,-19,-73,-31,-10,0,-24,-3
-14,11,28,3,19,8,-15,-14
0,-6,-21,5,7,0,-15,11
0,-6,-21,5,7,0,-15,11
-23,-19,15,0,1,-16,-31,2
41,-7,43,9,-3,13,88,42
-24,-9,4,-1,-6,-25,-72,-29
-4,15,62,40,9,1,-29,-14
9,-12,-65,-56,-8,-9,5,0
6,-13,-2,-20,1,10,10,11
-20,12,36,31,17,3,39,-12
-6,-13,-38,-31,4,6,-4,-11
-14,-5,-3,-3,-10,-1,-23,-22
-9,-16,-76,-44,-2,-7,-12,-14
10,6,66,1,0,5,19,5
2,-1,41,17,6,-7,-35,-7
-9,-11,-19,-13,-13,-4,-39,-20
-15,-11,-15,-1,-15,-1,3,-6
-15,-11,-15,-1,-15,-1,3,-6
-1,3,25,44,-3,-8,-7,-1
1,5,8,-12,0,-3,-19,4
1,5,8,-12,0,-3,-19,4
4,5,30,-6,2,-16,-3,12
8,4,11,2,-2,-2,-9,8
-1,-6,-23,-4,4,1,1,-3
-3,-4,0,9,-4,-6,9,-8
1,-2,17,-12,-4,23,28,9
-6,-2,-29,-5,9,0,-2,-8
-3,-6,-25,-5,1,11,15,-2
-2,0,26,27,2,-15,-18,-6
4,-2,-25,-12,3,15,35,9
4,-2,-25,-12,3,15,35,9
-18,0,10,1,-7,-5,-25,-17
4,-4,-2,3,-4,1,10,4
2,4,12,16,3,-3,8,0
0,-4,-12,-9,-12,-18,-21,-5
0,-4,-12,-9,-12,-18,-21,-5
-5,-8,-14,-4,-1,-6,-28,-2
3,-2,-31,-23,-8,-5,3,2
1,3,15,0,-14,1,-6,-1
2,3,16,6,14,-2,10,3
2,3,16,6,14,-2,10,3
-6,1,-4,10,13,22,38,3
1,-5,-1,19,-9,-17,-9,1
1,2,13,-6,-8,-4,-8,-1
0,0,-8,-3,5,3,0,0
0,0,-8,-3,5,3,0,0
-4,-9,-30,-19,0,8,24,0
2,1,6,-5,7,-2,-16,0
2,1,6,-5,7,-2,-16,0
-2,0,5,1,-10,-11,-30,-13
-1,-2,-3,4,7,5,21,0
1,3,32,21,7,8,9,5
-2,1,-11,-2,0,-5,1,-5
-2,1,-11,-2,0,-5,1,-5
-2,-2,-14,-1,-7,-5,-16,-5
-4,-2,-2,-1,1,2,-9,-3
5,-4,-46,-32,-27,-2,30,9
-5,4,28,29,13,4,-5,-12
-3,-2,10,-4,-3,-6,-4,0
-3,-2,10,-4,-3,-6,-4,0
0,0,-2,-4,2,-2,-16,-2
2,5,22,12,2,18,23,1
-1,-1,20,6,0,-7,-13,0
-2,-8,-56,-22,-9,-1,-2,-1
-3,-7,-14,-27,-6,-1,-3,-3
0,0,0,3,-1,-4,0,-3
1,0,12,-3,0,2,-1,0
0,3,22,7,5,-3,-10,-1
-2,2,9,4,-1,-4,-7,0
-2,2,9,4,-1,-4,-7,0
-1,-2,-10,-4,-2,-1,0,1
2,2,10,-9,-1,-1,-6,0
0,-2,14,3,1,5,5,0
0,-2,1,-4,7,24,39,4
0,3,31,24,2,-4,-9,-3
-2,-1,20,13,4,1,9,1
-2,-5,26,8,-3,-3,-2,-1
-1,-6,-29,-4,-5,0,-2,-2
2,2,16,9,11,4,6,4
-1,-2,-7,-1,2,-4,-14,-3
-1,0,10,0,-4,0,14,-3
-2,0,5,0,-2,0,-7,2
-2,0,22,31,1,3,-11,-1
-1,-3,-10,-4,3,-1,4,-2
-1,0,-3,4,0,0,-2,-2
1,0,-18,-12,-3,-4,0,-2
-1,3,19,12,-6,-17,-30,-4
1,0,-58,-33,-6,1,4,1
0,-2,5,2,2,0,5,0
-1,1,12,0,-4,-2,1,-1
-2,3,27,1,1,2,0,-1
-2,-7,-20,-21,0,2,-6,0
0,-5,-2,7,2,-1,2,-1
2,2,-13,2,3,7,5,3
-3,-6,-4,-4,-7,-4,4,-6
0,1,1,-3,3,-1,7,3
-1,-2,3,-1,-1,-3,-3,-1
1,5,24,-3,9,3,-5,4
-3,-6,-9,-10,-4,-1,5,1
0,2,7,3,-1,-7,-12,-1
-1,-5,-20,-6,4,10,0,4
3,4,32,21,2,3,1,3
5,3,8,21,12,5,7,21
6,-4,-19,-14,-2,2,17,16
-4,0,-5,3,-6,-3,-3,-7
-7,-7,-26,-21,8,0,-13,-26
-7,-7,-26,-21,8,0,-13,-26
3,8,17,7,3,12,-23,-12
3,8,17,7,3,12,-23,-12
-2,-3,-15,-26,-3,0,10,1
-2,-3,-15,-26,-3,0,10,1
14,5,2,56,1,-2,35,66
-3,-5,7,-2,-15,-3,64,15
-9,-7,-17,-22,5,-21,-110,-58
-11,-17,-10,32,3,-19,-32,-6
0,-2,-9,-18,6,0,-18,1
4,6,34,18,2,19,32,22
-1,-1,0,-29,1,-4,-9,-12
-3,-2,7,0,-7,-3,-12,-10
-5,3,0,2,-4,4,3,-11
-3,-15,-31,-35,-18,1,-17,20
0,-1,-4,17,7,-8,-9,3
-7,-11,-33,-13,7,23,-46,-18
0,4,25,15,-3,-11,-6,-21
-5,-10,-63,-39,-31,-22,-2,-4
-10,0,39,22,10,4,26,-8
4,7,13,2,9,4,39,15
-2,2,-3,-13,-3,-17,-20,-3
-4,-14,-41,-19,-4,-14,-7,7
0,-2,4,5,3,-1,6,2
0,2,-2,3,11,3,-10,-5
1,-2,2,0,3,6,9,-2
2,0,-11,-7,5,15,19,5
7,7,16,3,5,6,21,15
-3,5,15,4,-10,-9,-12,-31
-4,-8,-25,-29,-10,-1,17,3
-4,-8,-25,-29,-10,-1,17,3
5,9,9,-4,5,16,7,10
-1,0,-7,-42,-12,-4,-20,-10
2,2,25,29,11,2,0,8
2,3,3,-6,-12,9,20,9
2,3,3,-6,-12,9,20,9
-1,-5,-14,-17,-12,-4,-9,-7
1,-6,-7,-1,1,3,20,6
1,-6,-7,-1,1,3,20,6
-1,-1,-7,-3,-1,-1,6,0
-5,-7,-14,1,3,-4,-4,-14
-3,2,6,-1,-6,-4,1,-3
-5,-3,-2,-6,-6,5,0,-7
1,-2,3,4,3,-12,-13,2
2,5,14,4,3,3,5,1
2,5,14,4,3,3,5,1
-3,-7,-20,-3,-11,-31,-38,0
-14,-10,-84,-35,0,-1,42,-14
-3,-10,-7,18,1,-6,-7,1
6,-4,10,4,-5,-11,-20,13
2,3,5,-6,2,-3,-26,-1
0,-2,-8,-18,6,21,31,5
-3,-2,14,9,-3,-16,-12,-12
3,17,94,50,11,16,11,2
0,4,-17,-44,-10,-8,-12,-3
2,4,17,7,-7,6,19,1
-6,-11,-37,-8,-1,5,-4,0
4,3,16,15,2,-10,-3,-4
2,2,2,-9,-11,1,-2,0
2,2,2,-9,-11,1,-2,0
-2,-1,-4,-1,3,-1,-5,-1
2,2,9,5,2,-2,-3,2
0,-2,0,9,1,2,3,1
0,-2,-7,-15,-18,-5,-4,-3
-1,0,8,17,8,1,-3,-1
-2,0,-1,12,-4,0,-3,-1
-1,-1,0,9,1,-4,0,0
-2,1,-19,-27,-9,-7,-12,-2
2,1,4,9,7,5,23,4
-5,-4,-12,-36,-16,-8,-13,-16
1,2,7,18,9,1,-3,1
1,2,7,18,9,1,-3,1
0,0,6,5,-3,-1,6,4
-5,-4,8,21,5,2,-4,-4
-1,-7,-9,4,12,-3,-7,-1
-1,-1,-5,-9,-2,0,-1,-5
-1,-1,-6,-9,2,-4,-5,0
-2,-7,-15,9,8,4,7,3
0,0,2,3,3,-3,-4,0
-2,-1,-16,-33,-7,-4,-4,-3
-1,1,11,16,-2,-1,3,-2
-2,-2,-5,5,1,-4,-5,6
-2,-2,-5,5,1,-4,-5,6
-2,-2,-16,-4,-4,-3,-4,-1
0,-2,6,2,-1,-2,3,-3
-1,2,3,15,1,0,-3,-1
-1,1,3,2,-4,-5,9,1
1,2,1,-8,1,6,5,2
-1,0,-1,-5,0,-2,-5,-2
-1,2,9,9,10,-2,-4,-1
-2,-2,-5,-3,-3,-2,-8,-4
-4,-7,-7,-15,-10,-5,1,-3
-1,0,-6,-7,2,-1,-8,-3
-1,1,4,-6,-12,-4,-2,-1
-2,-2,1,2,2,-1,0,-2
0,3,7,12,4,4,6,0
-4,-3,1,8,3,-4,-3,-4
-1,-3,2,-7,0,-2,1,-1
-2,-3,0,1,-1,-3,-10,-1
0,-1,-7,-15,-15,-10,-18,-2
0,-1,-7,-15,-15,-10,-18,-2
-3,-5,5,-25,0,7,10,11
-4,12,39,26,-2,-5,19,-18
5,6,11,-18,-5,-10,20,15
-12,-6,-27,-18,-1,-23,-70,-15
-12,-6,-27,-18,-1,-23,-70,-15
-12,-26,-88,-9,-18,-13,-18,-21
4,-6,-13,-53,-18,-39,-60,-7
7,13,76,37,9,-2,-11,13
-9,1,20,21,0,9,1,-23
0,1,-1,-13,1,3,12,2
0,1,-1,-13,1,3,12,2
1,1,-5,-10,-4,-2,0,4
1,3,6,28,19,1,-8,-2
1,4,14,-11,-13,-12,-8,-4
-3,-2,-6,-3,-2,0,-1,-4
3,-1,-11,-1,0,0,4,12
-4,-2,-10,10,2,0,-4,-3
2,-2,0,-3,-9,-7,-12,-7
-2,-1,11,0,-1,-4,-8,-4
-1,-2,-3,-10,-6,0,-1,0
-2,-1,-5,2,-6,-5,-16,-4
0,0,6,6,2,3,7,5
1,1,8,8,6,2,4,12
0,-2,-3,-7,-3,2,6,5
1,1,6,-5,-5,-5,-10,1
0,-4,-20,-2,-3,1,-5,-8
-4,-6,-11,-7,5,-6,-14,-13
2,4,9,7,-9,4,1,4
-3,-1,-5,-21,-7,-5,-9,-2
0,0,6,6,2,1,8,1
-1,-1,20,-2,-15,-2,-1,1
2,4,22,17,13,-2,-3,-2
-2,-4,-23,-7,-4,-7,-16,-4
-1,0,1,-4,0,3,6,5
0,-1,-8,-14,-13,-1,-1,-2
0,-1,-8,-14,-13,-1,-1,-2
-2,-2,-1,-24,-12,-3,0,-3
-6,-5,-10,6,5,2,-3,-9
-5,-6,-5,6,1,7,18,-7
-1,2,8,10,6,-4,-5,4
-1,2,8,10,6,-4,-5,4
2,-1,0,7,4,1,-3,-3
2,-1,0,7,4,1,-3,-3
0,-1,-1,-3,-6,0,1,0
3,4,5,10,8,7,12,3
2,2,2,-9,-2,7,4,6
-5,-8,8,-8,1,-24,-87,-11
-5,-8,8,-8,1,-24,-87,-11
2,-3,-33,-28,-1,-12,-58,-3
2,-3,-33,-28,-1,-12,-58,-3
3,6,35,5,6,11,26,18
0,0,14,30,1,2,6,4
0,0,14,30,1,2,6,4
2,2,-15,6,4,2,3,-2
2,2,-15,6,4,2,3,-2
3,3,17,-10,-6,-17,-4,7
-2,-7,-37,-25,0,-4,0,-1
-4,-6,13,11,3,2,-2,-4
-4,0,3,-2,-11,7,12,-3
2,-5,-24,-9,-1,-1,-5,-1
2,-5,-24,-9,-1,-1,-5,-1
-3,-3,22,-2,0,3,5,3
-1,1,-10,4,2,-1,-13,-8
-1,3,-5,-1,-3,-8,-4,-3
0,2,14,17,9,1,3,-3
0,2,14,17,9,1,3,-3
2,1,-18,2,-4,17,43,10
1,3,6,-2,-2,-3,-5,-16
-3,-2,2,-1,-3,2,0,5
1,4,11,-3,3,-5,-4,-2
4,-5,-41,-36,4,22,34,11
-2,2,15,16,2,2,8,-5
0,-1,-1,-8,-4,-1,-6,-3
0,1,25,8,-4,-4,-7,0
0,5,33,16,2,-2,10,-6
-6,-2,-14,-15,-1,1,-8,-15
-2,-1,17,21,-1,7,8,-4
-1,-2,2,9,2,2,-2,2
0,-4,-11,-5,-5,-2,-8,-1
-3,-7,-32,-12,-4,4,0,2
5,7,18,1,-9,3,17,10
2,4,40,20,4,4,-3,1
2,4,40,20,4,4,-3,1
-4,-7,-16,-9,-4,-12,-17,-6
1,-1,1,-3,-6,-2,6,1
-7,-2,16,11,3,-2,0,-3
4,0,-19,-7,17,3,0,2
4,0,-19,-7,17,3,0,2
-1,-4,-9,-8,2,18,27,2
-1,-4,-9,-8,2,18,27,2
0,1,4,2,3,-1,16,-1
-3,1,29,15,-4,-5,-10,-2
0,-3,-27,-9,-8,-3,-1,-1
-1,4,0,-4,-5,3,3,-2
-1,4,0,-4,-5,3,3,-2
-2,1,-4,-8,-8,-10,-21,-3
0,-3,-1,-3,-2,-1,-2,2
1,0,1,-2,1,-2,2,1
-5,-3,-29,8,1,-10,-34,-7
-5,-3,-29,8,1,-10,-34,-7
1,-2,7,-1,-1,0,2,2
1,1,6,0,5,0,-3,1
-2,-3,-3,-2,-4,1,2,0
-2,-2,3,-5,-11,-9,-16,-4
0,0,-1,-5,3,2,0,2
0,0,-1,-5,3,2,0,2
2,7,16,5,1,0,0,0
0,0,-11,-4,0,2,2,0
-5,-3,10,3,3,0,6,-6
-1,1,-3,3,-2,-2,5,-1
2,2,15,15,3,17,36,5
-3,-4,-21,-9,-9,-4,-8,-4
1,1,14,0,2,1,-4,1
-7,-3,-11,-10,8,-6,-11,-30
-7,-3,-11,-10,8,-6,-11,-30
-3,-3,-13,-12,-6,-7,-14,-14
-2,-3,-1,-5,-6,-2,-3,-10
10,5,4,-10,-7,7,9,20
1,5,5,-14,-15,1,-1,1
-7,-9,-37,-8,-2,-11,-26,-4
7,3,17,39,7,0,-4,36
0,7,1,7,12,6,-1,-4
-6,-4,10,19,9,2,20,-26
-6,-4,10,19,9,2,20,-26
-2,-3,1,-18,-14,-4,6,8
2,1,5,5,1,3,-14,8
2,1,5,5,1,3,-14,8
9,4,1,6,11,6,28,20
2,1,-8,-3,-4,-2,-7,-24
-20,-8,3,29,8,-2,-3,-69
6,3,2,-1,10,7,-3,25
2,-4,-22,-15,2,2,9,14
6,-6,-21,-2,5,15,45,38
8,8,16,18,8,-8,-31,4
10,8,21,26,16,18,6,8
3,2,-14,3,2,-2,-3,-1
1,4,16,13,5,9,2,-5
-11,5,14,-25,-23,-21,-46,-60
2,6,-2,-15,-11,3,14,22
7,0,0,2,4,20,26,18
3,2,10,2,2,-5,11,1
3,2,10,2,2,-5,11,1
-2,-5,-1,-3,2,-7,-9,5
1,-5,-18,-10,-10,-8,-3,10
-1,-7,-25,-13,-6,-4,0,3
-3,-3,8,11,8,4,5,1
1,3,14,18,4,2,-4,-11
2,0,-11,-29,-2,-6,-1,6
-1,-4,-8,-5,-6,0,4,10
-1,-4,-8,-5,-6,0,4,10
-1,3,2,-3,4,1,10,-2
0,-5,2,11,1,-10,-17,-2
-6,-1,3,-12,-17,-8,-8,-12
2,4,10,-1,-3,2,15,10
-3,-5,2,6,3,-3,-3,4
-3,-5,2,6,3,-3,-3,4
-1,-1,9,-13,-14,-9,-17,-2
0,0,-3,10,8,9,22,15
-1,-1,-11,-3,-7,-4,-6,-7
0,2,3,-3,1,-2,1,1
0,2,3,-3,1,-2,1,1
-2,-2,-3,0,-4,-4,-4,-4
-6,-4,13,6,11,-10,-17,-16
4,5,13,-9,-12,7,17,7
4,3,25,13,6,3,-4,17
1,-3,-44,-23,-6,0,1,-6
1,-3,-44,-23,-6,0,1,-6
-5,-12,-41,-24,-16,-13,-11,-1
-6,2,10,-1,19,10,8,-28
1,-2,-3,-11,-1,-7,10,7
5,-9,-18,12,11,7,7,14
5,-9,-18,12,11,7,7,14
-1,12,24,45,17,-1,-37,-49
-1,12,24,45,17,-1,-37,-49
7,1,-11,-46,-7,0,30,23
10,7,11,37,12,10,4,8
-21,-16,11,-3,-13,-33,-3,-12
11,7,-3,-25,3,28,73,17
11,7,-3,-25,3,28,73,17
-6,-21,-44,-43,-57,-27,11,0
-7,-3,26,27,19,-3,-15,1
21,40,65,3,11,45,-24,-2
-17,-23,-35,-17,-18,-13,-20,-12
-13,1,37,3,-4,6,25,-5
-13,1,37,3,-4,6,25,-5
7,0,-17,-17,-25,-26,-42,-25
41,19,2,25,23,14,104,125
-10,-9,-6,6,-29,-24,-62,8
-6,-13,-8,2,23,2,0,-19
-6,-13,-8,2,23,2,0,-19
-16,-13,-21,-9,-8,-6,-4,-13
0,5,17,-41,2,-2,52,25
-12,-8,-14,-1,4,-14,-73,-42
-25,-21,-2,28,-2,-20,-2,-28
-8,-7,7,16,8,11,6,-2
-4,-3,7,33,-5,-9,43,5
-29,-35,-78,-46,-1,-31,-32,-26
-17,-17,-46,-38,-31,-18,-43,-24
8,4,13,10,0,16,42,25
22,26,48,5,3,9,6,18
2,3,-3,21,16,2,-5,-5
-9,-11,-15,-11,-3,-15,9,1
6,9,14,16,5,15,43,11
32,15,3,21,7,4,-1,5
-5,1,-30,-24,-7,4,-3,-5
-5,-15,-8,-8,-7,-8,-10,-4
-5,0,-3,9,3,4,-13,-8
-5,0,-3,9,3,4,-13,-8
-14,-6,-4,-6,2,3,-55,-13
-1,0,44,25,10,-7,4,-3
4,16,67,15,5,0,6,3
8,11,9,-6,-12,3,14,5
8,11,9,-6,-12,3,14,5
13,2,-17,3,10,14,41,14
-8,-9,-21,-13,-6,6,4,-4
-1,3,2,19,5,-11,-7,-3
-1,-11,-62,-23,-16,-1,28,13
-1,-1,45,15,6,-3,3,-1
0,-1,12,8,-9,-6,5,-2
8,14,75,13,7,13,5,5
-3,-3,-16,-12,-1,0,0,-3
