5,0,-2,-1,0,5,8,7
5,0,-2,-1,0,5,8,7
2,-3,-3,-2,0,-13,-9,10
1,1,-1,1,-1,-5,1,5
-4,-1,2,0,-1,-1,-1,-2
2,1,2,0,-1,14,6,7
-4,-5,-3,0,-2,-13,-8,-7
0,-2,-8,-3,-3,-6,-1,-3
0,1,1,1,1,2,2,-6
0,1,1,1,1,2,2,-6
-1,0,1,1,1,11,5,19
-1,0,1,1,1,11,5,19
-4,-3,-1,0,4,0,1,-5
-1,3,2,1,2,10,14,2
-1,3,2,1,2,10,14,2
1,0,-6,-5,-6,1,-3,-2
0,-2,-5,1,2,-5,-5,-8
-1,-4,-29,-1,-1,-4,-2,-2
2,2,7,-1,0,-1,-1,7
2,2,7,-1,0,-1,-1,7
-6,1,8,1,-4,-11,-7,-4
0,-2,2,-1,-3,-4,-3,-5
-2,-6,6,0,3,9,6,9
2,4,14,2,0,-8,-10,-5
-1,1,0,-2,-3,0,4,-3
-1,1,0,-2,-3,0,4,-3
0,-1,2,2,3,2,-2,1
0,-1,2,2,3,2,-2,1
5,1,-1,-3,-4,3,5,2
3,-1,-2,-4,-3,-6,-4,-3
2,-8,-1,-1,0,3,1,-2
-1,0,4,0,-3,1,1,5
-1,0,4,0,-3,1,1,5
17,10,-2,1,2,1,4,3
7,-1,-3,-9,-8,-8,-6,-5
7,-1,-3,-9,-8,-8,-6,-5
82,30,7,73,21,-4,4,13
7,-13,-6,45,10,6,-4,-10
7,-13,-6,45,10,6,-4,-10
7,-13,-6,45,10,6,-4,-10
6,0,1,-41,-11,13,-3,4
-1,-3,-3,33,9,-1,-1,-5
4,7,0,5,8,4,4,12
4,7,0,5,8,4,4,12
15,3,50,-15,18,-17,-17,2
-13,-18,-90,33,-1,-27,-36,16
21,19,16,3,-1,-5,16,21
21,19,16,3,-1,-5,16,21
-32,-24,-6,-1,0,6,-9,-37
-21,6,39,4,2,13,15,-13
34,10,44,-39,-31,-8,53,59
4,-3,-39,-64,-4,7,-17,-48
-13,-17,35,-10,-15,-1,-39,-12
35,19,-36,20,-3,-22,-17,11
62,17,-50,-40,-6,4,11,46
-19,-4,1,22,16,1,-9,-16
-21,-9,3,13,-5,-17,-26,-21
-14,-3,-29,21,10,-17,-33,2
-3,-3,-6,10,0,-16,4,-24
12,3,-28,2,2,-11,8,15
12,3,-28,2,2,-11,8,15
17,1,-19,5,1,20,20,17
2,-1,-3,-1,-10,-4,3,12
-4,-2,-1,9,1,-6,7,1
2,0,-2,-3,-4,-7,3,4
2,0,-2,-3,-4,-7,3,4
2,-5,-8,-2,-2,-1,14,4
4,3,-2,-1,-1,5,-16,4
2,0,-12,4,6,7,7,2
-1,0,32,-8,-5,2,-13,-3
7,9,1,-17,-9,-1,9,11
7,9,1,-17,-9,-1,9,11
-5,-15,41,21,2,-6,-8,6
3,5,-62,-7,1,-3,8,9
2,4,89,10,6,13,4,9
2,4,89,10,6,13,4,9
-4,-7,-73,-4,0,-16,-11,18
-1,2,-20,2,-3,1,4,7
1,8,-29,-34,-5,8,12,-31
-3,3,-79,8,0,4,-8,-58
-1,0,54,8,-3,-4,1,28
-4,-5,-9,-1,0,-5,1,5
0,-3,6,0,-2,6,-4,-2
1,4,-7,-1,-8,-12,-2,6
-1,-4,0,4,2,6,5,7
-1,-4,0,4,2,6,5,7
1,1,4,-1,-3,-9,-2,-2
1,1,4,-1,-3,-9,-2,-2
-2,0,0,-1,-1,-3,-4,-1
0,2,57,1,1,0,0,1
-2,-1,-2,0,-1,-12,-8,-7
-2,0,-14,-3,0,-7,-9,-2
-2,0,-14,-3,0,-7,-9,-2
0,-6,-11,1,8,30,6,0
-2,1,-9,-2,-5,-11,1,8
-3,-4,5,0,-1,-11,-12,-13
1,-5,-5,-1,0,-2,2,6
-4,-4,7,-2,-3,-4,2,-1
2,1,-5,-3,1,11,5,0
2,1,-5,-3,1,11,5,0
-2,-1,-4,-4,-1,-3,2,6
-1,-1,-2,0,2,-7,-13,-11
-3,0,0,2,-2,16,5,-20
0,1,-2,-2,-3,-15,-5,-1
-2,-1,3,1,-4,2,1,-3
2,-2,-2,0,2,0,5,6
-3,1,-4,-4,3,7,1,5
-2,1,7,1,-6,2,2,-10
15,1,-2,-2,-9,-1,1,8
4,-2,0,3,0,-5,1,2
4,-2,0,3,0,-5,1,2
4,3,2,1,-3,-2,2,3
3,2,19,13,-3,-20,-22,2
12,-3,-24,-10,-2,-1,-3,0
-2,4,8,6,5,-1,-1,0
8,-3,-4,0,0,-3,-1,-6
3,-5,-10,-8,-2,16,6,18
-42,-7,6,2,-1,-6,-2,-5
-4,-10,-12,-15,0,1,-4,-12
3,7,26,16,-1,-5,-5,-10
-5,-4,-17,-11,-2,-6,-5,11
-3,-1,-1,2,2,9,10,5
-5,-7,-8,-7,-3,-8,-5,-3
22,6,-5,6,1,11,16,8
-12,-6,-29,-12,0,-1,-2,-15
-5,3,25,-5,-6,-4,-21,-20
0,1,-6,6,10,15,10,-12
24,8,0,4,12,23,46,34
24,8,0,4,12,23,46,34
3,-7,45,-16,-16,-4,-24,-11
-24,-14,-51,-68,-40,-17,-32,-34
62,23,76,1,20,-17,-16,4
19,15,26,19,13,20,53,52
3,1,-1,20,15,4,12,2
-11,-7,-18,17,1,-7,-52,-26
-39,-37,1,-18,-27,-4,-4,-29
5,16,46,96,49,-6,-7,-19
-6,-3,49,-4,-10,-4,1,21
32,13,79,32,22,7,20,14
-17,-7,-42,-19,-10,-1,-16,-34
-25,-1,-12,9,3,-12,-1,-38
-31,-20,-19,-26,-2,22,22,8
-25,-3,-28,-1,-10,-12,-33,-32
14,2,-105,-9,-5,-1,16,13
20,14,-1,12,7,7,20,71
-22,5,34,-2,0,-9,-28,-42
-10,-20,-48,-41,-18,-16,-25,-16
5,6,52,-22,-16,5,35,23
-10,1,-44,-38,-16,-4,-16,-3
9,1,-12,18,10,-2,7,1
3,6,-19,15,14,8,11,17
3,6,-19,15,14,8,11,17
1,-16,-16,26,22,4,-15,-18
-23,5,-28,-8,-2,5,27,-6
-4,-10,12,-1,-2,13,5,-4
3,-2,-14,-3,-2,-9,15,16
7,3,4,4,0,1,-8,2
-12,-3,19,6,6,1,7,-17
-10,-7,12,2,-3,-2,-3,-17
3,-3,0,-2,-3,-2,-12,-11
4,2,9,1,1,13,19,5
-1,1,19,1,6,-2,16,2
-1,1,19,1,6,-2,16,2
-2,0,-18,13,-4,-25,-8,-33
3,7,-50,10,3,7,11,15
-8,-18,-37,1,-11,-29,-31,-16
9,18,38,22,-1,-31,-17,15
-10,-18,-64,-23,-3,7,4,11
5,7,82,-34,-8,-9,-9,3
-12,-6,-57,-14,-5,-13,-1,-7
-5,-26,-72,-19,2,10,22,20
-2,-1,-2,-27,-5,-10,-5,-12
-6,9,83,18,5,14,9,-2
-7,-4,11,-11,0,10,9,-1
-4,-9,34,6,3,17,13,-1
-3,-9,-74,15,-5,-28,-31,-21
14,7,56,6,1,-1,-7,-5
-4,-1,0,3,4,-2,-3,10
-3,-2,-1,3,-2,-6,-2,-2
-3,3,16,1,-2,-14,-14,-6
1,-2,-15,-2,2,5,-4,-3
1,1,0,0,0,1,6,-4
1,1,0,0,0,1,6,-4
4,6,0,0,-2,-8,-9,6
-1,-1,-5,1,0,4,3,6
-1,-3,6,-4,-2,-5,2,-1
4,-2,-9,-2,0,4,7,41
-3,-2,4,-3,1,-10,-9,-8
-3,-2,4,-3,1,-10,-9,-8
-1,-2,4,1,-5,9,8,-15
-5,-1,-3,-4,-5,-3,-5,-9
-2,-5,1,6,5,7,4,-13
-3,-1,-3,-1,-3,-4,0,-13
-3,-1,-3,-1,-3,-4,0,-13
2,3,-1,-5,-4,0,2,0
-3,-1,-2,-2,-3,1,1,2
-1,-2,-1,-1,0,-2,-2,-10
-2,-1,1,1,0,5,5,-7
-4,-4,0,-3,0,1,-1,-1
-1,1,-2,0,-1,2,3,1
2,-3,-2,-4,-2,-4,0,1
5,2,-1,-1,-7,-1,3,2
5,2,-1,-1,-7,-1,3,2
1,0,0,-1,-4,0,-1,5
2,0,2,-2,-3,-2,2,1
-4,-1,-1,-5,0,1,-2,-2
-2,-2,-5,4,-2,-7,-9,-3
-8,-1,2,0,2,14,19,-1
-6,-2,1,0,4,-3,4,-1
17,3,-4,-6,-4,-3,0,-1
-7,1,1,-1,-4,0,-5,1
-8,-5,1,-1,-3,5,2,0
-8,-4,0,1,10,7,4,13
7,0,-10,-3,-7,-8,-9,-4
7,7,10,92,51,9,1,-2
13,3,-8,-20,-21,-10,-9,1
10,0,6,10,10,1,13,14
-5,-10,-3,-21,-14,4,2,-18
-29,-1,1,-9,-7,-4,-15,1
-22,-14,0,-11,-7,-7,-20,-39
29,8,-6,-10,-9,0,-5,15
16,-4,-33,15,0,-12,-19,10
-40,-5,46,37,17,-1,-13,-43
9,2,-7,-22,-9,-6,-2,-5
32,6,-3,-35,-2,-6,-10,16
32,6,-3,-35,-2,-6,-10,16
28,17,52,73,43,7,13,31
7,5,15,7,15,0,11,-4
-15,-1,-9,67,-1,4,-25,-12
-50,-1,14,-8,-18,-8,-51,-87
-50,-1,14,-8,-18,-8,-51,-87
-63,-18,3,-31,-23,-41,-90,-90
17,16,-28,105,41,20,30,18
-52,-31,50,5,5,6,-39,33
75,-21,-109,-32,-11,-16,24,41
-43,-42,-71,-33,-11,9,-8,-13
-52,-15,21,-70,-27,3,38,-25
17,-9,-35,1,11,5,53,19
46,40,15,-44,-4,14,64,63
-27,4,-4,-6,6,-7,4,51
-27,4,-4,-6,6,-7,4,51
-23,-12,41,-24,-6,-1,-5,-65
-17,-10,-8,-11,-16,3,3,-32
2,-18,-44,-2,1,2,11,9
19,4,12,-2,-2,-13,9,-18
12,1,-2,-3,2,31,13,4
12,1,-2,-3,2,31,13,4
16,0,-16,3,1,6,16,19
6,4,15,17,4,-3,-2,1
0,6,116,44,5,17,1,16
2,-33,-80,33,8,-23,-12,5
5,17,-11,-21,-13,-30,-49,-2
-12,2,40,-9,2,-2,24,2
5,6,-14,-10,1,0,-13,22
-1,-2,33,6,-7,-29,-15,-13
-2,17,23,24,10,-6,-6,-14
5,3,-29,-26,-7,4,0,48
5,3,-29,-26,-7,4,0,48
1,-6,-34,-4,3,0,-1,12
-1,1,1,3,0,0,-7,-12
-3,-8,-14,-7,-7,-10,-5,-10
0,-8,-81,-19,-3,-2,-9,-5
-5,12,116,-6,-12,-29,-30,-4
1,-1,1,-19,-1,4,10,9
-11,-10,8,10,-4,-9,-21,-8
-12,-9,-1,-32,-5,-11,-9,-10
-13,5,77,24,5,-7,-3,-15
4,-6,-34,-19,-13,-4,0,8
0,-2,-4,-4,-5,-5,-3,20
-2,0,1,-1,-2,3,2,-6
1,1,4,6,6,6,6,0
1,1,4,6,6,6,6,0
3,0,-2,1,6,9,-1,-3
0,-2,-3,0,2,-5,-8,1
1,2,8,1,-2,4,5,-4
1,1,-7,-4,3,18,8,5
6,-1,-9,0,0,4,-1,38
6,-1,-9,0,0,4,-1,38
-1,-7,-7,-5,-2,5,3,3
-4,-2,2,-4,-5,-7,-7,-8
-1,-1,-5,-1,1,1,7,-6
-5,-1,0,-6,1,-2,-3,-5
1,4,5,6,-1,-6,1,-2
1,0,44,3,2,-3,0,54
0,0,-40,3,3,-2,-1,-10
-1,0,9,4,2,3,2,1
2,1,2,2,0,4,2,9
0,2,3,5,1,0,2,-8
-1,-2,-7,-2,2,-1,1,6
2,-1,-50,-3,1,-9,-6,-15
-5,0,5,1,2,15,8,-2
4,1,-5,2,-2,-8,-9,0
0,-5,6,-2,-4,-3,-1,5
-5,-4,4,-1,-4,-10,-9,-4
-3,0,11,4,2,7,0,-7
-3,0,11,4,2,7,0,-7
0,0,-4,2,-3,-4,0,2
0,-6,-16,-7,2,-2,0,-1
1,0,3,-4,-2,0,1,2
0,1,-3,-1,-1,3,4,0
0,1,-3,-1,-1,3,4,0
0,1,-3,-1,-1,3,4,0
0,2,5,1,2,5,0,-2
0,0,6,-11,-2,6,2,1
-10,-4,-2,-7,2,-11,-6,-4
-2,3,7,-2,0,-1,-4,-5
-2,3,7,-2,0,-1,-4,-5
-33,4,5,24,29,4,4,2
12,8,-23,37,-15,-12,-4,1
22,10,-3,-16,-4,-8,-2,-27
22,10,-3,-16,-4,-8,-2,-27
59,8,-1,-47,-11,1,20,3
16,8,-29,-56,-10,-13,-41,-39
-12,2,7,-13,16,12,-51,10
13,-7,-1,-12,-12,7,1,-3
-64,-11,18,46,14,-7,-10,-2
51,29,-5,-20,-3,8,25,32
22,14,53,96,21,2,-18,1
25,11,62,-34,-24,2,18,-12
-3,-3,9,34,5,-2,8,5
6,-6,-4,-22,-5,3,64,49
-78,-20,-30,-33,-20,-3,11,-74
13,3,-27,-7,-15,-37,-68,-57
-6,-4,-28,13,-5,-9,-21,-11
43,-5,-2,-16,-10,13,17,32
37,34,-56,-14,-8,-13,30,74
35,8,-43,-57,-6,35,14,24
-41,4,-24,-45,-12,-12,-34,-60
0,-17,9,-7,-13,-9,-15,-14
0,-17,9,-7,-13,-9,-15,-14
2,-10,17,25,15,-26,-35,-12
-8,-1,14,21,5,3,-55,16
-47,-10,1,-15,-8,-11,-10,-57
-4,1,22,-9,-1,-6,-5,-9
-13,-3,-36,-9,-5,-7,-7,-14
-5,-7,15,-5,-6,0,16,-2
11,-1,-20,57,15,-5,12,0
-14,-5,7,-6,1,-14,5,-18
9,4,17,17,14,41,-30,18
0,-4,-2,-19,-12,-2,-6,-2
0,-4,-2,-19,-12,-2,-6,-2
3,0,4,-4,-11,-34,-38,-6
7,2,0,-9,0,13,9,1
-10,-5,-1,-3,-7,-11,-8,-8
-2,0,0,-2,1,9,5,-1
-3,-2,-1,-5,-2,-13,-8,-4
-3,-2,-1,-3,-1,-2,10,-5
1,-2,-17,-3,-1,0,14,-5
0,2,15,2,9,6,10,1
-2,-1,24,-1,-7,-9,-19,-1
-2,-6,32,-4,-1,-10,-9,6
2,12,38,-9,10,66,27,16
2,-9,-43,-19,4,-17,-11,3
-5,0,21,2,-8,-15,-32,-2
-5,0,21,2,-8,-15,-32,-2
2,5,61,-10,11,52,28,4
0,1,-30,9,-10,-26,-22,-28
15,-1,-16,-3,0,-19,-3,2
2,-6,-16,-13,-11,-13,-38,-3
-2,7,84,17,2,5,3,-5
-13,-1,-29,7,2,4,8,11
-17,-3,-55,-6,8,22,18,-17
5,-10,-29,-3,-6,-18,-10,-7
5,-10,-29,-3,-6,-18,-10,-7
6,-1,-13,2,5,7,15,3
1,1,54,13,2,-2,-11,5
1,-2,4,-1,7,-5,0,10
-1,-2,-39,-13,5,21,12,5
7,5,78,-3,-6,-38,-24,-4
15,2,-31,-1,-7,-7,-4,18
1,-7,-19,-10,2,-1,-1,-30
-5,-1,-8,-6,-2,31,2,5
-23,-3,57,10,-2,-4,-4,3
0,1,-21,-3,1,-14,-11,-5
4,-4,41,-4,6,0,-2,1
-5,-3,-3,-5,-5,3,-7,-8
-2,-2,-22,-5,-1,0,1,-5
4,3,16,6,7,8,5,0
-4,-1,-12,-5,-2,-1,1,-20
-9,-5,1,-2,-3,-12,-2,-14
2,-3,9,4,-4,8,7,-5
1,-2,-4,1,-2,17,22,-3
0,2,-10,-2,-4,-12,-3,-5
2,3,-36,2,0,5,9,33
0,2,-5,-12,-8,-8,-5,-29
0,2,-5,-12,-8,-8,-5,-29
3,-1,-6,-1,-2,5,0,-4
0,0,14,-2,-1,11,12,15
0,0,14,-2,-1,11,12,15
0,-6,-10,-4,5,2,0,16
-3,3,12,2,2,6,0,28
-4,-4,14,-2,-2,-15,-6,-23
-1,2,4,-3,-1,5,-3,-3
-1,-6,-49,-5,-5,-14,-6,-3
1,-2,-3,5,1,4,-2,0
-4,-8,-17,-6,-3,-9,-21,-23
-13,2,6,0,-1,-7,-5,-19
-13,2,6,0,-1,-7,-5,-19
0,0,9,-5,-5,-9,-2,6
0,0,9,-5,-5,-9,-2,6
4,-1,11,4,-2,-1,-5,0
2,-1,-16,-1,2,2,0,9
2,-1,0,4,5,11,4,2
1,1,6,5,-8,-6,-7,11
1,1,6,5,-8,-6,-7,11
1,5,35,-1,-5,-5,-5,0
2,-1,-10,-7,2,-8,3,27
-4,-2,-4,1,3,1,5,-12
-4,-2,-4,1,3,1,5,-12
-2,0,10,1,0,19,4,-3
-2,0,10,1,0,19,4,-3
0,1,2,3,5,22,10,1
-1,-2,1,-1,1,0,0,-1
-1,-2,1,-1,1,0,0,-1
0,-1,-2,-3,-6,-5,-3,1
1,-3,-6,-7,-4,1,-1,-1
-2,-2,0,-2,-1,-9,-3,-3
-26,-6,-5,-9,-8,-10,-1,-3
14,6,36,43,15,-9,-10,-4
6,6,0,23,8,8,5,2
-6,-11,-9,-26,-10,-14,-4,-26
-6,-11,-9,-26,-10,-14,-4,-26
-24,-3,-3,21,-3,0,13,0
-24,0,-5,-7,2,2,-13,-6
-12,-17,-27,-24,-14,-6,-10,-15
-5,-5,-15,-17,7,-19,-35,-12
-5,-5,-15,-17,7,-19,-35,-12
95,30,-68,0,-6,15,43,58
-7,-5,12,-56,-15,-38,-44,-1
15,3,37,-16,-22,1,-29,13
37,16,33,11,-5,17,100,89
-5,16,71,72,26,14,16,8
-5,16,71,72,26,14,16,8
-44,-15,41,2,2,-4,-48,-45
-3,9,-13,10,16,-2,20,-18
-24,-14,-81,11,-7,-15,-22,-26
1,-1,0,-3,-2,-4,17,-3
1,-1,0,-3,-2,-4,17,-3
-40,-9,0,3,12,40,50,-1
-40,-9,0,3,12,40,50,-1
-47,-11,-21,-66,-39,-36,-86,-88
41,1,-54,-51,-8,18,20,33
41,1,-54,-51,-8,18,20,33
27,10,28,24,9,-1,26,-8
27,10,28,24,9,-1,26,-8
10,5,5,-4,8,11,1,13
-26,-11,2,-32,-25,-8,-30,-2
16,8,40,-5,0,5,-21,-14
-17,-17,-48,-11,2,-2,27,-10
-17,-17,-48,-11,2,-2,27,-10
3,7,12,10,11,-1,-23,-3
-4,2,-7,-9,-5,6,15,-3
12,2,-9,-8,3,14,11,6
-1,5,2,33,12,7,-2,4
8,6,8,-10,-10,-2,-31,0
8,6,8,-10,-10,-2,-31,0
2,-1,-5,-1,3,46,9,2
1,-1,4,2,6,-1,-9,-2
-3,1,1,-1,1,6,-4,-7
0,1,5,3,6,-5,12,5
0,1,5,3,6,-5,12,5
-3,-2,-1,-4,-3,9,0,-3
0,2,-22,8,3,8,-3,3
-4,6,31,0,-4,-6,-3,-10
-1,10,70,27,7,10,1,9
-4,0,-40,2,-11,-26,-25,-6
-4,0,-40,2,-11,-26,-25,-6
-3,-10,-65,-7,-6,-15,-5,36
17,9,100,40,8,0,-14,-65
2,-13,-87,-25,-4,30,32,23
-2,12,72,38,-2,-19,-21,-51
-10,-15,-95,-72,-15,1,9,-12
8,-5,-33,-35,-4,-1,1,-29
8,-5,-33,-35,-4,-1,1,-29
-7,2,-11,-13,-1,1,15,53
-10,-2,26,-11,-3,-26,-21,-11
0,-1,-51,-9,-2,-7,-3,38
0,-4,25,29,11,-2,-1,42
0,-4,25,29,11,-2,-1,42
5,7,43,17,9,25,8,-6
10,-7,25,-24,2,20,25,21
10,-7,25,-24,2,20,25,21
-12,-7,-29,12,-1,-9,-9,-28
-12,-7,-29,12,-1,-9,-9,-28
-5,-5,-56,-4,-14,-17,-8,-25
-7,-4,8,-5,16,30,21,46
-7,-3,7,-11,-13,-40,-28,-3
0,1,-52,-9,-4,-1,-3,-9
3,3,12,3,-8,5,4,15
3,3,12,3,-8,5,4,15
-3,-2,-9,6,-1,9,8,-24
-6,1,18,-1,-6,-12,-11,-15
2,-4,34,-13,-11,-15,-4,11
6,3,-1,0,3,-1,-2,7
0,-4,-23,2,-5,-19,-13,19
0,-4,-23,2,-5,-19,-13,19
-4,-4,-16,-12,-9,18,1,-27
-3,-1,-17,5,14,-10,-6,3
-4,-9,-8,3,-1,2,-4,-1
-4,-9,-8,3,-1,2,-4,-1
-3,-4,20,-1,2,-22,-12,-12
-8,-1,-34,-6,5,4,-2,-28
-3,-2,-2,-2,-2,1,3,-17
-13,-3,-2,3,-3,-4,-9,-5
3,-2,-9,-6,-4,2,2,3
5,-3,0,0,-1,5,1,3
5,-3,0,0,-1,5,1,3
0,0,1,0,0,5,4,23
0,-5,-6,-2,-3,-8,-5,1
0,-1,-3,-4,0,0,0,5
-1,1,0,-1,-2,-5,-4,-2
-1,1,0,-1,-2,-5,-4,-2
-3,1,-4,2,5,2,0,-10
-4,1,8,1,4,-1,1,-7
-2,-1,3,1,-1,1,-11,-3
1,-1,-6,-2,-3,-10,-5,0
1,0,-4,2,-7,-5,-3,5
-3,-5,-4,-3,-4,-6,-2,1
-1,-1,-5,-1,-1,14,3,7
-3,-3,-1,-4,-2,-8,-5,-5
3,2,1,0,-3,-6,-2,-2
-2,-2,0,1,-3,-2,0,3
-2,-2,0,1,-3,-2,0,3
1,2,10,-1,-2,-9,2,1
-2,-3,-5,-1,1,11,-3,-4
-3,-10,0,0,3,-12,-4,-3
-1,3,3,0,-2,-2,-4,-1
1,1,-2,1,-3,-5,0,1
-2,-1,7,-1,-1,6,2,-2
-5,0,1,0,3,-8,-4,-3
5,1,0,2,2,-7,-6,0
1,0,-1,-1,5,-1,2,5
-5,2,0,-2,-12,-1,-1,-1
-11,-3,-3,18,9,-1,-6,-5
20,-1,-6,-12,-7,2,0,0
-10,0,7,7,4,-3,-5,-7
-17,8,7,53,29,26,15,3
4,-8,-10,-38,-13,4,-7,4
-8,-2,-10,0,-8,-12,22,-2
29,11,-2,4,2,-8,8,40
29,11,-2,4,2,-8,8,40
4,3,-62,41,15,4,26,17
-15,-8,-18,3,-7,-7,-31,-23
-28,-22,-17,-34,-8,-14,-41,-16
50,14,8,10,12,6,11,14
50,14,8,10,12,6,11,14
-8,-1,-17,-7,-4,-7,-27,-41
4,1,16,-4,-8,-16,-18,14
-8,-10,3,-4,-3,25,2,-35
-4,7,26,-4,4,7,0,-12
0,4,4,-47,-27,10,10,-13
-3,-1,-34,66,4,-22,-2,-10
34,9,-11,-17,-6,-6,-3,-4
17,-8,26,25,1,15,25,-1
-14,-3,16,3,0,3,-13,-40
4,-5,-15,-1,3,7,-18,29
-40,-8,11,21,-11,-8,3,13
-10,-11,-57,-21,-16,-17,-10,-24
-10,-11,-57,-21,-16,-17,-10,-24
-19,5,-14,6,2,39,2,-21
12,7,40,-19,-14,-10,22,47
-8,-9,-20,-12,3,-5,-4,-15
-7,-10,-47,0,2,-10,-14,23
-7,-10,-47,0,2,-10,-14,23
41,14,24,8,-5,-26,24,62
-25,-12,26,7,6,18,0,-29
-4,0,-40,47,-4,-7,-34,-1
40,14,38,59,14,-4,9,22
-36,-9,-9,-42,-5,-7,-33,-9
-36,-9,-9,-42,-5,-7,-33,-9
-7,1,-6,-13,6,27,24,-1
-1,-3,2,-8,-5,15,14,-3
-1,-3,2,-8,-5,15,14,-3
3,0,-7,-4,-5,-19,-22,-2
-7,-8,-1,-16,-6,-17,3,-12
6,2,0,0,2,6,7,9
6,4,-2,1,3,0,4,35
-5,-13,-63,1,6,32,12,25
-19,-10,65,-17,-3,-7,-1,-29
-19,-10,65,-17,-3,-7,-1,-29
13,14,-53,-83,-10,7,20,34
-6,2,25,59,6,-30,13,2
-6,0,83,16,-12,-13,-22,-49
20,10,-47,58,25,11,-5,14
-3,-8,-39,-41,-19,-4,16,5
18,8,-16,-2,11,14,-7,17
-2,3,37,2,-6,-10,-1,-10
17,8,61,21,3,-4,-19,-39
-19,-10,-10,-64,3,45,20,-7
0,3,17,-5,-8,-9,-7,-12
-6,1,-20,3,-5,-20,-13,19
-1,-4,-5,-9,-8,-15,-17,1
-1,-4,-5,-9,-8,-15,-17,1
8,2,6,29,4,-1,0,16
-1,-3,-64,-10,1,-8,-5,-5
3,-2,4,-42,-20,-17,3,37
-2,0,9,17,2,-21,-22,-31
-8,-4,10,-29,-7,8,1,-2
6,3,-10,-14,8,10,2,6
4,0,5,-26,3,3,4,-4
-6,25,-63,-81,4,2,1,8
6,-1,16,37,5,55,6,-3
-1,-13,-6,17,-7,-16,-5,-38
-1,-13,-6,17,-7,-16,-5,-38
6,-6,-11,-9,-7,-8,5,15
-1,-4,-31,43,6,-4,0,-9
-1,-2,45,12,1,-10,-3,5
-1,-2,22,5,-2,-21,-11,7
3,3,9,-5,5,-2,9,21
2,-1,5,7,-13,0,-6,-15
-2,-3,19,2,13,-7,1,2
0,0,10,-1,-2,-13,-6,-16
-7,-7,12,6,-5,5,0,-28
-4,-2,-8,-2,-1,4,3,29
-7,-1,-5,-2,-18,-6,-2,12
0,6,3,2,22,28,7,-4
-9,-1,18,-2,-5,-1,-2,-7
2,-1,-2,-4,-3,2,3,6
4,-6,1,-6,-7,-2,6,95
-7,-3,14,2,-7,-4,-1,-18
2,0,1,-4,1,4,-11,-27
-1,-5,-5,-1,-1,3,-3,-13
-1,-5,-5,-1,-1,3,-3,-13
-1,4,7,2,-2,4,14,25
1,1,10,-2,-4,-6,-5,-42
-1,-2,-19,-2,4,4,2,-11
-1,0,-49,-2,4,-3,0,24
1,3,17,2,-2,2,-2,0
-1,2,12,-1,-11,4,0,-20
-4,-4,9,-1,-2,3,-11,-43
-2,-4,-9,2,0,-2,1,14
3,1,17,-1,5,1,5,-11
-4,-8,-17,-4,2,3,1,3
-4,-8,-17,-4,2,3,1,3
-10,0,0,6,0,-12,-4,-3
1,2,-2,-2,-1,4,-3,-1
-1,0,-57,-1,-4,-2,-1,5
2,2,48,0,1,-2,-3,2
1,-1,3,4,-2,4,3,-36
0,1,-35,-3,7,-6,-7,-2
0,1,-35,-3,7,-6,-7,-2
4,5,9,2,-1,29,17,16
4,-1,23,2,4,3,5,43
-7,-6,-16,-7,-10,-12,-14,-18
1,-2,-4,1,4,4,1,0
1,1,5,-3,-5,4,-1,-4
-2,0,20,0,-4,-6,-4,-6
-5,0,17,-2,-10,-7,-2,-29
-1,-1,3,3,2,-1,-1,-5
-6,-1,4,3,4,-9,-1,5
4,1,-7,-7,-2,-4,-3,-5
4,1,-7,-7,-2,-4,-3,-5
1,-3,18,-2,8,-2,-5,-29
-3,-2,-3,1,-7,10,2,35
0,2,-15,-6,-5,-1,-8,-20
0,2,-15,-6,-5,-1,-8,-20
-6,-2,2,0,2,1,4,-3
1,-4,-1,-2,-1,-9,-4,-4
-2,-3,-42,-2,8,1,4,-21
3,5,-3,5,0,-6,1,25
0,0,5,-1,-4,6,5,-12
0,-4,10,6,9,12,-2,3
1,1,3,-1,-2,-3,-1,0
-1,1,15,-1,-11,-9,-27,-11
3,1,17,8,2,-4,8,-4
-3,-1,-55,0,-9,13,-2,-18
-3,1,5,-9,-4,-7,7,-2
-5,-7,9,0,-10,-43,-22,3
-1,-3,15,-13,-2,-16,2,23
2,-3,37,-4,-3,15,-5,7
0,2,34,30,5,8,12,14
-3,3,-10,-11,-4,9,-2,-1
9,6,27,23,6,-5,-3,12
9,6,27,23,6,-5,-3,12
5,-1,-1,22,6,34,1,-8
7,1,5,-5,-11,-17,-10,3
7,1,5,-5,-11,-17,-10,3
-2,-4,17,29,-1,-2,-1,-7
-4,-7,-51,-8,1,-4,6,0
-11,-9,-33,-28,-3,2,1,-2
-15,-5,26,-3,-5,-8,-7,37
-20,0,2,2,5,34,21,-13
-15,-5,-32,-3,-4,-7,-3,9
3,1,2,8,1,-1,2,0
5,-2,-30,-7,-5,-6,-11,20
10,-2,7,16,-5,-25,-15,-16
9,-4,-22,-26,-5,5,-2,-5
-1,3,7,3,2,6,1,-4
-2,-3,6,-14,3,-10,-15,-35
-3,13,17,-1,7,47,18,-3
-4,-4,21,-4,-4,-4,-2,-11
-4,-4,21,-4,-4,-4,-2,-11
-2,-5,-9,-4,-5,-8,2,-1
3,5,10,8,8,14,16,3
-1,5,27,7,3,1,0,-8
-1,0,-23,-23,-8,-22,-10,-5
-3,1,14,11,-1,-1,3,-19
3,3,-25,-3,1,6,16,4
-7,-1,-16,-1,-11,-20,-16,-8
11,1,10,10,8,27,9,-6
-3,-1,26,-1,-10,-19,-6,16
-5,-2,-2,2,8,-3,2,-8
0,-2,-12,-1,-2,-7,-4,-4
-2,-1,6,-4,-3,-3,-7,-3
2,-1,-5,-3,-1,11,3,10
2,-1,-5,-3,-1,11,3,10
-6,3,-3,0,-4,4,4,5
-6,3,-3,0,-4,4,4,5
2,0,-2,0,0,-11,1,-17
2,0,-2,0,0,-11,1,-17
1,-1,-5,-2,-7,-9,-3,2
-2,-2,-4,-5,1,-9,-17,-24
-2,-2,-4,-5,1,-9,-17,-24
0,-2,-6,-3,-6,1,0,3
-1,-3,-6,-4,-3,-4,1,-1
2,0,12,5,4,8,8,4
-4,-3,-4,-1,-2,-1,0,4
-2,0,-2,-3,-2,1,-2,0
-2,0,-2,-3,-2,1,-2,0
-3,-4,20,-2,4,-1,-1,4
0,0,4,-1,1,-6,-7,-4
-3,-4,-8,0,-8,0,1,1
1,1,-3,0,-2,-12,-5,-1
1,1,-3,0,-2,-12,-5,-1
2,1,-2,-3,1,22,5,5
1,-1,-10,-4,2,7,2,8
1,-1,-2,-3,1,11,2,-3
0,0,-3,-3,-6,0,0,-1
-2,-2,2,-2,0,-1,-1,-1
-1,-1,-2,-1,-7,-7,-4,-4
-1,-1,-2,-1,-7,-7,-4,-4
-2,0,0,0,-1,-2,0,-2
8,-1,1,-2,-8,-2,-1,-1
-4,-3,-3,-6,2,-2,-2,2
-2,-3,0,-3,-6,-2,-5,-2
-4,1,0,0,1,-5,-3,-3
-5,-2,-2,0,-5,-11,0,1
-12,-3,-3,-4,-2,-5,-4,-5
6,-7,-4,17,5,-8,-5,-2
2,4,-10,-42,-16,-4,-1,0
-6,4,5,1,5,8,24,0
-6,4,5,1,5,8,24,0
7,6,11,25,5,3,-17,10
-15,-6,3,17,5,6,-20,-10
24,10,6,50,18,1,28,-8
52,20,10,-34,8,16,75,76
52,20,10,-34,8,16,75,76
-45,-27,-50,-1,-5,0,-21,-27
26,6,8,-38,-13,-29,-18,4
14,-1,-55,67,7,7,40,28
-7,-16,-53,-72,-15,-5,-25,-2
-20,10,20,5,-4,-23,-47,-22
-20,10,20,5,-4,-23,-47,-22
-17,-11,37,2,0,-1,10,-33
-1,2,34,74,5,-19,-19,-14
-14,-7,44,6,10,29,30,6
12,-7,3,3,-32,2,6,24
12,-7,3,3,-32,2,6,24
13,5,-1,-2,1,-2,-7,20
13,5,-1,-2,1,-2,-7,20
10,3,12,29,9,-11,-32,7
-24,-5,29,-64,-16,3,1,-19
32,8,26,27,18,15,30,6
-11,0,5,-52,-19,22,-15,-16
-11,0,5,-52,-19,22,-15,-16
-11,0,5,-52,-19,22,-15,-16
-20,-12,-21,-10,32,17,20,-10
13,7,-8,1,-13,-29,-46,17
-4,-8,-50,10,5,31,30,-19
-17,-8,-14,-11,-3,5,2,-4
4,0,-1,-28,-4,28,5,-8
-8,2,2,3,-15,-17,0,-2
-3,-4,-7,-6,-8,-6,-11,-4
-11,-2,11,9,10,-21,12,-3
2,1,6,17,10,14,4,2
2,1,6,17,10,14,4,2
-7,-5,-3,-1,-3,-11,5,-6
-2,-3,-8,14,13,-8,2,-3
-9,-2,-4,7,11,2,39,9
0,-1,-8,-4,-1,-5,-7,-3
-1,0,-4,-1,-6,-30,-16,-1
1,1,2,5,0,12,6,-4
4,-2,10,3,-7,4,0,20
4,-2,10,3,-7,4,0,20
3,3,-5,-10,1,17,5,-21
-6,-8,1,33,2,19,13,28
-6,-8,1,33,2,19,13,28
-7,1,-28,-30,3,1,-19,-75
13,-2,63,60,16,-17,3,44
3,10,16,-50,-21,-10,-5,-5
-7,-6,-63,-7,2,-11,1,-16
-7,-6,-63,-7,2,-11,1,-16
-26,5,104,39,5,-1,-4,-26
1,1,-72,-35,-10,1,7,26
-5,-4,21,-17,-8,-7,0,-1
-5,-4,21,-17,-8,-7,0,-1
-5,-4,21,-17,-8,-7,0,-1
-8,-8,122,-12,-6,0,2,5
-8,-8,122,-12,-6,0,2,5
5,-2,-14,-11,9,20,4,-7
-1,-2,8,-10,-5,28,3,4
3,-3,-45,2,3,-5,-3,-7
-4,3,-3,1,-3,9,1,1
-4,-6,-10,-4,-3,0,4,-2
-2,-3,-6,-11,-7,-3,-8,-61
-3,-1,4,-10,5,-12,-11,-7
5,2,4,0,-2,4,0,2
-9,-3,-1,-8,-3,-10,2,19
2,2,-12,-3,-9,17,3,2
-3,-4,19,-1,-3,-9,3,-2
-3,-4,19,-1,-3,-9,3,-2
2,1,20,-3,-8,-7,1,48
-3,-1,-18,2,-2,-11,-5,19
5,2,-19,6,2,-4,6,-2
-3,-4,10,-3,-3,-1,-2,-6
-3,-6,-16,1,0,6,2,35
0,0,17,-8,0,0,-6,-14
-10,-1,7,-7,-2,-2,-2,10
1,-2,9,0,-2,-5,-4,-3
-1,-2,16,-6,2,3,0,0
4,-2,-12,-3,-4,-11,-2,7
1,-2,3,0,5,17,9,5
-3,-2,9,-1,1,-1,6,-1
-2,-5,-17,-8,-7,-1,-2,-15
2,2,10,2,2,1,1,12
5,7,14,7,4,19,16,7
1,1,2,-7,-8,-8,-3,1
3,2,-5,-4,-4,6,8,20
3,2,-5,-4,-4,6,8,20
-3,0,10,0,5,-3,-5,-6
2,-1,-5,1,-10,-16,-8,7
-1,-4,-11,-2,-2,-11,-9,-4
-2,1,4,3,0,5,0,3
-3,-3,10,10,8,2,-4,-5
5,1,1,-6,-3,-3,3,19
-2,1,24,5,-6,-5,-5,-17
-2,-2,-29,-6,0,-15,-9,-3
-5,-1,5,1,6,-2,2,2
-8,0,11,3,-1,9,6,0
-8,0,11,3,-1,9,6,0
1,-1,-2,-3,-5,-5,-11,7
1,1,4,-10,-10,4,2,-28
-1,-3,-4,-1,-4,-9,-4,7
-5,4,3,3,2,6,-12,-8
6,-6,-4,6,2,-25,-30,-10
-39,-20,-6,-12,-15,-14,0,-5
-18,-17,-1,7,-2,4,-1,-10
16,3,-8,-6,-10,-11,-27,0
-12,-10,-7,-3,-5,3,27,-19
23,7,2,-3,7,-9,-15,31
-4,4,50,2,7,2,-22,12
12,3,8,3,4,3,11,-12
12,3,8,3,4,3,11,-12
-35,-7,6,-18,40,31,2,-62
29,16,-1,-1,36,13,46,58
1,-8,80,-18,-26,-14,-12,-13
1,-8,80,-18,-26,-14,-12,-13
-1,-8,-26,50,-26,-33,-88,-36
-33,-9,-59,9,48,-10,-16,-31
-33,-9,-59,9,48,-10,-16,-31
-12,-16,7,23,-33,-7,9,-23
6,22,-4,-10,-1,-10,-3,12
14,-11,-10,-20,-22,-5,2,-12
-1,7,111,19,-8,-8,-9,-2
-28,-6,-13,-20,2,-16,-52,-44
-7,3,50,1,-13,-19,-7,28
-22,-5,18,-10,2,27,8,-43
0,4,44,6,0,-20,4,30
4,-2,-12,54,11,-6,-17,-4
-4,-14,-44,-29,-11,-3,12,32
-4,-14,-44,-29,-11,-3,12,32
6,-1,4,29,3,-14,-17,43
2,-5,21,25,18,31,-10,-6
-7,-10,-41,-53,-19,-15,-36,-9
-7,-10,-41,-53,-19,-15,-36,-9
-13,-3,-2,-22,-16,-22,17,-24
-8,-4,-9,9,1,-28,-23,-10
3,-1,1,17,12,-4,11,2
-1,0,4,15,-3,-17,-24,-2
1,2,-14,8,7,52,11,12
3,0,1,-1,-8,-21,13,5
-1,0,0,1,8,6,1,-4
-6,-4,-2,-8,-10,-22,-17,-14
2,0,14,-8,1,-2,1,18
2,2,5,4,-3,1,6,5
7,-3,9,-7,-3,-32,-34,41
0,-2,53,2,-2,2,11,12
10,2,43,-35,-5,22,-9,-11
-8,-7,-52,-12,-13,-10,-9,-24
-4,0,-56,-4,-4,0,-3,4
2,-6,22,34,24,-2,16,31
-1,1,8,6,1,0,3,-18
4,0,-5,-6,1,2,-6,-8
4,0,-5,-6,1,2,-6,-8
2,4,41,19,2,-13,2,-6
12,5,26,12,13,53,31,7
-6,-3,-37,-9,-12,-24,-15,-33
-1,9,-5,-10,-1,-11,-6,-9
0,3,9,21,-3,-8,-10,-18
-8,-16,-40,1,1,33,11,-14
-3,-9,-20,-21,-9,-27,-14,-10
12,5,55,12,-4,-20,-8,47
12,5,55,12,-4,-20,-8,47
-2,5,-13,-5,3,43,32,-11
-5,-11,-48,-2,6,-9,-3,-19
3,-5,-60,-22,-12,-15,-8,-5
5,2,-11,-7,1,-10,-3,-7
-3,5,-27,12,11,-9,-2,-8
-4,-6,-8,-10,-1,5,9,-6
-4,-6,-8,-10,-1,5,9,-6
0,-1,-24,-8,-2,-10,-5,2
-5,-3,39,9,-12,-24,-11,-10
1,-3,9,-6,-6,-2,2,-6
2,2,5,-1,4,3,-1,-8
-1,2,-17,0,5,8,3,-11
-8,6,4,4,-4,-4,-2,0
1,4,0,-1,11,9,2,-8
-8,-12,1,2,-10,-14,-7,-13
-3,-5,-29,-13,1,-15,-15,-8
3,5,8,3,3,1,-8,-13
-11,-2,-15,-2,20,11,17,0
8,2,10,2,-11,15,17,44
8,2,10,2,-11,15,17,44
3,3,28,-6,-10,-7,-7,-1
-2,2,-16,-10,4,7,1,-4
0,2,-2,7,6,23,6,-2
0,2,-2,7,6,23,6,-2
-10,-1,-44,-6,-3,15,13,4
-7,-6,-4,-8,-16,-33,-34,-1
0,-4,-24,2,0,1,7,-20
3,-2,-8,1,-3,0,0,-7
2,5,37,5,1,-14,7,10
0,3,0,-4,-1,2,8,-6
-5,-2,14,-2,-5,-8,-2,-8
0,1,-21,-1,-2,-7,-10,-14
-11,-3,1,-4,-9,-5,-7,0
2,-1,2,5,1,6,3,4
-3,-6,-57,-1,5,-8,-9,-50
0,3,18,-6,-7,-5,-11,-9
2,0,2,-1,-2,-20,-13,7
2,0,2,-1,-2,-20,-13,7
-5,2,7,3,-1,-6,-7,36
-1,3,5,-1,6,3,3,-37
3,-3,-41,-1,6,5,0,10
4,-1,-7,3,-1,23,8,28
4,-1,-7,3,-1,23,8,28
2,0,16,-3,-3,-7,7,-10
8,3,14,1,4,-10,-8,-5
-6,-2,7,9,7,8,12,-5
-6,-8,-6,-2,-3,-8,-6,-6
1,3,1,0,-5,-1,3,2
-1,-3,-6,-5,3,2,3,1
0,1,-5,0,-4,3,4,-3
0,-5,-6,-2,8,-4,1,21
2,2,-3,-6,-2,-6,-4,8
2,2,-3,-6,-2,-6,-4,8
0,2,-1,-2,-3,0,2,32
-2,0,2,5,5,5,-2,-16
-2,-5,-1,-5,-12,1,2,-18
-1,-3,-4,1,-6,-11,-6,1
1,2,1,2,13,7,-4,0
6,3,1,-1,0,-12,-8,2
-1,0,-4,3,9,2,5,-3
-2,-2,-2,-3,1,12,-1,-14
0,1,-6,-9,-7,-12,-6,3
0,-1,-3,-2,2,10,5,29
2,1,6,2,-1,-3,1,8
2,1,6,2,-1,-3,1,8
-1,-1,-1,2,9,-4,5,-17
-2,0,2,-6,-13,-9,-2,-4
0,-2,-3,2,12,10,10,3
0,0,0,-1,-8,2,-3,-4
5,0,-3,-3,-3,-6,-7,-1
-5,-6,-6,-6,-10,10,9,-6
0,1,-2,-1,-4,-2,-3,0
-4,-6,-3,2,4,13,-7,3
-3,1,2,-4,3,-6,-4,-2
1,2,8,7,0,-18,-3,1
1,2,8,7,0,-18,-3,1
4,0,0,1,6,4,4,1
-2,-2,-6,-4,-6,-4,-4,-5
-1,1,1,-4,-4,1,3,-1
-1,1,1,-4,-4,1,3,-1
5,0,-3,-5,-9,-3,-4,1
-1,0,2,9,2,3,2,5
-27,-5,-4,10,-14,-8,-6,-8
-15,-11,-4,-10,-2,-5,-4,-8
27,5,-3,0,8,11,36,5
2,1,-2,-10,-4,-5,-37,0
-18,-25,-4,-11,-3,14,24,16
-6,4,-2,1,8,-18,-4,5
39,10,6,13,15,31,-48,-6
35,16,-2,-23,-11,-28,-5,-3
-30,-13,-41,-7,3,5,29,-5
-20,14,-3,-27,-17,-9,-16,14
-20,1,5,15,22,-15,17,-8
-18,-7,-9,2,-25,-9,-1,-13
-21,-23,86,3,19,17,19,44
-21,-23,86,3,19,17,19,44
2,10,-33,8,-51,-26,-3,-18
-1,-6,-16,-36,0,-30,29,-2
-1,-6,-16,-36,0,-30,29,-2
-26,-2,17,29,14,-2,-11,-7
-24,-23,-40,-19,7,-3,-23,3
81,20,-1,29,-6,-7,-34,-3
5,9,-23,26,6,88,74,52
-4,2,1,-15,14,1,-23,-5
-30,-4,80,-41,-30,-35,-33,-54
-3,-11,-84,-14,15,19,11,-3
-19,0,-83,-7,16,29,13,-17
-42,5,70,-5,-24,-6,26,-14
-4,2,34,-27,-14,14,-16,-45
-4,2,34,-27,-14,14,-16,-45
-7,-12,-18,13,33,18,15,-12
-18,-19,-22,-2,2,-28,-52,-43
30,6,-12,34,20,10,19,60
-15,-13,-70,11,-10,-30,-26,-59
0,4,29,10,-17,-32,3,-21
-2,-5,-10,-15,-20,0,1,26
9,-1,12,9,9,-10,-10,1
9,2,-1,4,11,40,9,-3
7,3,8,16,16,-9,-1,-5
-4,0,16,1,-2,19,9,-6
-6,6,52,31,1,-32,1,-27
-7,-10,-21,-32,-8,24,5,8
-6,-5,11,9,7,16,-17,-16
9,-7,-102,-15,-7,-12,0,2
23,-1,127,45,4,42,39,-24
-11,-1,81,43,-1,-40,-16,-24
-56,-11,-86,14,-4,-7,-19,-47
7,14,-128,-43,-1,1,8,53
12,-1,58,10,4,-8,4,-16
0,-26,-123,-44,-6,12,9,65
-4,1,3,-8,-4,-14,-13,-36
1,7,18,-30,-4,-8,4,2
0,-3,10,-2,6,-13,4,-7
-2,-6,52,7,-9,-30,-16,-5
9,-1,-46,-22,1,7,3,3
-17,6,-23,-1,0,-1,-6,-6
-2,-7,-2,-8,-3,-7,-6,10
11,-2,23,3,1,6,2,12
0,7,27,5,2,-8,-16,-19
-7,6,88,1,-10,-16,-1,-70
2,-9,-11,2,-9,-3,-1,15
8,6,32,18,21,22,7,30
5,2,-10,0,-12,-10,-5,16
5,2,-10,0,-12,-10,-5,16
-8,-4,-8,3,-2,-25,-25,-74
-6,-3,-1,-9,-6,5,-1,3
3,1,-43,-3,7,8,-1,13
3,3,13,2,-12,-11,-3,5
-2,3,11,2,-1,22,4,-9
3,4,23,7,11,25,18,13
5,-5,-20,-13,-5,-15,2,3
