1,-3,-7,-17,8,-3,-17,2
0,-1,-1,-5,-4,4,12,3
0,-1,-3,6,-1,2,14,1
-3,-3,-3,2,-17,-7,-18,-12
-3,-1,-6,-5,-10,-2,-6,1
2,0,-5,-6,8,5,-14,2
-3,-2,-3,-12,-7,-10,-2,-3
1,-1,9,1,-1,5,-2,3
0,0,2,-6,11,5,8,1
-2,-1,1,0,-1,-6,-21,-8
0,0,-3,-2,5,0,9,4
0,-2,-3,6,8,3,-3,-1
0,-2,-3,6,8,3,-3,-1
-1,1,2,-1,-5,-6,5,-3
1,-1,-2,5,-5,-5,5,-1
-1,-2,-3,3,-8,-1,0,-1
-2,-3,0,8,-2,-5,-3,0
-4,-2,-12,-17,-11,-3,19,-1
-4,-2,-12,-17,-11,-3,19,-1
0,0,6,9,2,3,-16,-3
-1,-2,-3,-10,-14,-4,-4,-3
1,0,3,1,-1,-5,9,2
6,3,4,14,40,16,7,4
6,3,4,14,40,16,7,4
-3,-5,-4,-1,1,-12,-15,-4
-3,-5,-4,-1,1,-12,-15,-4
1,2,0,-8,8,9,2,2
-1,-1,-3,-6,-2,2,-6,0
1,0,-3,-7,6,14,8,4
-4,-1,-1,7,11,-1,0,-8
0,-2,-5,7,-22,-10,11,3
-4,-6,-12,-6,-7,-10,-11,-3
-1,0,4,-2,3,10,8,0
0,2,1,-1,-18,-4,6,-1
-1,-2,-1,-9,-8,-11,-10,-6
-2,-2,-1,2,34,7,4,2
-2,-2,-1,2,34,7,4,2
-2,-2,5,4,-4,6,18,-4
2,0,1,10,13,-1,-15,-2
2,0,1,10,13,-1,-15,-2
-9,-2,-11,-22,-17,-7,0,-7
-9,-2,-11,-22,-17,-7,0,-7
2,4,14,13,0,-8,-19,5
-5,-9,-6,10,-3,0,12,3
1,2,5,10,-3,-3,-39,1
10,17,16,18,14,5,6,10
11,6,39,19,2,-3,-16,14
11,6,39,19,2,-3,-16,14
28,-2,-29,-38,-9,14,51,-2
-8,-9,-10,-20,-2,-4,-13,5
-12,-14,-31,-37,-17,-11,-14,-17
9,22,88,118,39,24,38,21
-55,-32,-63,-28,-15,-4,-8,-49
-23,4,-20,-39,-2,-9,-35,-31
-2,-1,17,17,7,-12,-46,-11
12,4,-6,-10,7,9,-6,15
-24,-42,-79,-9,-36,-21,-1,-20
-5,-18,-26,-71,-9,4,10,-17
-5,-18,-26,-71,-9,4,10,-17
1,7,44,72,21,6,14,11
1,1,2,-6,-7,-4,7,8
-15,-5,-5,36,-16,-4,-9,-11
2,24,95,105,34,8,1,11
26,18,-3,30,17,18,60,51
40,11,75,52,20,2,-12,9
-12,-13,-13,-44,-15,-5,10,-8
-29,-26,-114,-128,-42,-25,-69,-85
-24,-2,-6,29,15,4,5,-20
23,32,38,-38,-1,6,9,54
-39,-18,-24,-47,-16,-8,-10,-42
-39,-18,-24,-47,-16,-8,-10,-42
0,-6,40,66,-5,-12,-18,-45
27,5,20,44,6,2,14,23
6,18,29,29,4,6,38,31
6,18,29,29,4,6,38,31
9,1,31,31,8,5,1,9
11,-1,-8,-13,6,-1,-1,-7
-2,0,3,1,10,9,15,4
-2,0,3,1,10,9,15,4
-2,0,3,1,10,9,15,4
0,-1,-5,2,4,3,30,2
-1,-2,-13,-15,-24,-9,-15,-3
3,4,30,38,-1,4,1,3
-2,-7,-32,-43,-19,-10,-8,-3
0,-1,-2,-11,-4,-7,-16,-3
-1,0,-10,-29,8,0,3,4
-2,-4,-6,2,-3,-12,-36,-8
1,-2,-3,-4,18,10,5,3
-5,-6,-6,-10,-13,-3,-4,-9
-5,-4,-8,-4,-3,-5,-5,-3
1,-1,-5,-6,-11,-6,-1,-2
0,0,-8,-33,-2,5,11,4
1,1,0,4,-4,-5,-9,-6
-4,-2,-12,4,-2,-7,-10,-1
-4,-2,-12,4,-2,-7,-10,-1
0,0,6,-2,2,-6,-10,-1
-3,-2,-5,-13,-3,7,20,3
-1,2,6,25,6,-1,-1,-1
-4,-8,-16,-2,-7,-3,-2,-6
2,2,7,-6,-5,-6,-15,3
0,-2,-5,3,0,8,21,0
0,-2,-5,3,0,8,21,0
3,1,3,-13,-3,-4,2,2
0,3,13,9,23,6,-5,-4
1,3,2,1,-4,-2,10,1
-2,0,3,-1,9,5,2,0
-3,-3,-15,-33,-11,-8,-23,-9
-1,0,9,19,-1,2,1,0
-1,1,4,0,-7,1,-14,-2
1,1,3,7,-19,-13,13,0
-1,-3,-16,-15,8,2,7,1
-2,-1,7,1,8,6,-10,-4
-1,-4,0,3,-13,-13,-4,-1
2,-1,8,19,10,0,1,0
-4,-6,-21,-19,-14,-6,-2,-6
2,-1,8,7,1,-3,4,6
-5,-2,4,6,-2,3,19,-2
-1,-2,-12,-30,-19,-13,-4,-2
-5,-3,-9,-5,-6,-6,-8,-9
2,0,-2,-1,-22,-2,25,7
-1,-3,6,9,-19,-2,1,-3
-2,-3,-33,-45,-2,-2,-4,-4
0,2,5,9,7,-2,-9,2
-1,2,3,6,16,6,4,0
2,5,4,-4,17,4,-11,2
0,-5,-5,5,-6,-11,-3,0
-17,-2,22,44,7,10,28,-6
-17,-2,22,44,7,10,28,-6
8,6,13,14,15,9,-11,5
-3,-9,-33,-13,-16,-6,-1,7
30,22,9,17,10,10,26,38
-19,9,43,27,15,6,-11,-18
-13,-5,-8,-24,-27,-25,-44,-34
-13,-5,-8,-24,-27,-25,-44,-34
7,6,11,25,9,7,13,7
-22,-25,-66,-93,-56,-29,-31,-11
8,-14,-38,27,6,7,50,34
85,12,-45,-34,-13,2,32,71
85,12,-45,-34,-13,2,32,71
-7,9,4,-26,-3,-13,-5,9
-23,-1,36,43,44,20,-4,-13
-10,-3,13,8,-9,-9,-12,-6
-9,1,43,-20,-12,-8,-2,-10
-2,1,0,-23,-20,-10,-10,-7
22,16,25,41,-2,-4,0,17
-6,2,-7,2,-3,-5,-10,3
2,-11,4,23,-18,-14,-31,5
-39,-4,2,-12,11,4,8,-17
-27,9,17,-23,1,-2,-13,-31
-1,11,56,51,1,0,0,-8
-22,-17,-33,-75,-31,-17,-19,-4
33,6,20,41,30,13,13,37
0,-6,-25,4,1,10,-6,-32
19,1,-23,-30,-7,-2,11,8
-25,-6,-16,9,-12,-12,-12,-19
27,-6,-14,-22,-12,-13,-24,-5
27,-6,-14,-22,-12,-13,-24,-5
1,3,5,-24,8,8,17,-4
-20,-6,-16,-19,-7,-6,9,-1
-5,-3,-22,-32,-13,-7,-4,0
5,-2,-3,15,22,10,-15,4
-2,-2,-16,-10,-17,-5,-11,-7
-10,-8,-5,3,-9,-11,0,-9
-4,-4,-3,-9,-8,-5,-8,-3
-1,0,3,37,29,16,7,1
2,-1,-1,-13,-1,-3,-4,-1
3,1,1,-26,0,1,9,6
0,1,2,-28,-3,10,36,4
-2,-2,-2,15,-9,0,-2,-1
0,2,11,-1,4,-1,-4,1
-5,-5,-4,-22,-8,-3,7,-5
1,2,14,16,-4,5,20,3
-1,-1,1,-20,-13,-7,9,2
-1,1,7,17,-2,-2,-3,-2
0,-2,-24,-18,8,1,-8,-4
-1,-1,1,8,-2,5,5,-3
0,0,2,1,-13,-2,-8,0
-1,-3,-13,2,9,8,16,4
0,2,-6,-4,9,5,-22,-3
0,2,-6,-4,9,5,-22,-3
2,0,1,10,-7,-9,-3,4
-3,0,3,-3,2,-7,-5,-6
1,0,-4,-11,0,1,-16,-4
-2,0,-1,-9,-2,-9,-5,-4
-2,0,-1,-9,-2,-9,-5,-4
0,-2,5,7,-7,-10,-34,-4
-7,-1,-3,3,-5,2,3,-9
-1,-1,2,3,2,-5,-11,3
0,-2,3,6,-1,0,8,1
2,2,2,-6,-1,-4,-14,-3
5,2,5,4,8,8,39,13
0,-3,-14,-17,-7,-11,-12,-5
-2,1,17,19,5,5,24,2
-3,-1,-4,-14,8,8,2,-5
-3,-1,-4,-14,8,8,2,-5
-1,1,10,13,-12,-8,-8,-4
-4,-5,6,3,-10,-10,-11,-6
0,-2,-1,-6,-5,-5,-9,6
-1,-4,-28,-25,-12,-1,10,1
-2,-2,5,-7,-2,-2,-20,1
-1,-2,-5,6,-11,-7,-1,-3
-7,-3,-20,-30,-6,7,-12,-12
-7,-3,-20,-30,-6,7,-12,-12
3,3,12,7,16,0,-3,-3
1,-2,-8,-3,3,-5,1,3
2,1,8,11,3,1,-3,2
-1,1,9,-2,-15,-8,-8,1
1,2,1,5,-7,-8,-7,1
-1,-3,1,1,-4,-7,-7,-1
-3,-5,-15,-50,-15,4,8,2
-3,-5,-15,-50,-15,4,8,2
-1,-3,-2,6,9,3,1,-2
1,6,19,11,11,10,18,3
1,6,19,11,11,10,18,3
1,-2,1,-13,0,-2,-2,1
-4,-8,-17,-40,-3,-1,-4,-2
1,4,-7,4,6,5,13,1
-2,-13,-77,-39,25,16,-4,0
-2,-1,0,12,1,-2,7,0
-3,0,-12,-3,-3,-8,-13,-8
0,5,53,45,-5,-4,-17,-3
-1,2,11,6,8,1,-2,0
-6,-10,-30,-14,-27,-4,36,0
0,3,17,18,-13,-16,-21,-5
0,-2,20,15,10,13,20,1
-1,-1,-5,-9,1,-6,-21,-2
-4,-2,-12,-12,3,-1,14,-4
-1,1,1,3,1,0,-11,0
1,3,22,16,-3,4,7,-1
-3,-2,7,3,-5,-5,-3,2
0,1,-4,-5,-2,5,6,0
-2,-4,-6,-5,-8,1,8,-7
0,-1,-4,-5,-10,-7,-10,0
0,-1,1,5,10,2,0,2
-1,-2,-6,-5,-7,-2,-4,-1
0,0,3,6,26,5,-2,-2
0,0,3,6,26,5,-2,-2
0,-2,-1,-1,-15,-7,-3,3
-1,-1,1,-1,2,4,11,2
1,0,2,-1,10,4,-2,2
-1,-2,-17,-13,-2,5,-8,3
-5,-3,-1,4,-5,-1,9,0
0,1,3,-3,4,-11,-18,-1
0,1,0,2,9,3,6,5
-3,-1,10,30,-21,-18,-9,-10
-4,-2,1,-7,-11,-4,2,-2
3,2,5,10,24,14,15,5
3,2,5,10,24,14,15,5
3,2,4,9,17,0,-13,1
3,-3,-27,0,-14,2,-1,3
2,-1,2,-6,45,15,0,1
-3,-2,11,1,-25,-17,3,-1
-2,-2,6,1,-12,0,27,-2
2,2,-42,-21,-1,3,-22,-7
3,1,20,33,5,-1,-21,9
8,-2,8,-3,-21,-14,-2,1
-20,-23,-67,-100,-45,-28,-16,-18
9,-1,3,5,-12,-9,-6,-7
19,7,-2,-7,14,5,-35,1
-14,6,24,8,0,6,-30,-6
-65,-21,-31,-25,3,6,11,-42
-65,-21,-31,-25,3,6,11,-42
18,22,56,63,7,-6,-14,33
0,-26,-57,-65,-25,-13,0,-8
10,-1,3,4,20,4,13,28
0,-13,-55,-13,-15,-6,11,-18
15,7,19,38,32,26,60,44
56,29,46,74,26,23,38,29
-32,-16,22,9,-5,-2,-1,-10
37,18,39,76,18,-1,-11,36
-8,-1,-2,-55,-3,5,17,-14
-15,-8,-12,42,0,-3,-1,-17
-15,-8,-12,42,0,-3,-1,-17
5,-3,5,13,-28,-17,-1,-9
-6,10,26,69,31,17,-24,-12
-48,-11,13,-13,-23,-21,-35,-70
-31,-4,13,3,7,-1,-7,-15
8,-13,-50,-50,21,10,24,7
4,-6,18,-53,-45,-15,5,28
4,-6,18,-53,-45,-15,5,28
-8,7,16,-13,-1,4,3,10
2,-2,-4,8,12,1,4,-9
27,14,24,47,5,5,-5,8
6,-1,29,66,-9,1,6,17
6,-1,29,66,-9,1,6,17
-51,-1,6,39,11,2,-16,-43
-15,-2,0,24,-5,-9,-7,-15
-3,6,8,-15,6,6,10,8
30,2,13,6,-8,-1,14,13
-10,-2,-2,29,5,-1,8,-5
-10,-2,-2,29,5,-1,8,-5
10,-1,-3,-2,-5,-5,-3,8
1,-6,-29,-23,6,10,13,-2
7,4,13,20,-14,-5,-9,-2
-2,-2,0,6,3,2,11,-3
5,2,0,-19,2,8,7,4
-3,-6,-9,-31,7,1,-10,-4
0,-3,-16,-47,-19,-5,-15,1
0,-2,3,-3,-1,-4,8,0
0,-3,-8,-18,14,2,-11,0
0,-1,2,30,0,-4,-1,-2
-1,0,6,14,6,-1,0,3
6,4,-12,-2,25,11,-11,4
-2,-2,-6,-14,-15,-6,19,-4
-3,1,9,2,-3,-9,-28,-5
-1,-4,-2,-2,-4,2,-14,-3
-1,2,-7,-17,9,1,0,4
-2,-2,-4,-8,-22,-6,-3,-3
2,4,15,24,15,6,-5,4
-1,-2,1,-6,18,7,11,-1
-3,-2,0,-12,-13,-3,33,-1
-1,1,-9,-29,-4,0,8,-1
2,5,22,50,14,2,-1,0
2,5,22,50,14,2,-1,0
-2,-3,8,20,9,15,25,-4
-1,1,0,-21,0,1,2,-3
0,-2,-1,1,-12,-7,-38,2
-1,0,4,15,-3,-7,-4,-3
0,0,4,-14,-5,-6,2,0
0,2,6,17,3,7,-5,-1
1,-1,7,12,12,1,-1,4
1,-1,1,-21,8,8,15,3
1,-1,1,-21,8,8,15,3
-4,-4,-13,-3,0,1,28,4
1,1,2,3,-11,-5,21,2
-4,-3,1,-10,-13,-2,12,-2
1,3,7,15,5,-1,-8,1
0,1,11,21,8,7,-2,2
1,3,22,0,-4,3,22,3
-2,-2,5,5,-1,3,4,-4
0,-2,7,2,7,1,-4,-3
-2,-1,-13,-18,-14,-9,-11,0
0,-1,8,-26,4,-6,-13,-1
-1,-2,-3,3,-6,7,0,-4
2,0,3,-6,6,5,12,-1
-1,-3,-5,3,-5,-5,0,-2
1,-2,-5,-3,11,11,22,4
0,-3,-2,-3,-3,-1,-10,-2
0,-1,10,-4,-11,-24,-44,-6
-1,2,23,19,9,3,-11,-5
-2,-2,-3,-7,-4,0,-1,-1
1,0,9,6,13,0,-11,-3
0,4,17,21,11,-3,-16,1
-6,-8,-32,-40,-20,-7,-2,-4
-3,-1,4,-7,4,-1,-9,-1
-3,-1,4,-7,4,-1,-9,-1
-1,-2,-6,-12,15,8,-3,-2
4,3,-17,-20,-2,-3,-17,2
2,3,4,27,20,-1,-22,0
-2,-1,17,33,-6,-3,19,1
-1,-3,-12,-7,12,16,2,3
-2,-2,-5,7,-3,5,27,-1
0,-1,-7,-13,-11,-9,-20,-3
-5,-5,2,-8,-22,-11,-12,-11
-1,0,2,-15,-5,-2,-9,1
-1,1,-1,5,3,3,-2,-4
-1,1,-1,5,3,3,-2,-4
1,-2,-4,-13,-10,-9,-12,-3
0,0,11,4,8,2,5,4
-3,-1,7,19,1,12,34,-11
-1,1,6,-13,18,5,-23,-5
-1,1,18,5,-4,-8,4,-6
1,2,-7,-17,9,6,3,4
1,1,0,12,0,-2,22,4
2,-2,-1,-4,0,-5,-16,4
5,3,0,-5,-4,-12,-15,3
-2,-3,-18,-23,-2,9,34,4
1,-1,-6,9,-4,-2,12,3
-7,-5,-8,5,-16,-9,-10,-13
-2,2,8,12,10,6,-11,-1
-1,-1,9,-10,-9,-7,-8,-4
1,0,5,10,-3,6,36,-2
1,0,5,10,-3,6,36,-2
-3,-2,1,10,-1,-9,-41,-3
1,2,5,5,-2,3,3,1
-4,-9,-13,-16,-13,-11,-26,-10
-2,0,-5,-14,-13,-10,-2,3
-2,0,-5,-14,-13,-10,-2,3
0,0,2,-4,10,7,16,-2
-1,-1,-6,-15,-11,-7,-9,1
-3,-3,-6,-2,2,2,-10,-1
3,2,-1,-7,18,5,-7,2
-1,0,6,13,6,-6,-30,-3
-7,-10,-24,-3,-22,0,-15,-7
-1,3,10,17,-5,-6,-5,-1
0,-5,-11,-26,11,0,-7,1
1,4,14,14,0,5,9,3
3,3,5,9,9,5,38,3
3,3,5,9,9,5,38,3
-3,-1,1,1,3,-2,-2,-10
0,-1,-1,0,-7,-6,-7,-2
-3,-8,-17,-32,-11,-3,-9,-6
0,1,3,-1,-1,7,14,1
2,0,8,11,12,4,-14,3
1,2,6,5,-11,3,18,0
-2,0,5,11,1,-7,-11,-1
-1,1,-2,3,-12,-3,6,-4
-1,2,16,39,18,4,-3,2
-3,-3,-9,-2,2,6,-7,-2
-2,-3,-7,-6,1,-3,-15,-3
1,2,-3,-10,1,-2,-9,1
1,-1,-25,-57,1,10,19,4
0,0,9,15,-2,-9,-8,-2
-2,-3,-9,-15,-5,-4,9,0
2,2,2,12,24,7,16,3
-3,-3,-4,-4,-13,-11,-9,0
-3,-3,-4,-4,-13,-11,-9,0
-3,-1,4,7,-8,-1,-8,-7
4,3,8,13,9,5,13,8
-4,-2,-7,-38,-15,-7,-7,-7
-1,-2,-3,3,1,-7,-9,-5
4,-1,-6,-7,3,3,8,9
1,-1,-6,-8,1,-3,0,5
2,2,13,23,10,5,13,-3
-8,-8,-15,-5,-14,3,12,-5
-1,-2,1,15,4,-6,-13,0
1,0,-16,-47,-15,1,18,5
-2,-3,1,1,-5,-8,-11,-6
-4,-5,-31,-25,-15,-8,-7,-7
-3,-2,-17,1,-1,-4,-8,1
-1,-1,9,2,-14,0,23,4
-2,-3,5,20,-7,-5,-23,-5
-1,-4,9,11,-1,1,7,0
1,-1,11,26,2,-1,6,1
1,-1,11,26,2,-1,6,1
-1,1,0,-25,-6,-2,-6,-5
-1,1,3,9,5,0,5,-3
-2,-2,-2,-4,14,9,-16,-2
-3,-3,-17,-27,-15,-19,-20,-4
-3,-3,-17,-27,-15,-19,-20,-4
-2,0,-13,-6,-2,-5,1,-3
0,-1,-1,-19,-13,-5,-15,-1
1,1,9,12,-15,-2,-1,-3
0,-4,-5,-10,3,0,4,1
0,0,1,6,-3,-13,-18,3
3,0,-2,10,28,11,11,4
-2,-1,-11,-3,-7,-5,10,-1
-10,-6,-17,1,-7,0,7,-2
5,0,-16,-31,8,6,9,1
-1,-3,-1,-4,-10,0,9,-2
-5,0,1,-1,-13,-9,0,2
-2,-3,-9,-5,-6,-6,-17,-3
4,6,23,14,7,1,0,7
-3,-1,8,2,-11,3,8,2
-3,-1,0,23,13,5,0,-2
-1,4,5,-1,-12,-8,-18,-5
4,3,-4,2,0,-3,-15,-5
3,3,17,29,24,2,-17,3
-10,-5,13,29,4,0,-25,-6
-6,2,15,-2,-7,-1,40,10
19,7,38,29,0,-3,-21,-3
15,-9,-20,-46,-2,-3,-30,16
-51,-8,-3,9,17,2,-7,-32
-2,1,-27,-49,-9,-13,-40,1
-9,2,-45,-25,-3,1,14,-10
-4,0,-12,6,-5,1,-5,-11
-22,-13,-21,-36,-22,-11,1,-25
8,-2,-22,-32,-1,15,39,14
8,-2,-22,-32,-1,15,39,14
-17,-11,-48,-13,-17,-6,-5,-11
-19,-2,8,54,18,17,22,-38
-19,-2,8,54,18,17,22,-38
-15,-4,-9,-43,-13,-14,-48,4
25,-5,-39,-57,2,14,48,52
-15,3,45,29,8,11,-6,-51
-12,-12,-10,60,3,-7,-3,-20
-4,-1,39,61,21,-1,-12,-15
8,9,-1,31,26,4,-6,4
8,9,-1,31,26,4,-6,4
-24,-7,-41,-29,-5,-2,9,11
6,-1,-13,-11,12,7,-13,-3
-7,-3,7,-12,-3,-4,-10,-10
9,4,1,-8,2,0,-2,16
-3,-9,-9,-14,-13,-9,-36,-3
10,5,0,5,-20,-9,0,-3
10,5,0,5,-20,-9,0,-3
3,-2,2,-9,-7,-1,-8,-3
3,-2,2,-9,-7,-1,-8,-3
1,0,3,-1,6,8,27,3
-5,-7,-3,4,9,-1,-6,-7
-1,-2,-9,-15,-8,2,15,3
2,0,-1,3,15,14,1,0
1,1,-8,-6,1,-1,-12,-4
-3,2,1,-17,-15,-6,-4,-9
2,-3,2,12,3,-5,3,8
5,3,24,6,1,-1,1,6
5,3,24,6,1,-1,1,6
-3,-4,1,10,-7,-2,19,-1
1,4,18,27,15,10,13,3
2,1,2,3,1,-2,-22,2
-2,-4,0,3,0,-1,-3,-7
0,-2,3,15,8,-9,-5,-1
-1,-6,-34,-19,0,3,13,2
3,0,7,11,7,1,1,1
-2,-2,-2,0,24,2,-29,-6
-2,-2,-2,0,24,2,-29,-6
0,2,12,-14,-18,-12,-36,-7
1,-2,-7,-14,-11,-6,4,2
-1,-4,-12,17,2,-4,-15,-2
-8,-5,-6,-9,-12,-2,11,-10
1,-1,-10,-28,-9,10,16,4
-2,1,5,2,-2,-2,17,-3
-3,-5,-17,-8,-11,4,23,-4
3,2,18,-1,2,-6,-1,-3
-1,-6,-11,-1,-8,-3,13,-3
-1,-6,-11,-1,-8,-3,13,-3
-4,-2,14,25,-12,-6,-10,-3
2,0,-7,9,20,15,15,3
9,3,13,10,-1,-4,-21,5
-8,3,10,34,10,1,-4,-3
3,-1,-15,-11,-6,1,10,-1
3,-1,-15,-11,-6,1,10,-1
-3,1,9,17,19,-2,-8,-4
-4,-3,-11,-14,1,-4,-22,-3
0,3,10,3,9,7,-1,0
0,3,10,3,9,7,-1,0
-1,4,6,15,18,-3,-15,-5
-1,4,6,15,18,-3,-15,-5
-5,0,7,25,13,4,5,-10
-5,0,7,25,13,4,5,-10
-4,-3,7,6,12,7,25,1
-4,-3,7,6,12,7,25,1
22,10,18,15,3,3,12,21
-10,-10,-15,-15,-3,-13,-12,-10
1,4,-5,-9,-4,4,11,-1
-1,-1,0,10,10,-4,-18,1
-11,-2,0,8,-7,-10,-14,-10
3,0,-7,-5,-10,-4,-13,-2
-3,-1,1,-8,1,-9,-19,-12
0,0,-6,-5,3,3,22,2
-6,-6,-9,-9,-2,-3,12,-2
-2,2,0,-3,-2,-3,-18,-6
-2,-1,-1,8,-10,-6,-19,-4
-2,-1,-1,8,-10,-6,-19,-4
-6,-3,-11,-17,-13,-4,28,-7
1,0,18,18,-8,-2,-8,4
1,0,-5,-9,15,15,-10,-1
-3,-1,17,22,-19,-15,-20,1
-3,-1,6,14,11,14,16,6
-2,-1,3,17,5,-2,1,-2
-3,-4,9,17,-15,-7,1,-4
-3,-4,9,17,-15,-7,1,-4
4,1,-3,-6,24,12,37,9
1,1,2,7,2,-9,-28,-2
1,1,2,7,2,-9,-28,-2
-1,0,2,6,-4,-7,-17,-2
0,-5,-8,-21,-4,-1,26,4
0,-5,-8,-21,-4,-1,26,4
0,2,4,4,9,-1,-19,3
-5,-6,6,-2,-11,5,21,-3
0,1,0,8,15,10,18,6
1,2,-22,-7,-1,2,0,-1
1,-1,12,19,20,1,-26,-4
1,-1,12,19,20,1,-26,-4
-5,-4,-19,-27,-6,4,46,2
-5,-2,-16,-13,4,3,-9,-9
-1,-1,4,-5,-16,-1,5,2
3,1,9,13,7,0,11,2
3,2,22,28,18,5,-4,-1
3,2,22,28,18,5,-4,-1
-5,-3,-19,-39,-5,-2,7,2
-6,-5,-7,-3,-37,-5,9,-2
2,0,-21,-64,-8,-8,-3,3
1,5,10,25,26,15,20,2
-1,-4,-3,2,-8,-8,-29,-7
-1,-4,-3,2,-8,-8,-29,-7
-3,-6,-3,9,2,-9,-20,-8
-3,-6,-3,9,2,-9,-20,-8
-3,-2,2,7,-3,-11,16,1
0,1,7,1,23,14,7,0
-1,1,5,22,7,6,14,2
-2,-5,-26,-33,-11,-9,-2,-3
-2,-5,-26,-33,-11,-9,-2,-3
0,-2,-2,4,3,1,-23,0
0,-2,-2,4,3,1,-23,0
1,5,12,38,16,1,-19,-1
-3,-4,-8,-10,-10,1,-17,-6
-2,0,-5,12,-5,-1,6,-6
0,2,9,4,19,7,9,1
-3,-4,-20,-28,2,-10,-38,-5
0,-2,6,11,0,7,17,6
-5,-1,1,8,-23,-3,32,2
-6,-5,-8,-8,3,3,-9,-16
-2,-1,0,15,-4,-4,13,-2
-2,-1,0,15,-4,-4,13,-2
-1,-6,-26,-41,-2,-5,-9,-1
-1,-6,-26,-41,-2,-5,-9,-1
-1,0,1,5,-17,-7,2,-1
1,2,-1,5,7,7,13,2
-2,-4,-11,-13,8,-6,-20,-4
-2,1,9,13,-2,-6,0,-3
-2,-6,-11,-22,-13,-10,-2,-3
-2,-6,-11,-22,-13,-10,-2,-3
1,1,13,18,6,2,3,0
1,-3,-3,31,10,3,28,-1
-2,3,4,10,-6,4,20,-5
-2,-4,-3,-6,-5,-6,-25,2
1,-1,-4,1,1,-1,-6,0
-2,-3,-4,-6,-7,-6,-28,-4
-2,-3,-4,-6,-7,-6,-28,-4
-1,-2,-8,-3,0,7,16,0
2,2,8,1,8,11,20,2
-1,0,9,-4,-8,-9,-21,-4
-3,0,8,9,2,-4,-13,-3
-3,0,8,9,2,-4,-13,-3
2,-2,-4,-9,-6,-5,-10,0
2,-2,-4,-9,-6,-5,-10,0
-1,0,7,10,25,6,9,2
-4,-3,-19,-8,-12,-7,-24,-7
-1,-4,-22,-15,-10,5,20,6
1,4,16,3,-23,-7,-11,1
5,-1,-1,2,0,10,36,13
-3,-2,10,34,-6,-2,-27,-8
-3,-2,10,34,-6,-2,-27,-8
-2,-1,-1,-12,6,3,-2,-5
2,-2,8,9,-2,-1,17,1
-4,-1,5,12,12,10,18,-1
0,1,-5,-3,18,5,-4,1
3,2,7,6,4,4,22,11
-2,-2,-16,-28,-2,1,3,-5
-2,-1,6,7,-9,-10,-25,-3
-2,-1,6,7,-9,-10,-25,-3
1,1,10,22,0,13,18,5
-2,-2,-4,-4,3,-2,-17,-6
3,1,4,15,12,6,11,5
2,5,19,15,8,7,9,9
2,5,19,15,8,7,9,9
1,-1,-5,-9,-2,0,6,2
1,1,5,-6,7,9,42,3
-1,-4,6,3,2,-2,-15,-2
-3,-3,9,8,-5,-13,-8,0
2,1,3,18,-5,-2,-4,0
2,1,3,18,-5,-2,-4,0
-1,-1,-12,-21,1,2,16,3
-1,-1,-12,-21,1,2,16,3
-2,-6,-4,-8,6,-1,-9,-5
-1,1,-7,-10,6,8,-12,-6
-1,-2,-10,-6,-4,3,3,2
-1,-2,-10,-6,-4,3,3,2
0,-5,-14,5,-7,-2,16,6
3,1,4,16,4,-4,-3,1
-4,0,3,11,13,4,-9,-3
1,-2,-6,-29,-21,-14,-25,-5
1,-2,-6,-29,-21,-14,-25,-5
-2,1,12,4,-1,1,6,2
-2,1,12,4,-1,1,6,2
0,-3,-26,-28,-3,-4,-5,2
-2,-1,9,0,-3,0,-4,-4
-1,-2,8,2,1,10,46,1
2,0,-12,-30,-2,6,6,0
2,0,-12,-30,-2,6,6,0
-4,-3,-16,-56,-8,-3,-12,-6
1,2,11,26,9,11,45,9
1,1,12,27,2,-3,-14,3
4,3,4,22,1,-3,1,7
-2,-3,9,14,9,-3,-11,-6
-2,3,8,-3,0,6,20,-1
-4,1,3,6,-6,-3,-9,-2
2,4,2,1,21,13,-7,1
2,4,2,1,21,13,-7,1
-6,-7,-19,-13,-14,-11,-18,-8
-4,0,12,14,3,-6,7,-1
3,0,-8,-2,-10,-15,-50,-4
-2,2,7,-12,-10,-5,7,-4
-2,2,7,-12,-10,-5,7,-4
2,2,8,3,-18,5,49,3
-1,-3,3,-41,-17,-5,-10,-6
-14,11,44,72,33,21,13,-11
-15,-9,-1,-8,0,-7,-20,-5
31,-8,-35,-2,5,-1,1,64
-28,-3,34,79,18,-3,-40,-60
-30,-18,-22,-50,-26,-14,-22,-7
12,9,43,-24,-19,-2,13,5
17,12,4,5,0,-4,-2,6
6,15,39,48,18,6,-6,6
-19,-15,-23,-53,-22,-3,4,-3
-14,2,27,-12,8,3,11,-3
-15,3,-4,-25,13,8,-12,-29
5,-9,-63,-36,-6,-2,27,19
-6,-14,-5,57,-4,-14,-12,-27
-20,3,22,46,29,17,-14,-9
-20,3,22,46,29,17,-14,-9
13,-5,-9,-1,-25,-9,-6,9
13,-5,-9,-1,-25,-9,-6,9
11,9,12,7,18,14,11,3
1,-1,-24,-66,6,-6,-4,1
1,-1,-24,-66,6,-6,-4,1
-4,4,10,30,-5,-3,-20,-6
2,2,4,-1,-10,0,22,-14
4,1,-6,-6,5,6,4,7
-2,0,7,7,-12,-13,-11,-3
0,1,4,5,2,3,-9,-1
1,-1,0,-10,-9,8,9,9
-3,-2,-7,-3,12,3,2,1
2,-2,0,-23,-13,-2,-1,3
1,-3,9,23,4,-10,-27,3
5,2,-5,4,1,4,23,10
5,2,-5,4,1,4,23,10
-3,-2,3,7,6,-1,-36,-4
1,5,23,25,21,10,-11,0
0,-1,1,-14,-6,-9,-21,-1
1,-4,-24,-7,-3,9,58,2
4,10,23,-8,0,9,28,10
-4,-4,-7,-19,-8,1,4,-5
-4,-4,-7,-19,-8,1,4,-5
2,-2,-9,-5,-2,0,-7,-1
1,7,32,19,-6,2,-4,-1
-2,-6,15,23,6,-12,-30,-4
-2,-3,8,7,-4,-6,-10,-6
-7,-1,7,-11,-11,-15,-73,-15
-9,-10,-14,-9,15,28,65,21
1,3,8,34,6,-8,-16,-6
1,-8,-35,-31,-2,-8,-16,-3
-1,-11,-57,-93,-20,-13,-43,2
-6,10,28,24,3,0,1,-7
-6,10,28,24,3,0,1,-7
5,5,18,16,0,-16,-65,-2
-1,3,12,47,4,5,19,5
-5,-5,-11,3,-5,-13,3,-9
2,4,20,32,1,5,15,-9
2,4,20,32,1,5,15,-9
11,3,7,-10,-1,9,56,22
-4,0,20,8,13,16,33,-5
-5,-10,-45,-64,-24,-5,8,-1
-3,0,-3,-8,-18,-8,-2,-4
3,0,5,27,4,-5,2,0
-8,-6,-13,16,19,16,6,-3
2,2,15,22,1,1,-44,-3
1,-6,-16,2,0,-1,3,-5
4,5,26,30,12,0,12,13
0,1,18,13,5,-1,-1,-2
0,1,18,13,5,-1,-1,-2
2,0,7,6,8,9,35,5
-3,-5,-16,-17,-8,-12,-31,-6
-2,3,19,18,1,7,22,-2
-2,1,1,-5,6,-6,2,3
1,-2,-6,-23,4,-4,-6,-3
-1,3,12,1,19,5,5,-3
-6,-3,-4,-15,-6,-3,-21,-14
-4,-4,-10,-1,-15,-5,-13,-10
-4,-5,-47,-54,-15,-7,7,-6
-3,-7,-27,-15,5,2,-10,1
-11,-17,-38,-31,-39,-17,-12,-7
3,1,4,14,-8,6,36,8
-3,-1,0,20,29,6,-12,-1
4,2,14,-4,-37,-17,-27,1
1,0,19,5,15,6,30,6
-8,-17,-70,-88,-35,-11,3,2
0,1,-5,-13,-7,-5,-16,2
-2,-4,6,1,22,12,12,-5
2,2,9,22,-15,-7,40,11
-4,-6,-13,-9,-3,-3,-15,-5
8,9,7,15,6,1,-8,5
6,4,17,17,1,-10,-63,0
-1,1,-3,6,0,-2,37,4
0,1,7,2,17,7,-4,2
0,1,7,2,17,7,-4,2
0,-2,1,27,9,7,15,1
-3,-4,-4,-15,4,0,24,9
1,4,0,-34,-5,0,26,-1
-1,-1,9,14,-15,-7,-29,0
-2,-3,6,6,-13,-3,-10,-5
-6,-10,-24,-24,0,6,16,-5
0,0,11,17,12,8,-9,-3
-1,1,6,17,-3,0,11,-1
1,0,6,18,-3,-4,-1,-1
1,2,10,26,22,4,3,1
1,2,10,26,22,4,3,1
1,1,9,0,-6,-4,-18,3
-1,1,2,2,-9,0,1,-3
-1,-4,-12,-29,5,4,10,-3
1,2,7,8,-8,-10,-24,1
4,1,3,-2,-1,11,40,14
-4,-3,-9,-15,-3,-4,10,1
-4,-3,-9,-15,-3,-4,10,1
-4,-7,-16,-19,-13,-5,5,-8
2,1,5,16,6,4,-9,6
-6,-3,-13,-27,2,10,37,-4
0,3,2,14,-6,-2,-14,1
0,3,2,14,-6,-2,-14,1
-8,-7,-20,-30,-19,0,-3,-13
2,1,9,22,17,-1,6,2
-2,-1,15,27,0,-5,-9,-2
-2,-1,15,27,0,-5,-9,-2
-5,-3,-21,-31,-6,2,-2,-5
-4,0,-6,-21,-6,-7,-12,-1
5,3,6,5,17,8,0,12
-3,-4,-11,-27,-6,-9,-15,-9
3,5,22,33,15,2,-14,1
3,5,22,33,15,2,-14,1
0,-1,2,-14,-21,-10,-3,-3
3,0,1,-22,-15,-11,18,9
2,2,14,22,16,11,19,5
-9,-7,-19,-25,-26,-13,-7,-10
-1,-2,-2,1,4,-1,5,2
-2,-1,-12,-38,-24,7,52,11
-4,-5,-7,-8,4,11,44,-1
1,1,10,16,-1,-7,-5,4
0,3,11,12,-14,-2,-10,0
-3,-4,-4,-3,5,-9,-30,-2
-2,-1,-6,11,14,10,5,-1
-2,0,-1,4,2,15,42,5
-5,-5,0,-20,-4,-17,-37,-6
2,5,16,12,12,20,-5,-2
3,3,1,9,6,-2,-7,4
5,2,9,9,13,-2,-7,-5
-1,-4,-46,-38,-34,-6,6,2
1,1,0,-1,14,5,12,1
1,1,0,-1,14,5,12,1
-3,-4,9,12,-8,-7,-19,-2
-3,-1,2,-7,-15,-6,24,1
-3,-1,2,-7,-15,-6,24,1
-1,1,10,11,-19,-12,-17,4
0,1,6,3,-4,6,22,5
4,-2,-2,-11,-2,3,15,4
4,-2,-2,-11,-2,3,15,4
-3,-5,-2,-4,-10,-6,-2,-5
1,-1,8,7,11,1,-3,0
1,-1,8,7,11,1,-3,0
3,4,27,31,1,-2,0,7
-2,1,9,18,4,4,-14,-2
0,1,13,28,15,9,11,5
0,1,-7,-23,-14,-9,-6,1
0,1,-7,-23,-14,-9,-6,1
0,-1,11,20,-15,-8,-3,2
-9,-3,-5,-11,18,1,-27,-17
2,0,-5,-7,4,-4,-30,1
-4,-5,-12,5,-6,-8,-20,-8
-2,-2,6,0,-1,-13,-53,-8
-1,-2,5,4,3,-2,-6,5
-2,-2,-2,-4,3,1,-9,-4
0,2,9,1,2,3,27,2
2,-1,4,5,-3,-4,-26,6
-2,1,1,1,3,-1,-2,-4
3,1,14,8,-18,-9,-2,1
3,1,14,8,-18,-9,-2,1
-4,-2,-16,-19,9,6,-9,-6
-7,-1,6,-1,-12,-19,-51,-11
0,0,0,-4,-5,-2,15,-1
3,2,11,14,4,6,20,5
3,2,11,14,4,6,20,5
-1,-2,-8,-1,19,2,-13,-2
-1,-2,-8,-1,19,2,-13,-2
-1,-1,-6,-1,-12,-8,-1,2
-5,-2,-5,-17,-17,2,1,-1
-5,-2,-5,-17,-17,2,1,-1
-2,-4,7,17,-2,-3,-12,-6
-1,-2,-6,-5,4,2,11,1
0,-4,-11,-3,-5,-4,-27,-3
-3,-3,4,-1,8,5,-18,-5
3,0,-5,-2,7,8,22,5
4,0,5,10,22,20,26,1
-4,-6,3,15,-8,-3,16,-1
-2,-1,11,18,-1,-13,-38,-3
-1,2,2,7,-9,-7,-8,0
-7,-8,-12,-24,2,3,13,-9
-4,-4,-21,7,-12,-7,-18,-10
2,1,20,1,2,5,11,6
-2,-1,-8,-13,-12,-9,-1,-4
-2,-1,-8,-13,-12,-9,-1,-4
0,0,10,13,8,1,-6,-2
1,1,6,18,12,-6,-8,4
1,1,6,18,12,-6,-8,4
0,1,-13,-12,-12,3,38,1
0,1,-13,-12,-12,3,38,1
1,1,-7,-13,-1,1,-24,4
-4,2,14,24,-9,-6,-7,-3
2,-2,-22,-26,5,-6,-27,-7
-1,-2,-13,-41,-11,6,34,8
-3,2,10,2,0,-8,7,1
-2,-2,3,6,11,0,-30,-5
-3,-4,-34,-35,-12,-9,-9,2
-1,1,-1,-6,-2,1,15,4
1,0,1,-5,-10,-1,8,1
-2,1,4,5,-15,-8,-13,-3
-4,-3,-4,-16,-3,-3,6,-9
-4,-3,-4,-16,-3,-3,6,-9
-1,-3,2,0,1,1,13,4
0,-2,-8,-14,-5,-16,-52,-6
-2,2,8,-6,-1,2,7,-2
-1,2,9,37,19,10,32,2
3,-8,-31,-17,5,11,4,4
-32,-18,-22,-45,-6,0,26,4
42,22,63,6,11,12,33,21
30,12,2,99,20,-2,-22,3
7,-9,-18,-45,-7,3,0,2
-3,19,38,32,33,12,-19,-7
16,-20,-67,-39,6,-1,-49,-13
29,-21,-59,-81,-32,-5,53,41
48,30,101,127,24,31,104,94
59,22,27,58,9,0,13,56
58,15,-10,-55,-21,14,91,62
-48,-10,28,8,10,-12,-70,-85
-9,-4,21,0,-1,-6,-17,-46
-7,-7,-10,-9,0,9,8,10
-44,-19,-59,-29,-5,-9,-11,-35
16,-1,-5,5,-10,-5,-9,22
-8,7,30,60,16,5,0,-9
19,5,13,12,-14,10,41,59
1,11,-7,-52,-15,-17,-25,-17
-33,-14,-22,-8,10,-6,-10,-26
-29,-4,3,-7,0,9,31,-26
24,10,-11,-59,10,-4,-28,13
-5,-6,-4,-12,-19,-9,-14,-11
2,7,35,53,10,9,9,-5
-3,4,11,22,44,24,48,11
-8,-10,-13,-16,-47,-27,-39,-15
-1,2,-3,-26,-15,-17,-65,-4
-5,-4,-9,7,7,8,43,5
-3,-1,5,3,3,2,-10,-9
-3,-1,5,3,3,2,-10,-9
3,4,12,25,10,-1,-5,3
-2,-2,0,-11,9,9,-1,-8
-2,-2,0,-11,9,9,-1,-8
-5,-13,-33,-57,-9,2,16,4
-5,-13,-33,-57,-9,2,16,4
-9,-12,-25,-16,-1,-5,-10,-13
4,9,23,15,0,-15,-65,-1
0,5,28,36,0,-5,0,0
5,8,10,3,17,-3,-10,2
-1,0,-26,-29,-5,7,38,-5
3,-2,12,36,7,9,30,2
2,-3,1,-2,10,-3,1,4
0,-1,7,14,4,-2,-21,0
-2,0,5,10,-14,-7,-12,-6
-2,0,5,10,-14,-7,-12,-6
-2,-5,-5,-17,-5,-6,20,9
0,-3,-22,-22,1,-7,-14,0
-2,-4,-11,-8,-11,-1,21,7
4,6,13,41,18,4,-15,4
-8,-5,9,15,-2,1,16,-4
-8,-5,9,15,-2,1,16,-4
-1,-2,20,6,-21,4,45,4
2,1,12,-9,-7,6,46,11
8,12,39,31,28,6,-4,-1
-6,-3,13,10,4,-1,-14,-5
1,1,-15,-16,-2,-2,10,4
-4,-7,-12,-17,-1,-3,15,0
2,0,22,30,-10,-15,-30,-9
0,0,9,-6,-7,11,22,1
2,4,1,10,-18,0,26,2
1,0,-12,-27,0,-5,-22,-4
0,-4,-9,-7,-12,-19,-44,-3
2,1,10,-6,21,3,-7,-2
-7,-6,-6,4,-22,-24,-27,-14
-4,-11,-45,-28,-17,-3,-9,3
-4,-11,-45,-28,-17,-3,-9,3
3,5,3,-19,5,7,-12,-2
0,2,4,25,3,-7,28,1
3,-5,-13,-10,9,10,45,5
-5,0,23,32,6,4,-11,-10
7,10,55,30,1,0,7,8
2,2,-8,-36,-9,2,20,9
-2,0,-4,-8,-3,-3,-11,-6
-1,-1,-2,-20,-13,-14,-40,-8
-1,-1,11,35,-3,1,-3,5
0,-1,8,29,12,4,-1,0
0,-1,8,29,12,4,-1,0
2,4,15,23,13,3,14,6
7,2,16,10,10,3,-23,2
-5,-2,-11,-4,4,6,9,-2
-6,-2,4,4,11,15,33,-3
-4,-5,-10,-15,-10,-6,-25,-1
-3,-5,-43,-21,-1,-2,18,-1
-3,-5,-43,-21,-1,-2,18,-1
-2,-4,-14,-27,1,2,-2,-3
-2,0,-1,-1,-9,-5,6,1
1,3,20,15,10,3,-7,-3
2,0,0,4,1,-6,1,3
1,-1,2,22,10,11,30,6
-1,-2,9,9,-7,-15,-27,-3
-1,-2,-21,-57,10,8,11,-2
-1,-2,-21,-57,10,8,11,-2
-1,-4,-7,-18,-2,-4,-14,0
-3,-1,12,23,-4,-9,-16,-14
1,3,1,14,14,0,-8,-3
1,3,1,14,14,0,-8,-3
0,-5,-10,0,4,13,37,9
-1,4,20,29,6,7,3,-2
5,-4,-4,-5,-9,-6,-15,3
-2,-3,-4,10,-29,-10,8,2
3,2,8,10,7,8,18,7
-4,-2,-5,17,12,0,10,-2
-1,4,12,33,21,4,-38,-15
0,0,11,18,-1,-5,-7,4
-3,1,-2,-14,-1,-4,-10,0
-3,1,-2,-14,-1,-4,-10,0
-3,1,-2,-14,-1,-4,-10,0
-1,-3,2,-9,11,-1,1,1
-2,0,6,-2,3,2,-5,-2
-3,-3,-7,-14,-18,-9,-1,-4
2,2,-8,8,21,2,12,8
-6,-4,-8,-9,-12,-6,13,-3
-6,-4,-8,-9,-12,-6,13,-3
3,0,-6,-8,3,8,50,7
5,1,1,18,8,10,11,10
-2,-1,-11,1,-2,-12,-17,-4
-2,-2,9,13,-2,0,-3,0
1,0,-2,-2,13,0,3,0
1,1,7,12,-19,1,7,-1
-4,-4,-7,-20,5,11,41,-5
-7,-5,-4,10,-7,-15,-24,-9
2,2,13,14,18,5,-13,1
-1,-2,-14,-16,0,-5,6,4
-1,-2,-14,-16,0,-5,6,4
-1,2,-7,-4,-2,-3,-1,-1
-4,-5,-3,2,-24,-10,-17,-8
-2,-4,2,13,10,7,18,-4
0,-2,-8,1,1,0,-6,1
2,7,36,56,4,10,38,5
-5,-1,7,3,3,-2,8,-8
5,4,7,-2,-7,0,-8,2
-1,-2,-5,-15,-5,-1,4,6
2,2,13,12,-9,-10,-30,-2
-2,-1,-3,0,-8,-6,-6,-8
-6,-6,-24,-13,-11,-10,-15,-9
3,5,-1,-35,7,3,8,7
2,-3,4,4,-13,-1,-17,-3
-4,-1,-2,6,13,-5,0,-3
0,-2,-4,1,-4,-4,-5,0
1,1,-1,4,15,14,9,4
0,1,1,-4,15,-1,-10,-2
0,1,1,-4,15,-1,-10,-2
1,-1,3,-1,-4,-2,6,-2
0,0,3,-2,-18,0,26,4
1,-1,-3,-3,13,10,31,6
-1,-2,-6,-3,-8,-5,9,-1
-1,-2,-6,-3,-8,-5,9,-1
1,-1,3,18,32,20,4,2
-1,2,3,-9,-5,-5,-1,-2
2,0,17,41,12,16,21,0
-3,3,32,5,1,-6,-38,-15
4,8,21,24,5,1,-11,7
20,16,62,66,22,12,10,24
-4,-8,-3,-26,-16,-10,-17,11
17,-13,-60,2,-20,-19,-36,0
44,25,33,7,6,6,37,29
-4,-6,-19,36,-13,-7,-23,-22
-4,-6,-19,36,-13,-7,-23,-22
-30,-18,-53,-25,-3,-7,-59,-49
-19,-9,-18,-3,-17,-8,5,-31
7,10,36,2,-2,-16,-68,-3
7,10,36,2,-2,-16,-68,-3
-8,11,14,14,43,24,0,5
22,14,-2,32,14,13,53,2
-33,5,-19,-19,-5,-16,-71,-96
15,9,10,-5,18,9,10,23
4,-2,-11,-11,-13,-1,20,17
-6,-9,10,17,-9,-5,11,16
18,-3,9,96,22,3,-9,11
23,8,67,85,-4,-9,-31,-9
5,-4,21,21,11,13,20,31
-35,-7,6,33,8,-4,-4,-44
11,-5,-28,-16,2,6,30,4
4,-23,-61,-76,-33,-29,-27,-23
-11,8,22,-6,34,9,-17,-25
-18,4,-2,5,-19,-7,-6,-18
6,-11,-39,-56,-16,-7,-16,18
-6,12,68,81,7,-3,-29,3
0,-4,-14,-51,11,4,-37,15
0,-8,-35,-24,-15,-4,4,10
-34,-9,-12,-33,0,-7,-44,-37
-17,-15,-13,-16,-52,-14,0,-10
-34,2,4,-3,-10,-6,-16,-47
0,-2,15,-9,-18,-8,2,11
47,-7,-42,-64,-28,-8,35,106
8,-3,19,11,5,-2,-26,0
2,4,18,22,9,-5,-8,9
-21,-2,9,28,21,16,13,-15
-6,2,23,55,-15,2,12,4
-2,1,2,-42,-6,3,3,1
-4,-7,-1,14,8,-10,-32,-24
2,-1,-18,-37,2,8,-1,5
-2,10,10,15,8,20,24,10
-2,10,10,15,8,20,24,10
-5,1,-3,-7,-2,-8,-1,2
-4,-2,-20,-57,-6,-5,0,-3
-3,-1,6,5,-3,1,-5,-4
-1,1,0,13,24,-7,-6,-2
-1,1,0,13,24,-7,-6,-2
-4,0,1,-18,-7,4,5,4
0,1,0,9,0,5,-3,3
-2,0,0,15,11,2,2,-4
-2,0,0,15,11,2,2,-4
4,6,6,3,-7,-1,-2,4
-2,-9,8,11,-12,-8,-15,4
-2,-9,8,11,-12,-8,-15,4
-2,1,-4,20,6,6,12,-3
-6,-7,-19,-62,-13,-6,18,-3
-2,-8,-16,12,-9,-6,36,2
-3,-6,0,10,7,6,38,3
-8,-6,-2,10,-23,-19,-10,-17
-5,-8,-26,-12,-3,0,-1,0
2,0,5,18,-3,-11,-43,-4
-1,-1,3,24,8,6,3,-4
4,7,33,41,12,9,12,7
2,1,-2,17,15,-1,-8,1
4,1,-6,-12,-5,-4,-14,0
1,-2,-3,15,16,8,13,5
-1,0,10,10,-6,6,27,2
1,4,14,17,8,-6,-10,10
1,3,9,19,8,-3,-1,0
0,0,-15,-6,4,2,8,1
-9,-11,-25,-28,-16,14,25,-9
-9,-11,-25,-28,-16,14,25,-9
-2,-4,-12,-36,-3,-4,-20,-4
-1,2,-1,-2,-3,-1,-11,-3
-1,1,-13,-19,8,-1,-20,0
0,1,-4,15,32,11,-9,-1
4,6,25,27,3,-5,-14,5
-1,-5,-4,-17,-22,-7,24,-2
-5,-8,-29,-31,3,0,-26,-5
-1,-2,24,41,4,1,-6,1
-5,-9,-20,-20,-22,-10,-18,-3
0,0,-11,-34,-14,0,13,5
0,-3,-19,-7,9,-3,-23,-1
1,-3,-7,8,-9,-8,-25,-3
3,3,18,29,-10,-1,2,4
3,0,-24,-14,14,3,12,3
1,3,21,39,-4,-4,-13,4
-1,0,1,-6,7,5,11,4
-2,-5,-15,-25,-13,-11,-11,-9
-2,-5,-15,-25,-13,-11,-11,-9
-5,-5,-2,-9,-19,-1,16,3
-3,-3,-2,-33,-7,-11,-21,-7
-6,-8,-11,-8,-7,-6,-34,-9
1,0,-8,-15,16,8,-17,0
4,-1,14,29,0,-3,-25,-1
-4,-3,-14,-4,-2,-3,-13,-8
4,5,13,-2,-2,-2,-7,4
-5,-5,-7,22,-1,-5,-4,-2
1,4,2,3,-9,8,18,3
0,-4,-15,-24,-14,-10,-14,0
0,-4,-15,-24,-14,-10,-14,0
-2,-2,19,11,-8,-13,1,1
-3,-6,-12,-4,6,3,5,-3
-2,-2,-22,-7,1,-5,-5,-1
-3,-5,-8,2,8,5,14,-1
-3,-5,-8,2,8,5,14,-1
-2,-1,-7,1,-4,-7,23,1
-1,0,10,7,8,5,-5,-6
0,5,8,5,20,21,32,13
0,5,8,5,20,21,32,13
3,3,15,2,14,1,-21,1
3,-2,-2,13,26,3,-7,6
-8,-7,-32,-20,-12,-3,-9,-15
6,9,21,-8,-1,2,5,11
-2,1,4,26,-4,-3,19,0
1,0,-6,-2,0,4,42,4
-1,-6,-6,-4,-13,-8,-22,1
-2,-2,-16,-16,-5,-3,5,4
2,-3,-4,-8,-10,-2,14,1
-1,-1,9,18,7,0,-11,-7
0,-1,-22,-13,-14,1,8,8
-3,0,6,-16,-5,-2,5,-4
4,0,5,0,30,4,-3,3
1,0,0,-2,2,-2,2,6
0,1,13,11,2,-8,-20,-5
-2,2,13,-10,-3,-2,-24,-12
-2,2,11,1,-11,1,20,0
-4,-5,-15,-11,-17,-8,10,-4
-1,0,11,19,0,-1,11,2
-8,-7,-17,4,-4,-12,-19,-17
2,2,3,-14,0,-3,-9,2
-5,0,-3,-14,-14,-9,-8,-8
2,-2,5,1,11,6,13,4
2,-1,-4,-10,13,16,39,15
2,-1,-4,-10,13,16,39,15
-3,-5,-8,-6,-13,-11,8,3
-2,-2,5,0,1,21,41,2
4,-1,-9,8,0,-15,-27,7
-1,3,10,19,7,-3,-12,-8
1,2,10,9,-1,-10,8,-2
-3,1,5,1,0,5,1,-1
-1,-4,-8,-26,-13,-6,-1,2
-3,-5,-9,-14,2,-8,-23,-4
2,2,-3,7,-5,2,19,5
-4,-4,-3,13,-8,-13,11,-9
1,6,11,23,6,2,16,4
-4,-4,-4,-23,-21,-10,16,-4
0,1,9,26,3,-1,-19,-2
-3,-1,-10,-4,5,15,12,0
0,4,15,2,-6,2,20,2
-4,-7,-17,-26,5,7,12,4
-2,-2,-6,8,-13,-1,9,1
-2,-2,-6,8,-13,-1,9,1
4,1,4,-5,18,1,-10,-1
3,1,-13,-8,5,-4,3,3
2,2,14,13,18,8,27,2
-4,-3,4,15,-4,0,-27,-9
-4,-3,4,15,-4,0,-27,-9
-2,1,-3,-1,-9,-3,4,1
-4,-2,-11,-24,-2,-9,-2,-5
-1,-3,2,-12,-6,-2,-12,1
4,1,-2,6,22,10,-10,-4
-2,-4,-4,-5,0,-3,-20,-2
-4,-6,-25,-47,-27,-8,-11,-11
-2,-2,7,20,15,-6,-23,-3
-4,-3,-10,27,2,-8,-9,-7
1,2,20,22,3,6,2,1
-5,-7,-4,-5,-4,-7,6,0
2,4,17,17,14,7,-18,0
-2,1,3,11,7,7,5,-4
0,-1,-3,-13,-20,-11,3,0
-6,-7,-10,-34,-1,-4,2,0
2,-2,0,7,3,-2,-14,2
2,1,-16,-9,8,13,8,-2
0,1,2,17,-6,-5,-12,-3
0,1,2,17,-6,-5,-12,-3
-3,1,16,-4,9,4,22,1
-1,1,-16,-14,3,8,37,-1
-3,1,17,7,9,-11,-45,-15
2,-4,-9,-8,-1,7,-6,5
0,-1,-10,-10,-2,-11,-14,-4
2,2,3,6,12,6,9,7
-3,1,4,10,5,-1,-4,-11
1,1,6,5,8,4,12,8
-2,-5,-10,-18,-7,-1,-18,-4
0,-2,-6,3,3,6,-2,3
-2,-3,-7,-13,-9,-2,26,4
-2,-3,-7,-13,-9,-2,26,4
0,3,11,-14,-13,-16,-18,-6
-4,-2,-4,-12,-1,8,-11,-12
-1,-2,1,9,-7,-5,-10,0
1,-1,-3,-22,-7,-5,-3,3
1,-1,-3,-22,-7,-5,-3,3
1,1,11,21,18,7,6,-1
-3,-3,8,0,-29,-12,23,4
2,3,1,-2,13,10,22,4
-1,0,-11,-17,14,2,-8,-1
1,0,-3,7,8,4,0,1
1,0,-3,7,8,4,0,1
-2,2,5,2,6,-1,-14,-2
0,-2,-19,-8,6,-2,3,3
2,2,11,26,13,2,4,-2
-4,-4,1,-1,-31,-9,-33,-6
-4,-4,1,-1,-31,-9,-33,-6
3,5,8,16,19,9,-5,2
3,5,8,16,19,9,-5,2
-7,-8,-16,-23,-19,-9,-3,-1
3,1,-6,-10,23,15,12,1
-3,-2,7,9,7,11,51,-1
-4,-5,-10,-11,1,-10,-33,1
-4,-5,-10,-11,1,-10,-33,1
-1,-1,6,16,-7,-1,6,-2
0,4,24,17,-7,-12,-10,-3
0,2,8,19,0,9,-8,-4
0,-1,7,-14,-14,-4,2,2
-2,-1,-2,-11,1,-6,-2,-5
-2,-1,-2,-11,1,-6,-2,-5
2,-1,-10,-4,12,4,-5,3
-5,-5,-12,-2,-29,-20,-18,-10
1,2,-7,0,2,-8,13,8
2,4,15,4,-7,4,27,7
2,4,15,4,-7,4,27,7
-1,-1,4,2,-12,-17,-39,-7
1,1,9,15,-8,14,48,6
-7,-8,-21,1,-12,-17,-17,-11
-4,-4,-20,-53,8,1,-16,-2
1,-2,-14,-32,-10,-2,3,5
0,2,3,8,8,1,7,-1
-3,-1,3,20,11,2,4,-3
3,3,-5,-19,3,-1,-28,-4
1,1,17,19,-2,-5,-33,-7
-3,0,15,49,2,3,14,-6
3,2,0,-18,1,9,4,5
-3,-2,1,-3,-10,-5,-27,-5
1,0,5,13,-5,3,15,7
-3,-8,-39,-38,-2,-3,3,-2
-3,-1,9,4,-1,3,22,-2
3,4,2,28,7,-3,7,8
-2,2,14,12,0,-6,-12,-5
-2,2,14,12,0,-6,-12,-5
-2,-2,4,8,-21,-6,6,2
-2,-2,4,8,-21,-6,6,2
2,2,7,12,-9,-4,-13,1
1,2,6,-8,1,2,-22,-3
-5,0,5,9,14,3,12,-11
-5,0,5,9,14,3,12,-11
-5,0,5,9,14,3,12,-11
1,2,16,-4,-13,-4,-18,-3
1,0,-5,-6,-11,-6,-29,-2
2,-1,0,23,7,-6,-11,-1
-2,-2,0,-2,6,11,1,-2
-2,0,5,-2,-5,-1,3,3
-2,0,5,-2,-5,-1,3,3
-2,-2,-10,-20,-18,-25,-28,-5
-2,-2,-10,-20,-18,-25,-28,-5
0,0,3,12,7,-3,-12,-4
0,0,3,12,7,-3,-12,-4
-2,-1,7,4,3,5,-15,-10
-3,-1,0,0,-7,-1,18,1
2,4,4,8,13,10,19,0
0,-6,-20,-21,4,1,-9,-1
4,0,-9,4,-16,-10,-17,10
4,0,-9,4,-16,-10,-17,10
1,1,8,12,6,5,0,-1
1,1,8,12,6,5,0,-1
-1,1,8,-6,-14,-3,0,-2
1,-2,3,-3,5,4,4,2
-7,-5,-2,-11,-17,-18,-11,-5
0,-4,-15,-13,3,-1,9,-4
-3,-1,2,-3,0,-8,-17,-8
8,7,46,53,10,23,42,12
8,7,46,53,10,23,42,12
-27,-31,-51,-60,-28,-16,-19,-26
-27,-31,-51,-60,-28,-16,-19,-26
6,-3,-29,-17,-18,-25,-15,20
46,13,57,110,13,-13,6,50
10,-7,-25,0,-4,-13,-50,35
0,-2,-37,-12,9,-7,-34,-24
-28,-1,-22,-13,12,2,-24,-48
-5,-12,-35,-20,18,2,-30,-21
-9,-1,-12,18,17,1,-3,-15
-20,-8,-48,-79,-29,-19,-13,-5
-12,-4,1,-15,-18,-3,-36,2
-9,0,6,50,1,0,-9,-6
17,14,10,-3,-12,-5,-26,70
-34,-1,9,11,11,5,21,-29
-35,1,57,118,24,-5,-35,-52
-9,0,-12,-21,1,0,5,-6
13,3,-12,-84,-41,1,31,17
-8,-7,-19,-48,-29,-10,-10,-6
3,5,2,10,-6,-21,-46,-28
11,-3,-24,-56,-18,-2,-16,-41
3,-6,-27,-32,14,-1,-8,-7
-3,6,21,14,3,-3,-18,-3
-23,-3,19,40,-5,1,30,2
-14,-9,-11,-21,-7,-1,24,-3
19,12,7,-29,-3,3,13,13
8,2,6,22,0,-6,9,10
-4,-10,-8,-21,-1,5,10,2
-3,-2,13,27,0,-8,-5,0
4,2,0,-12,1,12,-12,1
1,1,5,24,7,4,4,-1
1,1,-8,-17,-2,0,0,0
1,2,1,10,7,4,2,5
1,-1,-2,0,-8,0,5,3
1,-1,-2,0,-8,0,5,3
1,-1,-2,0,-8,0,5,3
1,-1,-2,0,-8,0,5,3
-1,0,-2,-18,9,1,9,0
-6,-10,-12,-30,-8,2,16,-3
0,-3,-9,-8,0,0,-2,-1
5,5,9,32,4,-1,-6,3
-1,5,3,-1,9,2,-1,-12
1,1,8,3,-8,9,40,7
-4,-3,7,-16,3,-7,-40,-16
1,1,-1,-2,3,10,13,12
-2,-2,-7,-3,-14,0,29,-6
-4,1,13,28,6,6,15,-5
0,-1,-4,-6,-10,0,-8,-1
-9,-16,-29,-30,-16,-16,-27,-3
-2,1,4,12,8,10,25,-6
4,4,-9,-3,29,-3,-18,7
2,-2,-3,23,1,2,-3,1
-2,1,0,2,-14,-3,-8,-7
3,8,25,28,-11,-1,5,6
0,2,18,16,18,-2,-9,-5
-3,-2,-10,-26,-9,8,40,1
0,-3,-1,0,15,3,-9,6
1,-1,13,9,-8,-6,-9,-4
-1,1,-1,-11,-3,-9,-15,-5
-1,1,-1,-11,-3,-9,-15,-5
-2,-4,8,5,-1,1,-4,-3
1,2,-1,11,0,11,7,2
1,2,-1,11,0,11,7,2
4,3,7,-6,10,5,38,9
4,3,7,-6,10,5,38,9
2,1,15,30,-7,-11,-34,-6
0,2,4,9,19,5,17,3
2,1,4,11,7,10,37,7
-6,-6,-16,-29,-26,-19,-35,-10
-3,-4,-3,9,13,-1,-30,-10
-3,-5,-21,-15,12,10,1,0
2,2,26,29,-8,3,18,3
-6,-5,1,15,-2,-6,27,-8
-6,-5,1,15,-2,-6,27,-8
-4,-8,-14,-7,-39,-6,-4,-2
2,5,27,18,6,7,8,9
-5,-2,-7,-2,-3,-10,-48,-28
-3,-3,-3,-11,-10,-3,-5,0
2,-3,-2,3,6,0,-10,3
4,5,6,-10,7,7,-10,9
4,5,6,-10,7,7,-10,9
0,1,-1,4,31,19,0,-3
0,-7,-26,-6,-11,-9,-4,5
2,5,10,21,7,6,-4,3
1,-1,12,3,-12,-5,30,-3
-2,-1,5,13,1,-3,1,-1
-3,-3,-8,-13,-10,0,3,3
-5,-10,-22,-12,-6,-6,-16,-5
-3,-3,-9,-16,-5,1,11,-4
-2,2,4,-9,-18,-8,4,-5
2,0,11,12,26,8,-19,-1
2,0,11,12,26,8,-19,-1
5,2,3,5,10,6,27,12
-2,-1,-6,2,5,-2,-6,-4
-2,-5,-7,-17,-18,-12,-10,-3
-2,-5,-7,-17,-18,-12,-10,-3
2,3,20,10,-12,-9,5,-2
-1,-2,3,0,-2,-1,-9,-6
-3,-3,-12,14,-14,-15,0,-3
1,0,-2,-2,25,9,-5,-6
-1,1,1,-10,-3,-8,-7,-1
0,-1,-10,-16,0,4,5,0
-2,-5,-10,-8,-2,1,-1,1
0,-3,-8,-12,-3,-1,-2,-5
2,-1,-5,-6,8,14,-1,0
2,-1,-5,-6,8,14,-1,0
-4,-4,-10,9,23,11,23,-3
-1,-3,-1,-22,-14,2,20,-1
-1,1,11,2,14,5,4,6
0,-5,-26,-23,-10,-9,-13,-4
3,2,4,1,7,-4,-23,6
-5,-7,-7,-3,-6,-2,1,1
-2,-5,-7,15,0,-19,-23,1
1,3,15,27,-9,1,34,4
1,-1,-4,1,29,2,-26,-4
-2,-3,-1,9,-22,5,13,-1
-1,-6,-1,-29,-2,-1,18,0
0,2,3,-10,-31,-6,32,1
0,-1,8,-1,11,-10,-17,-4
-5,0,5,-8,-11,-2,-22,-13
-2,0,-3,-5,1,-3,5,1
0,-2,2,1,-11,0,3,2
1,-4,-3,-11,-2,-4,-7,3
1,-4,-3,-11,-2,-4,-7,3
5,6,8,6,31,9,-16,6
-4,-4,-5,-37,-12,2,-14,-3
1,1,4,6,6,9,-1,1
1,0,-7,-12,10,2,3,5
1,0,-7,-12,10,2,3,5
1,3,12,10,-5,0,-19,-3
-5,-6,-23,-25,-12,-9,4,-6
-4,-1,-1,11,0,-12,-20,-11
-1,0,-2,-16,-18,-15,-19,-8
-3,-4,-13,-35,-5,-2,16,-1
1,2,13,24,38,17,9,2
-1,-2,2,-2,-26,-15,-5,-7
-4,-5,-22,-23,-3,-1,4,2
2,1,5,9,9,5,13,7
5,2,2,7,0,-1,25,13
5,2,2,7,0,-1,25,13
-2,0,5,0,-3,0,-9,-2
-1,-2,-2,0,-6,-7,-5,2
4,1,-3,5,31,18,42,9
3,1,2,23,12,10,-3,4
-4,-3,-17,-30,-15,-9,-12,-5
-1,1,0,-17,-17,-11,-35,-3
-1,1,0,-17,-17,-11,-35,-3
-5,-3,0,3,-11,-1,-14,-9
-1,-3,-13,-9,-20,-9,-10,-4
-1,-4,1,-5,-19,0,9,2
2,2,-7,5,-14,-15,-35,-2
0,2,7,4,6,6,5,-3
-4,-4,9,-2,-14,-8,-5,-3
-2,1,-4,-8,14,0,-6,-5
-2,-1,2,6,5,4,-18,-1
-2,0,0,9,-3,1,-9,-7
0,-1,-10,-11,-2,0,1,-1
0,-1,-10,-11,-2,0,1,-1
5,3,-10,7,4,11,-2,7
0,1,11,2,6,-2,15,4
-1,-1,-4,-1,10,-5,-2,-2
1,0,11,1,-5,-6,-13,-6
1,2,9,4,-15,-13,-11,0
-2,0,-1,1,-12,-9,-15,-2
-3,-3,-6,-26,-19,-9,12,2
0,0,3,3,18,7,22,4
-2,-2,0,16,5,6,8,-6
0,-2,1,2,-18,7,-19,-3
0,-2,1,2,-18,7,-19,-3
0,-1,4,-1,-1,7,34,6
1,-2,-1,-22,13,-1,-9,1
0,0,-17,-1,-9,-1,13,5
-4,-1,-2,-20,3,-10,-16,-6
4,2,16,10,20,14,22,0
-6,-1,3,-8,-13,-6,-8,-8
2,-1,-2,7,2,6,12,4
-3,2,5,13,24,5,-46,-11
-1,-1,-2,1,0,6,-4,-7
-4,-6,-20,11,-7,-12,8,-3
2,1,9,-3,26,13,2,4
-1,-3,-3,-13,-10,0,18,5
1,5,5,-13,13,4,-13,1
1,-1,3,0,-5,-3,-12,-5
2,2,10,12,-10,-6,4,2
2,2,10,12,-10,-6,4,2
-2,0,-3,-20,10,0,-22,4
-2,1,-8,-21,4,10,2,0
3,1,5,4,-2,-9,-30,4
-8,-6,-13,-6,-17,-4,23,-3
-2,-2,0,-15,-3,-3,3,-6
1,1,11,22,10,10,21,-1
1,1,11,22,10,10,21,-1
-1,-4,-9,-15,-13,6,34,2
-3,-5,-1,0,-7,-10,-15,-4
-4,-4,-21,-8,-13,-4,-5,-10
3,5,18,16,22,12,3,6
-3,0,-1,4,0,-8,-4,-3
-1,4,11,-3,1,5,11,-2
-4,-3,-1,14,3,-5,26,-2
4,1,8,-14,-9,14,9,2
-1,-1,5,29,-4,-2,-14,-6
-2,2,15,18,3,-6,-17,-4
-2,-1,-8,-3,6,-8,-22,-5
1,1,2,-3,7,-2,9,5
0,-1,-22,-8,15,17,12,2
2,3,-3,8,-5,-7,-3,-1
0,-1,5,16,15,0,-4,0
-4,-3,1,9,-3,-3,-5,-1
-4,-6,8,7,-4,1,15,-2
-4,-6,8,7,-4,1,15,-2
0,-1,-6,2,4,4,0,4
2,-2,-3,12,-8,0,-11,0
-1,-1,-5,-10,-2,-2,6,4
-1,-1,-3,2,12,2,-17,-4
1,0,7,6,-4,-3,2,2
1,0,7,6,-4,-3,2,2
-1,2,1,7,-9,-9,-14,-3
-7,-5,2,6,7,0,-11,-12
3,4,10,8,2,3,7,4
0,1,-8,-10,4,-4,-1,-4
0,1,-8,-10,4,-4,-1,-4
0,-2,-4,4,-13,-2,-1,2
0,-2,-4,4,-13,-2,-1,2
0,1,7,-1,-17,-2,4,3
1,4,10,2,3,0,-3,2
0,0,4,-2,2,1,6,0
0,2,8,20,8,13,44,7
0,-3,-6,-10,-2,-3,-5,-1
0,1,2,11,5,-4,5,3
0,-4,-3,1,12,6,13,6
-2,-3,-18,-11,4,-6,13,2
1,-3,-10,-19,-12,-2,-12,-2
-3,-2,-9,-9,3,-2,-1,-4
-3,-2,-9,-9,3,-2,-1,-4
0,1,11,5,-11,-8,-24,-2
0,1,11,5,-11,-8,-24,-2
0,1,11,5,-11,-8,-24,-2
2,0,1,-1,-11,5,10,3
2,0,1,-1,-11,5,10,3
0,-1,3,4,-9,-11,4,1
0,-1,3,4,-9,-11,4,1
-1,0,7,6,-7,-6,2,-1
1,-1,-7,0,-16,-5,4,4
-1,2,0,2,6,6,16,0
-1,-3,-3,-2,13,7,-4,0
-1,-3,-3,-2,13,7,-4,0
-3,-2,-4,-12,12,-4,-12,-2
-2,0,10,15,4,6,-13,-11
1,1,11,22,2,-3,-5,3
1,1,-4,-2,-4,-5,-8,0
-3,-2,-8,-2,-6,-6,-31,-9
0,-4,-5,-5,10,6,8,-3
-1,0,4,2,-8,0,4,3
-3,3,22,-4,0,-2,-7,-9
-3,-2,-10,-6,-7,-3,-11,-3
10,-1,-14,-16,-13,-1,25,21
0,2,2,11,14,8,-3,-1
0,2,2,11,14,8,-3,-1
-5,-3,-2,-16,-1,-6,-19,0
6,0,15,30,-8,-8,11,2
-12,-5,3,44,8,4,31,-1
25,0,-3,48,19,20,55,33
25,0,-3,48,19,20,55,33
3,-4,0,-51,-20,-17,-79,-28
-17,-9,-6,-3,-18,-13,0,-4
-31,-15,-33,-69,-19,-12,-21,-30
15,19,8,-32,18,11,0,11
15,19,8,-32,18,11,0,11
40,12,20,34,24,8,-6,36
11,7,61,100,24,25,63,13
-19,-7,-36,-40,-7,19,65,23
-45,1,39,50,8,-5,14,8
-23,-8,-61,-49,-5,-15,-85,-57
-23,-8,-61,-49,-5,-15,-85,-57
6,-11,2,82,2,-8,-12,21
7,-15,-35,-52,-28,-13,-17,-34
21,10,-35,-89,-25,-6,29,26
21,10,-35,-89,-25,-6,29,26
8,3,6,8,6,20,32,-11
-14,-19,-46,-59,-2,2,-29,-51
-14,-19,-46,-59,-2,2,-29,-51
-23,3,13,-14,-9,-4,5,-26
10,10,15,41,30,5,-14,-24
-4,3,6,19,23,1,-13,10
9,-1,13,-9,-6,-13,-11,14
12,9,29,45,39,25,25,28
-13,-14,-11,23,20,8,-9,5
3,1,7,28,-19,-13,7,5
-48,-30,-75,-87,-5,4,-50,-42
3,0,18,43,-8,10,37,9
8,0,8,25,-5,-4,23,30
13,13,37,57,3,-14,-32,-15
13,13,37,57,3,-14,-32,-15
21,20,34,4,12,5,27,28
-10,-9,-17,-54,-12,-7,-17,8
23,0,5,-3,5,12,37,30
-23,-13,-18,-18,-14,-8,10,-19
-10,-8,2,15,0,-7,-19,-12
-10,-8,2,15,0,-7,-19,-12
-17,-4,-28,-34,-10,-9,-4,-8
-7,-3,-7,-10,11,1,-2,-4
-9,-2,-6,-9,-5,-2,0,4
-5,-5,-16,-33,1,5,3,2
-5,-5,-16,-33,1,5,3,2
0,-2,-10,-4,14,3,1,4
-3,-4,-3,-21,-17,-9,6,-3
0,1,0,4,-4,3,6,-2
-1,-10,-4,0,15,2,-14,4
-5,-5,15,3,-23,-7,-2,1
-5,-5,15,3,-23,-7,-2,1
2,0,6,-11,18,4,-37,-6
2,3,-3,9,0,-5,-21,-3
0,-2,-1,6,0,2,13,12
-6,0,12,56,3,1,34,-5
-6,0,12,56,3,1,34,-5
-2,1,-9,-19,-19,-14,-20,-15
-2,1,-9,-19,-19,-14,-20,-15
-8,-9,-49,-39,-6,-2,2,-5
-7,-13,-7,-25,-15,-22,-33,-5
3,0,12,-13,5,-4,-24,2
9,9,16,22,21,15,69,20
9,9,16,22,21,15,69,20
-8,-2,8,24,13,9,-30,-24
-5,4,23,44,-16,-13,-29,-24
-2,-11,-26,-2,-15,-8,-1,-1
0,-4,-18,-26,2,-4,-16,-2
-11,-15,-40,-32,-24,-15,15,3
-11,-15,-40,-32,-24,-15,15,3
2,2,12,1,15,-2,-16,-7
0,5,13,-9,-13,-1,24,3
-2,-2,8,7,5,7,25,6
3,-11,-24,9,-1,1,8,22
3,-11,-24,9,-1,1,8,22
4,0,6,-2,5,9,23,2
-1,-3,-11,-14,-6,-10,-43,-3
-1,-10,-26,-11,1,2,4,-5
0,3,-8,0,-9,-2,-12,5
-5,-10,-25,-52,0,7,26,3
0,0,3,4,-1,-5,-20,-4
0,0,3,4,-1,-5,-20,-4
-6,-3,9,19,0,11,14,-10
-5,-4,-20,-3,-9,6,13,-2
6,2,28,20,9,1,12,5
6,2,28,20,9,1,12,5
-9,-2,-16,-49,-19,-11,-14,-14
0,2,7,-19,11,-5,-33,-1
6,7,8,-26,-5,-3,36,11
0,-3,-22,-5,-12,-5,10,7
-3,-5,-9,16,-4,-10,-15,0
-4,1,-2,3,-5,-11,-63,-10
-4,1,-2,3,-5,-11,-63,-10
3,6,24,25,10,0,1,6
-2,0,4,19,-11,3,-5,-1
-1,0,16,16,8,7,31,-2
-5,-3,-7,2,1,4,3,-9
-5,-3,-7,2,1,4,3,-9
2,2,7,-12,-31,-8,-13,-3
-2,-3,-4,-1,13,3,13,-4
-2,-2,-15,-11,25,0,-19,2
-2,-6,-7,-12,-19,-9,-3,-2
0,1,-1,-1,2,-7,1,-4
0,1,-1,-1,2,-7,1,-4
0,-3,4,-9,5,2,-3,1
-1,0,1,4,11,1,-14,-1
4,6,22,17,-6,4,-2,1
-1,-3,-14,-16,-11,-8,-4,-3
-1,-3,-14,-16,-11,-8,-4,-3
0,1,-8,-11,19,5,-1,-1
0,1,-8,-11,19,5,-1,-1
0,3,15,34,15,-6,-37,-4
-3,0,5,-1,0,3,-5,-6
0,-6,-22,-62,-16,-6,8,6
-2,-4,-9,-1,6,-7,-21,-4
-2,-4,-9,-1,6,-7,-21,-4
-2,1,-2,5,3,13,15,1
-5,-3,10,19,-12,-10,12,-5
-3,-5,-13,28,7,0,8,-1
-3,-5,-13,28,7,0,8,-1
-3,-5,-13,28,7,0,8,-1
-4,-5,-8,-1,-12,-15,-12,-5
-2,-6,-18,-31,17,3,8,1
3,5,10,-3,5,2,-13,1
2,3,12,34,4,16,23,7
-2,-3,-19,-10,-2,-6,-20,-3
-2,-3,-19,-10,-2,-6,-20,-3
0,-4,-11,10,16,8,14,3
-6,-1,7,-9,-11,-13,-45,-8
-5,-12,-35,-25,-10,-4,-8,-5
2,4,17,7,4,0,9,4
-1,1,-16,-28,-11,4,25,-1
2,1,-7,-14,-8,4,7,1
3,0,-13,-26,-2,-6,22,2
1,1,17,19,24,18,16,1
1,1,13,4,-11,0,13,5
-1,0,-8,-7,-7,-13,-13,-2
-1,0,-8,-7,-7,-13,-13,-2
-9,-9,-20,-12,-19,-30,-29,-13
0,2,-4,-3,11,3,-15,1
-6,-5,-8,0,-16,-17,-3,-5
-3,-3,3,15,-13,-7,-5,-7
0,1,-1,-16,15,9,0,1
2,4,12,9,-3,-2,-8,-3
2,4,12,9,-3,-2,-8,-3
0,-3,-2,1,-9,-2,-9,-4
-3,0,12,16,-3,-4,-40,-12
4,2,-5,-16,3,3,-1,4
-2,-6,-32,9,3,-2,13,4
-2,-6,-32,9,3,-2,13,4
-2,4,8,-2,0,-4,-1,-5
0,2,-3,10,1,-5,-5,2
-10,-7,1,-11,-12,-13,-4,-17
0,-3,-1,-5,7,0,-9,3
1,-1,-4,-31,15,17,42,4
1,-1,-4,-31,15,17,42,4
-3,-5,-5,-1,-11,1,10,2
-1,-3,-15,-21,1,-4,-19,-1
4,2,4,-26,-1,2,12,6
0,1,7,45,5,20,60,5
0,1,7,45,5,20,60,5
0,1,6,17,-6,3,12,-1
-1,-1,5,-7,-6,-10,-10,1
-4,0,9,4,-5,-4,-7,-5
2,1,6,10,15,3,30,4
-1,0,5,9,18,3,11,-1
0,-3,-17,-17,-7,-9,-27,4
5,3,16,16,13,14,29,0
-3,-3,-4,-12,-17,-11,-22,-7
-2,-3,1,-6,-4,4,-4,2
-2,1,6,19,1,0,-5,-2
-2,1,6,19,1,0,-5,-2
0,-2,-8,2,-6,-4,35,7
0,-2,-8,2,-6,-4,35,7
-1,4,0,-1,18,3,1,4
-2,-4,-17,-36,-3,8,-8,-2
-3,-1,-3,18,-3,-13,8,-2
-4,-5,5,2,-6,4,-19,-16
-4,-5,5,2,-6,4,-19,-16
-2,0,-1,5,-18,-7,3,-3
1,1,2,13,3,-7,3,5
0,-1,-6,-23,-6,2,18,1
1,2,-5,13,-6,-14,-22,5
-1,-3,-3,8,2,-4,-5,2
-5,-4,-2,18,-9,-7,-14,-4
-3,1,6,6,2,8,9,-7
3,-3,2,-1,-9,-5,-23,-2
-1,0,7,-3,-17,-8,-13,-1
-1,0,-1,1,2,2,19,5
-1,0,-1,1,2,2,19,5
-1,-1,-13,-15,-12,-10,8,-1
2,2,-1,20,10,13,1,7
-3,-2,-14,-13,3,8,40,2
-2,-3,-5,-4,-19,-8,-21,-7
-1,-2,7,-4,-2,-6,-30,1
-2,-2,-1,13,-1,4,-1,-1
-2,-2,-1,13,-1,4,-1,-1
7,3,7,12,37,7,-17,3
-2,-1,10,18,4,8,17,-2
-3,-3,-4,-15,-12,-20,-34,-6
0,1,3,4,20,8,-4,2
-1,3,13,12,-4,-5,-11,-2
1,-1,-10,-33,-13,-6,25,6
1,-1,-10,-33,-13,-6,25,6
-3,-5,-28,-5,8,-2,-8,-1
-3,-3,1,0,-8,-4,10,-2
0,2,24,27,-4,4,37,2
-1,2,9,-13,-6,-4,-15,-6
3,2,3,5,7,1,-22,3
-5,-6,-12,-41,-36,-20,-12,-4
-1,-2,-3,-3,-6,-13,-27,-7
3,2,9,-3,12,6,13,3
0,0,-1,-12,-6,-3,-1,1
-1,-4,2,-2,1,3,14,3
0,-3,-15,-2,-16,-6,-2,-5
-1,0,3,5,10,7,13,2
1,-1,0,-2,-1,3,5,3
1,-1,0,-2,-1,3,5,3
-1,-2,-1,5,-8,0,-13,-3
4,4,2,-9,23,12,13,5
-1,0,-6,-10,4,6,8,-3
-2,-3,-2,5,6,4,0,0
-1,-2,-6,15,-20,-12,-5,1
3,2,4,1,1,-1,-18,2
2,0,0,2,12,-7,-27,0
0,-3,-5,-5,-12,-5,-2,-2
1,-1,-3,-8,5,7,19,0
-3,-1,-1,1,-9,-6,-33,-2
-3,-1,-1,1,-9,-6,-33,-2
-4,-4,-1,-7,-11,-11,9,-2
-4,-4,-1,-7,-11,-11,9,-2
1,-2,0,8,23,5,-25,-3
-1,-1,-5,-3,-4,-1,17,4
0,-2,-7,12,0,5,5,0
0,-2,-7,12,0,5,5,0
-1,-1,-13,-13,-14,-9,-18,-3
-1,-1,-13,-13,-14,-9,-18,-3
-1,-1,-13,-13,-14,-9,-18,-3
-1,-2,0,10,0,-1,-3,-3
-3,-2,-6,3,-14,-9,-5,-5
0,3,9,25,1,-2,-8,1
0,3,9,25,1,-2,-8,1
-1,-1,5,-13,3,4,11,1
-3,-5,-2,-3,2,-6,-1,-3
-1,-2,-13,-7,-7,-10,-14,-2
-1,-2,-13,-7,-7,-10,-14,-2
1,3,17,13,-3,-1,-10,0
0,-6,-7,-4,-11,0,-14,-2
-1,0,5,-10,12,0,-12,-2
0,3,7,6,2,-1,-8,1
0,3,7,6,2,-1,-8,1
2,1,2,20,-11,0,4,5
-2,-2,-16,-2,-9,-11,3,-4
0,3,3,7,23,17,-8,-2
0,3,3,7,23,17,-8,-2
1,3,10,10,-10,-8,-26,-6
0,2,-2,-35,0,-6,-8,-1
-4,-2,-1,20,-2,4,5,-2
12,20,45,26,10,4,36,5
27,17,57,72,18,15,24,15
15,6,13,-1,5,0,-13,35
-12,0,12,14,14,-10,-29,-17
-12,0,12,14,14,-10,-29,-17
-20,-37,6,-50,-30,7,68,22
-20,-37,6,-50,-30,7,68,22
18,21,63,1,14,2,5,-12
-6,25,54,73,21,-15,-98,24
52,25,48,22,37,37,86,28
-7,16,56,98,28,-15,-86,-9
35,18,29,13,-3,5,-25,82
31,-9,13,32,-11,22,64,55
31,-9,13,32,-11,22,64,55
2,-3,41,-67,-10,-6,-17,-25
-39,-28,-85,-110,-43,-47,-128,-60
23,-2,11,-11,-14,-30,-69,-19
-40,-26,-63,-67,5,-1,-8,-55
28,10,2,47,11,13,56,45
58,31,14,24,24,17,36,43
58,31,14,24,24,17,36,43
-1,2,11,28,12,6,-12,5
-50,-7,27,34,-12,-12,-61,-47
-33,1,47,-20,2,30,67,-24
-38,-41,-89,-97,-65,-13,25,-28
-12,1,2,12,-20,-11,23,5
21,4,-36,89,19,-9,-25,17
-73,-19,-46,44,30,0,-47,-49
25,26,57,-23,-6,0,31,30
-34,-31,-53,-18,0,-20,-70,-67
6,-6,-43,-92,-24,-1,25,18
6,-6,-43,-92,-24,-1,25,18
-27,-25,-2,61,39,-3,-46,-36
4,0,17,-78,-1,9,28,31
-15,0,59,41,20,0,-58,10
5,-2,-32,-15,22,13,39,26
20,0,-25,-12,-22,11,63,49
-20,-7,24,83,14,-15,-66,-30
-20,-7,24,83,14,-15,-66,-30
-39,-24,-62,-29,-40,-12,-18,-49
-32,-13,-4,-106,-46,-14,27,-14
10,2,-45,-83,-4,2,-18,-57
7,-5,-9,22,-26,-5,48,9
-43,-17,-40,-27,7,-6,-53,-67
-28,-4,34,-56,-36,-14,4,40
-28,-4,34,-56,-36,-14,4,40
-37,-2,5,43,38,15,-19,-95
7,-2,-6,47,4,-16,-65,21
19,14,10,21,-19,-13,-17,18
0,-1,-35,-50,-16,-15,-41,-11
33,19,36,68,54,40,26,32
-3,-1,-18,-65,-30,2,18,20
-3,-3,29,6,-14,-13,-2,4
2,-4,-1,22,27,17,13,6
11,-1,-1,-2,-13,-10,-3,5
-6,-1,-13,-52,-24,-2,6,7
3,2,4,15,-7,-9,4,0
3,2,4,15,-7,-9,4,0
-3,-2,-1,8,10,6,1,1
-4,-7,-14,-22,-4,-5,2,1
3,0,6,15,-2,-9,-9,-1
-4,1,1,16,9,-8,7,-3
0,-4,-2,-5,-1,9,13,-1
-3,-5,-9,7,10,7,17,0
-7,-10,-33,-32,-21,-7,-1,-1
-2,0,1,-1,4,-5,-16,-10
1,-1,3,8,-6,1,13,-3
-4,-8,-18,-18,4,-2,-19,0
-4,-6,-20,-44,-20,-2,8,1
1,6,27,49,-18,-9,-29,-2
4,5,12,13,0,9,7,5
-2,-3,-31,-12,1,-5,-14,-2
-6,1,12,-9,13,6,-7,-15
5,6,2,-24,4,-1,-3,5
4,-1,-13,32,16,10,-7,9
4,-1,-13,32,16,10,-7,9
2,7,15,16,2,-3,3,3
1,-1,-3,-3,-5,1,12,6
-1,-3,7,19,-15,4,13,0
-4,-6,3,0,0,6,-1,-3
1,2,1,1,14,4,1,9
-2,-3,-6,-20,1,-1,-10,-3
-2,1,6,6,-7,1,14,-1
-1,0,21,10,-9,-1,-5,-8
3,6,45,48,18,6,-6,6
-5,-4,0,-14,-10,-11,-17,-7
-3,-2,-4,7,19,19,48,2
-3,-1,1,-13,-24,-10,11,-4
-9,-1,-12,-22,-18,-24,-2,-12
3,-5,-4,-13,-24,-5,13,6
-4,-10,-32,-36,-10,-5,-13,0
-1,3,12,32,9,7,24,6
4,2,20,2,22,2,4,0
4,2,20,2,22,2,4,0
0,-1,-5,18,35,26,34,1
1,2,9,9,-2,11,17,3
-2,1,-5,1,-18,-8,-1,-1
-2,1,-5,1,-18,-8,-1,-1
-4,-1,-12,-25,-10,-2,-7,-2
-4,-4,-4,-17,-9,0,-7,-8
1,-4,-18,-13,13,-4,-25,1
-2,-1,2,-21,-3,0,-9,-7
-3,-3,-5,3,-12,-8,-16,-5
-4,-2,4,0,-3,-2,-13,-10
-2,0,10,34,19,5,4,-8
3,1,6,-17,-3,1,-25,1
-6,-3,-4,20,-12,-10,4,-8
-3,-1,-18,-20,5,-2,7,1
0,0,17,-10,-11,2,-8,0
-4,-2,-4,-7,-11,-9,5,-1
-5,-10,-28,-2,4,5,19,0
0,1,-11,-3,7,5,0,-2
7,6,11,12,14,-10,-31,8
-4,-5,-15,-20,-7,-4,-5,-4
-3,-3,-16,-28,-12,6,32,0
2,3,8,9,-18,-10,-18,1
2,3,8,9,-18,-10,-18,1
-2,-1,5,-9,-3,-2,22,-1
1,-3,5,14,5,2,-1,4
0,2,8,32,10,10,-3,4
2,7,20,9,13,12,-15,-1
0,-3,-18,-17,1,2,21,2
-2,0,3,-9,-23,-11,-3,-8
1,-1,-5,21,-3,2,25,8
0,2,8,8,28,9,10,0
-2,-3,-15,-15,-5,-12,-11,-1
1,0,-8,-8,-2,-2,-52,4
1,0,-8,-8,-2,-2,-52,4
0,-1,-1,-15,20,13,-9,2
-5,-5,-5,-18,-25,-9,-7,-8
1,0,-6,12,14,28,100,7
-1,2,-7,-20,-3,-10,-31,-3
0,2,16,27,0,3,4,-5
-4,5,16,7,-3,2,9,-10
3,3,8,3,1,10,5,3
-2,-3,0,-9,-22,-13,-14,-2
-8,-11,-19,-8,-10,-21,-13,-16
0,-1,5,-2,15,8,-2,6
0,-1,-23,1,16,8,-44,-4
1,1,-2,-16,-12,-2,-1,4
-1,1,8,-8,-9,-11,1,1
-2,-2,5,-19,-13,4,9,-8
-2,-2,-6,-18,-7,-13,-11,-3
-5,-7,-24,-29,-9,-6,-7,-8
2,-2,3,12,4,7,3,5
2,-2,3,12,4,7,3,5
5,6,14,0,21,3,-1,10
-3,1,-4,2,-1,4,27,1
-1,-2,-7,-16,-1,-10,-42,-8
-1,2,2,3,5,10,-2,-1
-1,-1,-3,-4,-13,-6,-16,-6
2,5,18,38,-6,5,21,4
-1,-5,-16,-23,-3,-3,-5,-4
-2,-5,-6,-17,-14,-19,-19,-4
2,1,13,11,13,3,25,7
-5,-2,-4,-14,-9,-1,2,-6
-5,-2,-4,-14,-9,-1,2,-6
-6,-6,-11,-6,-18,-11,-29,-7
6,5,18,31,21,6,-19,3
-2,-1,-9,19,-5,-5,-1,-1
1,4,18,15,5,7,-3,-2
-2,-4,0,-21,0,0,21,-2
-2,-1,-3,-5,15,17,61,0
-5,-9,-25,5,14,2,-7,-1
-3,-3,2,-13,-30,-7,41,-4
-1,-4,-8,-3,4,1,-26,-2
1,0,0,13,15,7,22,1
5,6,15,23,27,18,-5,10
-7,-3,-3,-15,-19,0,43,-3
2,1,3,-7,6,-6,-44,0
-2,-3,18,36,-1,1,17,0
1,1,-3,-6,-9,-2,-12,2
1,3,2,-38,2,1,4,0
1,-1,-12,-16,5,13,30,2
2,2,-2,-6,-22,-20,-33,1
-3,-6,-4,-14,19,5,-18,-3
-1,0,-2,0,11,0,-1,-2
-1,-4,-16,20,-9,12,23,-3
-1,4,15,10,-4,6,20,2
-1,4,15,10,-4,6,20,2
-8,-8,-14,-3,-3,-7,-30,-18
-7,-13,-39,-8,-21,-8,-18,-2
1,2,13,-9,6,0,11,1
-2,0,9,-11,-5,-3,-11,-5
-1,-1,0,-15,-12,-5,2,-4
3,0,-5,14,5,-3,5,6
2,5,8,2,10,9,-1,-4
-2,-3,-3,-4,-13,-1,18,-4
1,1,4,11,28,2,-2,3
1,-2,5,13,2,7,4,4
3,1,2,-6,1,-6,-15,1
1,5,4,8,15,23,48,11
1,1,0,-6,-3,-6,-12,6
2,-3,-21,-1,11,5,5,5
0,1,12,-1,4,5,30,-2
-2,-4,-9,-23,-6,-7,-2,-4
-1,2,17,9,-14,-12,-19,-5
-1,2,17,9,-14,-12,-19,-5
-2,-4,3,1,-5,-6,9,0
-3,-1,-12,-7,0,1,5,2
-1,-2,-24,-22,2,0,-7,-2
-7,-5,0,6,-18,-4,-10,-13
0,0,12,37,6,-5,-22,-3
-3,-3,-15,-20,-3,-3,6,-1
2,3,16,11,5,2,-17,-3
-1,-3,5,7,-10,-1,6,-3
0,1,0,-10,-1,-7,-9,-1
-3,-4,-7,-7,8,14,22,2
-3,-4,-7,-7,8,14,22,2
-1,2,-4,1,-3,3,5,-3
4,6,39,25,-8,-3,-3,0
1,4,8,12,-2,1,17,4
-3,-8,-39,-2,-14,-8,-6,3
-3,0,-7,-48,-13,-11,17,-6
2,-1,-3,21,21,15,18,4
-4,-1,8,1,-18,-24,-33,-5
-4,-5,-16,-15,4,-6,-4,-9
2,2,-2,4,22,15,12,5
3,3,10,-5,-11,0,5,3
1,5,20,24,19,13,20,4
-6,-3,-4,-2,-2,-1,5,-4
1,-1,1,11,10,-2,1,1
0,-3,-5,23,30,18,18,3
3,3,11,-4,-4,9,-1,2
1,1,1,-1,22,16,32,2
-3,-2,-2,12,-4,-4,32,1
-3,-2,-2,12,-4,-4,32,1
-1,-2,-19,-12,-9,-3,-12,-5
2,6,36,24,18,-1,-13,2
-1,1,5,-2,-13,-9,-7,-2
-1,-6,-7,2,-12,6,32,2
-1,-6,-7,2,-12,6,32,2
4,4,-7,-22,-11,11,12,8
-6,-8,-12,-24,-17,-4,3,0
0,-4,-20,-10,3,4,6,2
-1,2,9,-5,-6,4,-8,-2
-2,3,11,32,3,-5,-28,-15
2,8,32,16,4,-6,-23,1
-5,-3,-16,2,4,2,5,-4
5,4,16,13,-7,1,-10,4
-1,-2,12,-3,2,-14,-46,-11
2,-4,-26,-12,-6,-7,-12,-1
-3,-8,-36,-27,8,-2,4,2
0,-2,-4,6,-12,-5,-1,5
0,3,6,-18,3,-2,10,1
0,5,23,29,7,8,9,-1
-7,-5,-11,-8,-6,7,31,-8
2,5,28,16,-10,-10,-22,-1
2,2,13,16,7,1,-13,5
2,2,13,16,7,1,-13,5
0,5,9,-8,-23,-2,23,5
0,-2,-13,-7,-1,-3,-6,2
-1,-5,-11,-11,-7,6,13,4
-2,-1,5,0,4,-1,6,-4
-2,-1,-3,-7,-13,-3,11,0
0,0,10,0,-20,-14,-15,-1
-3,-3,-6,-14,0,3,-8,0
-2,-1,-4,1,-21,-4,-1,3
2,0,17,6,7,-2,4,-1
3,-1,-3,5,15,7,6,5
-3,-1,1,-1,6,2,16,-4
6,5,3,9,9,0,-11,4
-2,0,2,-9,4,-1,12,-3
-2,0,2,-9,4,-1,12,-3
2,1,-1,8,10,2,-13,3
2,1,-1,8,10,2,-13,3
1,-2,-4,8,-3,-4,-11,2
1,1,9,10,15,3,-3,1
0,-4,4,4,-11,0,9,4
-1,0,-7,-1,2,-5,-16,-4
2,-1,-1,5,-13,-12,7,0
-3,-7,-6,-15,-17,-10,3,3
-3,2,12,-1,-7,-7,-9,-11
-3,2,12,-1,-7,-7,-9,-11
-1,3,7,6,25,8,-26,-3
-2,-7,-4,-21,-11,-8,9,-2
-2,-7,-4,-21,-11,-8,9,-2
-7,-6,-13,-11,-16,-3,-1,-13
-3,-1,8,9,6,-4,-6,-2
-3,-1,8,9,6,-4,-6,-2
-2,-2,-3,-4,1,-2,11,-2
3,-1,4,17,21,2,-26,-4
-1,-1,-11,-10,-17,-13,30,4
4,3,-3,-15,15,10,18,7
-6,-3,-4,6,-15,-2,-8,-5
-1,-2,-5,-12,-18,-6,21,4
1,-5,-12,-2,-10,-4,0,-1
2,3,-7,-17,-6,-5,-11,0
-2,-2,-5,-19,-13,-13,13,-2
-2,-2,-5,-19,-13,-13,13,-2
-4,-3,-15,-17,-1,2,4,-9
1,1,2,-8,-5,-2,3,1
1,1,10,0,6,-7,-26,4
-2,-2,4,10,6,-4,-15,0
-1,-2,2,1,0,-1,9,1
-2,-2,-8,-5,-8,-1,9,1
-4,-6,-10,-9,-8,-13,-6,-8
2,-1,-20,-23,-5,6,1,3
-4,-2,-5,-5,20,-3,-7,0
-1,3,-3,-12,-11,10,26,-1
-1,-5,-55,-18,10,-1,1,2
-1,-5,-55,-18,10,-1,1,2
18,18,61,-31,4,4,3,5
18,18,61,-31,4,4,3,5
18,23,54,68,7,-3,49,13
18,23,54,68,7,-3,49,13
17,-12,-45,-96,-28,-7,-31,-6
-29,-31,-81,-114,-33,-38,-118,-36
-11,40,96,112,43,35,3,51
-11,40,96,112,43,35,3,51
27,12,48,97,45,35,82,10
-19,10,8,-116,-5,-5,-69,-13
-77,-71,-128,-107,-51,-38,-72,-109
31,7,37,66,9,11,74,33
25,8,23,45,3,15,68,-11
9,-6,-59,-97,-55,-47,-62,-42
11,13,61,60,31,23,55,47
-2,-41,-103,-113,-49,-28,-13,34
-2,-41,-103,-113,-49,-28,-13,34
17,33,34,-84,-17,-10,-30,-16
74,3,-64,27,22,16,34,77
2,4,34,44,37,4,-67,-12
-19,-43,-72,-15,-27,-10,-18,-35
-16,-23,-47,-20,23,17,49,-10
33,29,19,1,13,19,70,24
-36,-31,-50,-103,-22,-20,-87,-21
-33,-36,-30,-20,-16,11,41,-6
-5,18,57,-10,-4,-3,20,11
-5,18,57,-10,-4,-3,20,11
11,36,68,15,66,60,99,23
58,30,47,-31,11,2,6,46
-33,-32,-20,-25,-30,-22,-57,-56
-33,-32,-20,-25,-30,-22,-57,-56
26,2,-13,-100,-31,-7,36,54
26,2,-13,-100,-31,-7,36,54
-41,-23,-81,8,-26,-22,-4,-26
22,27,49,58,41,8,-31,6
-12,23,46,44,9,-2,-21,-3
21,-6,-23,51,-12,-5,35,5
0,-9,-31,20,-6,15,52,-3
-12,-11,-9,-15,-8,8,-9,-10
5,-6,-13,-12,-6,-14,-1,-1
-4,-2,6,-5,-29,-8,5,-4
-3,-5,-5,3,24,0,-3,-3
-3,-5,-5,3,24,0,-3,-3
-2,3,10,-12,-25,-13,-2,-7
3,2,-6,6,15,5,44,5
-1,1,7,-5,4,7,-18,-3
1,0,-14,9,-4,-8,-20,2
-3,0,4,-1,-25,-4,4,0
1,-3,-3,-9,-10,-7,-9,2
2,2,9,17,44,24,14,3
-2,-4,-26,-35,-20,0,-16,-3
0,4,1,-1,6,3,4,3
0,4,1,-1,6,3,4,3
0,-4,-13,-40,-32,-8,3,1
3,8,34,44,-6,0,-51,-1
1,-2,22,32,-7,-16,-49,-2
2,-3,-6,13,2,7,-2,1
4,13,35,46,15,3,-14,8
5,2,2,3,-6,3,13,14
0,-8,-14,-12,6,-3,-10,2
0,-8,-14,-12,6,-3,-10,2
-3,0,-2,37,12,0,-13,-5
-9,-7,7,-10,-27,-12,23,-18
-8,-10,-22,-7,-6,-18,-46,-5
3,10,9,-14,-2,14,41,7
0,-1,5,-16,1,-8,-38,-6
1,-3,-19,10,13,-2,-28,4
1,-3,-19,10,13,-2,-28,4
2,-5,-28,-28,5,10,63,7
-7,-1,6,1,-19,-6,-7,-1
3,1,-10,-2,18,6,8,3
4,4,7,17,18,-3,-5,7
-8,-10,-11,2,-5,-8,-8,-10
-2,-2,1,42,-7,13,32,1
-12,-12,-21,-19,-33,-22,-43,-25
-2,-2,-14,-56,-3,8,35,3
3,3,9,6,26,6,-12,-6
-10,-8,-4,-34,-3,-11,-26,-24
1,0,-2,31,0,0,-8,12
1,4,28,26,1,-2,-15,3
1,-4,-29,-36,0,5,41,9
1,-4,-29,-36,0,5,41,9
-3,-2,1,-18,17,32,50,-5
2,-1,-7,-2,-12,-8,-26,10
0,1,5,4,-14,-8,-16,-9
2,3,4,5,6,-9,-30,4
4,-1,-1,-18,0,1,-4,5
-6,-5,-35,-49,-18,-7,26,-6
-1,5,33,5,-10,-11,20,-6
1,2,4,3,-14,-16,-53,-4
1,-5,-9,6,-7,-14,-8,8
-7,-7,2,-2,-16,-9,-2,-5
0,-2,1,14,41,32,29,9
1,0,-10,-24,16,7,-13,5
-1,0,3,16,-4,8,27,-3
0,2,28,32,1,15,-15,-6
0,-2,-1,-3,-9,-11,-37,3
-4,-6,-6,-30,-32,-13,8,-1
-2,-4,-30,-2,-21,-13,5,0
1,0,-19,-10,-14,-16,-45,1
-1,-2,-7,-26,3,2,64,7
-2,0,1,2,-10,10,32,0
-2,0,1,2,-10,10,32,0
-2,-4,-12,-8,-12,-11,-15,-6
-2,-4,-12,-8,-12,-11,-15,-6
1,4,11,8,11,7,-16,3
1,2,-21,-36,30,4,-12,-2
-2,2,26,38,1,4,35,-2
-1,-3,-32,-19,4,1,1,3
-3,-2,8,-6,-2,-5,-10,-11
1,5,30,62,20,-8,-27,-3
2,7,16,23,10,11,-47,-11
3,0,0,-12,15,8,29,13
-3,-10,-33,-29,-10,-15,-12,-5
-3,-10,-33,-29,-10,-15,-12,-5
-2,1,15,15,-9,0,7,-4
-3,0,7,31,14,21,57,-2
-2,2,19,32,-14,-9,-28,-6
2,3,1,-6,6,2,-5,5
-9,-13,-42,-27,-12,-9,9,-6
-5,-5,3,13,4,-3,-26,-6
3,1,7,26,-3,4,-1,7
1,-1,8,-20,4,-8,5,0
5,5,15,7,7,5,0,5
2,1,3,-1,9,14,41,6
-2,-3,0,-21,-1,5,43,4
0,-1,2,-16,-10,-17,-53,-3
-1,-1,3,33,28,15,17,6
-3,4,16,5,-29,-8,-5,-10
1,-4,3,6,-8,-4,8,3
3,0,0,12,15,-3,21,3
0,-5,-23,-10,-5,5,3,5
0,-5,-23,-10,-5,5,3,5
-6,-4,-24,-44,1,7,23,-7
-1,0,10,-21,-14,-1,-44,-10
-2,1,-4,-20,1,-12,-32,-9
-7,-5,-2,-14,-25,-7,-2,-12
2,0,20,15,-10,-10,-19,10
0,-1,-2,-4,8,-3,-46,3
-6,-7,-13,-5,-19,-11,6,-17
-4,-6,-14,-2,6,-10,-15,-3
-3,1,7,2,-1,2,24,1
2,3,4,18,-1,-5,-2,3
2,3,4,18,-1,-5,-2,3
-3,-3,-14,-29,-19,-5,-11,-11
2,2,12,21,1,-9,-15,3
4,4,-12,-76,19,7,-32,-2
-1,2,28,44,-6,-1,21,10
-1,-1,-4,-14,-3,-8,-39,-4
-2,-5,-13,7,-3,10,29,-6
-2,-5,-13,7,-3,10,29,-6
0,0,-13,-14,-5,-5,-15,0
2,2,9,16,8,22,30,6
-3,-6,-27,-18,-22,1,20,7
-3,-1,3,9,20,1,-7,2
1,5,18,-11,-18,-10,-25,-1
0,-5,-19,-18,-11,-2,21,1
-3,-4,-5,-2,3,5,24,-1
-2,0,0,24,16,9,-19,-5
1,6,11,3,1,6,9,-1
1,-3,2,15,-7,-11,-5,0
1,-3,2,15,-7,-11,-5,0
3,2,6,11,11,11,16,1
2,2,4,-2,11,1,9,3
-1,-4,-5,-11,-18,-16,-44,-1
-3,0,9,-3,7,-9,-21,-10
-3,0,9,-3,7,-9,-21,-10
-1,1,-3,-8,-24,-3,-15,1
-1,-3,1,-8,-13,-11,-29,-4
1,2,17,42,20,6,13,1
3,1,2,5,29,7,-22,0
-4,-8,-28,-52,-35,-17,-24,-2
0,4,5,-5,-6,-9,-24,-3
-7,-5,-8,-10,-2,2,21,-12
1,0,1,-2,-4,-1,22,2
-1,-7,-24,-37,-3,9,12,3
1,0,2,15,0,-6,-30,7
2,1,15,23,16,-2,-23,4
0,-4,-6,-3,6,-7,-2,-4
-8,-3,5,19,18,1,-19,-11
1,-2,-21,-27,0,1,-32,-1
-2,-3,2,-24,-14,-1,6,-6
-7,-6,-10,8,-20,-4,12,-6
2,2,7,-10,30,9,15,11
2,2,7,-10,30,9,15,11
0,-3,0,-3,-11,0,30,7
1,1,-6,-1,-5,4,13,-3
-2,2,14,6,-32,-16,12,0
-2,2,14,6,-32,-16,12,0
4,2,-8,29,16,11,19,9
-2,-2,-4,-11,-21,-10,-23,-7
-2,-3,-11,-5,4,7,30,-2
-1,0,2,-3,0,-3,-16,-2
-2,4,6,37,13,5,-14,-5
2,-2,-6,-10,-2,-7,-24,2
2,-2,-6,-10,-2,-7,-24,2
-7,-1,-3,-8,-1,-1,-6,-8
-2,-4,-11,2,-11,-10,39,4
2,5,12,8,9,2,-2,-1
-2,-4,-18,-2,-16,1,9,5
1,3,9,-16,-12,-13,-11,5
-6,-6,-14,-39,-18,-4,6,-10
-3,-2,0,-20,-26,-20,-20,-2
-5,-7,-19,-21,6,-1,-40,-11
-1,-6,-17,-13,6,15,34,0
1,1,-1,3,2,0,-1,5
-1,1,-4,15,4,7,5,-5
2,7,26,38,-2,-2,-28,1
0,-3,6,-9,11,-7,-22,-3
5,3,-6,-11,0,6,-6,2
-4,-9,-15,-3,-10,-6,-15,-6
-6,-5,-5,-7,-6,12,52,0
-6,-5,-5,-7,-6,12,52,0
2,2,8,-5,-2,0,-1,4
0,-2,-7,5,14,6,21,1
-1,-5,2,29,-16,-17,-35,-3
-1,2,-3,-12,11,-7,-7,0
-1,2,-3,-12,11,-7,-7,0
0,0,17,12,3,0,-26,-13
-2,0,1,7,-11,0,-1,0
-6,-8,-23,-38,-1,6,9,-2
1,1,-25,-7,-3,3,-1,3
-1,2,13,15,-28,-4,-11,2
-4,-5,-3,-18,-19,-8,9,1
-2,-1,10,7,6,-2,-13,-3
6,3,1,-7,-8,-2,50,19
1,1,-9,4,7,-4,-2,0
-11,-3,-4,-15,10,4,10,-21
-11,-3,-4,-15,10,4,10,-21
-3,-5,-32,-29,9,8,18,-1
1,-2,-24,-49,2,4,-15,-5
0,-2,-8,13,12,7,8,0
0,-2,-8,13,12,7,8,0
3,0,13,19,-14,-19,-43,0
1,1,7,-9,-16,-12,-50,-9
-1,-4,-1,-16,-13,-11,4,-1
1,2,0,-6,6,11,26,3
-9,-8,-9,-11,-17,2,2,-17
-2,2,-7,-4,1,8,1,0
-5,-2,0,-19,6,7,26,-4
-3,-5,-26,-47,-10,-13,-31,-4
0,-4,-4,-5,7,7,-4,0
-1,3,10,18,10,-2,-17,-5
2,2,10,-11,5,-5,-16,4
0,-1,8,25,-10,-12,-7,5
-1,0,3,12,12,4,0,-2
-1,0,3,12,12,4,0,-2
-2,-3,-11,-3,9,4,2,-1
-2,-1,6,12,-19,-11,-2,2
-4,-3,-6,-12,-9,-2,2,-4
-5,-2,8,5,-16,5,-10,-12
