-1,-1,-2,-1,-5,-1,8,4
-1,1,2,6,0,7,23,4
-2,2,-1,2,10,6,0,-8
1,4,18,57,13,-4,-23,4
1,4,18,57,13,-4,-23,4
3,-2,-4,-10,0,1,8,2
3,-2,-4,-10,0,1,8,2
3,-2,-4,-10,0,1,8,2
1,-3,3,12,8,3,6,3
-3,-4,1,0,5,4,17,-3
2,4,19,30,1,3,11,-4
2,4,19,30,1,3,11,-4
-3,-1,-11,-21,-3,-11,-40,-10
0,-1,-1,-6,0,0,8,3
2,0,-6,-11,-5,4,24,6
-1,-2,-15,-12,-7,-4,-18,-6
0,-2,4,-14,-13,-5,2,-1
-1,-1,-14,-10,-5,-5,-8,0
0,-4,-17,-28,-9,1,3,4
-1,-4,-18,-17,4,8,13,1
4,3,10,12,11,-2,-4,5
5,1,16,10,-11,-5,6,0
5,1,16,10,-11,-5,6,0
-2,1,-1,-7,4,1,2,-1
-20,-10,-10,-4,-2,2,-3,-6
4,3,12,11,-3,1,8,4
4,3,12,11,-3,1,8,4
-6,-6,1,-5,-9,-5,-7,-4
-3,-1,-3,-7,8,1,-5,-2
15,-1,-10,-3,-1,2,-1,4
-7,-4,-1,6,1,1,1,-4
1,4,6,10,5,-2,-29,-6
0,-3,-6,-2,-7,-2,-5,-1
0,-3,-6,-2,-7,-2,-5,-1
-4,2,9,9,0,-3,6,2
-4,2,9,9,0,-3,6,2
-2,-5,-18,-18,-6,-3,-1,1
4,2,2,12,19,-5,-14,7
4,2,2,12,19,-5,-14,7
5,4,1,4,0,-4,-5,6
0,-6,0,1,-1,5,10,18
7,-8,-12,-24,-10,-3,8,5
-9,-2,-6,12,23,4,5,-3
-1,5,16,15,5,5,0,3
-7,-3,1,1,0,2,5,2
0,0,1,0,4,0,4,7
-12,-8,-3,-21,-17,-3,4,-1
-13,-8,-2,-5,-6,1,4,-1
1,11,16,10,-6,7,24,7
20,14,13,10,7,8,8,7
-44,-18,-6,-2,-12,-18,-46,-75
-25,-2,17,-6,3,-3,-22,-12
18,-18,-29,5,14,3,-3,7
-2,10,14,17,-4,0,1,-38
18,-19,-65,-22,-6,10,30,54
20,15,22,14,2,6,15,19
20,15,22,14,2,6,15,19
1,-5,-1,-9,-10,2,23,36
-34,-2,4,-14,15,-21,-57,-92
47,10,13,10,-15,0,39,113
-14,4,-1,-13,-6,4,38,-28
23,-7,-36,-15,-12,9,43,73
-4,17,67,8,9,-6,-42,-25
4,10,47,31,4,2,-12,6
-2,-15,-21,6,18,11,-16,34
-95,-24,-18,-18,-18,-33,-89,-83
30,14,9,8,0,6,42,25
10,14,13,21,30,8,-12,-30
21,5,12,29,-29,-2,9,41
-87,-28,-53,-27,-30,-49,-96,-128
15,-3,-19,-27,-13,-20,-61,-5
15,-3,-19,-27,-13,-20,-61,-5
3,0,11,12,-9,-11,-28,17
22,9,-8,-2,-20,6,42,43
22,9,-8,-2,-20,6,42,43
34,-1,-21,18,9,6,37,93
34,-1,-21,18,9,6,37,93
-41,-15,-57,-36,-22,-18,-36,-106
7,-8,-39,-21,4,-3,-10,13
7,-8,-39,-21,4,-3,-10,13
0,10,41,31,9,-4,-12,-15
-21,-8,-17,-27,6,12,13,-41
13,32,92,33,0,8,18,13
13,32,92,33,0,8,18,13
-19,-55,-70,-48,-12,24,42,-11
-68,-21,-17,-46,-3,-14,-31,-97
-68,-21,-17,-46,-3,-14,-31,-97
7,-3,-45,-54,-14,44,111,27
-3,-23,-73,-10,-14,-31,-104,-5
13,4,-38,-22,-34,-3,5,27
17,23,-29,22,13,30,62,42
-23,-49,-93,-6,-5,-23,-69,-23
8,34,127,64,20,23,74,-7
-15,-45,-94,-53,2,-1,2,14
-7,-5,-8,-29,-12,-2,12,-8
3,-17,-19,31,36,1,-6,-26
-16,-16,-48,-12,-11,-28,-56,-24
-4,-4,17,-14,-4,-9,-12,17
-27,6,6,-14,-13,-13,-17,-64
-15,-10,21,-37,-16,15,106,18
11,-28,-52,-11,-2,-15,-16,25
-49,-5,5,34,15,-10,-89,-80
5,-24,-42,3,-11,1,53,27
17,26,31,19,5,27,28,38
5,-14,-32,-17,-9,-12,-24,22
-9,-28,-103,-58,-16,-7,-6,-13
-9,-28,-103,-58,-16,-7,-6,-13
21,18,50,8,-15,-14,-29,16
14,-12,-15,-18,-12,-5,30,38
8,-10,15,11,-15,0,21,54
-28,-7,-72,-43,-18,-6,-65,-81
5,-24,-58,-11,10,9,18,59
-30,2,40,-16,10,-16,-79,-58
-30,2,40,-16,10,-16,-79,-58
-31,-1,37,12,-6,2,6,-75
18,-17,-44,-21,24,11,27,41
5,-1,26,25,-1,-7,67,3
-12,-10,2,-28,-13,1,-3,-16
-12,-10,2,-28,-13,1,-3,-16
1,-6,7,-7,5,0,-20,11
-25,-44,-48,-37,-26,-2,15,-19
13,16,70,21,3,-19,-15,9
-76,-27,-13,1,-12,-38,-94,-106
-15,-28,-104,-47,-28,1,49,-19
-20,-48,-91,-23,-4,0,18,-21
45,15,-15,-7,-7,3,17,72
13,26,15,13,13,5,-26,35
-47,-5,24,0,13,1,-60,-41
-47,-5,24,0,13,1,-60,-41
-73,-65,-80,-28,-16,-35,-78,-67
3,5,18,35,14,-2,-4,-22
-42,-4,51,36,9,8,-18,-94
57,51,79,12,17,-6,4,87
15,-5,-53,-3,7,5,6,41
15,-5,-53,-3,7,5,6,41
-23,-30,-93,-58,-13,-19,-52,-16
-20,-18,8,-22,-20,-3,-7,-33
29,38,127,67,27,-1,20,64
5,-15,5,10,5,7,-2,24
-40,-12,-58,4,-17,-15,-13,-71
12,-14,17,36,9,21,13,9
12,-14,17,36,9,21,13,9
-8,-22,-8,3,-3,-19,-24,-6
9,32,71,29,15,7,13,-13
-8,11,34,3,-14,-1,20,-19
4,0,39,5,-14,-10,-7,12
15,2,-32,0,-5,8,14,36
-28,-18,-18,-24,1,-6,-33,-40
-19,-6,-5,6,-6,-3,-6,-34
5,2,-11,10,0,-4,-21,-13
5,17,30,-16,1,3,21,21
3,10,21,-9,-11,-6,2,-6
3,10,21,-9,-11,-6,2,-6
25,5,-33,19,22,6,-27,45
25,5,-33,19,22,6,-27,45
-6,-6,9,10,13,1,-10,-12
-7,6,-4,-13,-18,-24,-31,-4
21,19,37,9,7,18,44,52
21,19,37,9,7,18,44,52
6,6,29,21,13,-6,-21,1
-14,-14,-35,-40,-11,-11,0,-15
-3,-4,-5,-68,-25,0,-11,-10
-4,0,18,25,-8,-1,15,-5
-4,0,18,25,-8,-1,15,-5
-2,-3,-6,11,-10,-12,-5,-4
3,5,9,35,16,-2,-41,-4
-15,-12,-18,-33,-23,-5,63,-24
-3,-6,-30,-87,-23,-11,-28,-8
0,2,-6,-8,6,8,24,8
1,2,2,11,-2,-2,-12,2
-4,-5,13,39,-6,-15,-69,-8
-4,-5,13,39,-6,-15,-69,-8
-1,0,-4,39,17,-7,-76,-9
-1,0,-4,39,17,-7,-76,-9
-3,-6,-39,-38,-3,-4,11,0
-4,-4,7,-15,-21,-13,-38,0
-3,-3,1,-13,-2,-11,-41,-7
7,11,35,57,12,13,23,8
-2,-4,-37,-41,-6,5,70,4
2,3,17,15,2,1,4,7
-3,0,1,14,6,0,-21,-9
0,-3,13,10,-10,13,50,7
-3,1,1,0,3,-8,0,-2
-3,-6,1,-4,-16,-10,-30,-7
3,5,15,14,12,-5,-9,4
0,2,2,-6,5,6,-14,-3
-4,1,-7,-22,-15,6,32,-4
-4,-3,-23,-13,7,-11,-49,-12
-2,-5,-10,-12,4,-3,-3,3
-2,-5,3,-9,-3,-5,23,-2
-7,-5,-7,-19,6,38,94,0
-7,-5,-7,-19,6,38,94,0
3,0,-9,-8,7,-5,-13,4
6,3,-8,-25,19,9,-12,11
-1,2,4,-8,1,-2,-3,-4
5,1,4,2,-5,-21,-99,-3
0,2,10,30,0,-7,-27,-5
0,2,10,30,0,-7,-27,-5
-4,-4,-9,1,-8,-1,31,-1
-1,-1,2,-4,-1,-4,-2,-3
-7,-4,-10,-16,-8,4,56,-2
-5,-2,5,9,5,3,-6,-5
-5,-2,5,9,5,3,-6,-5
-2,-1,11,17,-13,-6,-4,-3
-1,1,5,11,-9,-7,-15,3
-1,-4,4,-15,0,0,-6,1
-2,-2,-4,10,-3,2,-38,-15
-2,-3,-4,-17,-17,-14,10,2
1,1,8,24,11,14,20,6
-5,-6,-6,-13,-4,-17,-41,-7
-7,-6,2,5,3,3,17,-10
0,-3,-10,-3,4,8,58,5
0,2,5,4,-10,-7,-34,-5
2,0,-3,-5,-6,-4,-20,-2
1,0,0,7,13,6,4,-2
1,0,0,7,13,6,4,-2
0,-2,-22,-15,9,6,-13,-1
2,2,9,12,-3,-8,-4,4
1,-4,-13,7,-5,-1,15,2
-1,1,3,-12,2,-11,-17,-5
-5,1,12,9,20,-2,-38,-11
-5,1,12,9,20,-2,-38,-11
-1,-3,-3,-28,-14,9,61,7
-1,-3,-3,-28,-14,9,61,7
-1,-3,-3,-28,-14,9,61,7
1,-4,-11,-6,-13,-13,-29,-1
-1,2,11,19,5,7,15,3
-6,-2,-4,-7,-8,-15,-11,-5
-1,-3,5,19,-7,-1,-28,-4
-3,-4,-1,-24,-5,1,9,-3
-1,-6,-29,-20,-1,2,0,-2
-1,-1,4,4,0,-3,-9,-5
3,3,18,13,2,3,-8,0
4,2,3,4,6,11,13,2
-6,-7,-10,-4,-10,1,32,1
1,-1,-8,-19,-1,-3,-2,0
-2,-3,-11,-9,-1,5,10,2
-2,-3,-11,-9,-1,5,10,2
-1,-1,4,-6,-7,-1,-5,-8
-1,-1,3,15,-3,0,30,3
2,-1,-13,-10,2,-4,-12,7
-2,-1,-3,1,-3,-4,-12,-5
0,0,9,14,14,11,28,-1
0,-2,3,16,-9,-18,-37,-8
1,2,-6,-17,-3,9,21,1
-4,-4,-11,-9,-7,4,27,3
2,2,7,14,16,20,31,4
0,0,6,2,3,-6,5,2
0,0,6,2,3,-6,5,2
-2,-3,-28,-16,4,-6,-19,-6
-4,-4,-2,-40,-15,13,54,4
-1,-2,-6,7,17,17,13,0
-1,-2,-6,7,17,17,13,0
-1,-2,-14,1,-2,-11,-56,0
0,0,3,0,2,-7,-45,-5
0,-1,-2,-30,-10,-24,-2,12
-1,0,-2,-8,-7,-12,-27,-8
-3,3,15,26,16,9,-3,-4
-5,-6,-10,-16,-17,-3,-9,-7
4,3,2,19,9,5,0,3
-1,0,-1,-12,-14,-5,-8,-2
-1,0,-1,-12,-14,-5,-8,-2
-5,-2,11,-3,-20,-10,1,-3
2,1,3,3,-5,-10,-27,-1
2,1,3,3,-5,-10,-27,-1
-3,-3,2,4,-7,7,14,-3
2,0,1,-1,3,7,5,6
-1,-4,-19,-15,-1,-12,-9,-11
3,2,0,2,14,7,3,4
-2,2,0,2,-4,-1,5,1
-3,-3,-8,3,-6,1,-7,-3
-1,1,4,4,-8,-3,-6,1
-1,1,4,4,-8,-3,-6,1
-4,-1,-4,-10,-11,-7,-19,-6
0,-1,4,6,1,2,-1,0
-2,-2,5,9,2,-3,4,1
-5,-6,-28,-8,-2,-1,-5,-5
3,2,1,-2,5,-1,-11,4
-1,-1,6,2,-4,-3,-6,3
-1,-1,6,2,-4,-3,-6,3
2,1,1,11,0,-1,8,5
-1,0,-4,-10,6,-4,-16,-1
-3,-1,8,7,3,8,13,-5
-1,0,2,4,-4,-4,0,1
-1,0,2,4,-4,-4,0,1
1,2,-7,2,28,4,-3,2
-2,-2,-2,-3,0,2,-3,-4
1,2,5,-16,-15,-1,0,2
-6,-1,6,1,-17,-8,-12,-22
-7,0,3,-1,-3,-2,0,-4
1,-3,-5,5,-12,-4,6,12
-3,-3,-1,0,3,-3,1,6
1,0,5,0,-3,-1,-3,-4
-1,-1,1,-7,0,0,-4,-19
5,2,-5,7,7,11,9,23
5,2,-5,7,7,11,9,23
11,10,-1,-12,15,9,-12,11
-9,-4,12,14,-9,-1,7,8
3,2,-6,-4,-5,0,0,8
-12,-12,0,-2,0,-3,-15,-23
3,15,13,9,-2,5,13,19
5,12,5,2,-6,-9,-15,-24
-40,-6,3,6,-7,-11,-1,-22
13,8,-7,-5,0,0,-10,-17
31,16,20,-3,-11,7,10,31
2,-3,23,-2,-8,-2,12,40
-44,-22,-20,-1,-24,-17,-24,-93
-5,-12,0,3,-4,-5,-14,-8
-18,-5,20,10,2,5,4,-69
10,9,10,17,13,-4,-13,-1
16,2,-7,12,3,9,36,48
3,-5,-17,-19,5,13,32,38
7,1,-11,13,-5,-20,-53,7
7,1,-11,13,-5,-20,-53,7
-3,-15,-40,-22,-15,2,20,13
-9,-20,-47,-45,-11,1,35,8
-2,16,62,25,10,3,-24,-15
17,-28,-100,-46,-21,18,68,39
5,15,40,24,4,-8,-25,-27
-26,-7,19,1,-1,17,31,-78
20,16,70,31,2,8,54,15
21,13,70,40,29,19,-15,41
-5,-4,-15,-13,4,4,2,13
-7,3,-6,0,1,-19,-27,-20
-7,3,-6,0,1,-19,-27,-20
-4,-5,-19,-24,-10,-1,25,15
84,26,4,-6,-25,-8,82,121
15,4,-1,-6,8,-1,-31,60
-51,-26,4,23,-11,-11,-40,-99
35,13,21,15,-16,-1,8,71
-17,-9,-60,-18,-5,-3,-33,-46
11,7,-24,-6,11,1,-4,23
46,21,40,22,21,2,34,98
14,-11,-29,-25,-43,2,70,66
2,16,56,26,4,-3,-33,5
2,16,56,26,4,-3,-33,5
4,17,41,14,31,3,-24,-19
-5,15,22,1,-9,5,7,-16
-21,-12,-19,-4,-10,-5,10,-34
10,-13,-33,-16,-4,0,17,15
1,23,58,37,21,-5,-14,2
-6,14,32,17,-18,0,37,-5
4,0,22,14,4,10,16,39
-12,-24,-94,-36,-17,1,21,-3
-17,-2,15,-13,10,0,-43,-31
-33,-6,6,0,-17,-14,-60,-67
1,11,46,23,1,16,41,-17
1,11,46,23,1,16,41,-17
6,-5,-23,-23,-4,-4,27,-15
-15,-30,-55,-45,33,-3,-55,-8
-14,-12,-2,1,-7,3,-4,-29
-16,-5,-30,4,-14,-7,2,-40
12,17,53,20,1,18,49,18
-4,21,79,28,-5,3,-11,-20
-13,-9,-56,-14,-10,-17,-10,-4
-20,6,28,-4,-17,-11,-27,-27
-19,-20,-9,8,6,11,28,-18
-25,-7,8,14,-1,1,39,-74
-25,-7,8,14,-1,1,39,-74
-2,16,72,12,6,12,40,-20
2,-3,-13,-17,-4,-12,-35,-4
12,21,86,19,-5,5,-2,1
-45,12,33,32,7,-34,-92,-71
-11,-2,26,14,8,5,-6,-2
-10,26,61,47,9,-12,-36,-33
5,10,37,17,7,8,-10,-2
15,6,3,-3,0,-20,-99,15
8,-2,24,1,0,23,66,26
22,26,64,62,30,13,-11,12
-69,-58,-80,-61,-38,-38,-48,-88
9,24,40,30,10,5,-13,8
10,8,53,55,-4,2,31,24
-14,-67,-126,-103,-36,3,94,36
-34,-1,19,29,-8,-20,-49,-79
-23,-8,17,-2,12,12,47,-33
69,42,66,23,21,14,16,112
69,42,66,23,21,14,16,112
-7,-3,20,-6,1,-5,-7,4
1,-1,32,11,-8,-9,0,-6
-31,-30,-72,-32,-12,-31,-70,-39
-5,-16,-48,-49,-39,-23,-76,-10
-5,-16,-48,-49,-39,-23,-76,-10
-6,-20,-44,0,-4,11,17,2
-37,0,17,5,3,-14,-32,-78
11,13,24,2,12,-5,-8,10
-19,34,73,41,31,19,-13,-23
28,28,52,55,17,5,-5,20
28,28,52,55,17,5,-5,20
9,1,49,7,11,17,24,13
-24,-45,-95,-57,-13,-5,31,-12
-17,10,44,25,-9,-5,-3,-31
32,-13,-77,-39,-8,9,49,71
11,21,41,27,-5,-8,-27,-1
-7,18,29,16,12,-1,-3,-34
4,11,36,-15,-11,-20,-41,7
-3,7,23,15,0,-1,-19,-25
35,11,8,2,18,47,107,86
6,5,30,20,1,-6,-11,24
-37,-28,-50,-37,-5,-12,-22,-53
15,31,74,42,13,-5,-53,-5
-10,20,72,29,3,2,11,-38
-30,-59,-128,-96,-34,-25,13,-16
7,19,27,43,1,8,43,3
-14,-2,-10,-15,-7,-10,-56,-50
1,-2,-28,2,-3,3,3,10
-5,-27,-46,-14,-6,-5,-28,4
0,13,11,7,10,6,35,3
-6,1,22,5,-3,-14,-21,-18
-8,-16,-53,-29,-16,1,56,17
6,4,-7,18,32,14,-25,-10
6,4,-7,18,32,14,-25,-10
-2,-7,-30,-4,12,23,64,18
2,16,41,-3,-24,-9,-12,12
5,7,18,16,6,-5,11,2
-9,-17,-30,-16,-11,-30,-74,-9
-12,-8,-80,-37,-21,-8,3,-29
-2,6,36,11,1,-2,-14,-11
-17,11,18,-5,-17,5,-4,-69
-15,-30,-65,-14,-11,4,31,-26
7,3,11,12,4,1,8,16
2,1,7,11,13,-2,2,9
7,3,-3,3,-14,-3,13,13
-6,6,1,7,-3,0,8,-31
9,-9,-28,-6,-9,-2,-1,32
18,26,66,18,26,8,0,23
-8,-9,-14,-27,-20,-7,22,2
-2,1,-20,3,-16,-10,-35,-10
1,7,20,14,10,7,-4,-3
1,7,20,14,10,7,-4,-3
-12,-9,-12,-10,10,-7,5,-27
1,2,-21,-11,-4,-2,-9,13
2,1,29,17,13,-4,-11,-2
-6,-6,-22,-7,-26,-10,-26,-8
-9,-19,-48,-26,-5,-22,-53,-3
14,10,11,-5,-5,-2,8,22
-15,-15,-36,-16,13,16,-7,-23
-2,-2,-15,-1,-2,7,17,4
-5,-46,-75,-50,-9,-4,-1,35
6,15,30,17,-7,-12,-21,0
6,15,30,17,-7,-12,-21,0
7,26,68,29,12,-3,9,-1
-1,16,44,7,2,-4,18,-13
6,-1,18,3,6,2,-1,13
6,3,4,-2,-20,-19,-45,4
23,10,26,7,-11,12,42,58
-18,-9,5,-4,-8,-1,-29,-25
-11,1,22,5,-11,-18,-63,-33
1,8,4,-1,-7,0,-2,6
-3,4,26,11,8,-6,-15,-8
0,-2,-1,-6,-3,5,28,4
-1,-1,4,5,23,4,-62,-9
19,2,-8,3,11,16,26,39
-9,-9,-45,-15,9,2,0,4
-4,-1,8,4,-20,-4,-10,-14
-3,-4,-7,-4,-3,3,13,1
-1,-1,12,-7,-4,8,43,4
-12,-13,-15,4,-22,-27,-46,-8
-4,-10,-17,-71,-8,20,59,4
1,3,22,61,20,-3,-28,2
-5,0,10,20,7,6,25,-4
-5,2,25,29,-5,-9,-39,-9
-5,2,25,29,-5,-9,-39,-9
-4,-13,-37,-48,-20,-15,-3,0
-1,-1,3,11,2,-3,-3,-8
-6,-7,-39,-67,-27,-4,43,6
-8,-11,11,-2,-18,2,28,-7
2,3,4,4,7,18,20,2
6,0,0,4,-13,-7,-24,0
1,4,4,49,1,-20,-30,3
1,0,6,4,-3,-4,-19,2
-3,0,-23,-54,-6,-4,-19,-7
0,-1,6,-21,-4,12,44,7
0,-1,6,-21,-4,12,44,7
4,7,-7,6,8,5,2,6
2,6,20,70,15,7,-2,-4
-2,-3,-9,12,-6,-8,-30,-5
-7,-8,-25,-47,3,-9,-25,-10
-1,3,8,-5,-13,15,59,6
3,0,4,25,6,-13,-56,-5
-2,3,17,22,3,-6,2,0
0,-5,1,0,-4,-6,-37,-8
-5,-3,-13,-24,0,0,15,-7
1,-3,0,8,-13,2,21,6
1,-3,0,8,-13,2,21,6
-5,-6,-6,-16,-21,-35,-53,-10
4,7,20,29,17,13,32,13
3,4,14,35,6,1,3,-3
-2,1,11,27,39,18,11,1
-2,1,11,27,39,18,11,1
-3,1,14,43,-4,3,41,1
-3,1,14,43,-4,3,41,1
-1,-4,-15,-24,-17,-9,-11,-1
1,1,-15,-16,14,1,-14,2
-6,-8,-30,-24,-30,-5,17,-4
-5,-3,12,-13,-1,15,52,-2
-5,-3,12,-13,-1,15,52,-2
4,5,7,-4,5,-5,-42,0
-1,0,4,-6,-3,0,43,-2
-2,-6,-17,-7,-4,7,-21,-5
-1,-1,6,7,-15,1,9,3
-2,-4,-1,10,0,-5,-29,-11
0,-1,-1,4,-5,-10,-7,-5
2,1,-14,0,12,-13,-63,2
3,1,12,14,22,2,-14,7
-3,-2,-19,-46,-15,-1,15,-1
2,2,12,19,-12,-13,2,2
2,2,12,19,-12,-13,2,2
-4,-4,-5,-4,-12,-8,-4,-6
1,2,10,7,0,0,-7,-3
-2,-5,2,-1,-1,-11,-13,-3
-7,-2,-7,-10,7,10,13,-7
-3,-4,-3,3,-9,-9,-19,-9
-2,-1,-4,4,-3,-12,4,-1
-2,-1,-4,4,-3,-12,4,-1
5,3,17,24,22,10,-2,5
-3,-9,-19,-18,-20,-2,-1,0
-1,2,-6,8,0,-7,-5,-10
2,-1,0,-21,8,15,8,8
-3,1,-6,0,-4,-8,-37,-5
-3,1,-6,0,-4,-8,-37,-5
-3,0,-2,5,-4,0,28,0
-4,-2,3,-2,-1,-13,-17,-5
0,-3,1,12,-14,-6,-32,-3
-4,-5,-6,-14,-21,-17,-22,-12
-4,-5,-6,-14,-21,-17,-22,-12
-1,0,-3,-15,-7,16,53,10
-2,-6,-11,-14,11,5,7,2
-1,-3,-4,3,4,-1,4,-9
3,3,2,17,14,3,-31,2
-6,-6,-13,-14,-22,-11,-14,-4
-1,0,1,7,6,-11,-13,-2
0,-4,-12,-6,-6,-1,20,3
-3,5,13,7,-2,0,-4,-1
-3,-3,-7,-16,-3,1,5,-4
3,5,7,4,6,1,15,6
3,5,7,4,6,1,15,6
-4,-2,0,7,-10,-14,-33,-7
-3,0,0,-4,7,-1,-31,-9
3,-1,6,9,6,-4,-24,2
1,-1,7,9,-15,4,22,4
1,-1,-3,-11,-7,-3,10,0
-1,2,-2,-15,-1,-6,-34,-9
-1,2,-2,-15,-1,-6,-34,-9
0,-1,5,-5,-14,5,26,8
-1,-1,-12,17,24,16,12,0
-2,0,1,-9,11,-2,-30,-6
1,-5,-7,-13,-17,-12,5,1
1,3,9,-4,2,10,6,5
-4,-4,6,1,-13,-2,21,-4
1,-1,-2,2,9,6,31,6
0,1,1,0,-15,-26,-81,-1
-1,-4,-12,-22,-13,3,20,1
-4,-3,-2,8,5,3,16,1
-4,-3,-2,8,5,3,16,1
1,0,1,-1,0,0,-1,-4
-1,0,-3,3,17,13,11,-6
-6,-3,-13,-21,-22,-9,7,-12
3,3,6,5,-1,-8,-31,1
3,3,6,5,-1,-8,-31,1
1,-3,-8,2,6,-5,-2,7
4,1,-4,6,19,5,-1,7
1,1,6,3,-12,-8,-6,0
1,1,6,3,-12,-8,-6,0
-4,-1,-3,-16,-19,-12,-17,-11
-1,0,1,4,6,5,6,1
-5,-6,-3,-7,-3,-6,1,-6
-1,1,4,1,-9,-5,-3,1
2,2,2,2,28,10,0,1
-1,-4,-18,-14,-10,-6,-3,-2
1,5,11,4,-6,5,12,5
1,0,1,0,10,2,-10,-2
-1,-1,-3,6,14,-1,-10,-2
-3,-1,-6,-10,-13,-5,-8,-13
-7,-3,9,3,-6,-9,-29,-18
3,-4,1,11,-2,6,4,10
0,0,-2,-4,-6,3,13,4
0,0,-2,-4,-6,3,13,4
1,-2,-3,-3,-8,-5,0,1
1,0,-4,-2,-5,-6,0,2
-6,-6,-35,-31,2,1,-2,-2
6,3,10,15,-3,6,8,7
1,2,0,0,5,2,18,11
0,2,-1,0,8,0,-4,-4
-15,-6,-1,4,9,-1,-17,-35
5,-2,0,1,-15,2,5,12
5,6,24,24,21,10,9,10
-2,0,16,6,-4,-5,2,-2
-2,0,16,6,-4,-5,2,-2
-3,-2,-12,-28,-11,11,55,19
3,2,-3,1,-8,-1,-10,1
-6,-1,-4,-2,-11,-12,-20,-8
-5,-5,-14,-13,-2,-1,-4,-9
-5,-5,-14,-13,-2,-1,-4,-9
1,0,-5,0,7,4,4,2
1,0,-5,0,7,4,4,2
-2,-8,-37,-44,-19,-13,-23,4
-6,0,9,2,-9,-6,-18,-31
-6,0,9,2,-9,-6,-18,-31
-4,-1,-3,-5,-1,-7,-14,3
-4,-1,-3,-5,-1,-7,-14,3
3,-2,10,8,-8,-7,-3,-1
0,-6,3,-14,-3,-2,-1,5
2,1,4,0,2,-7,-25,5
2,1,4,0,2,-7,-25,5
3,-4,-10,-12,4,2,7,9
-7,1,-8,-8,3,3,5,-2
-1,-4,-1,4,3,6,11,7
11,4,-6,2,5,8,6,13
11,4,-6,2,5,8,6,13
-15,-8,-6,-1,1,-10,-18,-27
-15,-8,-6,-1,1,-10,-18,-27
1,5,14,12,11,2,6,-14
15,9,13,3,6,21,60,41
3,-1,3,2,-2,-6,-13,22
-23,-6,-10,-20,-8,-4,-21,-50
20,7,3,-4,-4,-3,14,26
-1,-7,-40,-3,17,5,1,5
-1,-7,-40,-3,17,5,1,5
-13,10,37,4,-12,-8,0,-16
-6,6,18,6,7,-2,-28,-47
1,-14,-14,-22,12,-2,4,25
12,8,-14,17,-6,3,-1,17
1,18,69,44,-5,29,71,-19
20,10,-10,-2,0,-13,-32,60
20,10,-10,-2,0,-13,-32,60
0,-4,13,7,-7,6,12,-64
34,4,-35,-30,-13,-18,3,87
-8,13,62,30,20,-17,-70,-18
-7,-21,-37,-29,-20,10,50,28
-7,-21,-37,-29,-20,10,50,28
-21,-64,-81,-68,-25,-8,17,17
12,49,116,67,30,9,-22,-14
-40,-30,-69,-15,17,16,6,-31
-73,-38,-69,-57,-45,-49,-60,-128
-73,-38,-69,-57,-45,-49,-60,-128
4,26,67,31,16,0,-8,9
24,23,6,24,16,25,24,19
22,40,99,39,22,23,30,33
8,-4,-16,-35,-17,2,24,46
8,-4,-16,-35,-17,2,24,46
-1,4,3,18,20,16,33,6
8,6,18,3,-5,-27,-58,-7
-42,-64,-93,-75,-38,-25,-34,-34
-52,-70,-112,-89,-59,-48,-22,-67
12,25,84,51,5,-17,-42,12
-12,-2,3,-21,2,-10,-25,-17
6,-22,-89,-37,-23,-12,-43,28
-6,-13,-7,-9,-15,-21,-5,-26
-31,-9,3,0,-8,-18,-48,-83
21,27,67,13,-22,-20,-84,29
22,-7,-35,-12,4,17,20,49
-5,-59,-96,-59,-31,-7,39,12
9,41,36,9,5,5,-24,-27
15,19,72,42,25,33,65,21
-6,-25,-12,19,11,7,7,1
-35,-54,-82,-60,-1,-20,-31,-31
-35,-54,-82,-60,-1,-20,-31,-31
-8,1,7,4,5,-5,-51,-17
14,10,37,25,22,25,9,11
-12,-1,2,-28,2,-3,11,2
9,23,62,32,11,3,-13,-9
-7,-24,-49,-1,-6,11,14,9
8,24,50,18,1,9,33,11
1,-13,-34,-8,2,-18,-46,-8
1,-13,-34,-8,2,-18,-46,-8
-64,-36,-26,-47,-42,-20,-20,-61
8,-10,-45,-16,-27,-8,-1,17
16,53,93,65,29,49,60,19
-8,-27,-55,-19,-15,3,5,-26
14,-2,1,9,12,9,37,45
-23,4,57,21,4,3,19,-40
9,13,52,40,16,7,16,3
7,0,-29,-12,-9,-22,-30,14
0,5,23,-4,-27,-5,13,13
-2,-5,-24,-4,-12,-9,-2,13
-1,-17,-15,-6,2,4,-42,-11
-1,-17,-15,-6,2,4,-42,-11
-9,0,-11,-4,6,9,27,-10
-9,0,-11,-4,6,9,27,-10
-4,7,16,22,3,-3,-47,-10
-4,7,16,22,3,-3,-47,-10
20,11,12,2,1,-2,-20,-5
-3,-14,-27,-15,-18,-6,10,0
-3,-14,-27,-15,-18,-6,10,0
-3,1,-3,-3,-2,9,2,6
-2,-7,3,22,22,19,83,10
-20,-32,-74,-50,-16,-12,-5,-10
-20,-32,-74,-50,-16,-12,-5,-10
11,1,1,-12,1,-25,-32,35
1,9,9,9,2,28,69,1
1,9,9,9,2,28,69,1
2,1,2,32,5,-1,-1,-1
2,1,2,32,5,-1,-1,-1
-8,-8,-22,-55,-6,-5,8,-13
-8,-8,-22,-55,-6,-5,8,-13
2,-1,-16,-20,27,3,-18,1
2,-1,-16,-20,27,3,-18,1
-1,6,26,20,-19,-11,-51,-13
4,-2,-5,-30,-12,-10,45,11
-8,-5,-3,-9,-6,-4,-19,-17
-8,-5,-3,-9,-6,-4,-19,-17
2,3,9,54,18,10,30,3
2,3,9,54,18,10,30,3
-2,-1,-12,-21,-16,-1,-6,-7
2,3,3,-7,16,2,-16,-4
1,2,17,-10,-14,-12,-37,-4
0,0,4,27,-1,-5,11,6
-4,-4,-1,-19,-3,-4,2,-6
2,0,-20,-28,13,4,11,6
0,-2,-1,23,-6,-13,-28,-3
-7,-5,-10,-14,-11,3,20,-4
1,0,10,21,2,5,-2,0
0,0,4,6,16,7,-2,-2
-1,-2,13,12,8,8,39,7
-1,-2,13,12,8,8,39,7
2,1,-6,-6,8,-6,-13,1
2,1,-6,-6,8,-6,-13,1
-2,1,3,2,-6,-2,-4,-4
-5,-5,-30,-32,-4,-1,-21,-13
3,4,14,4,-1,14,23,4
-3,0,14,28,-19,-11,7,-1
4,1,-2,-8,9,-2,8,6
-4,-5,2,-2,-8,-11,-23,-9
-1,-3,2,26,6,1,8,0
-1,-3,2,26,6,1,8,0
4,1,-1,15,6,5,1,4
-5,-2,-3,-5,0,-10,-40,-17
2,-2,-11,-13,-2,1,11,9
2,-2,-11,-13,-2,1,11,9
3,1,7,-2,28,15,10,2
0,1,-14,-31,-10,-9,0,6
-3,0,8,11,-5,-8,-24,-12
2,0,1,6,2,-1,6,4
-2,-3,-13,-20,-19,-8,3,6
1,2,12,40,1,-4,5,0
-1,-2,7,33,16,10,0,-6
5,9,22,23,13,4,0,6
-6,-6,-4,-14,-5,-6,7,-4
-4,-5,-12,-19,-19,2,20,2
-1,3,-3,-8,17,-12,-50,-15
2,5,18,6,-3,6,-1,2
0,1,4,8,12,6,7,0
-3,-4,-8,6,11,22,85,14
4,6,15,9,12,7,12,5
-2,-4,-8,-19,-22,-13,-29,-10
-4,-1,-4,4,-5,-1,-6,-4
-4,-1,-4,4,-5,-1,-6,-4
-2,-3,-8,-11,2,-3,-4,-2
-2,-3,-8,-11,2,-3,-4,-2
-2,-2,1,6,-3,-9,-7,-5
-3,0,0,-1,6,3,8,3
-3,0,0,-1,6,3,8,3
2,0,1,-15,1,-4,-30,-4
-2,-2,2,2,8,-4,-4,-1
-1,-4,-5,-4,4,5,18,5
-2,1,7,5,1,-4,2,-3
-1,-1,-6,-5,-8,-14,-26,-4
-1,0,-4,0,-2,1,-10,-1
-1,-4,-8,-5,-24,-8,-8,-4
-2,1,13,-6,-10,4,20,-4
2,0,1,-2,6,0,2,8
2,-1,1,7,1,0,-10,-2
-4,-2,-22,-24,-8,-2,-8,-4
3,3,2,10,32,9,-10,1
-2,0,-2,-5,-18,-10,-7,-4
-2,-4,-12,-9,-5,-3,4,-11
-1,0,-2,2,-6,-7,-15,3
-1,0,-2,2,-6,-7,-15,3
-1,-2,-3,-5,-1,-1,18,2
-2,-1,-16,-6,-13,-4,-16,5
-2,-1,-16,-6,-13,-4,-16,5
-3,-3,3,0,-1,-9,-10,-5
-2,1,1,1,-13,6,14,-5
-4,-4,4,1,-9,-5,-9,-5
2,2,4,3,-1,-1,-11,1
1,-1,-8,-10,-2,-4,3,1
1,-1,-8,-10,-2,-4,3,1
4,2,1,9,40,15,5,4
-2,0,-2,-1,-3,0,1,-2
-2,-3,-8,-13,-7,-7,-4,-2
-3,-2,1,6,10,14,1,3
2,-5,-22,-31,20,14,4,5
-2,0,-9,-9,7,0,-6,-9
-6,-1,5,10,-11,-7,3,10
0,4,10,0,7,1,1,-5
-1,-4,5,-2,-15,-1,1,1
3,-6,-14,-9,-8,-3,0,-2
2,1,-2,8,-6,-7,-4,-5
1,-5,1,-2,4,-1,-3,5
-3,-7,-10,-31,-9,0,-18,-43
5,7,7,4,24,-4,-29,-57
-3,-7,1,-1,-3,3,13,26
4,3,5,-1,1,-2,-5,1
0,-5,-17,-7,-15,-3,27,35
-39,-8,-9,-1,4,-13,-58,-85
10,22,41,14,-4,13,30,25
13,-19,-17,-5,3,-10,-26,-7
-2,-18,-36,-11,3,-8,-17,41
3,1,9,5,8,4,0,-10
-20,8,16,4,1,-10,-20,-46
0,-1,-20,0,-11,-5,-3,-8
15,-7,-6,18,6,16,21,-22
15,-7,-6,18,6,16,21,-22
-12,-12,-53,-45,-20,-6,2,7
-12,-12,-53,-45,-20,-6,2,7
14,4,-8,5,-11,6,24,23
-3,0,-9,-18,-29,-14,-15,31
-16,13,37,17,-1,-10,-15,-62
30,59,36,21,2,-4,-34,-41
30,59,36,21,2,-4,-34,-41
-2,-25,-25,-8,19,8,4,29
-2,16,23,54,-16,-8,-8,4
-2,16,23,54,-16,-8,-8,4
-35,-35,-68,-49,4,1,-17,-56
-17,-5,7,-38,-34,2,55,-52
21,16,28,26,-2,-8,-23,44
2,7,12,53,103,38,35,16
-5,7,24,-14,-18,-6,-19,-14
-5,7,24,-14,-18,-6,-19,-14
-13,17,82,58,32,-14,-104,-32
27,-10,-12,-24,-28,-1,80,69
-2,-43,-120,-114,-54,-24,-53,15
10,27,73,88,35,9,-56,16
-19,-22,-19,4,22,5,47,-27
-5,-5,6,20,15,23,35,-13
-5,-5,6,20,15,23,35,-13
-28,6,8,13,30,5,-61,-83
26,0,14,-19,-20,-2,86,67
-32,-28,-24,1,-13,-26,-68,-29
-32,-28,-24,1,-13,-26,-68,-29
-7,-26,-33,-51,-10,20,35,7
-46,-13,16,-4,-26,-42,-72,-102
-7,-19,-27,-28,-17,0,18,18
40,-38,-112,-33,0,33,127,109
53,15,39,11,-7,-5,22,50
-13,-39,-72,-63,-31,-15,-45,47
-13,-39,-72,-63,-31,-15,-45,47
-15,13,23,10,23,-3,-50,-64
16,32,77,16,4,4,3,13
-23,-7,34,-8,-19,27,87,-26
-22,-8,-32,-12,8,-5,-21,-37
32,7,16,4,-7,-5,22,63
3,-5,-14,-10,-5,-5,-11,13
30,22,-22,-20,-14,-2,3,44
-22,-24,30,31,37,20,15,2
12,-6,-21,8,12,-6,0,63
12,-6,-21,8,12,-6,0,63
-25,-17,-1,-20,-42,-18,-10,-15
15,9,9,9,1,10,35,11
-12,1,-5,-4,4,-3,-10,-19
45,22,-13,-8,-11,-12,-25,-5
-19,-21,-9,-9,-22,-8,-12,2
-28,-1,18,-13,-11,-12,-5,-43
13,0,-2,-8,26,8,0,38
-25,-13,-14,-6,-22,-3,13,5
-6,-11,-14,3,4,8,6,7
-5,-9,7,-5,-24,-8,13,11
13,22,15,16,21,-2,-15,6
9,17,29,18,1,-2,-17,-6
-13,-1,-5,-2,-14,-8,-15,-28
-3,-5,-24,-14,17,8,5,-12
-3,-5,-24,-14,17,8,5,-12
14,5,1,5,12,16,25,10
-20,-14,-22,-10,-9,-18,-54,-38
-3,0,13,-11,-2,-11,-20,-6
-8,8,73,31,21,8,9,1
-1,-5,18,2,-9,-4,3,4
-8,-1,-24,-7,-18,-5,-39,-35
12,-1,-16,-2,-24,1,17,30
-20,-26,-47,-19,-30,-20,22,-26
-17,-1,20,17,22,5,-6,-39
1,-4,4,-9,-2,-2,1,5
11,14,39,17,14,12,19,18
4,1,4,2,-9,-2,0,3
3,9,15,12,14,8,61,7
4,-4,-55,-9,8,3,-20,23
-3,-2,-3,-8,11,-1,-37,-22
-15,-14,-52,-37,-39,-19,-21,-13
10,14,46,25,4,-5,-1,22
4,-2,18,5,22,14,19,3
14,3,-4,1,-8,-4,-4,28
79,20,4,9,8,2,31,89
-20,-5,-8,-7,-22,-15,-20,-8
-8,3,26,19,8,-11,-40,-41
-8,3,26,19,8,-11,-40,-41
-28,-13,-16,-19,-7,9,31,-68
-22,6,41,22,21,-4,-47,-43
-70,-26,-29,-36,2,-5,-55,-33
5,0,-3,5,-11,0,39,-18
1,4,0,-7,-14,-10,-16,-13
10,8,37,27,11,8,-7,15
-18,-7,5,-1,-25,-12,-10,-48
10,4,5,4,14,-6,-14,29
3,-2,-4,-3,-20,2,8,1
1,-2,17,0,-17,-10,-13,4
18,-12,-47,-16,2,-9,5,62
-14,-1,14,6,-19,-16,-28,-32
22,6,-16,-2,-3,-15,-21,52
22,6,-16,-2,-3,-15,-21,52
-13,-1,6,-13,5,5,24,-14
-4,1,-7,1,23,1,-13,-23
4,2,-8,-8,-14,12,22,7
-1,24,64,43,15,-3,-29,-22
-8,-4,4,-8,-21,-8,-28,-19
13,7,5,0,2,7,30,42
47,18,-18,-6,-11,0,-3,-5
12,3,-13,-6,0,-11,-19,-36
-4,-4,23,3,-13,5,46,3
-15,-26,-19,-12,-18,3,19,35
-15,-26,-19,-12,-18,3,19,35
-26,-2,21,3,-18,-12,0,-23
-5,-9,-4,4,7,-10,-31,-5
-9,-10,-60,-25,-9,-11,4,-12
4,7,-30,5,16,14,-23,-11
11,-18,-56,-22,-10,-4,33,69
-30,-8,21,7,3,-9,-8,-39
2,5,55,16,-15,-4,4,-5
-10,16,51,21,4,-1,-2,-33
-10,16,51,21,4,-1,-2,-33
-70,-31,-54,-27,-22,-20,-38,-126
-70,-31,-54,-27,-22,-20,-38,-126
8,-8,-25,-15,6,0,42,16
12,-1,-10,-12,-14,-9,-23,19
-7,-8,2,-15,-34,-14,-33,-13
-19,-15,-13,-10,20,-2,-22,-30
13,1,-16,-15,1,4,6,5
5,24,66,31,19,14,-7,-2
3,-15,-39,-12,1,6,29,24
11,2,5,-5,13,3,11,18
11,2,5,-5,13,3,11,18
-52,-28,-75,-43,-22,-17,-16,-99
15,8,6,6,1,1,9,58
15,8,6,6,1,1,9,58
19,-5,-9,-16,-32,-4,-1,46
-6,-7,-23,-1,-13,1,33,1
28,8,2,1,1,13,36,21
22,-4,-5,2,10,8,28,41
-3,-8,-8,-21,-1,-2,42,2
-11,-13,-6,5,17,3,-15,-8
-4,12,36,13,7,1,-12,-13
6,15,3,-1,0,-4,-32,-1
8,9,22,8,-13,-9,6,24
0,-1,-13,-4,3,12,28,5
0,-1,-13,-4,3,12,28,5
2,-2,5,-9,-3,-10,-16,2
2,1,-29,-30,-9,3,4,1
12,23,88,121,44,10,-23,8
-3,-2,3,-4,9,11,31,-1
4,-11,-40,-95,-36,-32,-73,-2
0,4,13,46,30,10,0,3
-1,-14,-85,-97,-12,-8,-39,-12
-1,0,1,18,8,-2,8,-19
-5,-7,2,-15,-1,23,89,4
-3,-5,-8,-17,-16,-15,-35,-18
0,3,-7,14,1,-2,-17,-2
6,2,-8,-23,1,-8,-60,10
3,-2,-21,5,15,0,-29,8
1,1,-1,9,1,-4,-19,3
1,1,-1,9,1,-4,-19,3
1,-3,-8,-32,-17,-5,-3,3
2,1,14,32,-3,-1,7,3
2,1,14,32,-3,-1,7,3
-3,1,-12,16,20,1,-34,-12
0,-5,-17,-25,1,8,24,-1
-6,-6,-10,-8,-18,-10,-24,-12
-2,1,26,31,2,-6,-22,-2
-1,-1,7,8,-8,2,12,-4
4,5,0,-5,13,-2,-23,2
-1,-2,-11,-23,0,-8,-23,-2
-3,-5,-11,-7,3,1,37,7
5,4,0,1,-5,-10,-27,12
-2,-8,-16,6,5,7,-1,-2
-2,-8,-16,6,5,7,-1,-2
-2,2,21,22,-11,-11,0,-9
-1,-1,5,10,-2,-4,1,-1
-3,-1,2,2,7,3,47,-6
-3,2,2,4,10,1,-38,-10
-2,-2,-4,7,5,3,6,4
-3,-1,24,53,12,7,-8,-2
2,-1,-1,-14,-4,-12,-34,5
3,2,0,7,-9,7,23,6
-2,-4,-9,-13,16,6,14,1
-2,1,7,-2,-6,-8,1,-5
-4,-5,-13,-12,14,11,20,-5
-4,-5,-13,-12,14,11,20,-5
-1,3,10,23,-15,-9,-25,-1
-7,-7,-6,-7,10,17,47,-8
-13,-7,-8,-9,-41,-35,-47,-23
1,1,12,12,16,9,-2,4
-2,-1,6,-26,8,5,-4,1
5,1,1,-2,-19,-6,-23,7
-1,-3,-25,-36,0,5,14,3
-1,2,5,-1,4,-4,-1,0
1,3,12,27,14,31,71,2
1,-3,-20,-18,-2,-8,0,1
1,-3,-20,-18,-2,-8,0,1
-3,-1,9,18,6,3,23,-5
3,1,9,5,-7,-6,-8,7
-2,-4,-9,-20,8,7,9,2
2,0,3,9,13,18,54,7
2,0,3,9,13,18,54,7
0,-3,-5,10,-5,-11,-16,-3
0,-3,-5,10,-5,-11,-16,-3
-1,1,10,10,21,7,15,3
-3,-1,-7,-4,-18,-6,-34,-4
-2,-7,-35,-53,-9,-6,-8,-2
0,2,9,13,-17,-13,-30,-4
4,4,6,11,-1,7,4,3
-1,0,-2,-1,-8,-7,-10,0
-1,0,-2,-1,-8,-7,-10,0
1,-1,-1,-8,-2,-4,2,1
-3,-2,-4,-1,3,2,3,-5
-3,-4,-5,-13,-1,-5,-16,-8
-3,-4,-5,-13,-1,-5,-16,-8
-2,-4,-13,-20,-25,-14,-6,-2
1,2,5,7,23,7,5,3
-1,1,1,5,-3,5,2,1
1,0,4,-2,-13,-5,-1,-1
-3,-3,-5,-4,12,7,-9,-2
0,-1,-6,-7,-6,-2,13,2
-2,1,-2,0,7,-3,-4,0
-1,-2,-12,-10,0,-9,-12,0
-1,0,10,1,-17,-6,0,-1
0,-2,-5,-3,-11,1,7,3
0,-2,-5,-3,-11,1,7,3
1,2,0,4,27,13,2,4
-2,-2,-5,-1,3,-6,-20,-6
0,-1,-1,3,6,4,3,1
-5,-2,-5,-15,-1,-4,2,-7
1,3,0,6,25,9,-1,5
-1,-1,-1,-1,-3,5,9,-1
1,2,3,5,14,9,7,4
0,-1,-6,2,13,11,20,2
1,-1,2,6,16,11,-4,2
-1,-2,-1,-1,-9,1,23,-4
1,0,-3,9,8,2,-11,1
-4,0,6,-1,-7,-1,-7,-3
0,0,-3,-7,-6,0,5,-2
0,0,-3,-7,-6,0,5,-2
-2,-1,-2,-6,-2,-1,-7,-7
-8,-6,-7,-20,-8,-8,1,1
3,1,0,15,-15,-8,-13,-1
-4,1,1,-11,-13,-4,-5,-19
-4,-1,-1,-22,-20,-2,-1,-6
0,-1,-4,0,-6,-5,-1,3
1,-2,-16,-9,-1,-4,-24,8
10,15,10,31,14,5,4,1
29,20,-4,-1,20,7,-5,-11
6,-11,-5,17,9,-4,5,7
-3,-3,6,-8,-7,-8,-16,2
-3,-3,6,-8,-7,-8,-16,2
-18,-6,-4,-18,20,15,13,-7
-17,-20,4,4,-5,-5,-5,-1
-30,-16,2,5,3,5,11,0
-11,-4,4,-31,-7,-2,1,-13
6,6,16,23,9,16,33,31
6,6,16,23,9,16,33,31
-54,-45,-22,27,8,1,-21,-42
-12,-24,3,-7,-19,-14,-3,39
57,28,13,-11,-5,4,18,30
57,28,13,-11,-5,4,18,30
17,5,-32,-6,-7,1,46,57
26,20,6,2,-2,-15,-24,5
-16,1,52,28,23,20,17,-5
-4,-4,-19,-6,-15,-23,-75,-73
40,15,27,2,9,21,64,108
20,6,6,21,9,25,46,57
21,43,81,3,40,11,25,57
-27,-34,-95,-36,-11,-16,-37,-42
69,46,28,51,32,-4,-8,81
6,12,33,38,1,2,2,16
-22,-10,-43,-23,13,-3,-16,-47
20,-20,-67,-39,-8,31,63,52
-42,-34,-88,-32,-4,-4,-14,-110
26,-35,-64,-60,-31,-5,78,123
-74,-7,51,28,11,-4,-54,-112
-74,-7,51,28,11,-4,-54,-112
1,-4,13,14,-11,11,2,-28
16,-22,-63,-38,-19,-6,92,68
16,-22,-63,-38,-19,-6,92,68
-11,12,50,-12,1,-10,-64,-5
-54,-12,2,13,14,-1,-79,-48
20,14,35,18,-4,-1,-13,6
-2,-32,-45,-35,-11,-2,23,6
4,36,100,17,6,-6,-13,-8
-2,27,54,41,22,-4,-84,-25
-78,-26,-56,6,9,-3,-54,-101
47,7,6,-5,-27,-23,25,63
42,4,19,-22,-1,8,77,93
-31,-54,-72,-71,-41,3,78,-6
-31,-54,-72,-71,-41,3,78,-6
78,18,-26,-15,37,58,102,127
-73,-7,22,6,-9,-10,-60,-92
-2,6,-24,-8,-14,-37,-35,-62
-2,6,-24,-8,-14,-37,-35,-62
-16,15,92,16,4,-9,-26,-57
-72,-26,-77,1,-28,-10,-3,-83
-7,-12,9,11,-1,2,-28,29
-62,-2,45,36,29,11,-52,-99
37,-21,-76,-41,-31,-6,6,64
35,27,47,18,-7,2,47,34
8,10,30,34,16,5,-14,30
36,0,13,-10,-26,-11,13,80
-2,16,42,27,25,9,2,-52
-6,-3,-29,14,-5,-10,-29,-17
8,-15,-89,-38,-10,5,35,23
-28,-33,-97,-67,-15,2,15,-24
14,14,43,6,18,-12,-67,15
14,14,43,6,18,-12,-67,15
8,17,8,33,11,4,14,6
18,-10,-50,-6,7,-3,18,58
30,36,93,22,2,20,43,41
-5,-7,27,-12,-7,10,22,-1
-6,-22,-18,-3,-13,-7,8,10
26,13,39,-24,-16,-4,11,65
-5,-21,-49,-46,-26,-5,85,7
15,4,-8,29,28,20,-5,18
-10,9,55,25,1,-15,-26,-43
-32,-20,-35,-29,-14,-29,-39,-64
-32,-20,-35,-29,-14,-29,-39,-64
0,2,-15,9,2,1,24,-11
8,-6,-29,-10,-23,-20,0,21
-3,-3,25,26,8,-16,-72,-17
-2,1,4,9,14,16,8,0
-2,1,4,9,14,16,8,0
-3,12,40,8,-11,-22,-12,-32
-17,-14,12,-2,-17,8,33,20
4,20,55,37,26,10,-34,-15
-29,-5,-40,-20,-22,-11,-12,-83
-29,-5,-40,-20,-22,-11,-12,-83
-11,-7,-34,-54,-12,-11,-36,-7
12,-1,15,-9,3,2,26,44
18,43,51,34,-1,-2,-28,-11
6,-3,-41,-4,-11,-8,-12,0
0,7,-1,-8,-7,-11,-34,0
-1,-15,-31,2,-13,3,1,8
19,19,33,-8,-10,-10,30,26
-22,0,22,14,-3,10,3,-46
-15,-9,28,-2,7,-7,-44,-18
41,23,33,25,21,8,-38,66
-17,-4,-29,-10,7,3,22,-18
-35,-42,-99,-61,-28,-18,-18,-44
-35,-42,-99,-61,-28,-18,-18,-44
-9,-9,-17,1,0,0,21,-14
-6,-23,-29,-34,-5,0,58,-20
-16,-8,-6,7,19,-4,15,-7
4,-6,-2,-11,-24,6,17,15
21,11,53,20,15,12,18,44
15,14,44,4,-6,15,30,19
3,12,39,16,2,-8,-14,-5
-10,2,2,17,35,16,-6,-37
21,7,12,8,7,0,9,54
-15,-17,-7,-24,-28,-17,-24,-16
-17,-10,-26,-15,-7,-18,-24,-36
-9,2,17,-9,-10,1,-16,-19
15,23,9,17,1,5,14,25
7,7,5,19,7,2,-24,2
-7,2,-3,-4,-6,2,39,-16
-6,-11,-33,-16,-23,-10,-8,6
23,8,3,13,22,12,18,53
23,8,3,13,22,12,18,53
-8,-28,-70,-30,-12,-7,7,7
-6,-5,40,11,7,5,-15,-32
-2,1,34,7,-13,-10,-22,-13
8,5,6,4,10,7,3,6
-18,-26,-63,-33,-45,-33,-30,-27
-3,-6,-34,6,21,16,15,12
-18,0,16,2,-13,-11,-17,-26
-5,-1,-11,-7,-2,0,7,0
1,-1,10,4,-2,-6,-5,0
8,10,13,6,6,1,6,9
8,10,13,6,6,1,6,9
-7,1,-3,-2,-4,-7,-13,-23
4,10,13,9,-9,-9,-23,-2
4,9,20,38,17,9,-5,6
3,0,-8,-5,19,15,9,6
3,0,-8,-5,19,15,9,6
-5,-4,-3,-3,-12,-11,-13,-5
-3,-2,12,35,-5,2,10,1
-2,2,7,-1,-11,7,40,-9
3,2,2,24,0,-5,0,9
-6,-8,-33,-68,-19,-21,-55,-19
2,0,-8,13,4,-4,4,10
-1,1,9,-3,3,11,6,2
4,6,9,15,3,9,19,3
-3,-7,-11,-10,1,-23,-63,-4
0,-1,-13,-35,-14,-7,5,6
0,2,22,37,3,-12,-22,-11
-1,2,19,19,-12,0,5,3
-2,-1,17,20,10,1,-20,-8
5,3,26,22,4,4,13,13
-2,-3,-20,-24,4,7,30,0
-7,-5,3,3,-15,-9,12,-6
-7,-5,3,3,-15,-9,12,-6
-1,-2,-4,-4,4,1,17,-1
2,1,-12,-11,4,2,1,-1
4,5,-7,-2,-3,-2,-4,-1
-4,-3,-1,10,-7,-6,3,-4
3,3,19,41,53,37,29,8
2,5,7,31,14,1,-33,-2
-5,-5,-9,-1,-1,-8,-20,-6
-5,-12,-39,-56,-15,-18,-8,0
2,3,9,3,-10,-2,-3,4
4,1,2,-1,1,8,35,12
-3,3,19,38,4,-4,-1,-9
-3,3,19,38,4,-4,-1,-9
-1,-4,-12,9,-6,0,12,-3
0,3,7,-12,13,11,2,4
-4,-5,-12,-19,-9,-6,-28,-11
0,0,-2,-13,20,2,-27,-3
1,0,-3,8,4,2,1,1
1,3,3,8,12,5,-15,-2
-4,-10,-48,-38,-11,-1,34,3
-1,4,10,21,32,17,35,-3
-1,1,6,-1,-35,-2,33,-1
-1,-3,-9,-4,6,-4,-28,-5
-1,2,8,10,7,-5,-28,-4
0,2,18,27,3,5,23,0
-1,-5,-9,4,8,-6,-35,-5
1,1,11,-14,-13,-9,3,0
0,-3,-9,-2,-2,3,12,3
-2,-2,-2,27,10,-1,-11,-4
1,0,6,1,-19,2,19,1
-2,-2,27,15,-2,-8,-8,2
2,2,-5,-8,16,9,13,4
-1,0,7,15,1,3,33,6
0,0,-12,-9,3,-4,-14,0
-3,-2,3,-14,1,-14,-38,-11
-1,-4,-4,-12,5,5,-13,-4
-3,-2,6,0,-3,4,41,-3
-4,-4,1,-18,-25,-1,11,-3
3,4,8,22,20,6,-31,-3
1,-1,-1,-18,-5,-3,3,2
0,-3,-14,-10,3,-4,-22,-4
-2,0,6,-19,8,11,-7,2
-1,-4,-8,-20,-15,-3,15,7
3,2,-5,0,-17,-21,-73,1
3,2,-5,0,-17,-21,-73,1
-1,-3,-6,19,12,-1,-2,-4
-1,1,18,4,-6,-1,27,1
-2,1,12,17,-4,-5,11,-4
0,1,10,8,-2,4,-7,-4
-4,-3,-6,1,-24,-24,-16,-8
0,-1,-6,-3,4,10,3,2
0,-1,-6,-3,4,10,3,2
-4,-5,-8,-11,-16,-4,-5,-2
-2,-1,-7,-15,18,9,0,-5
-2,-1,-7,-15,18,9,0,-5
-6,-5,2,-8,-29,-25,-27,-7
-6,-5,2,-8,-29,-25,-27,-7
-1,-2,6,2,-8,-3,-7,-3
0,0,0,-3,-4,-11,-21,-2
2,-2,-16,-4,11,4,4,4
0,1,-1,2,8,0,28,2
0,0,0,9,-3,8,19,2
2,2,-8,-17,15,8,10,6
2,2,-8,-17,15,8,10,6
-4,-8,-5,1,-2,-4,-8,-1
-4,-4,-9,-8,9,9,16,2
0,4,20,29,3,3,-8,-7
-3,-1,7,3,-7,-6,-18,-7
-8,-1,5,7,-17,-5,11,-13
0,-2,0,-4,8,-1,-18,0
2,0,1,-17,-14,-10,0,5
-1,-2,-1,-1,-5,-9,-6,-4
-1,-4,-7,3,9,2,5,4
-1,-4,-7,3,9,2,5,4
-2,-3,0,17,1,-2,-27,-5
4,3,5,-9,18,-5,-39,-1
0,0,-6,-2,1,12,38,5
0,0,-2,6,3,-12,-33,-3
-2,-2,2,-7,-12,-6,8,0
2,5,14,10,31,17,18,4
0,0,1,-3,-8,5,15,1
0,0,1,-3,-8,5,15,1
-4,-5,-12,-22,-12,-4,0,-6
0,0,-1,-10,26,8,-10,2
1,0,-1,9,-22,-19,-23,0
0,-1,-6,-6,-5,-9,-17,1
-6,0,-1,-4,-7,-5,-1,-10
2,0,-1,6,4,9,14,5
-4,-3,3,12,-12,-10,-22,-11
4,1,4,8,-3,5,-7,5
-2,-1,2,7,4,6,16,-1
-5,-6,-19,-12,3,3,-2,-4
-5,-6,-19,-12,3,3,-2,-4
1,0,9,-14,8,10,81,8
-2,-2,5,3,0,-4,4,0
-6,-4,-16,-39,-6,-6,-36,-8
0,-4,-7,-7,5,-1,0,3
0,-4,-7,-7,5,-1,0,3
-2,-1,-6,-1,3,-4,-19,-6
-1,2,11,0,-14,3,36,-1
-3,-2,1,14,14,-11,-41,-4
-2,-3,-3,-7,-11,-7,-10,-4
-3,-6,-10,-15,-18,-22,-36,-8
-4,-2,-4,13,1,5,16,-5
3,0,5,5,-9,-12,-24,2
3,0,5,5,-9,-12,-24,2
-7,-3,4,4,-4,-5,-6,-7
-3,0,2,-11,-2,-4,0,-8
6,7,8,10,17,21,9,6
-1,0,2,-2,-1,-3,-3,-3
-1,-1,-5,-8,4,-12,-30,-6
1,0,3,9,-1,3,13,5
1,0,3,9,-1,3,13,5
3,0,7,19,2,0,-8,7
-6,-1,-5,-18,0,-9,-11,-11
1,-3,5,4,2,-1,-9,-1
0,0,5,4,0,3,17,8
-2,-3,-4,-1,-9,-3,30,8
1,1,7,27,12,14,-4,-1
-2,-7,-12,-18,-10,5,30,-2
0,-4,-11,8,5,-4,-9,3
3,1,4,0,4,4,11,3
-3,1,10,3,11,4,-9,-11
-2,-2,-9,-15,-7,-10,3,-7
-2,-5,-5,-3,-6,-4,-12,1
3,6,21,19,-14,-4,16,1
1,-1,-2,-3,-29,-12,-5,-1
0,-2,-10,-7,7,-2,3,0
-2,-2,-5,-9,-5,-2,-1,2
-3,-1,8,4,3,-3,3,0
-3,-1,8,4,3,-3,3,0
0,0,6,7,36,5,-24,-2
2,0,-3,-9,-22,-3,1,4
0,2,-2,-5,12,2,-31,3
-1,-1,1,2,1,8,17,-7
-2,-2,4,-17,-17,-10,20,-2
1,2,2,-2,15,1,-15,4
-4,1,3,-3,-8,-1,-6,-10
-4,-6,4,23,4,8,35,-1
0,0,-10,-9,4,1,-12,1
0,-1,-5,18,19,11,-17,-1
0,-1,-5,18,19,11,-17,-1
-2,-2,4,8,-12,-3,-12,-3
0,-2,-7,-9,-1,2,35,5
2,2,-2,-7,9,-2,-21,4
-2,-1,-2,-2,-24,-12,-39,-5
-2,-1,-2,-2,-24,-12,-39,-5
0,2,14,10,9,12,10,-3
0,1,5,6,0,-11,-21,-3
1,0,-5,15,2,3,7,4
-3,-3,-4,0,-1,3,11,5
-2,-3,0,-15,-14,-7,6,-4
3,4,2,8,19,32,28,7
-4,-6,-20,-24,-10,-19,-30,-6
-1,-2,-6,-5,2,5,26,5
-1,-2,-6,-5,2,5,26,5
2,2,6,3,14,15,10,3
-6,-4,1,-3,-2,11,23,-8
0,-1,-2,8,-17,-18,-46,-4
0,2,7,11,6,-4,-14,0
0,-3,5,14,17,8,-3,1
2,2,-4,-6,-8,4,28,8
-4,-4,-6,-8,-15,-1,15,-3
-3,-2,-8,-3,0,-9,-24,-8
-3,-2,-8,-3,0,-9,-24,-8
1,0,-4,6,9,6,15,4
-3,-4,-2,1,-2,-10,-12,-6
1,2,11,14,-8,-6,-16,2
1,3,0,-5,8,4,2,3
1,-3,-6,-3,-5,0,-9,3
1,-2,2,3,19,7,10,2
-4,0,-5,-7,-4,-4,-10,-4
2,1,-1,-10,-6,-9,-1,3
-2,-4,-7,-4,-1,-7,-25,-6
0,1,2,-1,-11,-6,1,1
-2,-1,0,5,9,-3,-12,-6
4,0,2,0,2,10,14,7
4,0,2,0,2,10,14,7
3,3,15,8,4,4,-1,3
-1,-2,-8,-8,-3,5,-7,-6
-5,0,0,-7,10,6,27,-1
-5,0,0,-7,10,6,27,-1
-6,-3,-8,-1,-15,-11,-8,-16
-6,-3,-8,-1,-15,-11,-8,-16
2,-1,-2,-5,-10,-2,4,8
0,0,-4,7,18,18,11,2
1,1,6,-20,-15,-6,11,1
-3,-3,0,2,-10,-12,-3,-1
-3,-3,0,2,-10,-12,-3,-1
3,0,-7,3,15,2,-8,-5
1,1,2,1,1,6,21,8
-4,-2,2,-2,-2,-3,-17,-12
-4,-2,2,-2,-2,-3,-17,-12
-4,-1,3,31,-5,-2,-5,-12
16,-9,6,24,5,-11,-7,8
-6,-2,3,-7,16,7,3,18
-8,-3,-8,-10,-6,-4,-5,-6
18,-2,-20,-24,8,3,0,1
11,19,-4,5,-8,-19,-31,-34
15,3,5,-6,-4,-9,-2,4
27,24,4,11,-14,12,30,47
-3,1,-5,-3,-8,-2,10,-4
-3,1,-5,-3,-8,-2,10,-4
-75,-18,4,1,-10,-8,-43,-60
12,-20,13,13,18,8,-1,23
36,23,26,-6,-17,-6,-14,19
52,13,4,-16,-2,15,61,44
13,18,28,-12,-1,-1,-18,-24
-19,-21,-4,-21,-31,-20,27,-21
-19,-9,-6,1,-13,-13,-45,-74
-8,-4,-15,-10,-30,-11,5,8
-9,-1,10,-19,-4,6,30,3
32,8,-9,3,4,15,49,79
28,22,47,5,15,14,-6,53
28,22,47,5,15,14,-6,53
-42,-27,-34,-14,-24,-24,-36,-68
-42,-27,-34,-14,-24,-24,-36,-68
-6,-12,-44,4,18,12,26,-4
-12,-7,0,-13,-26,-16,-24,-24
-46,-21,-38,-14,8,-20,-65,-71
-46,-21,-38,-14,8,-20,-65,-71
-9,-16,10,5,-7,-8,10,19
-11,-8,0,5,-7,-10,-45,-33
11,16,38,14,5,9,47,14
18,20,49,20,22,8,-36,24
-15,-17,-39,-18,14,11,20,-8
-12,8,8,10,-5,-17,-28,-8
-25,-1,61,30,6,-6,-36,-80
-25,-1,61,30,6,-6,-36,-80
11,24,44,20,2,23,67,29
8,-16,-93,-21,-1,1,-2,7
8,-16,-93,-21,-1,1,-2,7
-30,-1,-9,4,-1,-9,-47,-10
-30,-1,-9,4,-1,-9,-47,-10
-4,2,5,8,-23,-16,44,-24
-4,-31,-22,-44,7,8,21,26
13,3,-24,5,0,-13,-8,19
18,-22,-43,-50,-7,-33,-28,61
18,-22,-43,-50,-7,-33,-28,61
48,24,66,18,3,44,127,78
0,-38,-66,-17,-19,-23,-37,15
-10,20,64,17,24,5,-61,-48
-22,7,30,22,27,-11,-41,-27
-60,-39,-64,-31,-37,-34,-94,-92
-4,-29,-69,-19,-39,-20,-54,-3
19,5,14,5,-49,-22,-9,58
-3,-3,-1,-24,-10,12,43,-6
7,24,24,30,11,37,27,-15
-14,14,58,29,1,-14,-47,-25
-14,14,58,29,1,-14,-47,-25
16,10,53,29,-27,-13,25,44
25,-28,-74,-26,-11,14,74,61
-12,-26,-92,-64,-20,-8,8,-8
22,69,127,101,44,-2,-85,20
68,-24,-81,-20,2,25,68,126
27,12,-28,-6,0,0,18,28
27,12,-28,-6,0,0,18,28
27,23,82,8,13,30,58,37
8,18,74,76,65,-2,-85,13
-67,-41,-73,-37,-13,-11,-29,-83
38,15,37,-40,-19,-5,54,85
-13,-18,-72,-25,-23,-8,-32,-32
7,4,20,5,6,29,80,-12
-2,-19,-92,-24,1,-3,-17,16
-17,-16,-37,-7,-21,-31,-68,-40
0,-28,-91,-51,0,17,42,-1
3,1,-20,-3,-1,-3,-29,10
3,1,-20,-3,-1,-3,-29,10
1,7,19,13,-23,-4,1,-18
-16,1,-1,-14,-17,-12,-41,-23
1,5,-12,13,-5,1,22,0
1,5,-12,13,-5,1,22,0
3,13,37,-9,1,-1,1,-11
-8,-12,-28,-31,-7,-5,37,24
31,-6,20,9,-15,18,66,70
7,1,9,-3,7,-7,-6,8
1,-11,-8,-22,20,9,0,-2
21,14,43,29,1,7,17,28
21,14,43,29,1,7,17,28
3,7,15,21,14,3,10,6
-19,-2,-2,6,6,-3,-38,-42
2,12,30,2,-3,-1,-9,-6
0,5,13,25,-3,-7,-8,4
0,5,13,25,-3,-7,-8,4
-3,1,-3,-9,2,7,1,9
-3,1,-3,-9,2,7,1,9
-10,-6,-9,-11,-11,-12,-15,-22
-4,1,0,6,6,4,-1,-9
-11,-9,-6,-10,-13,-15,-5,-17
-3,-2,-20,-32,-14,-15,-68,-10
-3,-2,-20,-32,-14,-15,-68,-10
-11,-4,-6,-19,-10,-9,9,-19
5,-6,-33,-45,-6,-6,10,13
3,5,7,17,-11,5,-7,4
3,5,28,46,1,15,10,-2
-12,-9,3,6,-9,3,37,-25
-12,-9,3,6,-9,3,37,-25
10,15,61,88,16,3,-23,10
-2,-6,-22,-23,-5,1,34,2
-3,-6,-9,-22,-8,1,7,1
-7,-10,-35,-67,6,3,5,-7
-7,-10,-35,-67,6,3,5,-7
-3,-10,-32,-50,-2,0,-1,7
3,4,16,16,2,-2,-8,1
0,-2,-5,-1,-3,4,14,-5
2,5,0,15,-11,-1,10,7
-4,-2,5,-18,-11,-17,-23,-5
-3,1,23,23,-4,-2,-7,-3
-1,-3,7,-4,-9,-9,-26,-3
-4,-7,-20,-10,-3,-1,4,-7
2,2,6,10,1,-13,-51,4
2,-1,6,21,-4,5,18,7
2,-1,6,21,-4,5,18,7
10,11,20,51,26,15,19,17
3,1,-37,-54,3,16,52,12
-2,-1,3,10,5,-5,-2,-7
-1,2,5,-5,-2,2,-9,-5
-3,1,17,5,-4,-12,-16,-4
2,-4,-13,23,15,14,18,9
2,-4,-13,23,15,14,18,9
-1,0,1,-22,-4,-7,-27,-4
0,2,-10,-4,0,-5,-17,0
-1,-2,-1,-1,-11,-3,-7,-5
-2,1,19,14,-2,12,29,0
-2,1,19,14,-2,12,29,0
0,2,-4,-37,3,-5,-4,-3
-1,-1,-3,13,3,-2,9,1
0,-2,-9,-10,15,-2,8,1
-4,-7,-27,-28,-1,-8,-13,1
-4,-7,-27,-28,-1,-8,-13,1
0,-1,15,37,16,2,-34,-5
-7,-4,-2,8,-22,-16,-38,-27
3,2,4,-6,1,-1,9,6
0,-1,-2,4,11,19,11,9
-2,-5,-14,-5,-12,-11,3,-4
-2,-5,-14,-5,-12,-11,3,-4
-6,-6,-6,-9,-4,15,90,-4
-1,-3,0,-5,-5,11,47,9
0,1,-2,4,-9,3,9,0
-4,-8,-28,-23,-13,-11,-17,-3
4,8,25,18,15,-3,-32,-2
-1,0,5,-13,-12,5,-17,-3
-4,1,1,-9,9,0,-16,-22
-2,-3,-13,7,3,5,-4,1
-2,-6,-24,-33,2,1,-1,2
-3,-3,-5,3,2,0,48,1
1,2,4,7,25,11,10,6
1,1,8,24,3,4,-11,2
1,0,14,31,2,0,0,1
-5,-4,-6,-20,-2,-4,-9,-4
1,1,6,7,9,6,-8,0
1,2,10,2,9,0,-5,3
-2,-2,1,9,-7,-7,-9,-3
-2,-2,1,9,-7,-7,-9,-3
-3,-3,-13,-25,-13,-5,-8,-3
0,-1,1,1,-1,-6,-6,1
0,-1,4,6,4,9,5,-1
-1,0,1,4,3,11,19,-4
-3,1,11,21,22,5,14,-6
-3,-4,-1,18,0,-1,0,-8
-3,-4,-1,18,0,-1,0,-8
1,4,4,5,-8,3,20,8
-4,-4,-3,-12,-10,-14,16,-4
-1,-2,-9,0,12,4,9,-3
-1,-2,-9,0,12,4,9,-3
-4,0,-8,9,22,3,-15,-9
-4,0,-8,9,22,3,-15,-9
-4,0,-8,9,22,3,-15,-9
-3,-3,-16,-13,-13,-3,-8,-5
0,0,2,8,3,0,7,-1
-3,-1,-1,9,-13,-4,8,-2
-3,-1,-1,9,-13,-4,8,-2
1,2,-1,-1,1,-7,-10,-1
3,3,3,1,8,0,4,6
3,-1,-6,-8,-1,-7,-21,2
-6,-7,-22,-42,-10,-3,-6,-7
2,0,4,8,-3,5,-11,2
3,1,8,6,5,2,9,8
-3,3,6,4,-9,-5,-5,-10
-1,-1,10,17,-4,-2,-28,-11
-2,-3,-12,-8,-8,-3,4,-5
2,-1,-5,-7,-3,2,2,-2
-4,-1,4,1,3,-7,0,-3
-1,1,-2,-2,-16,-2,3,1
-1,-1,-4,-8,2,-5,-5,3
-2,-3,-10,-1,0,-1,7,0
-2,-3,-10,-1,0,-1,7,0
-3,-1,-1,18,-6,-9,-3,7
-3,-1,-1,18,-6,-9,-3,7
-23,-18,-29,-20,16,3,-5,-29
-59,-8,11,15,-3,-5,-33,-45
17,10,19,0,-11,10,10,-2
9,-12,-35,23,18,3,11,31
-52,-8,3,-26,-30,-20,-65,-128
-11,3,11,-16,-7,-5,-9,22
2,5,7,-3,-7,-1,-17,-26
7,2,-19,0,-2,-4,-44,-46
7,-11,1,-12,1,12,54,40
-22,-14,-5,0,-11,-34,-56,-80
-22,-14,-5,0,-11,-34,-56,-80
0,8,16,8,-25,5,49,36
-19,-22,-25,-26,-29,-16,38,-8
28,5,-17,-3,2,6,-22,42
-4,34,87,42,-7,2,-39,-54
25,-1,-20,8,5,3,22,32
-20,3,-24,-19,-15,-28,-60,-51
17,41,60,31,21,1,-29,-32
13,-10,-93,-53,3,36,98,41
13,-10,-93,-53,3,36,98,41
-28,4,40,11,19,3,-34,-55
-28,4,40,11,19,3,-34,-55
-5,-47,-93,-61,-48,-19,-11,1
3,4,-10,17,6,18,28,14
-41,9,50,32,9,-10,-37,-93
11,-28,-86,-44,10,12,25,40
23,33,89,50,3,14,69,44
-23,-13,-46,-33,24,0,-93,-47
-23,-13,-46,-33,24,0,-93,-47
2,-6,-26,1,-8,7,50,-8
-10,-29,-91,-13,-7,-4,-19,-10
17,38,104,58,15,13,-37,14
17,38,104,58,15,13,-37,14
3,20,87,2,-13,-10,8,23
3,20,87,2,-13,-10,8,23
-2,4,6,17,-15,-8,29,-5
21,1,-7,3,22,8,37,47
-22,2,-1,-2,-7,-8,-28,-38
-13,-11,-27,9,-30,-16,-49,-19
-15,0,13,0,5,-12,11,-27
4,4,32,41,24,-1,-15,-6
-1,5,24,12,0,0,15,2
-9,-6,-29,7,29,1,-33,-40
13,6,38,23,23,12,7,8
1,16,19,5,6,-2,-1,2
-3,3,28,16,2,-18,-38,-11
6,4,7,-12,-15,-2,-2,13
-1,-10,-21,-15,-21,-9,7,6
-11,-10,-12,-27,-17,-17,-3,-13
6,1,5,14,-5,-2,29,9
-6,2,0,-16,-10,-2,-10,-12
-3,-4,-9,-8,-12,-8,1,-2
-3,-4,-9,-8,-12,-8,1,-2
3,-3,-8,-13,-18,-5,1,1
2,-4,-30,2,12,9,1,7
4,4,15,17,16,6,-19,3
-8,-3,-10,-12,-2,-5,0,-16
0,3,8,-3,-4,0,-5,-1
-6,-5,-9,-20,-28,-9,12,-5
-6,-5,-9,-20,-28,-9,12,-5
8,11,18,27,12,3,-1,8
-2,-5,-12,-8,15,2,-1,-1
-2,-6,-27,-41,-4,-5,-21,4
1,-2,-10,-19,-1,-8,-13,6
-3,-3,-11,-8,3,-3,-15,-2
-3,-3,-11,-8,3,-3,-15,-2
-6,-14,-31,-35,-25,-6,31,-22
-6,-14,-31,-35,-25,-6,31,-22
-1,1,6,17,1,-10,-13,-4
2,3,5,13,-2,20,67,11
2,3,5,13,-2,20,67,11
-3,-1,30,35,0,-4,-1,0
-3,-1,30,35,0,-4,-1,0
6,-2,-3,2,3,-5,-24,6
0,1,-6,3,-2,1,-27,3
-9,-6,-10,-18,4,-2,5,-24
3,0,22,36,4,-1,24,5
0,-2,-1,9,0,3,-11,-4
-4,-2,-8,-23,-4,5,-9,-3
2,-1,8,5,-6,-6,-4,3
0,-1,-10,-29,9,-1,-9,-3
-4,-1,-2,18,8,13,15,0
4,3,20,37,-9,8,53,8
-5,-7,-24,-37,-15,8,36,-4
-1,-4,-6,-9,-5,-11,-16,-10
-2,-1,-8,-8,-4,-2,4,7
-2,-1,17,25,-21,-8,-24,-3
0,-4,-2,-17,1,-1,-19,3
-2,-3,-11,3,9,7,2,-9
-2,-3,-11,3,9,7,2,-9
-3,1,8,12,17,5,3,0
1,2,11,9,0,-11,-54,-4
1,2,-1,-6,7,-1,-19,-1
-6,-5,5,24,4,-8,-43,-17
-6,-5,5,24,4,-8,-43,-17
4,2,8,-13,4,27,68,13
-1,-4,-10,-8,4,-6,0,-1
-4,-3,-13,-12,2,-10,-21,-5
4,2,14,13,4,-4,-34,4
4,2,14,13,4,-4,-34,4
3,4,0,-9,12,-8,-46,-1
-6,-3,-1,-9,-2,-4,-13,-13
0,1,-13,-5,4,-2,-7,0
-5,-4,-8,-12,9,21,100,3
-5,-4,-8,-12,9,21,100,3
-5,-4,-8,-12,9,21,100,3
-1,-4,-7,-8,-13,-7,-2,2
-1,-4,-7,-8,-13,-7,-2,2
-1,-7,-17,6,-9,8,18,0
4,0,-9,-10,1,12,14,6
3,2,7,8,0,-5,-22,1
3,0,-4,-5,19,11,-39,-1
-7,-4,-7,-13,-10,-16,-26,-11
-2,-4,-9,-14,-7,-1,-1,-3
-4,2,5,1,4,-5,-28,-11
2,3,7,21,7,6,8,2
-3,-1,7,8,7,-4,-43,-16
1,2,4,0,16,-3,-6,5
-2,-6,-13,11,-20,-10,5,1
-1,1,1,-11,-12,-3,3,1
-2,-2,-15,-3,-2,2,2,-5
-2,-2,-15,-3,-2,2,2,-5
-2,-1,5,7,8,13,11,-3
3,2,8,11,4,3,-8,-1
-4,0,-17,-15,-13,3,28,-10
1,-2,-3,-14,2,-13,-40,0
2,3,7,18,-17,-13,-59,-3
-2,-2,1,-4,9,2,-7,0
0,0,-8,1,-11,-1,-16,-2
1,-1,13,12,-7,-2,9,1
-9,-8,-6,-12,1,5,11,-9
-1,2,-8,-7,6,0,-2,-2
-1,2,-8,-7,6,0,-2,-2
3,1,6,9,9,2,1,4
3,2,12,17,23,1,1,6
2,2,6,13,-5,9,25,7
-4,-2,4,-11,-24,-14,-4,-2
-4,-2,4,-11,-24,-14,-4,-2
2,-1,-8,-4,8,5,3,0
1,-1,-6,1,-14,-6,2,-2
-1,-5,-14,-2,-1,0,18,6
0,1,7,1,5,-2,17,9
-1,-3,-13,-19,21,7,29,3
-2,-2,2,-22,-13,-8,-9,-6
-2,-2,2,-22,-13,-8,-9,-6
0,3,4,11,4,12,27,-2
-5,-4,-5,-8,-7,-7,-4,-6
2,-3,-5,-17,-15,-5,-10,3
-3,-4,-15,1,4,-7,-41,-7
-2,0,5,19,31,29,52,-3
1,3,9,7,-12,3,7,2
2,3,11,8,25,-2,8,1
1,2,1,7,-4,-2,6,3
-1,1,-3,1,10,5,-17,-1
-1,-4,6,4,4,11,55,2
-1,-4,6,4,4,11,55,2
-2,-3,-2,-9,7,-7,-47,-5
-2,-2,16,11,3,1,-31,-6
-4,-1,1,0,-17,-4,-11,-12
-4,-1,1,0,-17,-4,-11,-12
2,5,13,12,29,4,-1,2
-3,-3,11,5,-10,-5,6,0
-2,-2,-6,5,-8,6,41,-7
4,3,-4,-6,8,-14,-23,9
-2,-3,-6,-6,0,2,-4,-2
-6,-5,-4,-14,-29,-12,-7,-7
1,1,8,6,2,9,28,10
2,2,7,31,-9,0,1,4
-4,-5,-2,-2,6,7,9,0
-1,-1,1,3,-5,-3,-11,-4
1,1,-6,-20,-11,-6,-21,-1
0,-2,-5,-15,-13,2,19,3
-1,0,-1,3,-10,-5,4,4
-1,0,-1,3,-10,-5,4,4
0,3,1,7,3,10,23,7
1,0,-5,8,3,3,-1,-2
-1,-3,-10,-14,-2,2,5,-1
-1,-3,-10,-14,-2,2,5,-1
0,-1,10,-1,-13,-4,-2,4
1,2,3,4,15,0,6,1
-1,3,6,2,-12,-28,-69,-12
-3,-6,-14,-5,15,7,36,5
-2,-3,-29,-35,-27,7,25,3
-1,-3,-4,3,-14,-15,18,-4
-1,-1,-4,-1,-6,7,8,1
2,-1,-5,12,24,3,16,10
-1,-1,9,9,-6,11,17,2
-1,2,-6,3,8,1,2,-5
-1,0,17,21,1,1,-16,-1
0,2,-1,7,-6,0,19,2
-2,-1,7,-1,-26,-12,17,-1
1,1,4,1,-5,7,41,7
-3,-3,-4,-3,-6,-2,-6,-7
0,-4,4,-7,-1,0,38,11
-1,-1,-17,-6,-8,-7,-11,0
-2,-2,3,-25,3,-7,-21,-2
-2,-2,3,-25,3,-7,-21,-2
-4,-5,-10,-19,-2,-16,-22,-5
3,6,10,4,34,5,-14,2
-2,-2,-6,-1,-15,-2,-2,-7
1,2,5,4,9,7,-2,1
1,-4,9,4,-5,-2,8,0
0,-1,1,-3,-17,-8,-4,0
-4,-2,1,8,2,-5,-5,-9
-4,-5,-2,12,17,16,15,0
-2,-3,-7,-8,-32,-23,-14,-3
0,-2,-1,7,12,2,-16,-3
-2,-1,2,3,6,2,-11,-7
-1,0,1,-16,-11,-7,0,0
-2,0,-13,-1,-6,-3,5,2
1,-1,10,6,9,15,29,3
-3,1,4,4,-7,7,-4,-7
1,0,1,-10,-21,-24,-10,-1
-1,1,-1,-3,-1,10,24,4
-2,-3,-8,-18,-20,2,22,0
-1,3,10,15,12,-3,-20,0
-2,-3,-1,8,13,6,23,0
-2,0,3,-5,-7,-8,-3,1
1,3,1,16,25,20,30,7
-1,-3,0,0,-14,-13,-9,-2
0,0,2,1,11,13,9,5
0,-3,-17,-21,-15,-12,-6,-1
-2,-2,0,8,-9,-7,-10,-1
2,4,1,8,30,14,25,5
-1,-3,-4,-2,6,12,19,-5
-1,-3,-4,-2,6,12,19,-5
1,0,-6,-1,-8,7,39,8
-1,-7,-12,-14,-8,-13,-9,-3
-1,-1,-10,-1,-6,2,40,2
-3,-5,-1,-1,9,-1,-10,-5
0,1,4,8,34,10,-6,0
-3,-1,1,-4,-2,-1,-10,-8
-1,0,8,3,-11,-22,-20,5
0,-1,-2,-9,-11,1,12,5
-3,-1,-7,-18,-2,-11,-23,-4
-1,0,-5,-4,28,17,10,-1
-3,-1,3,3,-24,-11,-13,-6
-3,2,7,7,-12,-1,-19,-4
-5,-4,-10,-6,-8,-4,-6,-3
1,-2,-9,3,5,3,2,-2
0,1,13,12,-3,-17,-33,-6
-1,0,7,-5,-5,10,32,2
3,-1,-4,6,3,3,-9,2
3,-1,-4,6,3,3,-9,2
1,0,-1,-8,-16,-8,-5,4
-4,-3,-2,-1,-8,0,27,-1
-2,1,-3,13,7,-3,-11,-1
-2,0,8,-2,-4,-2,7,-4
-2,0,8,-2,-4,-2,7,-4
3,-2,-25,-17,0,-8,-23,2
1,1,9,4,14,8,12,0
-2,-3,2,13,-16,-7,-26,-7
-2,0,3,4,-15,-5,-4,0
-1,-2,-7,7,-1,-9,-8,-1
-1,-3,-3,-8,-10,-12,9,-7
0,-2,1,8,1,7,15,6
2,3,2,-16,20,16,19,4
-3,0,0,0,-8,0,22,0
0,0,1,5,18,7,4,3
-2,-3,-2,-10,-16,-7,4,-1
2,-1,-9,-6,0,12,1,3
-1,-5,-11,-4,-14,-16,-5,-6
-2,0,4,10,4,-1,-1,-4
-1,-3,0,3,-10,11,-2,1
-1,-2,1,2,2,-18,-1,-9
-1,-2,1,2,2,-18,-1,-9
-2,-1,1,-7,-14,-15,-19,-4
1,0,6,1,2,0,0,6
1,0,-10,-13,-21,-10,-24,-1
0,2,3,11,17,6,9,2
0,2,3,11,17,6,9,2
0,-1,0,-8,-2,3,-4,-1
-2,2,12,7,21,5,1,-1
1,-2,6,8,22,16,8,2
-3,-5,-5,-19,-5,-11,-19,-3
2,1,5,12,-1,1,3,3
2,1,5,12,-1,1,3,3
-1,0,1,1,17,1,-13,-3
-5,-2,-2,-7,-4,-6,-5,-6
0,-1,-7,-6,-15,-9,-17,-4
-2,0,0,-7,-13,10,39,1
0,-2,4,-4,9,-2,-8,-4
-2,-4,-5,-8,-12,6,1,-4
-4,-2,4,-2,-3,-7,-13,-7
0,-4,-12,0,-7,-8,-12,0
-16,-6,13,29,2,6,-9,-6
-1,-2,-3,-5,-2,-7,-11,-1
2,-1,-4,-1,9,6,7,4
2,-1,-4,-1,9,6,7,4
2,4,-9,1,10,1,-3,0
10,1,10,-1,6,3,6,4
-4,1,-7,-5,-2,-3,-2,12
-3,-4,-2,8,-6,-3,-35,0
9,2,17,7,4,10,57,8
-2,2,12,10,7,5,25,40
14,7,0,0,3,2,1,2
7,-14,-38,-22,1,-1,-2,4
3,4,7,-15,6,-4,-8,0
3,4,7,-15,6,-4,-8,0
-7,6,-11,-3,-1,0,22,-22
15,11,23,4,-5,-7,1,82
-50,-23,-21,-5,11,5,-11,-54
33,17,16,-7,8,3,3,20
16,16,4,-8,-30,-9,-32,-18
9,4,19,-6,7,11,27,27
16,17,-12,-12,2,-4,-4,4
20,9,13,12,15,10,28,47
19,4,24,21,27,17,13,28
13,6,-13,12,2,-2,0,7
-14,3,-4,16,3,-16,-67,-90
-14,3,-4,16,3,-16,-67,-90
-21,-5,11,-16,3,-13,-41,-73
1,-4,-3,6,-2,-2,1,6
-10,-9,-5,-27,-28,-35,-32,-29
-17,3,20,5,-8,-3,-7,-28
4,-3,0,1,19,19,22,36
19,13,27,37,9,12,24,38
14,8,27,19,5,1,11,70
-12,-16,-35,-37,-22,-24,-23,-40
-5,-19,-42,-11,-14,-2,27,10
29,13,40,-16,-16,-3,39,63
19,11,10,19,47,19,-27,-5
-12,8,14,13,-5,-7,-6,-42
-18,-7,-19,-6,-10,-4,1,-46
29,37,67,47,26,31,45,55
-26,-21,-66,-40,-34,-10,45,-30
-3,2,13,-4,-7,-13,-18,-11
-10,-15,-52,-11,7,-8,-34,-45
-10,-15,-52,-11,7,-8,-34,-45
16,-5,-19,-19,-15,-19,-19,34
6,17,23,15,-9,2,-24,2
-14,-28,-37,-23,-35,-12,-14,-26
17,3,10,13,6,17,30,23
-5,-5,-32,-5,-17,-22,-40,3
16,16,60,26,-25,-17,-20,-18
25,21,26,21,15,29,24,50
-46,-20,-24,-26,-11,-16,-53,-69
-18,-9,-37,-24,-22,-25,-76,-65
11,7,-50,6,35,10,-28,29
6,7,-7,6,0,1,-1,5
-41,-39,-68,-58,-28,-21,-45,-63
-3,17,64,19,20,3,4,-36
37,10,32,4,-4,16,62,88
0,-30,-39,-16,-39,-17,57,21
17,9,42,27,9,-2,-24,14
-10,2,-1,10,-4,-15,-41,-41
-5,-38,-47,-58,-36,-15,-7,26
34,9,21,39,41,33,44,56
32,27,85,46,19,13,39,45
1,21,36,16,6,-9,-1,0
1,21,36,16,6,-9,-1,0
-9,0,3,7,-8,-4,-27,-7
1,37,95,49,6,-11,-25,-19
-3,-5,-20,-6,7,1,-28,-10
-10,16,14,18,12,10,41,-45
-15,-16,8,-16,-35,-26,-54,-40
-11,-2,5,0,8,0,24,-2
0,-12,-27,15,6,15,25,-4
-12,-29,-65,-38,-22,-13,2,27
11,13,23,21,20,19,22,16
12,15,-20,2,-6,0,-9,9
13,7,29,12,0,10,69,42
-13,-6,-18,-5,-5,-3,4,-30
-13,-1,42,-8,-6,-10,-16,-23
-14,-12,8,-6,-7,2,-9,-44
9,7,7,29,3,-2,-7,12
5,-10,-34,-12,-1,2,12,9
2,-29,-86,-47,-26,-19,-22,17
-20,-15,-40,-24,-4,-4,-11,-3
-20,-15,-40,-24,-4,-4,-11,-3
-1,-17,-62,-21,-4,-1,13,-1
4,23,67,21,-5,-6,-26,4
3,6,-6,4,-2,-6,-43,-6
-6,-3,7,4,-13,-6,3,-14
10,-9,-41,-23,3,0,6,33
-13,1,9,-23,9,8,18,-27
21,10,32,14,13,0,15,50
1,1,4,12,10,9,10,0
2,3,2,-3,6,1,-1,-4
-3,-7,-24,-52,-19,-10,-8,-6
-3,-7,-24,-52,-19,-10,-8,-6
4,-2,-4,-14,-18,8,30,11
0,4,-1,14,20,4,2,-3
0,2,4,12,-3,3,-14,2
-2,1,6,9,13,8,4,-6
-3,-3,-10,-8,5,4,-1,-5
-3,0,7,6,-5,-3,-16,-4
0,1,-42,-55,-28,-8,-19,1
-9,-1,31,34,14,25,110,-15
3,-1,11,19,-2,-11,-17,21
-9,-12,-31,-66,4,-7,-18,-14
-1,5,-3,-34,-3,-4,-18,7
-7,-6,-11,-16,-8,-10,3,-17
6,5,52,78,7,3,-2,12
6,9,20,38,14,-6,-31,9
1,2,-2,26,12,6,13,-2
4,0,6,19,-2,-12,-28,-4
0,0,-18,-3,0,1,-13,1
-7,-5,-43,-63,-1,7,-11,-12
-7,-9,-9,-9,-10,-13,-23,2
2,3,13,8,3,-2,-14,-1
-5,0,8,19,3,4,-21,-18
2,5,10,40,18,10,27,10
2,5,10,40,18,10,27,10
-3,-4,12,-1,-5,-3,22,-5
-1,-4,-14,-4,0,0,17,0
2,0,-10,-43,6,5,-15,3
-2,-1,17,18,21,10,-3,2
-6,-3,7,9,-14,-1,-16,-8
4,4,3,18,-14,-1,7,4
-2,-3,9,-33,-29,-7,-20,-3
-2,-3,-24,-27,-9,-4,2,-12
-5,-6,-16,-4,-16,-8,11,-1
1,-3,7,-1,-12,-3,11,2
0,5,21,-7,-13,4,7,-5
-2,2,12,20,-14,-8,-6,-3
0,-3,-7,-3,2,0,10,8
0,-1,0,5,-2,5,1,-2
-3,-2,7,-4,15,-1,-9,-2
-2,1,6,15,-11,-10,17,0
6,11,32,22,20,12,35,12
-1,0,7,12,22,19,29,2
0,-4,-11,-6,-2,1,-8,0
-1,-1,-8,-22,-17,-21,-26,-3
4,4,5,-7,1,9,-15,4
-2,0,-17,-11,-12,-2,-2,-4
1,1,9,24,5,-2,-21,-2
-6,-6,-8,18,-6,-3,28,-5
1,-1,-14,1,10,-4,8,1
-1,1,1,-7,10,6,-1,0
-1,-3,-1,3,-6,-9,-19,-4
-1,2,-3,2,-3,0,9,3
-1,2,-3,2,-3,0,9,3
3,2,2,-2,2,-4,-28,2
-5,-7,-5,-25,-13,5,8,-18
-2,-4,4,12,1,-14,-28,-4
0,1,-5,4,12,8,9,1
-4,1,15,9,-2,0,15,-4
3,5,17,24,-1,-9,-43,4
4,6,5,7,35,16,36,14
0,-3,-4,-1,-10,-1,17,9
-3,-2,-1,6,-12,-5,9,-3
-6,-7,-21,-37,-7,-6,-2,-8
-5,-5,-13,-17,-10,-9,-7,-2
-1,-4,-35,-55,0,1,2,0
-2,-2,6,4,0,8,7,-5
0,-2,1,-3,16,5,3,2
-1,1,6,15,-8,-12,-20,-1
2,-2,4,13,-8,3,7,8
-1,-1,0,3,-10,-6,-16,-6
-1,-1,0,3,-10,-6,-16,-6
-4,-6,-23,-30,-10,-10,3,-2
0,-2,-5,4,5,9,-5,0
1,-1,6,-9,5,9,2,1
1,0,-6,-17,10,3,-2,1
1,0,-6,-17,10,3,-2,1
0,2,5,5,17,9,4,3
-1,1,7,7,-15,2,8,-3
-4,-3,18,38,-4,-10,7,-1
-1,-3,-8,-1,11,13,40,-3
2,3,5,3,23,15,23,4
2,3,5,3,23,15,23,4
2,1,0,5,-9,-6,-8,3
-3,-2,-15,-10,-21,-19,-5,-1
0,2,-6,-7,-2,1,-1,-2
-2,-1,5,-15,-4,1,-4,1
-2,-1,5,-15,-4,1,-4,1
1,3,17,28,12,13,16,-5
-1,-4,-6,10,29,12,12,3
1,-2,-4,-2,10,-6,-7,-2
-2,-5,-19,-7,-6,-2,-15,-5
-2,-5,-19,-7,-6,-2,-15,-5
-2,0,14,3,6,19,42,-4
-1,-2,-12,-26,-8,-5,14,2
-1,-3,-4,-16,7,10,17,2
2,-1,-1,3,-37,-18,-26,2
-1,1,1,3,7,8,4,1
0,-2,-3,7,-14,-13,-19,1
-1,-1,-4,-2,-7,-6,-16,-2
-4,-5,-16,-9,-7,-6,5,-4
1,1,9,30,8,5,-15,4
0,-1,9,-3,-7,-4,23,3
-3,1,2,3,-3,-5,5,-3
0,-4,-21,-12,6,5,2,5
0,-4,-21,-12,6,5,2,5
-3,-4,-4,-3,-1,11,16,-1
-4,-3,7,-11,-35,-17,-1,-6
1,0,3,3,4,-3,10,5
-1,-1,-1,-2,-9,10,1,1
-2,-5,-12,-5,4,-6,-3,-1
-2,-5,-12,-5,4,-6,-3,-1
1,1,8,7,-5,1,3,0
-2,0,-6,-3,-2,-1,5,-3
-1,-2,-1,-1,5,-2,-4,-1
1,2,0,-5,-14,-10,-10,-1
-5,-3,-1,-4,-8,-8,3,-1
1,1,9,6,-3,-4,-13,-1
1,1,9,6,-3,-4,-13,-1
-1,-2,-8,-5,0,-3,-5,-3
0,-1,1,6,2,6,-1,0
-2,-1,-6,1,4,26,9,1
0,-1,-1,-7,-14,-20,-2,-3
0,-1,-1,-7,-14,-20,-2,-3
-1,1,7,11,14,4,7,2
-3,-5,-7,-3,-6,4,6,1
-1,0,-7,-15,-11,-14,-10,-2
-3,-3,-2,9,11,6,4,-13
-1,-1,2,3,-8,-4,-4,0
-1,-1,2,3,-8,-4,-4,0
1,2,3,3,13,14,9,5
2,0,-1,2,30,4,-1,2
-3,-2,-14,-15,-15,-1,-6,-2
1,-1,4,3,-6,-4,-1,-2
1,-1,4,3,-6,-4,-1,-2
1,-2,4,-1,-19,-11,-3,3
1,-2,4,-1,-19,-11,-3,3
-2,0,3,0,-6,9,47,2
0,-4,2,1,-2,-4,-15,-4
-2,-2,2,8,-15,-12,-9,1
-2,-1,8,-8,-10,-11,-9,-1
-2,-1,8,-8,-10,-11,-9,-1
6,3,4,-2,9,-3,-9,-2
-3,-2,-1,7,6,1,-7,0
0,-4,-4,-3,1,1,0,-5
0,-4,-8,1,-5,-5,-7,-10
-1,1,11,10,13,-8,-7,-5
3,2,-16,-28,-21,-7,1,18
0,3,12,11,2,14,28,11
-6,-7,-6,-14,-14,-13,-30,-32
19,8,-44,-12,8,12,17,43
30,26,42,25,14,11,10,17
30,26,42,25,14,11,10,17
-20,-3,5,-7,-9,-12,-33,-42
-24,-2,34,18,10,-5,-21,-47
12,18,4,-2,4,-2,-8,2
-53,-60,-30,-11,-6,-6,12,16
63,57,-25,-8,19,-5,-54,-91
13,0,17,21,-5,10,19,49
19,9,-13,5,6,13,20,34
10,-14,-52,-19,-14,0,4,57
-34,-9,9,2,-13,-1,14,-59
11,23,39,13,-3,-19,-27,-65
11,23,39,13,-3,-19,-27,-65
12,10,28,3,-8,-1,-1,40
3,-17,-74,-30,17,8,-7,34
13,9,68,35,14,10,30,45
-17,36,46,17,3,-2,-45,-108
23,7,24,0,1,3,21,51
4,-3,18,-8,-3,14,47,13
4,-3,18,-8,-3,14,47,13
7,9,4,14,-16,-10,11,17
-2,-9,-5,-3,4,-2,-21,0
-33,-22,-25,-21,-31,-21,-38,-40
13,-4,-30,4,-4,-11,-8,36
4,6,35,10,-8,2,12,-12
-4,-16,7,-29,-3,13,15,-7
-4,-16,7,-29,-3,13,15,-7
2,10,34,27,11,3,-39,9
27,-8,-21,29,2,-6,-5,53
-11,-20,-31,-33,-11,6,24,20
-27,-28,-117,-34,-24,-25,-37,-29
-27,-28,-117,-34,-24,-25,-37,-29
-12,3,9,-16,7,3,25,-2
-12,3,9,-16,7,3,25,-2
5,1,-27,11,48,23,22,-38
8,-21,-46,-16,-18,-3,8,37
-19,-12,-39,-5,-8,-5,-38,-35
-19,-12,-39,-5,-8,-5,-38,-35
3,27,87,14,18,-6,-5,-15
-4,-5,44,-6,-22,-9,3,-1
18,27,63,16,0,19,14,-1
3,-8,-21,-26,-13,-8,-4,39
44,25,53,49,18,1,9,58
-21,-28,-44,-44,-15,-7,9,-29
-21,-28,-44,-44,-15,-7,9,-29
-26,6,24,7,-14,-19,-38,-54
20,24,76,38,16,11,12,9
-15,-35,-41,-23,-27,-14,22,29
6,37,54,45,35,14,-49,-27
6,37,54,45,35,14,-49,-27
-40,-30,-31,-49,-34,-27,-19,-33
22,6,13,-2,13,5,-18,32
10,-6,-2,-22,-37,-9,40,47
-9,-19,-19,20,31,5,-13,-6
-7,-6,3,-31,-20,-24,-6,-17
-8,-2,0,9,-8,-8,-14,-7
-8,-2,0,9,-8,-8,-14,-7
-29,-11,-15,-5,5,-1,-39,-61
-30,-58,-52,-47,-24,-24,-29,-19
40,77,127,51,14,17,76,2
7,6,-66,-28,-1,-4,-23,11
18,45,92,39,10,4,1,37
-5,29,45,48,14,10,0,-40
12,3,-12,-19,-11,-2,20,37
-2,-3,15,1,-5,9,-10,13
-10,-12,-46,-20,-11,-19,-53,10
13,-17,8,2,-5,14,56,40
10,8,-7,26,37,16,2,2
-17,-24,-53,-10,2,-3,-8,-37
26,17,25,10,0,3,20,18
-17,-11,-16,-21,-4,10,49,-4
7,6,26,20,-5,-8,-23,-10
7,6,26,20,-5,-8,-23,-10
1,-16,-2,-9,23,15,10,8
-5,-11,1,-12,-8,-6,7,4
8,-9,-12,-13,5,0,23,20
7,11,29,-2,-5,-6,15,22
5,3,4,-7,-2,-5,-6,4
-8,-12,-55,-23,-5,2,9,-3
-18,-43,-108,-71,-32,-12,-13,4
-10,9,31,13,-2,8,51,-16
3,-23,-35,-17,10,4,-17,13
-9,0,4,11,13,0,-6,-16
-9,0,4,11,13,0,-6,-16
-7,-18,-87,-31,-16,-5,-12,18
-29,3,23,1,-18,-10,-6,-80
2,-6,-34,-17,-39,-5,14,11
13,19,52,37,18,0,-25,21
-1,-18,-12,-12,-12,-17,-48,-11
-9,-45,-108,-64,5,1,21,47
-9,-45,-108,-64,5,1,21,47
7,0,-6,14,-15,-12,-37,4
7,-9,-20,-2,8,8,26,21
18,41,96,53,44,31,29,8
10,7,6,10,3,4,18,13
-20,-21,-58,-20,-9,-10,-10,-36
-10,-10,-35,-26,-30,-9,-18,-11
-8,13,37,6,-26,-9,-1,-30
-3,-1,2,5,-1,-14,-11,-17
-7,-3,-5,-4,2,-8,-16,-7
-20,-27,-67,-35,1,4,-5,-18
-20,-27,-67,-35,1,4,-5,-18
0,-9,-17,-19,-5,-3,-8,2
2,6,19,25,16,3,2,-1
1,3,9,7,-1,-1,-3,1
-2,2,0,2,-3,1,-8,-2
2,2,-3,-24,7,4,8,5
0,6,20,-21,-2,-3,-3,-1
0,0,6,17,3,2,27,-10
1,1,8,13,-6,-5,-8,4
-1,-4,-24,-40,-15,-5,-28,-5
-1,3,14,-6,4,0,11,5
5,6,19,56,10,-4,-25,9
4,2,2,-14,-2,1,-11,14
3,3,27,2,9,7,4,11
5,5,15,21,15,10,14,3
-2,-5,-7,-8,-1,-1,-18,1
-10,-3,7,12,-2,-3,26,-14
2,-1,-10,-5,-14,-12,-11,1
2,-1,-10,-5,-14,-12,-11,1
-1,-1,1,7,-4,2,30,2
3,-2,-9,1,4,12,51,11
-4,-2,-5,-10,-4,-6,-21,-5
1,-2,-6,-16,0,11,26,7
1,-2,-6,-16,0,11,26,7
3,3,19,17,13,-4,-29,0
-2,-1,-11,-5,-1,-1,-4,-3
-1,3,17,36,11,-4,-3,-5
-2,1,-1,-13,-14,2,33,8
-3,-1,2,-3,-21,-18,-18,-6
-4,-6,-23,-8,18,-6,-43,-10
1,1,2,17,-3,2,11,6
-3,-2,5,-1,-11,2,12,-7
-1,-2,1,-1,1,8,28,4
0,0,5,-36,-16,-8,5,3
0,0,5,-36,-16,-8,5,3
4,8,27,25,11,13,6,3
2,2,-5,2,22,-2,-11,-3
-2,-1,8,9,-10,-10,-30,-8
-1,-2,-7,6,11,6,-4,-1
0,2,-1,-14,6,-6,-14,-5
-2,-4,6,9,8,-7,-17,2
3,5,15,14,-8,12,7,1
-5,-6,-9,-15,-22,-13,-25,-10
-4,-6,-23,-41,-5,-7,-15,-9
-3,-8,-20,2,0,4,8,-3
-3,-3,0,1,-11,0,11,-2
-1,-5,-8,1,-7,-4,-3,3
0,1,9,24,15,4,-16,4
-1,-1,-10,8,5,-1,-16,-10
0,-4,-1,-25,-1,-3,11,3
0,2,-4,-24,2,-4,-3,5
-4,-9,-28,-31,-16,-6,4,-2
-4,-9,-28,-31,-16,-6,4,-2
-1,2,11,17,-6,-8,-9,-5
1,4,12,3,21,0,-7,-3
-5,-4,-1,-1,-18,-5,-5,-5
3,-2,6,27,9,10,12,6
3,-2,6,27,9,10,12,6
-2,-2,11,5,-14,-8,11,0
0,-2,-2,4,-5,-4,-18,7
0,-2,-7,14,-9,1,11,-1
-1,1,-1,-11,-16,-4,-12,-3
-4,-7,-15,-2,-13,-1,11,-2
-1,-2,-2,-9,-5,-10,1,-5
-2,-3,-6,6,13,2,-42,-10
-2,-3,-6,6,13,2,-42,-10
-2,1,2,-12,-12,4,7,1
1,1,7,2,0,9,31,5
-3,0,0,-13,-3,-11,-34,-12
3,0,3,24,0,-2,8,9
0,0,7,-15,-6,-11,-15,-1
2,3,3,-12,-6,2,9,8
-2,-2,-8,-7,-7,-9,-32,-8
2,-3,-3,-14,-2,11,-6,3
0,3,3,9,3,-2,-6,1
1,2,7,12,13,10,19,3
-4,-1,-5,12,-10,0,23,-2
0,-2,2,-12,0,1,6,1
-4,-4,-3,3,6,6,6,-3
1,0,-6,-5,6,8,3,-2
-3,1,3,-5,-15,-4,11,6
-3,-5,-6,12,-15,-13,8,-4
-3,-3,0,8,-14,-9,-20,-2
-1,-2,2,-4,-11,-10,-17,-1
-1,-2,2,-4,-11,-10,-17,-1
-3,-2,0,-1,-8,-1,-17,-8
3,2,2,-13,-5,-4,-14,2
0,-2,-5,2,15,-3,-22,-4
-4,0,4,-10,10,4,-4,-10
-4,0,4,-10,10,4,-4,-10
-1,2,-2,2,14,4,7,4
-3,-7,-21,-38,-6,-6,-6,-3
-1,1,3,20,-3,3,16,1
3,2,6,16,-6,-20,-22,-2
-1,-1,-12,-3,-8,1,-1,-2
3,0,-6,2,4,14,33,13
0,0,-2,-9,-9,-5,-8,0
-4,-2,5,13,14,13,32,-2
-6,-7,-5,-23,-25,-9,10,-1
1,1,-3,11,-6,-7,-10,3
-3,-2,4,12,-4,-15,-38,-7
-4,-6,-9,-8,-7,-9,-4,-3
1,1,3,5,-3,-3,-22,6
1,2,-5,-5,19,3,3,4
-1,-1,5,11,-22,-9,-36,-11
-8,-6,-7,-16,-17,-12,-7,-8
0,1,3,-3,1,3,-7,-3
0,1,3,-3,1,3,-7,-3
1,1,0,2,9,2,1,-4
-2,1,3,-24,-6,-2,20,0
-10,-7,-2,5,-17,-17,-8,-20
4,-2,12,1,12,14,38,12
-4,-3,-8,-4,-16,-13,-17,-5
4,1,-3,3,8,5,-11,7
-2,-5,-4,-3,-16,5,-4,-1
-7,-2,-1,-6,5,-2,-6,-11
0,-3,4,15,7,10,47,5
3,2,1,3,9,1,-36,2
3,2,1,3,9,1,-36,2
-3,-4,-14,-9,0,0,-14,-8
-1,-4,1,-9,-14,-9,-5,-1
0,3,4,9,-6,1,-3,1
-3,-4,-12,-12,-3,-6,-21,-4
0,0,2,-4,-8,19,64,7
-10,-7,-26,-11,-4,-16,-23,-15
0,-2,-3,0,6,6,28,4
2,1,6,12,15,3,-5,1
2,-1,-9,-14,12,17,4,2
-5,-4,-9,-14,-26,-20,1,-4
-3,-2,-13,-8,-11,-8,-5,2
1,3,1,3,19,10,1,7
-1,-2,-1,-1,-23,-30,-22,-6
-2,-4,-17,-18,3,-3,0,-10
-2,0,11,13,-10,1,-29,-5
1,0,-3,-9,-9,-14,4,3
2,3,-4,0,9,14,13,7
2,3,-4,0,9,14,13,7
0,0,-5,11,9,-1,-7,7
-1,-3,3,9,0,2,30,2
2,4,8,14,26,16,15,1
-4,-4,1,2,-5,-2,-2,-3
-4,-4,1,2,-5,-2,-2,-3
-3,0,3,-1,4,29,65,6
0,-1,-7,-18,24,-2,-26,-2
0,-1,1,0,-10,-12,-14,1
1,2,21,24,15,10,-3,2
-4,-2,4,17,8,3,-7,-5
0,-2,1,-2,-2,-1,34,9
-2,-2,-8,-1,-4,-13,-26,-6
3,1,-5,-18,7,-8,-72,-8
-2,-4,1,1,-8,-7,-11,-4
-2,-3,-13,-14,17,13,10,1
1,6,17,22,-2,-2,1,-3
-2,2,10,5,1,-9,-4,-3
-1,-5,-6,-2,6,9,9,-1
0,-1,-4,-1,4,14,7,2
-4,-2,7,0,-8,-11,-46,-22
3,5,-12,18,4,-1,-3,5
-1,3,-1,0,-1,1,-13,0
-4,-4,-1,0,-6,-1,-7,-10
3,-1,-12,2,8,2,3,8
-5,-8,-28,-6,1,-1,-1,2
1,0,2,4,-8,0,10,3
1,0,2,4,-8,0,10,3
-3,0,6,-3,-11,-9,-1,-1
0,-2,3,-3,7,0,1,1
-1,0,-3,12,20,15,4,1
-2,1,-1,5,-12,-16,-8,-2
2,-2,-1,6,-1,-7,0,-1
2,-2,-1,6,-1,-7,0,-1
0,2,-1,0,5,-10,-5,-1
-3,-4,-6,0,14,21,20,-5
-3,-4,-6,0,14,21,20,-5
0,2,0,-8,-15,-12,-13,-4
-1,0,8,0,-14,-12,-1,-1
1,3,3,1,2,-5,-2,1
-2,1,4,0,8,13,0,-5
0,0,-1,-8,3,1,3,-1
0,0,-1,-8,3,1,3,-1
-1,-1,2,5,5,3,10,3
0,1,-2,3,1,-1,-3,-1
-1,-1,-1,-3,-5,1,6,-1
-2,-2,-10,-7,0,-3,-2,-3
-2,-2,-4,-17,-2,1,6,-2
-1,-1,3,9,14,-4,-8,-9
1,1,3,5,-9,-14,5,4
1,1,3,5,-9,-14,5,4
-5,-1,1,-13,-6,-5,-12,-12
0,-1,-8,-6,-2,8,3,4
-1,-1,-6,8,-7,8,-2,-4
-3,-4,-4,2,-4,5,-4,3
-3,-4,-4,2,-4,5,-4,3
-8,1,2,5,-14,-7,-8,-10
-7,-1,-4,7,-16,-6,-7,3
3,-5,17,12,15,13,14,24
-13,-13,5,-4,1,-1,-3,2
-15,4,4,16,11,1,-12,-33
-38,-10,-2,-9,-3,-2,-15,-56
30,19,23,16,14,19,-16,-41
-19,-14,1,-10,-10,-1,-37,-73
-19,-14,1,-10,-10,-1,-37,-73
-19,-28,-48,-20,-4,-5,-9,-46
-5,-2,-11,-14,-7,-5,20,24
-9,-9,-19,-29,-21,-3,23,-5
9,19,64,49,17,-6,-42,26
-16,26,-11,-4,-1,-2,-48,-98
6,-9,48,48,-1,-23,-55,8
-4,-24,-35,-2,-3,-5,0,14
10,4,55,49,8,-10,-36,-7
-18,-23,-26,-48,-21,-10,-17,-14
-74,-2,4,3,-4,-30,-79,-128
28,21,2,6,29,11,5,5
28,21,2,6,29,11,5,5
-15,-27,-22,-3,-33,-23,-29,-35
0,7,14,-8,-14,2,-4,-20
-20,-12,-37,-6,-2,-8,-42,-43
12,3,17,11,-3,0,5,13
-4,-28,-20,-3,1,2,-12,10
26,-9,-54,-3,12,2,2,78
26,-9,-54,-3,12,2,2,78
-54,-21,-18,-2,-6,-4,-54,-82
-54,-21,-18,-2,-6,-4,-54,-82
37,13,59,-23,-22,4,61,86
3,-25,-26,-5,-24,-2,57,47
-3,-16,-11,-33,1,4,5,-10
-6,5,25,-1,21,9,-32,-64
-15,6,29,24,6,-27,-48,-50
-15,6,29,24,6,-27,-48,-50
-47,-14,-23,-20,-12,-16,-27,-37
26,25,11,-17,-16,4,62,50
-14,-22,-73,-38,-30,-11,-4,-52
56,24,27,30,7,6,17,86
-26,-47,-99,-32,-20,4,47,1
-6,0,27,-9,-8,-11,-68,-5
-20,-29,-62,33,26,8,-21,-34
-20,-29,-62,33,26,8,-21,-34
-29,13,77,31,3,-21,-63,-42
-1,-13,-12,-17,-5,-3,11,32
-1,-5,-10,2,8,-1,-28,-7
-10,3,-12,5,3,9,10,-17
-32,18,42,17,-2,-2,-18,-74
-5,-11,-44,-40,-28,-5,41,20
0,3,11,48,65,25,-5,-4
14,18,70,39,-17,-6,-3,25
-19,-21,-32,-24,-23,-10,-18,-23
-29,-27,-59,-43,-10,-21,-86,-47
-62,-12,-10,-16,-11,-10,-46,-86
5,21,80,23,12,5,17,8
-13,-27,-82,-56,-19,-16,-57,-12
-15,11,-1,10,2,-4,-7,-77
-10,20,20,9,48,-4,-83,-47
-18,13,38,27,-11,-7,-6,-35
22,-8,-20,-7,10,6,40,59
-9,-1,6,-15,-15,-18,-54,-18
-20,13,45,-2,4,-2,-32,-48
-2,-18,-51,-26,-12,-7,5,7
-10,16,46,13,0,8,3,-15
-3,0,-29,-12,5,-8,-34,-20
13,12,20,17,-12,-7,-10,22
-5,8,29,8,-6,8,-1,-1
-39,-11,0,-8,-18,-9,0,-82
17,13,22,8,0,8,14,32
1,-29,-58,-46,-6,-8,-9,19
14,13,33,29,37,14,28,10
-7,6,60,34,7,2,-24,-4
-7,6,60,34,7,2,-24,-4
7,0,-2,6,9,6,10,16
-1,-10,-16,-10,-14,-14,-14,5
-1,-10,-16,-10,-14,-14,-14,5
0,1,0,3,-12,-19,-31,-5
-2,-5,-32,0,-10,-6,-4,3
3,-1,-3,-8,1,7,9,1
2,5,13,-1,1,0,-7,-5
1,-2,3,-19,-12,-5,-18,2
-5,-4,-3,-8,-5,-12,-1,-13
2,0,-3,6,4,11,-14,-1
1,0,-7,-5,-12,4,7,0
-6,-10,-4,-30,-38,-20,2,-7
1,-7,-71,-80,7,2,-32,6
0,3,-11,-59,-13,11,18,0
-6,-13,-27,-7,-10,-12,-18,3
0,5,33,81,13,16,42,-3
5,3,5,6,1,-19,-28,7
-8,-4,10,-1,-11,3,-12,-11
1,-4,-16,-36,-17,-12,2,1
2,6,10,12,44,24,29,8
2,6,10,12,44,24,29,8
4,-1,4,3,-9,-13,-33,2
2,-2,-3,-4,-1,-12,-50,1
4,3,10,21,12,6,-2,2
4,3,10,21,12,6,-2,2
0,4,1,-15,19,27,52,7
-2,-4,-2,-14,-2,0,17,3
2,3,10,3,5,19,-13,1
1,-2,-1,-1,-9,-13,-25,-4
-3,-2,3,1,0,-17,-16,-9
0,0,-12,-20,5,-4,-21,-4
0,0,-12,-20,5,-4,-21,-4
4,1,1,-1,10,8,21,11
1,1,0,5,-1,3,25,8
-5,-4,-1,2,3,2,0,-8
1,0,11,9,0,6,8,1
-5,-3,2,7,-8,-6,-11,-8
-5,0,-9,12,3,1,22,-4
-5,0,-9,12,3,1,22,-4
-5,-5,-6,5,5,5,2,-7
-6,-2,-1,-41,-17,-14,5,-3
2,1,1,3,11,3,-13,1
4,2,2,17,0,1,-8,7
-2,1,0,6,10,14,25,1
-3,-3,-8,3,-2,3,-17,-12
0,1,3,12,-4,-13,-16,0
2,-1,-1,0,-4,2,6,1
-2,-1,-4,-6,-3,-8,-23,-6
-3,-2,0,6,10,15,34,-7
-3,-2,0,6,10,15,34,-7
-6,-3,-15,-10,4,4,4,-13
3,2,4,9,-14,-14,-18,4
4,6,32,12,18,10,4,11
-3,-2,8,9,-2,0,10,0
