-3,-3,-3,-2,-1,-3,-2,-2
0,-1,-1,-6,-2,-2,-4,-2
0,1,0,2,2,-1,-1,0
1,1,5,7,0,-4,-2,-1
-1,0,-6,-7,-1,0,-2,-1
-1,-3,-1,-2,-1,2,0,-2
-1,-2,13,4,-2,-3,-3,-2
0,2,-16,1,1,-2,1,0
-1,2,12,-7,-3,1,1,0
-2,-3,-14,-9,-3,-1,-1,-2
-3,-3,12,2,1,0,-2,-2
0,5,17,5,3,-1,-1,0
1,-6,-41,-12,-4,-3,-1,2
-2,0,12,11,1,-1,0,0
-1,6,5,-4,-2,-2,-2,-1
2,0,30,16,3,3,3,3
-3,-7,-29,-1,2,1,-2,-2
-1,-1,-6,-19,-3,-1,-1,-2
0,0,-10,4,1,-1,-2,0
-3,-4,-23,-21,-7,-2,-2,-2
0,2,29,14,-3,-2,-2,-2
1,-3,3,11,0,1,1,1
-3,-7,-9,-10,-4,-3,-1,-1
-1,0,-11,-20,-7,-2,-2,-2
-2,-1,14,12,0,-2,-2,-2
3,7,3,17,5,-1,-1,2
0,0,-43,-53,-2,-1,0,1
-4,-6,36,14,-7,-3,-2,-1
3,-2,-32,1,2,1,1,2
-4,-1,43,18,-5,-3,-2,-2
2,0,-21,-6,3,2,3,3
-13,-25,-32,-18,-12,-10,-8,-6
13,28,4,43,19,7,3,3
-5,-5,62,-37,-8,-8,-6,-5
-9,2,-19,56,6,-1,-2,-8
-1,-3,-74,-65,-11,0,1,1
-4,-9,-29,-87,-15,-4,-2,-2
3,7,69,-19,-2,-5,-7,0
9,12,-53,31,23,8,4,4
3,5,9,63,9,4,2,0
4,2,18,-89,-6,0,2,4
0,20,-16,64,4,2,1,0
-12,-30,5,-115,-38,-9,-3,-4
11,13,127,127,31,10,3,3
2,24,-3,42,34,11,5,1
-3,3,22,-58,-21,-5,2,1
-1,-14,33,99,9,1,-3,-5
-6,-10,-39,-108,-35,-11,-6,-2
-23,-65,27,105,-11,-13,-14,-15
11,-9,-8,36,24,22,16,13
27,104,27,-4,1,-11,-9,1
-18,-64,-52,-128,-35,-5,3,-1
17,20,-1,121,4,-4,-6,2
-13,14,32,44,13,5,0,-6
-4,-71,-50,-45,-2,1,3,4
27,91,84,127,45,5,2,3
-15,20,-81,-128,-55,-13,-1,-3
20,18,-22,103,77,13,1,4
-30,-44,-83,-106,-7,-1,-2,-9
-7,-56,24,98,11,0,3,6
-17,7,-73,-19,-12,-11,-12,-17
14,-7,41,-84,-46,-3,5,9
-6,6,127,-19,9,-5,-8,-4
-22,-79,-3,2,-9,-4,-7,-9
2,-2,-51,-128,-2,-2,1,3
-8,-9,7,-19,-9,-3,-2,-4
6,5,2,-36,-13,0,2,6
-11,-18,-76,-20,0,-9,-15,-13
1,-22,46,11,9,5,8,5
-9,-25,23,-116,-33,-12,-7,-4
-5,-22,-81,-30,0,0,0,-4
5,50,-17,14,18,11,9,5
1,4,72,-50,-2,1,-2,-2
-3,-21,14,104,36,9,6,2
4,1,25,-79,-24,-8,-6,-3
10,58,76,78,36,6,-1,2
-11,-28,73,13,6,0,0,-3
-5,-20,-128,-119,-28,-10,-5,-6
-2,4,63,44,4,-4,-3,-4
8,49,8,-128,-14,2,2,0
-1,11,32,1,0,-2,-2,-1
-3,1,1,64,3,-1,-4,-3
12,43,13,34,5,5,3,6
-19,-74,-125,-53,-23,-9,-9,-8
-2,-19,-11,-59,-29,-5,-1,0
9,15,-117,60,17,2,4,5
-8,-17,78,25,4,1,-1,-4
2,-10,-52,-13,-10,-1,1,1
3,-2,100,28,12,5,1,0
-2,-6,-28,39,5,-1,-2,-2
8,42,22,-9,-12,-5,-3,0
1,-1,5,-3,3,1,2,-1
2,-1,-17,29,8,2,1,2
-4,-2,-15,-94,-18,-4,-3,-3
3,2,25,58,0,1,2,4
2,19,27,-120,-20,-6,-5,-3
4,1,-42,121,24,9,6,4
-1,9,31,3,-11,-9,-6,-5
-5,-21,-34,4,4,4,1,1
8,22,-25,72,5,0,-3,-1
-3,-7,2,-19,-6,-2,-3,-1
-2,1,1,-24,-5,-1,-2,-2
-1,-3,-10,13,1,0,1,1
1,0,11,1,-2,0,-1,1
4,5,-32,-5,0,2,1,1
-6,-6,0,-5,-3,-2,-5,-8
-3,-6,-32,10,5,0,0,-1
1,8,38,-3,-1,-1,-2,-1
-1,-3,-9,5,-3,-5,-4,-1
0,3,3,-21,-5,-4,0,-1
-3,-4,-2,6,-3,0,0,0
-1,0,-2,0,2,1,1,1
1,2,2,-3,1,-1,-2,1
2,4,14,0,0,-2,0,2
-2,-8,-16,0,0,2,-1,1
-1,-1,1,5,1,-1,-1,0
0,4,-2,-4,1,-1,0,-2
-2,-4,7,-13,-5,-3,-2,-1
-2,-2,-6,8,0,-1,-1,0
2,-1,1,-6,-1,-1,0,1
-1,2,7,-1,0,-3,1,-2
-2,0,-2,-6,-1,0,-1,0
-1,0,-2,4,2,-1,1,-1
-2,-1,-2,0,2,1,-1,-1
0,-1,-6,-4,-3,0,-2,0
-3,-1,3,-2,-4,-3,-3,-2
2,0,-3,5,3,-1,-2,-1
-4,-3,-2,-4,-5,-3,-3,-2
-1,-1,-3,1,-1,-4,-7,-2
-3,1,2,-2,1,1,6,2
-3,-1,1,3,3,8,3,-4
-3,-4,-5,-2,-4,7,-4,-5
1,0,3,0,-3,-19,-5,2
1,0,0,0,2,-8,14,3
-1,-2,-7,-2,-2,-3,-7,0
-2,0,-1,1,0,-11,3,0
-1,-2,-6,-9,1,15,2,-4
-3,-3,0,-8,-5,-1,-6,-5
0,-1,-2,1,-2,2,3,0
0,-2,0,-1,0,-7,-5,-1
-1,-1,1,3,-2,-6,-4,-1
-2,-2,0,-3,0,3,-3,-1
0,-2,-3,0,1,1,-1,-3
-1,0,0,0,-3,0,-2,-1
0,1,-2,-4,-1,1,6,2
1,1,4,14,-8,2,-2,0
1,-1,0,-6,3,-2,-2,0
0,-1,-2,-8,2,0,2,1
-1,0,0,3,4,4,3,0
-4,-5,-6,-9,-4,-3,-7,-3
0,3,2,7,-1,-5,-2,1
2,1,3,14,0,-1,3,2
0,-1,-4,-11,4,4,0,-3
-2,-3,-1,-1,0,1,-3,-1
-1,-3,-4,-1,-3,-3,-1,0
0,-3,-5,-7,0,4,2,2
-1,-1,2,7,-4,-1,-2,-2
1,-1,-3,-4,0,-1,-2,0
-2,-1,-2,-4,0,-2,1,-1
-1,-1,-3,0,-2,-1,-2,-2
-2,-2,-2,3,-1,0,-1,-2
-1,1,4,-5,1,-1,-3,-2
-1,1,5,4,-2,-3,-1,-2
-2,-1,-4,-1,1,-3,-3,0
-2,-2,-2,-3,-3,0,2,0
-2,0,-5,-3,-1,2,-1,-2
-2,-2,0,2,-1,0,-2,0
-1,-3,-4,-4,-4,-3,0,0
-2,-1,1,4,1,0,-2,0
-2,0,-1,-4,0,-2,-3,0
0,-2,-3,-1,-2,2,3,-1
-2,0,-4,-2,-4,2,1,0
-1,-1,4,0,-2,-2,0,-2
1,1,-5,1,3,0,-1,-1
-1,-4,-3,0,-1,0,1,0
-1,-1,1,-2,-3,0,0,-1
-3,0,-3,0,1,-1,-2,-3
0,1,1,-1,1,0,0,-1
0,1,0,-2,-2,-1,0,0
1,-1,4,1,-1,-3,-4,0
-3,-2,-3,-1,1,1,-2,-1
-2,-1,-5,-1,-3,-3,0,-2
-2,-2,-3,0,0,0,-1,-1
-2,-1,1,2,2,0,-1,-2
0,-2,-1,-4,-2,-3,-1,-2
0,-3,-4,-1,-3,-2,1,-1
-2,-3,6,16,0,-2,-1,-1
0,-1,-6,-22,-5,-3,-1,0
3,3,3,4,0,0,1,0
-2,-3,1,0,-1,-2,-2,-1
0,-2,-4,-4,1,2,-1,-2
-2,-1,8,10,-3,-1,-1,-1
-1,-2,-17,-3,-1,-5,-1,0
-1,-2,3,-3,-2,-1,0,-1
0,2,0,-4,-1,-1,-3,0
-1,-1,-1,4,3,0,-1,-2
-2,-2,1,-2,-3,-2,-2,-1
-2,0,-7,2,-3,0,0,-3
-1,-3,-3,-5,1,-2,-1,-2
-1,0,2,4,-1,-1,0,1
-2,-2,-2,-9,-2,-1,-2,0
0,0,-3,0,0,-2,-3,0
-3,0,-1,-1,-3,-1,-1,-1
-4,-2,-2,-1,-1,0,0,2
0,-1,0,4,1,0,-1,-2
-3,-2,0,1,-3,-3,-2,0
-1,3,12,2,0,-1,0,1
-1,-2,-8,-4,-2,-1,-1,-2
-1,-1,4,0,2,0,0,-3
0,1,7,0,-4,-3,-2,-1
-1,0,14,-7,-1,-2,-3,-1
0,1,-12,7,3,1,1,2
-2,-2,5,1,-1,0,0,-1
-3,-4,-6,-3,-4,-2,1,-1
-2,-2,-20,-13,-2,0,-1,-2
6,14,28,26,10,3,0,1
-3,-12,-19,-3,-1,1,0,-1
0,0,-1,-3,-2,1,1,-1
-2,-1,10,-6,-4,-3,-3,-1
-4,-4,-10,-14,-6,-4,-2,-1
0,2,-3,2,1,-3,-4,0
-1,-4,-2,-2,-1,-1,-2,-1
-2,0,-3,2,2,0,-2,-3
0,-2,-4,-8,-5,0,-1,0
1,2,1,1,2,2,1,2
-1,0,0,-3,-2,-2,0,-2
-1,0,5,4,0,-3,0,1
-3,-5,-4,-2,-4,-1,-1,-3
0,0,5,-2,-3,1,-2,0
-2,-1,-6,-2,0,1,-2,-1
-1,-2,7,-10,-4,-1,-1,-2
-4,-9,-20,-11,-5,-3,-2,-3
3,8,10,13,5,1,4,3
0,1,1,-13,-4,0,-1,-1
-1,-6,-31,-13,-5,-3,-2,0
4,11,40,19,10,2,-2,-1
4,13,47,45,7,-3,-4,-2
-2,-18,-41,-8,1,0,2,1
-12,-22,-14,-30,-21,-3,-1,-4
7,32,34,7,2,-3,-4,-3
5,11,72,65,13,5,2,3
-12,-34,-64,-32,-8,-4,-2,-3
2,21,53,20,6,-4,-6,-5
-15,-43,-21,-30,-14,-3,0,-3
-2,6,38,-84,-21,-6,-1,-2
9,32,127,120,14,-1,-4,-2
-11,-53,-128,-113,-16,-1,0,-2
-13,-20,41,-35,-29,-13,-9,-5
10,27,19,34,20,0,-4,-4
-5,18,-54,-46,-6,0,1,-4
-1,-8,84,127,15,-5,-6,-4
-16,-28,-82,-79,-15,1,3,-2
3,13,58,-35,-22,-6,-4,-3
-3,-29,-72,-19,3,5,2,2
6,8,-23,31,3,2,-1,2
0,-11,-31,-18,8,1,0,1
-10,-27,-103,-46,-20,-8,-4,-3
10,34,80,68,16,2,0,1
-1,17,15,-23,5,4,0,0
-1,-12,-60,-55,-18,-6,-2,2
7,27,0,53,13,0,-2,0
-8,-19,35,-6,-1,-3,-1,-4
3,9,13,-23,8,1,3,1
9,47,42,51,17,1,-2,-1
-28,-77,-128,-128,-46,-13,-8,-10
17,41,-45,90,9,5,1,4
11,28,43,-5,15,9,10,10
-3,-16,-60,-49,-10,-2,-3,-4
-9,-40,-50,-75,-2,2,3,1
-4,0,-102,-128,-27,-6,-1,-1
-2,12,5,53,53,11,-3,-9
14,28,77,38,12,8,7,7
-4,-8,-10,-7,1,0,1,-3
-3,-27,-53,-93,-11,1,2,0
5,26,62,96,-3,-5,-1,1
-6,-20,3,35,17,2,-1,-1
1,12,-2,97,9,2,2,1
-7,-24,14,-61,-13,-7,-4,-3
-2,-23,-69,-128,-24,-4,1,3
9,33,94,124,27,2,-2,-1
-15,-54,-99,-89,-17,-2,1,-3
8,48,-19,34,8,-5,-7,-3
-16,-59,-21,-54,-3,3,3,0
2,-13,16,34,-2,5,5,3
11,32,0,37,16,4,1,4
-15,-21,68,2,1,-9,-8,-8
-2,-5,98,31,-8,-2,-3,-4
-3,-2,-68,-43,1,-2,-1,-3
0,4,40,16,3,4,2,1
3,-7,20,0,-2,0,-2,1
2,19,-4,5,-6,-3,-1,-3
-3,-9,-1,-9,-3,-1,0,-2
4,19,38,2,-2,-1,-2,-1
7,21,-15,-24,0,1,4,2
-10,-39,-50,85,9,1,-3,-4
3,18,-15,-22,-6,-2,0,0
1,11,11,-1,6,1,2,1
0,0,33,9,2,2,1,1
5,23,-2,-29,-10,-4,-2,-2
0,1,-6,11,-2,-4,-4,0
-3,-7,37,45,7,0,2,-1
-2,1,24,-34,-2,-2,-3,-3
0,-5,-60,5,-2,1,-2,1
2,1,34,20,9,4,1,3
4,11,-30,-10,0,-1,0,0
-4,-12,1,4,-6,1,3,3
-1,4,-20,-44,-3,-1,-3,-1
-2,4,5,-16,-1,-4,-5,-5
-2,-9,-3,-8,-3,0,0,-2
-1,-4,4,45,8,2,1,-1
3,17,14,-14,-9,-3,-2,2
-3,-12,-15,-11,-9,-3,-1,-2
0,1,10,-12,-1,-3,-3,-2
-2,-9,-8,-13,-2,-1,-1,0
0,4,11,3,-2,-4,1,-2
-3,-4,-6,-26,-6,0,0,-1
0,0,0,3,3,0,-1,0
0,-1,6,14,-2,-2,-2,0
2,3,8,-2,-7,-1,3,2
0,0,-13,-11,-5,-3,-1,0
-2,3,10,7,3,3,-1,-1
-3,-8,-2,12,-1,-4,-6,-4
-1,3,1,-21,-8,-9,-9,-1
0,1,-9,-15,-2,1,8,1
0,-3,5,6,8,10,4,0
-1,-4,3,2,-1,-3,1,0
-1,1,-3,-12,-4,-2,-3,-3
-2,-1,-2,-7,-4,-11,-9,-5
0,-3,2,8,3,11,1,1
-1,-2,-5,-2,-3,-5,-9,-3
1,3,4,3,3,-4,-1,-1
1,-3,-3,-2,-2,-6,-2,2
-2,-1,1,-7,-1,-5,6,0
0,-2,1,1,1,9,13,3
2,2,5,-1,1,-5,-6,2
-3,-3,-2,-5,-6,8,-9,-6
-4,-4,-6,-12,-5,-29,-25,-4
1,1,2,7,12,25,18,4
-2,-3,-6,-12,-7,-6,6,1
-3,0,-1,8,4,3,7,0
-1,-1,4,3,-5,-2,-7,-3
-2,-2,-1,9,-8,-12,-11,-5
-1,-1,-2,-21,-2,1,3,0
0,-2,-3,-5,-2,2,-2,0
-1,0,0,-3,0,0,2,-2
-3,-3,-5,-4,0,-5,-1,-1
0,1,-3,-2,0,5,0,-1
0,1,0,-2,-4,-8,-3,0
0,-1,1,3,-3,2,1,3
0,-1,2,9,9,1,1,-1
0,0,-4,-3,-4,0,-1,-3
-2,-1,-2,-8,-1,1,0,-2
0,0,6,14,-3,1,3,2
-1,-1,-2,-12,-1,-2,-6,0
-2,-1,-3,0,-1,2,-2,-1
-2,-4,-9,-2,0,-1,1,-2
2,2,9,6,-1,0,3,0
1,1,4,2,-3,-4,-3,1
-1,0,-2,0,3,1,-1,-1
-1,-8,-16,-8,-5,-4,0,-1
1,7,14,6,6,2,0,0
-2,0,-1,-1,-2,-2,-4,-3
1,3,2,0,-5,-1,1,0
0,-2,0,0,-3,-1,0,2
-4,-8,-14,-9,-2,1,0,-3
-1,1,1,-2,-2,-2,-1,0
-1,0,0,3,-1,-1,1,1
0,-1,0,-4,-1,0,-2,0
-1,-1,-2,2,0,-2,0,0
-1,-2,1,1,-3,-3,-2,-1
-1,0,-1,0,-1,1,-1,-1
1,1,2,-1,1,0,1,-2
-2,-1,-2,2,0,1,0,-1
1,0,-1,1,-6,-6,-5,0
0,1,3,-3,0,-1,-1,-2
-2,-1,-5,-3,2,0,1,-2
0,0,-2,-2,0,-1,0,-1
-2,-3,0,4,-1,0,-1,-3
-2,-3,-1,-4,-3,-3,-2,-2
0,-2,-8,-5,-3,-2,-1,1
-1,0,-2,-3,-1,0,0,-1
0,-3,-1,1,2,-1,-1,-2
0,1,0,0,-2,-1,-2,-1
-2,-3,1,2,-2,-2,-1,-2
-2,-1,-3,-3,-4,-2,0,1
-1,1,-3,-4,-1,1,-1,0
-2,-1,9,7,0,-2,0,1
0,0,-3,-8,-4,-1,1,-2
0,-2,-3,2,0,0,-1,-1
-2,-2,1,1,1,0,0,-4
-2,-1,-4,0,-1,-1,-1,0
-1,1,-4,1,-3,-2,0,-2
-1,-1,4,-1,-3,-1,-1,-2
-1,0,-3,-4,-2,-1,-1,0
-1,1,0,4,5,2,-1,-1
-3,-4,0,0,-1,-2,-1,-1
-1,0,-2,-5,-2,-4,-1,0
-3,1,4,2,-1,-1,1,0
-1,-1,-4,-6,-4,-1,-1,-1
0,-2,1,2,1,1,-3,-1
-1,0,-2,-1,-3,-3,0,0
2,0,-2,-1,-3,-2,-2,0
-1,-4,-2,0,3,0,0,-2
0,-2,-4,-3,0,0,-3,-1
0,-1,1,2,-2,-4,-4,-1
1,0,1,0,-3,1,1,1
0,-4,-4,-5,-3,-1,-2,-1
-1,-1,-3,0,2,0,-1,-2
0,-1,-8,-1,-1,-3,-2,-2
1,-2,-1,-1,-2,-2,0,0
0,-1,0,-2,0,1,1,0
-4,-1,2,14,0,-1,-3,-1
1,2,4,7,4,1,2,2
-1,-2,-1,-2,-2,-3,-1,-1
-2,-2,1,-3,0,0,-1,-2
-1,-2,-8,-13,-4,-2,-4,0
-1,-2,-7,5,2,0,0,-1
-2,0,-3,-7,-1,-3,-3,-2
-1,2,7,12,-3,-2,-1,-1
-1,-5,-13,-21,-2,-3,0,0
1,5,36,36,1,-2,-1,0
-3,-5,-20,-8,-2,2,0,-2
-3,-4,2,3,1,1,-2,-1
-5,-1,19,-3,0,0,-1,-1
-3,-10,-54,-35,-8,-2,-2,-1
6,15,44,34,12,1,-1,0
3,10,21,16,1,1,1,1
-1,-3,-9,-4,-4,-1,0,0
-5,-5,-7,-13,-6,-2,-1,-4
-3,-5,0,-3,0,1,-3,-2
-5,-5,-16,-11,-6,-5,-2,-3
5,10,15,7,2,2,0,1
-1,-2,-2,-2,-3,-4,-2,-1
-6,-11,-22,-14,-3,-1,0,-1
-1,-1,23,6,0,-1,-1,-2
-3,-6,-39,-7,-6,-2,-1,-1
-2,4,16,-6,-3,1,1,1
2,4,-2,-2,-2,-3,-2,1
-1,-6,-22,-6,4,0,-1,0
-1,-11,-38,27,5,-1,1,-1
3,5,30,-17,-4,0,-1,0
-7,-8,-46,-32,-7,-6,-7,-6
5,11,57,71,11,4,0,0
-3,-2,12,-29,-9,-3,-1,-2
0,-9,-74,-26,-8,-2,1,1
-1,1,-21,-42,-3,-1,-2,-3
4,7,81,7,-12,-9,-3,0
0,-7,-96,24,12,3,1,0
3,13,104,52,6,3,1,-1
-10,-26,12,-8,-30,-9,-2,-2
25,60,76,67,82,25,11,9
-18,-54,-64,-78,-31,-7,0,-6
32,86,97,103,60,20,11,13
-16,-67,-100,-78,-40,-7,2,-2
-8,-23,11,38,-13,-3,-2,-1
30,86,85,21,37,4,-3,4
-7,-1,3,-103,3,4,0,-5
9,18,123,83,35,14,10,8
1,9,-87,-23,5,2,0,-1
-17,-77,51,-60,-32,-9,-3,0
-20,-22,-128,-128,-25,-13,-9,-11
30,78,127,127,26,5,3,7
-24,-80,-116,-72,-3,-10,-5,-6
2,35,126,-64,8,-6,-9,-7
0,-16,26,127,-10,11,12,9
-22,-42,-68,-128,-53,-13,-5,-3
10,52,-23,110,30,6,-3,-3
11,3,-20,-25,-7,-5,1,9
-10,-29,-20,-78,-39,-21,-15,-10
-13,-34,-44,28,50,18,8,-1
1,-18,-66,-128,-42,-8,1,5
-5,8,-78,26,9,-6,-11,-13
9,21,89,-12,-2,7,8,6
2,-6,-4,10,1,-2,-2,1
-8,-25,-54,19,-11,-9,-8,-7
-11,-25,-71,-16,-27,-4,0,-4
1,1,-108,-74,-10,-10,-8,-4
0,4,70,106,17,0,-1,-3
-11,-2,16,-74,-20,0,0,-3
13,45,56,-17,-6,7,7,9
-9,-48,65,127,26,1,-2,-5
11,21,-57,-53,-10,1,3,7
-7,-4,-37,-128,-15,-6,-4,-6
-3,-13,-13,-12,-2,3,0,-1
-2,15,-47,18,6,-5,-5,-2
1,22,-97,-72,-29,-16,-12,-7
-4,-43,12,-8,-24,-4,2,3
8,50,64,18,17,6,4,1
-6,-44,-91,36,-1,-5,-2,0
4,18,24,-62,-6,0,-2,-3
2,-12,43,74,21,4,2,4
-4,15,-40,66,9,-1,-1,-4
-10,-18,-22,-76,-26,-11,-9,-5
1,-12,23,1,7,4,3,3
1,28,-27,-46,-18,-1,1,1
2,1,-30,103,24,9,5,1
-1,-3,8,-28,2,0,2,-1
-2,4,-20,10,0,-4,-5,-2
-13,-33,-7,-13,-7,-4,-5,-6
-4,-26,5,-39,-2,-3,-2,-1
8,56,52,-12,-10,-2,1,2
4,4,40,98,31,7,0,-2
1,27,39,-55,-3,2,2,0
-4,-20,9,-61,-12,-5,-2,-1
8,11,93,118,38,10,5,6
-4,-20,-37,-103,-17,-4,-3,1
1,7,34,117,12,2,1,1
-4,-14,56,-25,-3,-2,-3,-2
1,-9,-42,-9,-2,-3,-1,0
-1,4,12,-9,-6,1,3,1
4,6,-22,-11,-2,-3,-3,-1
-4,-16,-16,1,-3,2,3,1
-3,2,39,-5,1,-3,-5,-7
-5,-10,-48,-37,-6,-3,-1,-4
2,5,-9,-53,-4,-3,-1,-2
3,7,36,79,6,1,-1,2
-9,-35,-52,-43,-11,-5,-5,-5
-2,2,-22,-68,-12,-2,-3,-1
3,16,58,47,12,2,1,-1
-5,-12,-32,0,1,-1,0,-2
-1,5,-11,-28,-9,-2,-2,1
-1,5,43,29,4,-1,0,-1
-5,-29,-58,-57,-16,-3,-1,1
6,24,55,79,12,1,-2,-1
-3,-8,-7,-8,-1,1,1,0
-1,-3,2,30,5,-1,1,-2
-1,2,8,11,-1,-1,-1,0
-4,-5,-31,-38,-9,-5,-3,-3
-1,-4,-11,-19,-5,-3,-1,1
0,6,22,35,3,-2,-3,-1
0,-3,4,-9,-6,-2,-1,-3
-4,-9,-9,-17,-3,0,0,0
1,6,6,7,2,-1,0,0
-2,-1,5,14,6,0,-3,-2
-2,-1,4,10,0,-3,-2,-2
1,0,-8,-6,-2,-2,0,-1
-1,2,4,5,0,-2,-2,-2
-1,0,-5,5,2,0,-1,-1
-2,-2,3,1,-2,0,-1,-3
-1,-1,-1,-2,0,-1,-2,0
-2,-6,-12,-17,-4,0,-1,0
-2,0,13,12,1,-1,-2,-2
1,2,7,10,2,1,0,0
-1,-4,-10,-10,-6,-4,0,-1
-2,-3,-3,-1,2,2,0,-2
-2,0,4,10,3,-1,-1,1
0,0,0,6,0,-2,0,-1
-1,-3,-7,-5,0,-2,-1,-3
0,-1,-2,-5,-1,0,0,0
-1,-2,4,8,2,-1,-3,-1
0,-3,-1,-4,-2,-5,-2,-1
0,-3,-4,-7,0,8,4,1
-1,2,4,8,4,1,-4,-3
1,-1,-1,-3,-2,0,9,-1
0,-1,2,2,1,-4,-3,1
-2,-2,-5,-3,-3,1,-1,2
0,-2,-4,-3,-3,-2,-2,0
-1,-1,-2,1,-3,1,1,0
-2,-1,0,1,-2,-3,-2,-3
-1,0,1,3,-2,-2,-2,-3
-2,-1,-4,-10,0,-4,-6,-1
-1,-2,-4,-8,-4,2,4,0
1,1,0,0,1,-2,-1,0
-4,-2,1,5,2,-1,-2,-3
-1,-3,-1,0,-2,-2,0,-2
-1,-2,3,3,-2,-4,-5,-3
-2,-3,-2,-3,-1,2,1,-2
0,-1,-4,-4,-4,-4,-1,-1
-1,-2,-4,-3,-2,-1,0,-1
-1,-1,1,2,2,0,-2,1
-2,-1,-1,1,-2,-1,0,-1
-3,-2,-1,-1,-2,-4,-2,0
1,-1,0,-2,-3,0,1,-2
-1,-1,0,1,-1,-3,-2,-1
-1,-2,-1,4,0,0,-2,-1
0,-1,-5,-6,-2,-2,-1,0
1,0,0,0,-1,1,1,0
-1,1,-1,1,-1,1,-4,-2
-2,-3,-1,0,-1,0,-2,-2
-1,0,-2,1,-1,-2,1,-2
0,-1,-1,3,-2,-3,0,2
1,-1,-1,-5,0,-1,-2,0
-1,-1,2,0,-1,1,-1,0
-1,-1,-2,-5,-1,1,-3,-1
0,-1,4,11,0,0,0,-1
-1,0,-2,-2,6,-1,-1,0
-1,-4,-5,-9,-3,3,1,-1
0,-2,-2,-1,-1,0,-2,-1
-1,-3,0,4,-3,-3,1,-1
1,3,0,1,-1,0,1,0
0,0,-2,-4,0,1,-2,0
-2,-2,-1,-3,1,1,0,-1
-2,-2,-1,1,-4,-5,-2,-2
-1,-1,-1,-1,3,-1,1,0
-2,0,-2,1,1,0,0,0
-2,-1,-2,-3,-3,-1,0,0
-2,-1,-3,-3,-3,-1,0,-1
2,1,0,1,-2,-1,0,1
1,-1,1,0,-1,0,-1,-1
-1,0,-4,-3,1,0,-3,-2
-1,-2,2,3,1,1,-1,-1
-1,0,-1,-1,-3,-5,-1,-2
0,-2,0,-1,-1,-2,-1,1
0,-2,-2,-3,-1,0,0,-2
0,-2,-2,-9,-6,0,-1,0
-1,-2,-3,2,-3,-4,-3,0
-2,0,0,1,-1,-2,-1,-2
-2,-2,-1,0,2,0,-1,-2
-2,-1,-1,3,-1,1,-1,-2
-1,-1,0,-2,-1,-1,-2,-2
0,-1,-3,-3,-2,-2,1,0
-1,0,-1,-1,-2,0,1,0
0,-1,-2,-1,0,-2,-1,-1
-1,-2,-6,-6,-5,0,-1,-1
1,1,8,5,1,-1,-2,-2
-1,-2,-2,-3,0,-2,-1,-1
-1,0,0,0,2,0,-2,-3
0,-1,-2,4,-1,0,-1,-1
-2,-2,-2,-3,0,2,0,-1
-1,-3,-3,-5,-3,-3,-1,1
1,-1,-2,-1,-2,-2,0,-1
-2,-3,1,-3,-1,1,1,0
-1,-1,-2,3,2,1,0,-1
0,0,4,11,-3,-4,-4,-2
-1,-2,-4,-12,0,0,0,-1
0,-1,1,-5,-2,0,-2,0
-1,-1,-3,-4,-3,-2,-1,-1
-3,-2,2,0,-1,-1,-1,0
-2,-1,-1,-1,-2,-1,-2,-1
-1,-1,-1,-4,-3,-1,1,0
-3,0,-2,2,2,0,1,-2
-1,-1,-4,0,0,-3,-3,-3
-2,-3,-6,-6,-5,-3,1,-1
0,3,18,2,-2,0,-1,0
-2,-2,-27,0,1,0,-2,-1
-2,-2,7,1,1,0,0,-4
0,-3,-3,-2,-1,-3,0,-1
1,0,-4,-6,-5,-4,0,2
1,0,9,-2,-2,-1,-1,0
-1,-1,10,0,0,-1,-1,0
-2,-3,-20,2,1,-2,-3,-2
-3,-4,0,-3,0,0,-3,-5
0,2,-2,0,-2,-2,0,-1
-2,-3,4,-2,-1,1,0,-1
-1,0,-4,-3,0,-1,0,0
2,0,-8,0,-2,0,0,0
1,7,27,8,0,-1,-3,-1
-1,-3,-13,-5,2,-1,0,0
0,-3,-4,-2,-1,1,0,1
-3,-5,13,18,1,0,-1,-1
0,-5,-30,-29,-5,-3,-1,1
-4,-7,-19,-7,-3,-2,-4,-2
-1,1,32,18,0,-2,-3,-4
-11,-20,-24,-35,-7,-5,-2,-5
5,13,15,35,7,4,2,1
-3,-9,-11,-17,-9,-1,2,0
-3,-4,6,-47,-9,-3,-1,-1
2,3,-57,16,3,-1,-3,-3
-1,-7,66,-2,-3,-4,-2,-1
4,36,3,18,9,0,-1,1
-6,-25,-90,-92,-12,-2,-2,-3
7,18,99,93,8,-4,-2,2
-17,-19,-14,0,-2,3,-1,-9
9,26,78,28,1,4,7,6
-8,-42,-92,-79,-21,-5,-4,-3
14,57,92,37,21,4,0,2
-13,-37,-72,-22,6,2,1,-2
1,19,31,51,-9,-11,-8,-3
-9,-11,6,-20,-13,1,1,-5
-1,-38,-71,-43,-4,5,8,7
16,55,67,83,13,-6,-8,-2
-24,-49,-58,-75,-21,-7,-2,-9
-4,7,-36,-39,-33,-13,-7,-4
38,107,96,111,75,27,11,12
-13,-45,-57,-110,5,9,9,2
0,-43,-63,-39,3,-2,-1,4
-5,4,-42,-51,-6,-9,-9,-7
-15,-54,2,35,-14,-8,-7,-7
-1,6,-75,13,-8,-11,-10,-7
29,93,106,89,60,21,8,8
2,-15,11,-46,-10,4,12,9
-22,-93,-74,-128,-30,-5,0,-1
15,68,-52,63,23,3,-3,-1
5,20,83,79,33,16,10,2
14,53,-1,-16,-5,-12,-5,4
-27,-64,-77,-20,-74,-30,-18,-14
-10,-32,20,-128,-41,0,5,3
8,14,-119,69,-8,-10,-8,-5
2,-4,-26,13,46,17,6,2
-3,-20,-36,-105,-23,-9,-4,-1
-6,-10,-31,-3,12,-4,-6,-6
-2,2,21,-128,-27,-7,-3,-4
-2,-11,127,83,5,0,0,2
-3,8,-19,-10,24,2,-2,-3
-10,-43,-8,-46,-35,-6,1,2
4,9,41,43,6,3,-2,-3
6,-13,-110,56,17,3,0,3
0,5,84,-23,4,1,2,0
14,45,76,37,22,5,2,3
-8,-32,-16,13,-16,-7,-3,-2
4,36,-7,-34,12,6,3,0
4,2,-39,-19,-6,0,1,3
-1,-3,-3,-15,-5,-4,0,0
-12,-52,-52,-66,-13,-6,-3,-3
-2,13,65,60,2,-2,-7,-7
2,19,-69,-41,1,-1,-1,-2
-2,-17,2,-57,-20,-2,1,1
-10,-37,-52,49,6,-1,-3,-3
0,29,-17,-32,-2,2,1,1
11,44,7,69,31,9,-1,0
-3,-18,24,-27,3,-5,-5,-3
5,15,-74,-18,-1,1,2,2
-7,-16,14,-68,-7,-1,0,-5
-1,0,24,77,2,0,1,-3
2,10,19,30,4,-1,-1,-2
0,-1,-4,-14,-8,-3,1,2
-4,-15,5,0,-3,-4,-1,-1
-7,-15,-61,-107,-20,-4,-3,-4
4,-10,71,83,15,3,2,2
-2,1,-7,-63,-15,-2,0,-1
1,1,21,35,3,0,0,-1
2,0,14,-41,-19,-4,-2,1
0,4,-30,49,3,-1,1,0
-5,-9,7,-45,0,1,-3,-1
2,7,-20,52,15,3,-1,-1
-6,-9,-7,-19,-1,-1,0,-3
-1,6,-33,-71,-19,-9,-3,0
0,8,42,46,10,1,-2,-2
2,-2,26,17,-2,-1,0,1
-1,1,-11,-17,-4,0,0,1
-3,1,-32,4,-2,-2,-3,-3
-1,-3,-13,-33,-8,-1,-1,1
-6,-23,21,3,1,1,-1,-3
-4,1,12,28,1,-4,-3,-4
1,2,-1,-18,-6,-4,0,0
-3,-14,-22,-31,-6,-3,0,-1
1,-2,2,12,-4,0,0,2
2,12,10,-5,3,-2,-2,-2
-2,-1,-3,-5,3,4,1,-1
-2,-3,-3,-24,-5,-3,-3,-3
3,6,11,18,2,-3,-1,0
-2,0,-2,4,1,2,0,-4
-2,-3,-13,-8,0,1,1,0
-1,-3,-9,-6,-1,0,1,-1
-1,3,6,5,-1,0,-1,-1
0,2,-1,1,1,-1,-2,1
-2,-2,0,-1,-1,-1,-1,-2
-3,-1,1,-16,-5,-2,-3,0
-1,3,17,5,-2,0,0,-2
3,4,9,1,1,0,-1,-1
0,-1,0,1,0,-3,-1,-1
-3,-5,3,-5,-2,-2,-1,0
-1,-1,7,1,-2,-2,-3,-1
-3,0,3,5,-2,-6,-4,-2
-6,-5,-4,-6,-2,0,-4,-5
-1,-1,0,-7,2,9,8,2
2,1,1,3,1,2,0,-1
-2,1,-2,-7,-4,-4,-4,1
3,4,5,9,5,-8,16,5
-4,-5,-3,-8,-7,-9,-8,-7
-1,-2,2,1,2,14,3,0
2,2,4,8,3,-5,2,2
-2,-2,-2,-7,-5,1,-9,-2
1,1,-3,-2,-1,-2,1,0
-2,-2,0,-3,-7,-4,-1,-2
-2,-1,-4,-1,-2,-2,-4,-3
2,-2,-1,0,1,4,0,2
1,-3,-1,-4,-1,2,1,-2
-2,-1,1,0,-1,-6,-4,-2
0,-1,-1,2,1,2,1,2
-1,-3,-3,-3,-5,-1,-2,1
-1,0,-2,-4,-2,1,-3,-2
-1,0,-1,0,2,-8,0,-2
-1,1,0,-1,0,4,2,-3
-2,-2,-1,1,-2,1,-3,-3
0,0,-1,-6,-5,-6,-3,1
-1,0,1,7,5,2,0,0
-2,-1,-1,2,1,2,0,-1
-2,-3,-4,-3,-1,0,-2,-2
-2,-2,0,2,-3,-3,-3,-1
1,1,1,-1,-4,-4,0,1
0,-2,-1,-3,-2,3,-1,-1
0,0,21,3,0,0,-3,-1
-1,-1,-36,0,1,0,1,0
0,-1,10,-5,-4,-3,-2,0
-3,-2,-2,0,1,-2,0,-3
-1,0,-1,0,-1,0,-1,0
-2,-1,4,-5,-2,-1,-2,0
-1,-1,-9,-3,-3,-1,-1,0
0,2,7,3,3,2,1,-1
-2,-3,0,1,-1,-1,-1,-1
-3,-1,7,1,1,-1,-2,-2
-1,-3,-5,0,-5,-3,-3,-1
-1,1,0,-4,-5,-2,0,-1
0,0,-6,-3,-3,-1,-1,0
0,-2,5,1,0,1,-1,-1
-2,-1,-4,-1,1,0,-2,-2
-2,-2,-8,-3,-1,0,-1,-2
1,-3,2,-1,-2,0,0,-1
-2,2,2,1,-1,-1,0,0
0,0,-2,0,-3,-2,-2,0
-2,-1,-10,2,3,1,-1,-1
-1,-3,3,-1,-3,-2,0,-1
0,-1,-4,-6,0,-1,-1,-2
2,0,-1,-2,1,2,0,1
-2,-1,-1,-3,-2,-2,0,-2
0,0,4,5,2,-3,1,0
-2,-2,-3,3,-3,0,-1,-3
-1,0,-4,-2,0,-1,0,0
1,-1,-1,-3,-3,0,0,-1
-1,-2,-2,-2,-1,-1,0,0
-1,0,2,-1,-3,-2,-2,1
-3,-1,-5,-1,0,0,-2,-2
-1,-1,8,-1,-1,-3,-2,-2
2,1,-13,-2,-3,0,1,2
1,-1,1,0,-1,0,0,0
-2,-1,0,0,-3,-1,0,-1
0,-2,-4,-4,0,1,-1,-2
-3,-2,4,-2,3,1,-2,-2
-1,0,-1,1,-1,-1,-2,-2
1,-1,-1,-1,-1,-1,0,-1
-2,-1,-2,0,-1,-3,-1,0
0,-1,5,0,-1,0,-1,0
0,0,-14,-6,-1,0,-1,0
-1,-3,-1,-1,-1,-1,-3,-3
-2,-1,-4,-5,-1,0,-3,1
-1,-1,-5,-4,-1,-2,-2,-1
-2,-1,4,2,-3,-3,-1,-1
0,2,-2,-5,-2,-1,0,1
-2,-3,-2,5,3,-1,0,-1
-1,-3,4,-2,1,0,-1,-1
-1,-1,-8,-1,1,0,-1,-3
0,1,9,3,-4,-3,-1,0
0,-1,-1,-2,-3,1,2,0
-1,0,19,-2,-3,-1,-2,0
-1,-3,-17,-1,-1,-2,-2,-1
-2,-2,4,-2,2,0,-2,0
-2,-3,-12,-4,-3,-2,-1,-1
1,0,2,0,0,-1,0,-2
-2,0,-1,4,-1,-1,-1,-2
-2,1,1,0,-3,0,0,0
0,0,-1,-2,-1,-1,0,0
-1,1,-3,-4,0,-1,-1,-2
-2,-4,-6,1,-2,-1,-2,-4
1,-1,2,-6,-4,0,-1,0
0,2,-9,0,2,-1,-2,0
-3,-2,6,2,0,1,0,0
-2,-1,2,-1,0,0,0,-2
0,-5,-8,0,-3,-1,1,-1
1,-3,3,-5,-7,-5,-3,-1
1,-1,-8,-7,-3,-2,-1,0
-2,-1,19,2,0,0,-2,1
-1,-2,-14,-1,4,0,-1,-2
-1,-3,1,-4,0,-3,0,-3
0,1,0,0,-2,-1,-2,0
-3,-1,-18,-3,-4,-3,0,-1
-1,-1,20,-6,-2,-2,0,-2
-2,-3,2,0,-3,1,0,0
-1,-4,-9,-11,-2,-3,-3,-2
-1,-6,-28,-10,0,0,-1,-1
6,10,39,59,19,6,4,3
-3,-5,-8,-8,-6,-1,-1,-1
-5,-13,-32,-19,-11,-4,-1,-1
2,2,-57,-45,-9,-2,-1,0
3,6,50,7,4,1,0,-1
5,23,49,43,7,0,-2,-1
-7,-20,4,-21,-4,3,2,-1
2,3,11,-3,4,-1,0,2
-2,1,17,48,-2,-3,0,-1
-10,-18,0,-48,-9,-3,-3,-4
-7,-11,-77,-67,-9,-3,-3,-4
-9,-29,-32,-20,-19,-9,-5,-4
-8,-41,-59,-128,-30,-10,-7,-1
17,47,-17,118,32,8,-1,2
-7,-2,-52,-80,-17,-4,1,-3
11,31,83,98,42,18,10,7
-26,-75,-55,-78,-25,-10,-6,-9
17,41,56,69,20,-1,-2,5
5,21,-67,-10,24,19,13,5
-3,-6,-61,-52,-45,-14,-4,-2
19,44,55,78,39,15,7,6
-21,-69,-71,-128,-55,-12,-1,-3
15,17,127,127,49,2,-4,1
8,44,96,-22,16,4,0,-1
4,7,-106,63,-13,-7,-3,0
5,33,94,75,19,2,1,1
-11,-72,-93,-97,-60,-6,1,2
-8,3,61,111,13,-9,-15,-13
-23,-93,-101,-128,-43,-8,-2,-2
17,84,82,99,73,5,-10,-8
9,-1,-59,55,-19,9,9,6
-20,-101,-128,-128,-52,-9,1,2
-5,23,-97,-102,16,1,-8,-8
4,45,39,73,-10,-3,2,4
-7,-48,-35,-45,-33,-15,-9,-3
0,24,59,106,43,11,2,-4
-16,-28,-90,-82,-20,-11,-7,-8
-2,-53,10,33,-45,-1,9,4
-1,-7,-66,-59,4,-1,-3,0
7,35,27,-80,-7,3,4,0
5,11,93,127,30,5,0,0
-21,-54,-128,-128,-40,-14,-12,-12
-21,-50,35,127,13,-6,-8,-10
-6,-25,-72,-101,-12,-6,-4,-2
22,86,127,45,15,4,2,5
-21,-77,-66,-38,-18,-3,-2,-4
23,66,16,0,26,-7,-8,0
-12,-33,-97,45,22,-1,-4,-9
8,15,0,-64,-41,7,12,9
-2,-32,-49,-83,-12,-2,-3,2
16,76,-7,58,31,5,-2,0
-9,-18,-9,15,-8,-11,-8,-6
19,29,-110,-41,-33,-4,2,7
-19,-55,-62,-68,-1,1,1,-5
4,54,86,-90,-18,-6,-1,-1
9,-11,-102,48,22,14,11,13
-6,-4,68,12,33,3,0,-3
12,64,55,29,6,3,-1,-2
-7,-19,-74,-128,-31,-6,-3,-3
-1,7,122,127,37,12,6,3
-3,-1,16,-13,4,-2,-1,-2
1,5,112,8,28,7,4,1
-11,-30,30,27,5,0,-1,-3
0,36,8,-71,-33,-4,1,2
17,53,113,127,29,1,-2,-1
-2,-10,-10,5,-8,-2,1,-1
-3,9,18,-70,1,-1,-2,-1
7,13,22,3,-4,-11,-10,-5
0,-17,-47,12,-14,3,6,4
4,22,-3,-54,1,-3,-2,1
3,11,55,27,22,2,0,1
7,31,-101,-8,-31,-4,-5,-4
-6,-21,-55,3,9,0,0,-2
0,-7,-28,2,3,1,-2,-1
0,-5,-18,-46,-11,-2,3,2
2,1,76,-30,5,1,-2,0
-3,-15,-27,37,6,0,-1,-1
2,-2,-59,-13,-2,3,2,4
-2,-1,34,-3,1,1,1,0
-4,-16,-37,-28,2,2,0,-1
-9,-7,-57,-69,-19,-7,-5,-6
3,-4,-39,18,1,-1,0,3
-12,-23,49,-1,-1,-5,-4,-8
3,1,25,0,-6,-3,-1,-1
-2,29,5,17,8,0,-2,-3
-6,-12,18,-16,-5,-6,-2,-3
2,2,-80,49,2,-3,-2,-1
-2,-12,5,-34,-12,-1,3,3
-4,2,88,9,3,-1,-3,-3
-1,-3,-41,-16,-5,0,-1,0
0,11,36,55,19,6,0,-2
-4,-6,14,-13,-3,-6,0,-3
-2,-16,-31,-37,-5,-2,0,3
-1,1,22,21,1,-1,-1,0
0,-5,-2,-2,1,2,2,0
0,-6,17,1,2,0,-2,2
-3,-11,1,10,4,-2,-4,-3
-1,3,-20,-13,0,0,-1,0
-2,0,14,27,3,0,-1,-2
-1,-1,-30,4,0,-2,0,-1
-1,0,-4,-10,0,-1,-2,-3
-2,2,-10,6,5,0,-1,-2
-3,-5,-19,3,-2,-1,-1,0
0,1,17,4,-2,-1,0,1
-1,-5,0,-18,-2,-3,0,1
-3,-3,6,2,0,-5,-5,-2
-1,-1,18,18,1,8,5,-2
-2,-2,5,-13,-5,-1,-6,-3
-3,-6,9,-6,-7,-17,-13,-4
3,0,-4,5,7,5,-6,4
1,6,17,2,-1,16,17,4
-1,-1,11,4,6,10,9,1
-2,-5,0,-7,-3,0,3,-2
-3,-3,5,4,0,-5,-12,-6
-2,-3,-2,-1,1,1,-12,-2
2,0,5,-2,-6,-14,3,3
-1,-3,3,5,6,17,9,1
3,0,-7,-5,-5,-13,1,1
-2,0,4,3,-6,-5,-3,-3
-3,-1,-4,1,-1,-1,-3,-3
-2,-4,0,-7,-3,-5,-5,-4
-2,-3,1,0,-3,4,4,-1
-2,-2,-2,0,-3,-11,-10,-2
-1,-3,4,0,4,1,3,-1
0,-2,-2,-3,-1,0,1,0
2,1,1,3,-4,3,5,1
1,-1,0,2,-1,-6,-2,-1
-3,-3,-5,-2,3,1,-5,-2
-1,-3,-3,-7,-2,1,0,0
1,-1,-2,2,1,3,4,0
0,-1,0,3,-2,-7,-3,-3
0,0,2,-3,-2,0,-2,-2
0,1,0,4,1,1,2,1
-3,1,-1,-5,1,1,-1,-2
-1,-3,0,2,-3,-3,-1,0
0,-3,-1,0,4,2,-2,1
-2,-1,-3,-3,-3,-3,-3,-2
0,1,-2,-2,-1,-1,1,-1
-1,-3,0,0,-1,0,-2,-1
-2,0,-5,-3,-1,-1,-2,-1
0,1,0,1,0,-2,-2,-2
-1,0,-2,0,0,-1,-1,-2
0,1,4,3,0,-3,-1,1
-1,-4,-13,-2,-3,-1,-2,-1
-4,-2,1,-4,0,2,-1,-1
-2,-4,-14,-4,-2,1,1,-4
0,5,-3,4,-1,-2,-2,-2
-2,-3,2,1,-2,-3,-4,-2
2,2,4,4,-2,0,1,0
-2,-1,-10,-8,-4,-1,0,0
-1,-5,-2,-7,-2,-3,-1,1
0,0,1,-1,0,1,-1,-2
-1,-2,2,-2,0,-3,-2,-1
-1,-3,2,0,-2,-1,-2,0
-1,-1,-3,0,-3,-1,-1,-1
0,2,2,-3,-5,-1,1,1
0,-1,-1,4,3,2,0,-1
-2,3,4,6,3,0,-2,0
-1,-4,1,-3,-1,1,-1,-2
-2,0,-4,-3,-1,1,-1,-1
-1,-1,-1,0,1,0,1,-2
-3,-1,2,2,-2,-4,-1,-1
1,1,3,0,-1,0,-1,0
-2,1,-2,-5,-4,-3,-1,1
0,-6,0,2,1,-1,-3,-2
-2,-4,-6,-2,-2,-2,-2,-2
-1,1,1,0,-1,0,-1,-1
1,-2,-2,-2,-2,-2,-1,0
-3,-1,2,-1,0,2,0,-2
1,-1,1,1,-1,0,-2,-2
-1,-3,-5,-5,-6,-4,-2,-1
0,0,-1,-2,-2,-1,-2,-1
1,4,7,3,-5,-1,0,0
-1,-4,-4,-3,0,0,-1,0
-4,-2,1,3,1,-1,-2,-1
-1,-3,-5,-4,1,-2,-1,-2
0,-3,1,-3,-1,-2,-2,-1
0,1,-4,-3,-2,0,0,0
1,0,-3,-4,-1,-1,0,-1
0,0,3,-3,-3,-1,0,0
-1,1,8,11,5,-1,-1,-2
0,-2,-11,-8,0,0,1,-1
-2,-3,1,-1,-1,0,-1,-2
-1,1,-2,-1,-3,-3,-1,0
-1,0,1,-3,-3,-2,1,0
-1,0,0,1,-2,-1,-1,-2
-1,-1,0,3,0,-1,0,-2
-1,-1,7,-1,0,0,-1,-1
0,-2,-14,-7,-4,-1,-2,0
-1,0,0,6,2,-1,0,0
-3,0,-1,-2,1,0,0,-3
-1,-1,-1,2,3,1,-1,-2
-1,-2,-3,-5,-5,-1,-2,-1
-1,-2,1,0,-3,-2,1,1
1,-1,0,2,0,2,-2,-1
-3,-1,2,-4,-2,-2,-3,-3
0,-2,-10,0,-2,-3,0,1
-3,-2,-4,2,1,-1,-2,-1
-1,-1,-2,-2,-2,-3,-3,-1
1,0,1,0,-1,-2,-1,0
-1,0,13,1,-1,0,-1,-1
-2,-4,-13,-5,-2,-1,-2,-1
-2,-1,-3,-3,1,-1,0,1
0,-1,-5,0,1,0,-1,-2
-1,-1,2,-1,0,0,-2,-1
0,0,2,2,-2,1,1,-2
-2,-1,-2,-3,-3,-3,-2,-2
-2,-1,-3,0,-1,-1,-1,-1
-1,0,-3,1,-1,-1,0,-1
-1,-1,-2,-4,-3,0,-1,-2
0,0,3,-1,-2,-2,-1,-1
-2,-3,1,-2,-3,-2,0,-1
-3,-4,0,-2,0,-1,-2,-2
0,1,-11,-2,0,0,-2,-1
-3,-7,3,-11,-5,-2,-1,-2
2,6,0,10,2,-1,-3,0
0,-1,5,10,2,-2,-1,-3
-2,-3,11,-5,-4,-3,-1,-1
-1,2,-24,-12,-2,0,-3,-1
-1,-3,15,11,1,3,0,-1
-4,-7,-17,-9,-4,-2,-2,0
-1,-2,-13,-13,-3,-3,-1,1
-3,-8,-8,-10,-4,-3,-1,-1
5,11,17,38,12,5,2,1
2,10,29,-19,-3,-1,-1,-1
-4,6,-19,-6,-6,-5,-4,-3
2,3,46,41,7,5,2,2
4,2,-15,-16,3,3,2,3
-4,-5,-35,-46,-2,-2,-1,-2
-8,-19,-33,-29,-16,-7,-5,-4
3,14,5,6,4,1,0,1
-6,-35,-63,-23,6,2,0,1
9,27,127,127,6,-6,-3,-2
-2,0,-91,-110,1,6,6,2
2,35,78,72,21,2,-2,-3
-12,-36,-45,11,-34,-9,-3,-6
-19,-45,-119,-103,-41,-17,-10,-9
11,-8,15,-69,-23,2,6,10
-9,-4,9,100,22,-5,-10,-10
0,-20,59,-24,3,2,0,-1
2,17,21,13,7,4,2,0
12,61,40,127,-2,-10,-8,-3
5,0,62,12,-7,16,14,10
-7,-24,-6,-77,-32,-11,-7,-4
4,-4,-103,-61,1,3,1,5
-23,-66,15,16,17,3,-3,-6
10,43,50,34,0,-10,-9,-3
8,42,45,42,58,18,10,6
-7,-47,-27,-121,-49,-7,1,1
21,86,44,127,64,16,5,5
-12,-45,-128,-128,-12,-4,-5,-4
4,70,28,126,34,-3,-9,-6
-11,-41,64,19,7,10,5,0
-15,-48,-101,-128,-28,-15,-11,-9
9,15,49,107,35,7,3,1
8,9,33,-128,-32,0,3,6
6,27,91,127,47,0,-5,-4
3,-12,108,70,-12,2,0,0
-7,-22,-87,-128,-26,-10,-5,-3
-13,-5,-86,-86,-14,-5,-6,-8
16,33,66,104,19,6,7,7
-5,-35,54,-59,-3,-4,0,0
5,14,-49,-46,18,2,-3,-2
-3,1,60,-81,-13,-5,-3,-3
-4,-17,-60,-2,-23,-7,-3,-2
-11,-20,-41,-41,10,4,-1,-6
9,30,71,33,5,6,6,6
-10,-50,-51,-54,-16,-10,-6,-6
6,28,-72,47,7,6,3,4
-9,-61,-107,-4,-9,2,3,0
-10,-27,69,-98,-12,-5,-4,-5
6,8,59,34,16,7,5,6
0,39,71,-91,11,-3,-3,-3
4,3,45,-18,-31,3,6,4
-11,-19,-49,-80,-23,-7,-5,-5
5,7,17,55,2,-1,0,2
-5,-24,-63,-9,12,-2,-6,-4
1,24,-32,-10,0,-5,-5,-3
-7,-19,72,108,3,-3,-1,-3
2,9,-128,-40,-1,-1,-2,-2
1,9,31,-65,-5,4,2,2
-4,-5,57,-48,-14,-5,-1,3
4,2,23,81,18,5,1,0
-4,-9,9,48,2,-1,0,0
-8,-37,-104,-75,-17,-3,0,-2
-9,10,-49,113,15,-8,-12,-11
-2,-14,-42,-79,-31,-4,1,4
-3,-9,-63,-57,-12,-1,-1,0
-2,-11,-18,45,10,2,0,-1
0,8,8,-117,-19,-7,-4,-5
0,8,46,36,12,3,2,2
5,20,-6,85,19,-2,-6,-6
0,6,54,-34,-17,-3,-2,-3
-1,-5,55,63,11,6,4,1
0,1,-49,-59,-3,-3,-2,-2
2,-5,42,91,-1,5,5,5
-1,0,-27,-48,-7,-2,-3,-2
11,25,28,66,12,3,2,3
-3,-8,-88,-128,-31,-5,-1,0
2,6,97,112,32,3,0,0
-3,-2,-21,-57,-1,-1,-2,-1
-2,1,-38,1,11,-3,-4,-4
-2,-4,-33,7,-9,-3,1,1
-6,-12,-18,-128,-19,-6,-3,-5
0,7,51,80,6,1,0,2
1,-8,-28,-21,-4,-3,-2,0
-1,-2,96,26,4,3,-2,-2
-3,-7,-36,-100,-29,-1,3,-1
1,-27,-26,120,46,4,2,3
-2,9,35,-34,-6,-1,0,-1
-4,-10,-33,-37,-5,-3,-2,-4
-4,-9,-18,-68,-8,-1,-1,-2
-2,-3,4,-48,-19,-3,0,-1
3,5,-2,6,5,0,0,1
0,-1,-5,28,5,-1,0,-2
-1,-2,-1,8,-7,-3,-1,2
1,13,0,-11,-4,1,1,1
3,12,-6,19,2,-1,0,-1
2,9,-24,-14,-2,0,1,0
0,1,-2,20,0,-2,-3,-1
-2,0,9,1,-5,-4,-4,-5
1,11,-5,-20,1,2,0,1
-1,-11,-16,-1,-7,-4,0,0
-2,-3,7,21,5,0,1,-1
0,4,-5,-9,3,1,0,-1
2,2,1,-4,-1,-3,-1,-1
-1,0,-2,7,-4,-3,-2,-1
0,0,16,27,1,-2,-1,-1
1,9,3,-26,-10,-1,1,-3
-2,-1,1,-7,-1,2,-1,0
0,-5,-1,10,1,-1,-2,-2
-2,-1,2,0,1,-1,0,0
-1,-1,5,-10,-4,-1,0,2
-1,-3,6,5,0,-1,2,0
1,-1,-2,5,4,0,-1,-1
-1,-3,0,-2,-6,-1,-2,-4
1,1,5,-4,1,0,-2,-2
-2,0,6,6,2,0,0,-2
-1,1,-8,-6,-3,-1,1,0
-2,-3,-1,2,-5,-4,-1,-1
-1,-1,7,3,0,-1,-1,-2
-2,0,-4,-10,-1,-1,-1,0
-4,-3,-7,-2,1,1,-1,-3
-1,-1,4,3,-1,0,-1,-1
-1,2,4,-1,0,-1,-1,-2
0,0,-1,-4,-1,-2,0,-1
-1,0,-4,0,-3,0,-2,-1
-2,-2,1,7,2,0,-2,-2
-1,1,-3,-6,-4,-3,-1,1
1,-1,-1,-5,-2,-1,-1,-1
-1,-2,-2,2,-4,-2,0,1
-3,-2,-1,-1,0,0,-2,0
0,-1,-2,-5,-2,-1,0,1
-1,0,0,1,-1,0,0,-1
-2,0,-1,1,0,0,-1,-1
-1,-1,0,0,1,1,0,1
-2,-1,0,-3,-2,-2,-1,-1
0,-1,3,0,0,-2,0,-1
1,1,-5,-2,-1,-3,-1,0
0,-1,-3,2,0,0,-1,-1
-2,-1,-1,0,0,-2,-3,-2
-1,-1,-3,0,-3,0,-2,-2
-1,-1,-2,-2,-1,-2,-2,0
-1,-2,0,1,-1,-2,-3,-1
-3,-2,-1,-2,-1,0,-1,-1
-1,-2,-1,0,-1,-1,-1,-1
0,-1,-2,-6,-3,-5,0,-1
1,0,0,-1,-5,-2,0,-2
0,-1,-1,-3,-1,0,-1,-2
0,0,-2,0,0,0,1,0
-2,-2,0,2,2,-1,-1,-3
0,-1,-1,-1,0,-1,-1,-2
0,0,-1,-1,0,-1,0,-1
-2,-1,-1,-1,-2,-1,0,-1
-2,0,-1,-1,-1,1,0,-2
-1,0,-3,-2,-1,-1,0,0
-1,0,0,1,-2,-1,-1,0
0,-2,-2,1,-2,-1,-3,-2
0,-2,-3,0,-2,-2,-1,1
-2,1,0,-3,-1,0,-1,-3
-1,0,0,-3,-4,-4,-2,1
-1,-2,2,1,1,1,1,-1
0,0,-3,0,1,-1,-1,0
-1,-2,-1,-2,-2,-2,1,0
-2,-1,-2,-2,1,1,0,-1
-1,-1,-1,0,-1,-1,-3,-2
-2,-1,-1,-2,-2,-2,-3,0
-1,-2,-2,-3,-2,-1,-1,-1
-1,-1,0,2,0,0,-1,0
-1,-1,-1,-1,-1,0,2,-2
-2,-2,1,-1,-1,0,-2,0
-2,-1,0,2,-1,-3,-3,-2
-1,-2,-1,-3,-3,-3,-1,-2
0,1,-2,0,-3,1,-1,-1
-2,-2,-2,-1,1,1,-2,-2
-2,-1,-3,-1,0,-1,-3,-2
0,-2,-2,-3,-1,0,-1,-1
0,0,-3,-2,0,1,0,0
0,-1,-2,-2,0,-1,-1,0
0,0,-2,-2,-2,-2,-1,-1
-1,-1,-1,1,-1,-1,-1,-1
-2,-3,-1,-2,1,0,0,-1
0,-1,-2,1,-1,-3,1,0
3,0,0,-2,-1,-1,-1,-1
-1,-1,0,-1,-1,-2,-3,-2
-1,-2,-1,-1,0,-2,-2,-1
-2,-2,-8,2,0,-2,0,-2
0,-1,-1,-1,-4,-1,0,0
0,0,1,-1,1,-2,-1,1
0,-1,-2,-2,0,-1,0,0
-1,-2,2,-1,0,-1,-2,-1
-2,-2,0,0,-1,0,-1,0
-1,-2,-2,0,0,0,-2,-1
-2,-1,0,1,0,-3,-1,2
-2,0,0,-1,-2,-1,0,-1
-2,-2,-2,-2,-2,-2,0,2
-2,-1,1,-3,-1,0,1,0
-2,-1,-2,-1,-2,-2,-1,-1
0,0,5,0,-1,0,-1,0
-2,-1,4,3,-2,-2,-1,0
-1,1,7,-3,-4,-3,0,-1
-4,-3,-26,-18,-5,-5,-3,-3
-1,1,1,5,3,-1,1,-3
5,6,32,31,14,6,3,3
-2,-3,-30,-19,-5,-2,-2,-1
-3,-3,6,5,-6,-1,-2,-1
-1,-4,-12,-10,-7,-1,0,0
-3,-3,-1,-6,-6,-2,-1,-3
2,1,2,14,11,4,1,1
0,4,9,4,3,1,0,0
0,-3,4,-10,-6,-3,-3,0
-1,-4,-22,-1,-3,-3,-2,-2
-1,-6,-7,-2,-2,-1,-1,-1
0,2,7,-7,0,1,0,0
1,-4,2,5,0,-4,0,-1
0,5,0,5,2,1,-1,0
-5,-6,-17,-14,0,-4,-3,-4
-4,-5,-2,-15,-12,-1,0,-1
4,8,35,31,16,5,1,2
-2,-6,-29,-50,-12,-7,-4,-3
3,8,-4,58,13,3,0,-1
3,13,83,33,2,1,1,-2
-3,-7,-46,-12,12,0,-1,-1
-4,-5,5,-13,-5,-3,-1,-3
-2,-10,-26,-29,-8,-1,1,2
1,3,4,-21,-9,-6,-4,0
2,9,18,18,0,2,1,-1
-3,-1,3,2,5,1,-3,-2
-1,-3,8,-6,-8,-7,-2,-3
-3,-16,-32,-15,-4,-1,0,-1
-3,-25,-60,-35,-7,-1,0,-3
3,25,50,46,9,0,-1,0
-1,-3,-31,-18,2,4,1,-1
-4,1,53,35,-2,-7,-5,-4
-12,-34,-53,-98,-27,-9,-2,-3
2,31,-20,-11,3,-5,-5,-5
2,-2,-3,64,38,10,2,3
3,19,83,102,9,2,-2,-2
-7,-25,-80,-22,-13,1,1,0
-9,-30,45,-44,-32,-7,-2,-5
-1,2,-48,-128,-10,-3,0,-1
21,49,48,82,-10,5,5,10
-9,-21,7,24,-7,-11,-9,-5
2,2,9,-36,5,6,5,1
5,-9,2,67,28,14,5,6
-16,-52,-75,-100,-14,-11,-6,-7
3,59,127,70,23,-2,-7,-7
1,-19,-41,31,18,8,9,8
9,36,92,99,-6,1,-2,1
-6,2,52,-23,32,4,-2,-6
-7,-25,-52,-9,37,-8,-9,-5
-8,18,61,28,-10,-9,-7,-11
-22,-72,-95,-104,-5,-5,-5,-7
12,38,76,76,11,5,7,8
1,-16,-92,-127,-24,4,3,4
-1,8,-56,-22,25,-8,-13,-9
9,25,42,54,-24,-2,5,5
2,-2,-50,-83,-50,-10,0,2
2,8,100,127,31,4,0,-3
5,-6,-27,-82,4,7,0,5
-13,-23,-5,0,21,-7,-12,-10
-2,7,-51,-128,-23,-2,2,-2
19,52,-39,78,-4,6,6,6
-1,-18,24,35,-19,0,-1,0
-1,9,20,-13,-10,-5,-4,-3
-7,-25,-43,17,15,-4,-7,-5
-6,-8,23,-16,-9,-8,0,1
4,-12,-94,-95,-59,-1,7,2
10,29,75,31,-18,1,2,7
-7,-18,4,105,37,3,-5,-5
4,12,1,-17,-4,1,2,1
-11,-25,19,19,29,-7,-10,-10
-5,-6,17,-98,-45,-5,4,-1
7,-10,-62,-26,-7,2,3,5
12,49,12,33,6,-2,-3,2
-6,-19,28,14,4,-1,-1,-4
-11,-29,-70,-92,-8,-7,-4,-7
4,28,72,48,16,11,3,1
-7,-37,-44,-58,-15,-2,-2,-3
-3,8,-65,-22,1,0,3,4
-2,6,32,2,1,-4,-6,-7
-1,-5,-45,4,8,2,0,0
-4,-36,34,-23,-5,2,3,0
3,14,3,9,-3,2,0,5
-4,-14,-22,1,8,-2,-2,0
-11,-13,-53,-41,-9,-6,-5,-5
5,10,-17,4,-7,3,2,2
2,3,11,-27,2,4,3,3
5,0,-22,40,2,-6,-4,0
-13,-33,-53,-24,-8,-4,-2,-5
2,13,-42,-14,1,0,-1,-1
2,8,38,-4,-9,-1,2,1
-1,7,-22,34,8,2,1,-1
0,-9,-17,-26,0,-4,-2,-1
-12,-26,18,-40,-18,-5,0,-4
-5,-14,-81,-59,-12,-2,-1,-1
10,42,102,87,33,9,3,3
4,0,-15,-19,-4,2,2,1
-4,7,28,-6,-8,-3,-2,-4
2,-4,-58,16,9,1,1,2
-4,-11,-25,-37,-7,-6,-1,-1
-2,-3,-7,36,-9,-3,-2,-2
8,40,87,83,4,5,2,3
0,-3,12,34,6,2,0,-1
-5,-4,1,-33,-3,0,-3,-3
3,7,-23,-11,1,0,-2,-1
-4,-23,-29,-47,-9,-1,-2,0
5,21,58,40,0,0,-2,-1
-5,-29,17,-27,-7,-4,-2,-1
-2,0,-24,-55,-10,-1,1,0
5,-2,29,78,0,-2,-1,0
-2,1,-5,3,8,-2,-3,-1
-6,-13,-20,-66,-11,-3,-2,-2
11,20,53,59,14,6,3,4
-9,-9,-14,-46,-5,-3,-3,-5
1,9,46,52,2,-3,-2,-2
1,-1,-36,-1,-8,1,1,1
-2,4,32,17,-2,-6,-5,-4
-7,-21,-52,-23,2,-1,0,-1
6,1,26,11,5,-2,0,2
2,13,-13,13,-5,1,1,2
-2,-2,8,-20,3,-4,-3,-2
2,5,13,-10,4,0,1,1
-4,-12,-12,3,-7,-2,-2,-3
3,14,-1,16,-1,-4,-2,-1
-1,-7,-26,-26,-6,-2,-2,-1
-3,1,5,-8,4,2,-2,-2
0,-4,-16,-7,-5,-2,0,-1
-1,0,-41,-65,-7,-1,-2,-3
2,9,49,54,9,1,1,0
3,7,8,-5,2,0,1,1
-3,-1,6,9,-3,-2,-2,0
1,4,0,4,0,0,0,-2
-6,-10,-22,-25,-1,1,0,-3
-1,1,0,-7,-2,-3,-3,-1
-3,-4,-5,-4,3,-1,0,0
0,2,7,20,-3,-2,0,-1
-2,-1,-20,-21,-3,-1,0,1
-1,1,4,-1,-1,1,-2,0
-2,-4,-6,-6,-2,0,-1,0
2,3,5,20,0,-1,-1,-1
-3,-3,-1,-1,7,0,-5,-3
-3,-4,-1,-11,-2,4,1,-3
-2,-1,-4,-1,-7,-1,-6,-2
-5,3,4,8,0,-18,-10,-5
1,2,-6,-15,0,9,7,-1
0,-3,-3,-1,2,-9,-22,-1
0,0,-2,2,5,0,27,7
-1,5,8,17,14,39,27,7
9,-6,-9,-11,-5,0,-13,1
-6,-4,-2,-6,-4,14,4,-6
1,-3,6,4,-3,-19,-17,-4
-1,-4,3,2,-3,5,3,-1
-1,-2,-6,-7,0,6,8,-2
1,0,1,-1,-4,-7,-3,-2
-3,-6,-6,-8,-6,-4,-11,-5
2,0,2,3,-3,-10,-5,-2
-3,-2,-5,-7,-3,-6,-3,1
-1,0,1,-2,-1,-7,0,0
-4,0,1,0,3,3,0,-3
2,0,0,3,-1,-2,-3,0
-4,0,-1,-2,-3,-4,-3,1
0,-2,-1,-4,-1,-3,3,-1
2,0,0,1,0,8,6,1
-1,-2,-3,-1,0,-4,-6,-1
-4,-4,-6,-5,-1,-6,-4,-1
0,2,5,1,2,1,7,2
1,0,-18,-3,-2,4,-2,-1
-2,-1,3,1,-2,-10,-10,-2
-2,-3,-4,-4,-1,3,9,-1
3,1,6,4,2,-3,-1,2
-3,-3,3,-2,-3,2,-1,-3
-1,-1,-3,-1,-3,-6,-9,-2
-1,-2,-8,-3,-2,-8,-5,0
0,0,-3,-2,0,0,9,3
0,-1,2,0,-2,0,-4,1
0,-1,-1,-1,0,4,3,-1
-4,-3,1,-2,-3,-4,-8,-5
-3,-3,-4,-2,-2,-3,-5,-3
0,0,2,1,1,-1,-2,-2
-2,0,-3,0,-2,-1,5,-1
-1,-2,0,-2,-4,-3,-1,-2
0,-1,-3,-2,-4,-2,0,0
2,-2,0,-1,-1,3,1,0
-1,-1,-1,2,1,-3,-4,-1
-2,-1,4,-1,-3,-3,-1,1
-1,0,-17,-3,-3,2,0,-1
-1,-1,16,1,-1,-3,-2,-1
-1,0,-17,-2,2,0,-1,2
-3,0,-4,-3,-2,0,0,-1
-1,1,7,9,0,0,-1,-1
0,0,11,5,3,0,0,0
-1,-5,0,3,-2,-2,-2,-1
-2,-2,1,-6,-6,-4,-2,-1
-1,0,-8,-4,-5,-1,-1,0
0,1,4,-3,-1,2,0,-1
-1,-3,-4,-1,2,-1,-2,-2
-3,-4,-3,-3,1,-3,-4,-2
0,-1,-3,1,3,-1,-1,-1
-1,-1,-1,-5,-4,-2,0,0
-2,-1,0,2,1,2,-1,-1
-1,1,1,-2,-2,3,1,-2
-1,-2,-8,-4,-4,-2,0,-1
-1,-1,2,-1,-3,-4,-2,-1
-1,0,1,6,0,0,-3,-3
-1,-1,-2,-3,1,1,-1,0
0,-1,-4,-2,2,0,-1,-1
-1,0,0,-1,0,-2,-1,1
0,1,-1,-5,-5,-3,1,2
1,-3,-1,-2,-3,0,-1,-1
-2,-2,-3,0,0,2,-3,-1
-1,0,13,2,-2,-2,-2,-1
0,0,-7,0,-1,-3,0,0
-1,-1,-5,-3,0,1,0,-1
-2,-2,-2,-3,-2,-1,-1,-1
2,-1,-1,-7,-1,-2,-2,-2
-2,-1,6,7,-1,0,-3,-2
0,-2,1,-2,0,-2,1,0
-2,-1,0,-2,-1,-1,-2,-1
-2,0,-2,0,1,0,-1,-1
-2,-2,-3,-7,-1,-1,-1,-2
1,-1,-5,-3,-3,-2,0,-1
-1,0,6,2,0,2,1,0
0,-2,-4,-2,-2,-2,0,1
1,-1,-1,-1,0,1,-1,0
-2,-3,2,0,1,0,-1,-2
-1,-2,-5,0,-1,-1,0,0
1,0,-1,-1,-5,-4,-2,-3
-1,0,-1,-4,-1,-1,1,0
-1,-2,-4,-2,-2,0,-1,-2
-2,-2,-4,-3,-1,-3,0,-1
-3,-1,-3,2,0,0,-1,-3
0,-1,-4,-1,-2,-1,-1,-2
-1,-2,-1,-3,1,0,-1,-1
0,-1,-4,-5,-1,-1,-1,-2
-1,0,-1,0,-1,0,-2,0
3,5,19,5,0,-1,-1,1
-3,-4,-17,-4,-2,-2,1,-2
-1,1,4,5,0,0,0,0
0,-4,-7,-11,-1,-1,-1,-3
-1,0,1,10,0,1,-1,-2
-1,-1,3,0,-2,-2,-2,-1
-1,-2,-5,-9,-6,-3,-1,1
-1,0,0,-1,1,-1,-2,0
2,6,13,5,2,1,1,1
-2,-4,-5,0,0,-3,-3,-1
-2,-2,-5,-7,0,-1,0,-2
0,0,-1,1,0,1,-1,0
-2,-4,-1,-4,-2,-1,-1,-2
-1,2,5,2,-1,-2,-1,-1
-1,-5,-10,-18,-5,-4,-2,-2
-3,-4,-9,-1,-2,-3,-4,-1
2,7,20,37,10,3,1,1
2,0,-7,8,1,0,0,1
-2,-4,4,-4,-6,-1,0,-2
-5,-9,-17,-22,-4,-2,-1,-3
-1,-5,-10,-6,-4,-1,0,-1
1,6,14,11,1,-1,0,1
-3,-8,-6,-6,-3,0,-1,0
-3,-11,-17,-27,-5,-3,-3,-2
11,33,40,60,14,-1,0,1
0,0,28,12,6,4,3,1
-3,-3,-3,2,-1,-3,-2,1
-14,-47,-67,-65,-20,-5,-2,-3
4,39,12,-77,-8,-4,-5,-2
-3,-11,-45,35,-2,-6,-5,-5
13,28,80,31,23,12,9,8
-15,-29,-7,49,0,1,-1,-4
5,23,41,3,2,2,4,4
-8,-9,-106,-124,-30,-12,-8,-6
-7,0,96,15,-20,-4,-3,-5
15,26,41,117,20,-1,1,5
-8,-18,-6,-17,11,6,3,-3
-5,-44,28,-83,-9,-4,2,1
0,26,-128,-88,-21,-9,-7,-5
-5,-41,57,45,28,7,3,0
5,56,73,33,-9,-2,-3,-1
20,39,-18,-60,0,-2,-1,5
-15,-51,47,80,-13,-16,-14,-10
14,75,-31,84,52,14,3,1
-27,-99,-45,-92,-20,-13,-6,-8
7,40,-14,109,-10,9,8,7
-1,17,107,-17,-14,-3,-2,-3
7,-1,68,77,6,-5,-4,2
-15,-40,25,-28,2,-3,-5,-9
-13,54,24,-90,-26,-15,-10,-7
-14,-71,-53,-96,-12,-2,-2,-4
16,38,90,81,18,12,8,5
27,60,6,78,-8,1,3,12
-21,-73,40,-21,12,0,-5,-9
5,17,-77,-38,17,4,3,3
-6,9,-94,-128,-42,-11,-2,-1
-7,-26,-13,-62,-33,-7,-1,-1
23,44,37,47,35,13,3,6
10,37,63,90,55,9,3,3
-19,-68,-79,-98,-29,-4,1,-3
8,13,-65,7,32,1,-5,-1
-11,-35,-36,-40,-25,-4,4,0
2,8,-26,-76,-2,2,0,3
4,17,9,-71,-17,-9,-3,-1
5,30,-8,48,32,6,-2,-2
-23,-69,-93,7,33,2,-5,-8
1,-31,-102,-70,-62,-18,-3,-1
33,99,127,98,75,29,14,9
-21,-75,-88,-128,-30,-9,-2,-5
6,8,-23,-36,7,1,-1,-2
-1,17,45,-29,14,3,1,1
-2,24,11,-24,-31,-11,-6,-2
-1,-12,-12,16,-3,2,0,-2
3,18,42,97,20,4,1,1
-1,-25,4,44,0,0,0,1
-5,-9,-36,-63,-26,-12,-5,-4
-3,-8,23,-77,-10,3,4,4
15,45,-15,98,16,0,-4,0
-4,-28,-11,86,22,6,2,-1
-8,-17,-23,-61,-17,-8,-5,-4
-4,-21,2,-19,-12,-2,1,-2
4,1,30,-57,-12,-2,3,2
1,17,-14,-34,1,-1,-5,-3
-3,-9,-1,95,14,6,0,-1
-1,-14,-19,8,-3,0,0,2
0,-8,51,-17,-5,-3,-3,-1
6,54,12,59,5,1,-6,-3
-12,-54,-49,-29,-15,-5,-2,-2
-3,4,8,18,-1,-3,-4,-4
3,19,38,25,1,2,-1,2
-4,-10,-20,-46,-3,-1,-2,1
-8,-18,-26,-72,-15,-6,-3,-6
4,8,2,27,4,1,0,0
-2,-3,-11,-30,-8,-1,0,0
1,2,22,-4,-2,1,1,1
0,0,-2,-31,-6,-2,0,0
-2,-1,-14,13,9,2,-1,-1
-5,-21,4,-19,-14,-5,-3,-3
1,1,3,3,2,-1,0,-1
-2,-10,0,0,-1,-2,-2,-1
0,6,3,0,-4,-2,-1,1
-3,-11,-18,-9,-6,-3,-1,-3
0,-1,-1,-18,1,0,1,0
2,6,-1,44,4,0,-1,1
1,1,-3,11,2,-1,-1,-3
-3,-2,6,5,-5,-1,-1,-3
0,-5,-1,-11,-2,-2,1,1
-1,-3,2,-43,-5,0,-3,-3
-1,-3,-13,7,-2,-2,-3,-3
0,0,13,42,-1,1,3,-2
-2,-4,-12,-8,0,0,0,-3
0,-1,-1,-18,-1,-2,-2,0
-1,2,-7,10,-3,-4,0,0
-2,-2,0,-26,-2,-2,-1,0
-1,-3,-5,12,4,1,-1,0
0,1,7,-2,-3,0,-1,-2
-2,-4,-4,-4,-2,1,0,-1
0,-4,2,-4,-4,-1,-1,-1
-2,-2,-6,10,2,2,-1,-1
-1,0,0,-9,-1,-2,-3,0
-1,-1,-3,1,0,-1,-1,-1
1,-2,-2,-4,-2,-3,-1,2
-2,-2,-3,7,2,1,0,-1
-2,-2,1,-14,-2,0,-1,-5
-2,-2,-2,5,0,-1,-4,0
-3,-4,0,-1,-1,1,-3,-2
0,-1,-2,1,2,-1,0,0
-3,1,5,-4,-2,-2,1,-2
0,-3,-7,0,-2,0,0,0
0,0,-1,-5,-2,-2,-1,-2
-1,-2,-4,-2,-2,-2,-2,0
-2,-2,-1,-3,-1,0,-1,0
1,-1,1,3,-2,0,-1,0
-3,-3,-1,-5,2,-1,-1,-2
-1,0,0,1,-3,-3,0,1
0,-2,0,-4,-1,-1,-1,0
0,-1,-3,-3,1,2,1,-3
-2,-2,0,-1,0,0,-1,-1
0,-2,-1,1,-1,1,-1,-2
0,-1,-2,-3,-4,-3,0,1
-1,1,-2,0,-3,-2,0,0
-1,-1,0,-1,1,2,0,-1
-2,-1,-2,1,1,1,1,1
-2,-3,0,-4,2,1,0,0
0,0,1,0,-2,-1,-2,0
0,0,1,-1,-4,-3,0,2
-1,-1,-1,-3,-1,1,0,-1
-1,-1,-2,0,-2,-3,-1,-1
0,-3,-1,1,1,0,0,-2
0,-2,-3,-2,-1,0,-2,-3
-2,-2,-2,-3,-2,0,-2,-1
1,0,-1,-1,-1,0,-1,0
-2,-1,-1,0,-1,-2,-2,0
-1,-2,-2,-3,-4,-2,-1,-2
1,0,-1,-1,-4,-3,-1,-1
-2,-2,0,-2,0,-1,-2,-2
0,-1,0,-1,-1,0,-1,-1
-1,0,1,0,1,1,1,0
-2,-2,-2,-1,0,-2,-2,-1
-1,1,0,1,2,-1,1,-1
-2,1,-1,-1,-1,-2,-1,-1
-1,-4,-3,0,2,0,-1,-1
-1,0,1,-2,-2,-3,-1,-1
-1,1,-1,-1,-6,-4,-1,1
-3,0,-1,-1,-1,0,0,0
-1,1,0,-2,-1,1,-1,-1
-2,-2,-2,-4,1,2,-1,-1
0,-1,2,2,0,0,-2,-3
-1,-3,-3,-1,-4,-6,-3,0
0,0,-4,-3,-5,0,-2,-2
0,-2,-2,-2,-2,1,1,0
-1,-2,-4,-4,-1,0,1,0
-2,1,2,1,2,0,-2,-1
-1,0,-1,0,-1,-1,0,0
-1,-3,-2,0,-3,-3,-2,0
-1,-2,-2,-1,-3,-1,-1,-1
0,-1,3,-1,1,1,0,-1
-1,-2,-1,-2,-2,-1,0,1
-1,1,0,0,0,0,2,-1
-2,-3,-3,-2,0,0,-1,-1
-1,0,-1,0,1,2,-1,-1
-1,0,0,0,-2,-4,-2,-1
-1,-1,-1,-3,-1,-2,-1,0
0,-1,0,-2,1,1,0,1
0,-1,-1,-1,-1,-1,0,-1
0,0,-1,-2,-2,-1,0,1
0,-2,1,2,1,1,-1,1
-2,0,-2,-1,-1,-1,0,-1
0,-1,-1,-1,-1,-1,0,-4
-1,-3,-2,-1,-1,-1,-1,-1
0,-2,-2,-1,-2,-1,-1,-1
-1,-1,1,1,0,0,-1,-1
-2,-1,-1,-2,-2,0,0,-1
0,-2,1,0,0,-1,-2,-1
-1,0,-1,-1,-2,0,0,-1
0,-1,-2,-1,-3,0,-1,0
-2,-1,-1,-3,-4,-1,-1,0
0,-1,0,-1,1,-1,-3,-1
0,1,0,-2,-1,1,1,0
0,-2,1,1,-2,0,0,0
0,-2,-1,-1,-3,-3,1,-1
-1,0,-4,-5,-3,-1,0,-1
-1,0,5,7,1,0,-1,0
-2,-3,-1,3,3,0,0,-2
-3,-2,-2,1,0,-1,-2,-2
0,-3,-3,-9,-5,-3,-2,0
-2,-2,-1,1,-1,-2,-1,-1
1,-1,-16,2,3,1,-1,0
-2,-1,10,-1,0,-1,-3,-1
1,2,-3,-1,-1,-2,-2,-2
-1,-4,-12,-7,-4,-3,-2,-1
-4,-4,-2,-34,-11,-5,-2,-2
0,4,-6,-1,0,-1,-1,-1
6,10,65,71,22,9,5,4
-1,0,-29,-1,1,1,1,0
-2,-6,-6,2,-2,-2,0,0
-6,-12,-24,-38,-10,-3,-2,-3
8,28,25,12,6,2,1,1
-1,-5,-1,2,1,0,-2,0
1,1,20,19,3,0,1,0
-2,-5,-13,-8,-6,-2,-2,-1
2,-3,12,19,8,1,2,3
1,-4,-30,-6,-1,-1,1,0
-1,2,2,-3,-3,-1,-1,0
-1,1,10,-2,0,0,-1,-2
-7,-14,-6,-21,-10,-4,-4,-3
-6,-14,-14,-35,-11,-5,-3,-2
11,25,-14,-14,8,2,0,3
-7,-23,8,60,5,0,-1,-3
-3,-1,18,28,4,0,1,0
-8,-13,-19,-8,-12,-4,0,-2
-7,-19,-97,-100,-8,-2,1,0
8,36,46,51,7,-4,-4,0
1,12,19,56,31,8,2,-2
-14,-39,39,1,-21,-7,-2,-5
20,61,77,35,40,16,4,3
-20,-78,-127,-47,-18,-7,-3,-5
-4,8,-21,-53,6,3,1,0
3,7,1,59,-38,-9,-1,-1
-4,-17,-7,-17,-25,-1,3,2
16,58,126,11,26,8,3,2
-11,-29,37,-17,-11,-12,-10,-7
6,18,-95,22,36,11,3,3
-9,-15,-63,-47,-22,-14,-9,-7
12,38,75,94,3,3,1,2
-11,-38,6,-33,5,2,1,-3
19,90,30,-103,5,1,2,2
-15,-105,-47,127,47,-8,-13,-9
-9,16,-60,-109,13,8,3,1
3,15,-97,-19,-51,-17,-3,-4
-10,-20,105,123,19,2,-4,-5
-17,-55,-21,-89,-43,-10,-4,-4
34,76,10,44,45,15,7,12
8,44,35,90,11,6,5,4
-17,-59,-104,-97,-10,0,3,-2
24,86,127,101,15,8,6,5
-22,-72,-41,-103,-27,-17,-10,-7
-8,-40,-128,-128,-20,-4,-2,-1
16,6,14,123,16,2,4,5
-10,-11,44,-23,-7,4,0,-3
2,9,-5,-86,-30,-7,-2,0
0,-36,-105,-55,-4,-1,-1,3
3,33,103,64,20,-4,-8,-7
-13,-51,-64,-15,1,-3,-2,-2
9,36,31,31,1,-5,-4,-2
-12,-42,-37,-75,-24,-6,-4,-5
-1,-1,-23,22,1,-8,-7,-4
3,30,9,-67,-9,1,2,-1
-1,8,59,53,5,1,2,3
-2,-9,-1,4,-6,-4,-4,0
5,31,-82,-41,4,-2,-7,-5
7,37,29,-30,-13,1,5,3
-10,-50,-44,28,-4,-1,-1,-1
2,17,44,-10,-1,-3,-4,-3
-6,-30,-51,51,12,9,7,3
-3,-7,-51,-76,-41,-8,-2,0
5,-11,-72,90,29,5,-1,2
6,33,57,84,15,1,-2,-3
-4,10,16,-96,-15,1,1,1
2,-1,24,15,14,-3,-5,-4
-9,-37,-60,-84,-32,-4,4,-1
3,22,81,19,8,-2,-5,-1
-3,-46,-38,-48,-3,0,-2,-1
-4,5,-14,43,-10,1,1,0
0,11,0,19,-2,0,-1,-1
-9,-11,15,-13,-6,-1,2,0
2,-5,42,36,16,-2,-6,-3
11,63,13,-84,-6,-2,-3,-1
-3,-14,22,40,4,5,2,1
1,9,-23,-13,-2,0,2,2
1,2,24,-43,-16,-4,0,1
0,-6,-21,11,10,2,-3,-1
-4,12,15,-35,-13,-4,-3,-4
0,-2,-19,3,2,0,-2,-1
-2,-13,-25,-83,-15,-3,0,1
-1,4,52,-25,-1,-5,-4,-6
-4,-14,1,4,11,5,4,1
2,-5,3,-7,-11,-2,1,0
-4,6,19,44,2,-1,-2,-2
-5,-18,-49,-11,2,1,0,1
-2,3,43,49,1,-3,-4,-4
2,9,-4,-2,-1,-2,-2,-1
-4,-2,23,-26,-5,0,1,3
8,9,44,12,5,-3,-3,-1
1,15,-2,56,13,-2,-3,-3
-2,-2,-3,-2,1,2,0,-1
-4,-2,1,-30,-7,-2,0,-3
-5,-18,-6,24,3,-1,1,3
-1,2,-9,-63,-12,-4,-3,-3
0,0,6,21,6,-2,-2,-1
2,3,7,26,-2,1,3,3
-3,-1,-15,26,4,1,-2,-2
-3,-14,-8,-38,-6,-4,-2,-2
-2,-1,-11,8,1,-2,-1,-3
2,4,13,-27,-2,-1,-1,-3
-4,-4,-6,38,6,0,0,0
-2,-2,-8,-37,-10,-3,-2,-3
0,-2,5,-6,-1,-3,-1,-2
1,9,9,2,1,1,0,-1
-3,-7,-7,20,-1,0,1,0
-2,-3,-10,-16,-6,-1,-1,0
-2,2,0,-5,0,-1,-2,-2
1,-4,-11,-2,0,-3,-2,0
-3,-7,0,18,3,2,1,-1
1,-1,18,-23,-9,-2,-2,0
-1,-1,-73,-5,3,-1,-2,-2
0,5,23,10,2,3,-1,-1
-3,-4,30,9,1,-2,-1,0
-1,2,-45,-10,0,-1,1,-2
-2,1,33,5,0,-1,-1,-1
-1,0,1,-3,-2,-2,0,1
-1,0,-15,6,-1,0,-1,1
-2,-6,9,-9,-2,-2,-1,-2
-2,-4,5,0,-1,0,0,-1
-2,-2,-5,-9,-3,-1,-1,0
-2,-2,-2,9,1,0,1,-3
0,-4,-4,-12,-4,-1,-2,-1
-1,-2,0,-2,-1,0,0,-1
-1,2,7,-4,-2,0,0,-2
0,-1,-10,5,0,-3,-1,-2
1,-3,-4,-6,-2,-4,-1,0
2,1,9,2,-3,-2,-1,0
-2,1,4,0,0,0,-2,-2
-2,-1,-8,2,2,1,-1,-2
-1,-2,-4,-8,-2,0,-2,-1
0,0,8,2,-2,-1,-1,1
-2,-3,-7,-4,-2,-2,0,-1
-1,1,-3,3,1,-2,-2,-1
-3,-2,7,-6,0,-1,-1,1
-1,-2,1,0,0,0,-1,-3
-1,0,4,-1,-1,-1,-1,-1
-1,-5,-6,-3,-1,-1,-1,0
1,1,-19,-2,0,0,-2,0
-2,1,7,0,-1,2,-2,0
-1,-2,-5,-1,0,-1,-2,-1
-1,-2,-4,-1,-3,-1,1,-1
-1,-2,5,-1,-3,0,0,-1
1,0,-1,-2,0,0,-1,0
0,0,-5,-1,-2,-1,-1,0
-1,-2,0,0,-1,0,-1,0
-2,-2,-3,-4,-2,-2,1,0
0,-1,1,1,0,1,1,-3
-1,0,7,-1,0,1,-2,-1
-2,-3,-9,-1,-1,-2,-2,-2
0,0,12,-2,-3,0,0,1
-1,-2,-11,-2,0,1,1,1
-1,-2,5,0,0,-2,0,0
0,-2,-5,2,1,2,0,-1
-2,-2,-3,-1,1,-2,-1,-1
0,-1,7,-1,-4,-2,-1,0
-1,-1,-5,-2,0,-1,0,-1
-1,-1,2,-2,0,-1,-1,0
-1,-1,0,-1,1,0,-1,-1
0,-2,4,-3,-3,-2,-1,2
-1,-3,-21,-3,-2,-2,-1,0
-3,-9,-13,-4,-2,-2,-3,-4
2,11,27,1,0,-1,0,0
0,-1,2,5,-2,-2,1,-2
0,0,6,4,0,0,-1,1
-2,-1,-2,-5,-5,-1,0,-1
-1,-3,-15,-3,-1,-2,0,-2
-1,-1,-1,-5,-1,-1,-1,-2
0,2,7,-2,1,0,-1,0
-1,0,-3,1,1,0,-3,-2
-2,-2,2,-2,-2,-4,-1,0
0,0,-6,1,-3,-2,0,-2
-3,-2,0,-2,0,0,-1,0
-1,1,2,-2,1,0,-1,-1
-1,-4,-3,-2,-2,-2,-1,-1
-2,0,-1,-1,0,-1,-3,-1
0,-2,-2,-1,-3,-1,-1,0
-1,-1,5,0,-2,0,-2,-2
1,-1,0,0,-3,-1,0,0
-1,-2,-6,0,-3,-2,-2,-2
0,1,1,-2,-1,-2,-2,0
-2,2,0,3,0,1,0,-1
-3,-3,-5,3,0,-1,-4,-3
-1,-1,22,-1,-1,-3,0,-1
0,-1,-34,-5,-2,0,0,-2
0,1,4,-2,-3,-3,1,-1
-1,-2,-7,-2,0,0,-2,-1
-1,-1,-2,-5,-1,-3,0,0
0,2,17,9,2,0,-1,-1
-2,-1,-3,-1,-2,-2,-1,-2
0,-1,1,1,-1,0,0,1
-2,0,-10,-1,0,2,-2,-2
-2,-2,6,-4,-4,0,-2,-2
-2,-4,-9,0,0,-1,-1,-1
-2,0,5,-1,-2,-3,-2,0
-2,-2,-1,-4,0,0,-1,-1
-2,-1,-11,-3,-1,2,0,-1
-1,0,0,-2,0,-1,-2,-2
-1,0,7,-4,0,0,-1,-2
0,1,-11,4,1,-1,1,0
-4,-8,6,-3,-3,-1,-2,-4
-1,-1,-2,-4,-3,-1,0,0
-2,-3,-6,-2,-3,-3,-1,-3
0,2,6,0,2,0,0,0
0,-1,-1,2,-1,0,0,2
0,0,-5,1,-2,-1,1,0
-3,-4,-7,-2,-3,-3,-1,0
-3,-7,-15,-6,-2,-3,-1,-3
2,3,14,5,3,0,1,0
-1,-2,2,-2,-2,0,-1,-3
1,0,-1,-1,-1,-1,-1,1
-1,0,2,-6,-1,-2,-1,-1
0,0,-17,1,-2,-1,-2,-1
-3,1,4,-2,0,0,-2,-2
-2,-2,-10,-12,-5,-2,-1,0
-2,-2,17,10,1,-1,-2,-1
1,2,-7,8,4,-2,-2,0
-3,-1,-5,-29,-10,-4,-2,-2
-2,-2,-6,31,-3,5,3,0
3,11,7,0,6,2,1,1
-1,-7,-45,-27,-2,-2,1,-2
0,-1,44,19,2,0,-1,0
-6,-6,-6,-16,-3,-3,-4,-5
-6,-11,-42,-11,-9,-2,-1,-2
2,7,52,25,12,2,2,2
-4,-17,-73,-44,-13,-6,-2,-2
6,19,17,0,3,-3,-1,0
-6,-11,-2,7,1,-2,-4,-4
1,-7,4,-23,3,5,1,3
-10,-10,14,-8,-3,-8,-8,-7
5,3,-80,-14,-26,-6,0,-1
-7,-16,87,63,4,4,1,-1
-9,-41,-68,-102,-27,-14,-6,-9
16,48,114,103,1,3,4,5
16,13,94,101,63,20,12,9
-21,-44,-91,-106,-44,-11,-3,-6
9,19,77,46,20,-1,1,4
-7,-23,-84,-11,-17,-2,-1,0
-8,-15,44,54,-13,-2,1,-1
13,12,50,-51,20,9,4,7
0,18,5,22,29,8,1,-1
-2,2,-103,-128,-24,-6,1,2
6,49,24,67,20,1,-2,1
-18,-51,-29,-76,-20,-7,-3,-7
3,19,6,49,-1,5,2,-2
12,-32,19,16,14,6,5,6
3,88,78,-16,18,-4,-15,-11
-2,-43,51,10,7,13,11,7
-10,-31,-40,-73,-23,-8,-7,-5
10,29,7,67,23,10,6,4
-29,-107,-128,-128,-21,-6,-4,-5
35,127,67,76,30,-14,-17,-2
3,14,-91,104,1,12,12,5
-10,-49,-80,-71,-5,0,0,0
11,37,-106,-3,19,-2,-4,-1
10,33,79,31,-15,15,13,8
-8,-36,-9,-29,4,-6,-6,-2
-1,19,29,-55,-42,-12,-4,-5
-19,-96,-11,-74,-18,-6,-5,-5
9,82,12,39,14,-3,-2,-1
-3,12,61,-31,9,-5,-4,-4
2,17,1,127,-1,3,5,3
-7,-27,43,-101,-30,-4,-1,-2
-4,-47,13,27,-6,-2,-1,-1
-1,17,87,34,8,3,0,-2
-10,-17,4,-68,10,-8,-7,-7
5,10,52,41,-13,-3,2,2
-11,-37,-54,10,2,2,-1,-2
-1,-10,-38,-108,-24,-9,-6,-2
2,12,76,127,48,11,1,1
2,-11,45,-5,5,1,1,0
-3,-10,-28,-113,-15,-6,-2,-1
2,5,37,43,-15,-3,1,3
0,-9,2,-48,-6,1,1,-2
8,53,-25,55,0,-3,-4,3
-10,-27,-23,-15,7,-4,-5,-9
1,-2,-25,-37,-16,-4,-2,-2
-7,-27,-10,56,7,0,0,0
-8,-37,-86,-124,-32,-7,1,-2
6,45,-53,73,30,4,-3,-3
0,4,-58,-44,-16,-4,-1,-2
-1,4,53,-10,5,2,0,-1
-3,-8,3,-44,-3,-3,-1,-2
2,28,43,16,-7,-3,1,1
-12,-32,-6,-4,-2,0,-2,-5
1,15,11,24,7,-3,-4,-3
9,22,21,45,5,7,3,3
-10,-41,-64,-27,-27,-10,-3,-4
2,20,94,40,3,-2,-3,-3
0,13,-4,26,7,1,-1,-2
-2,-8,30,40,6,-2,-1,-3
2,-1,-20,-17,-1,1,2,4
-7,-42,-36,-61,-13,-7,-3,0
1,15,-22,40,0,0,-3,-2
-8,-21,-28,-21,-5,-1,1,-1
6,37,28,-15,9,1,-2,-2
1,-19,-35,-3,-7,-1,0,2
-3,-1,22,-63,-3,-1,0,1
1,1,-61,15,3,2,0,0
-6,-20,-34,-18,-14,-7,-5,-5
3,21,24,39,16,6,2,1
-1,-5,-27,-42,-17,-4,-2,0
-1,3,20,14,-1,-1,-1,-3
0,-17,-26,-22,-6,-2,0,1
0,10,-22,-28,-2,-3,-1,0
0,-1,-10,59,15,-2,-6,-3
0,4,4,18,-2,-1,0,2
-6,-36,-14,-14,-4,-1,-1,-1
-2,6,-3,10,7,1,-2,-2
-3,0,25,-72,-6,1,1,-3
2,3,-35,-6,-3,-3,1,1
-1,-4,12,39,8,0,0,0
1,7,13,4,-8,-2,0,1
-2,-9,-22,-34,-5,0,-1,-1
2,3,22,14,5,-1,-1,1
-1,-2,-2,-11,-6,-2,0,0
-1,1,-8,2,4,1,0,0
-2,2,0,-15,-2,0,1,-2
-3,-1,14,3,0,1,-1,-2
2,6,2,-7,-2,-1,-2,0
-2,0,-3,16,4,0,2,-1
-1,-3,2,-7,-1,-3,0,1
-3,3,11,-3,-5,-2,-1,-3
0,-2,-7,-3,0,0,0,1
1,0,5,13,3,0,-1,-1
-1,-7,-3,-18,-4,-2,0,1
-2,2,2,-4,1,0,-3,-2
-1,3,3,3,2,-2,-2,-2
-1,-3,-1,3,-2,0,-2,-2
-1,-1,-3,-14,-5,-1,-1,-2
-2,1,2,3,-1,0,-1,0
0,0,2,5,0,0,-1,-2
-2,1,2,2,-4,-2,-2,-2
-2,-4,-3,-6,0,-1,-4,-1
0,1,4,2,2,2,8,2
-1,-1,-2,-5,0,0,1,-1
-1,-2,-4,-2,0,1,2,0
0,2,0,-2,0,-2,-4,-1
-1,-1,3,0,0,1,-2,-1
-1,2,1,-2,-3,-7,-3,-1
0,0,-2,4,2,8,3,1
-2,0,-1,-2,0,-1,0,-1
-1,-1,0,-1,1,-1,-1,-1
-1,-3,-3,-2,-3,-2,-4,-5
-1,-3,0,0,-4,-8,-10,-5
0,-2,-2,-3,2,2,12,4
2,1,1,3,2,-7,-2,3
1,-1,0,0,-1,0,1,1
-1,-2,-1,-3,-1,-3,0,-2
-3,-4,-1,-4,-3,2,-4,-2
-3,-2,-1,-1,-2,1,-2,-3
-2,1,-1,-2,-2,1,-1,1
0,-1,-1,0,-3,-2,-1,-1
0,-1,-4,-4,-1,0,-2,-1
-1,1,0,0,2,1,1,-2
-2,-2,1,1,-1,-2,-1,-1
1,0,-2,-1,-2,1,3,-2
0,-2,-2,-1,-1,-1,-1,-1
0,-1,2,-1,-3,-2,-4,-1
-2,-1,-1,-2,2,2,0,1
0,-1,1,1,2,0,-1,-2
-3,-2,-1,3,-3,-5,-4,-2
-2,-1,-1,-1,-3,-2,-2,0
1,-1,-2,1,2,1,0,-1
-2,-1,-1,0,2,-2,0,1
-2,-1,-2,-3,1,1,-1,-1
1,0,-2,-2,-4,-2,-1,-1
-1,-2,0,1,0,-2,2,-1
-1,0,0,-3,-1,-1,-2,0
-3,-2,-2,1,2,0,-3,-2
0,-2,4,0,2,-1,-4,-1
0,-1,-14,0,0,-1,0,0
0,-1,1,-2,-3,-2,-2,1
1,0,6,0,-2,-1,-1,-1
-1,0,-14,-2,-1,-1,0,-2
-1,-2,1,-2,2,1,-1,-1
-1,0,2,1,0,-2,-4,0
-2,-1,-4,-3,1,0,-1,-2
-1,1,2,-1,-2,0,-1,-1
-2,0,2,-1,-2,-2,0,0
-1,-3,-4,-3,-3,-1,0,-2
-1,-1,2,0,0,-2,-2,1
0,-2,2,0,-1,1,1,-1
-2,-3,-4,-1,-1,-1,-2,-2
-1,-1,1,-1,-2,-3,-2,0
-2,-3,-2,-1,0,1,0,-1
1,0,-1,-3,-2,-2,-1,1
-1,-2,0,2,-3,-1,0,1
-2,-1,-3,-1,0,1,-1,-1
-3,-1,0,-1,-2,0,-1,-2
-3,-3,-3,-1,-2,-2,-3,-1
-2,-2,1,-1,0,-1,-2,-2
0,-1,-1,-1,-3,-2,0,-2
0,-1,-3,-2,0,0,0,0
0,0,1,0,-2,0,-1,-1
0,-1,2,-2,-1,-2,-1,-2
0,-1,-1,-1,-1,0,-1,0
0,1,-2,1,-1,-2,-2,-2
-3,-1,2,-1,-2,-2,-1,-1
-1,-1,-1,-1,0,0,-1,0
-1,-2,-2,-1,3,-1,-1,-2
-1,-2,0,-3,-3,-2,-2,0
-2,-1,0,0,-1,2,-1,0
0,-1,-1,-2,-1,-2,-1,1
-2,0,-1,0,1,-1,1,1
0,-3,-3,0,2,0,-1,-3
0,0,-2,0,0,0,0,-2
-3,-2,1,-1,-1,-1,-1,0
0,-2,-5,0,-2,-1,-2,-2
-1,-1,4,-1,0,-1,-1,0
-2,-3,-4,0,0,-2,-1,-2
-1,0,-3,-1,-2,-2,-1,0
0,2,2,0,-1,-1,-2,0
-2,-1,0,-4,-2,0,-2,-1
-1,-2,2,0,-2,0,-1,1
0,3,8,3,2,-2,-3,-3
2,1,-6,-1,-2,0,1,0
-4,-8,-10,-5,-2,-5,0,-4
-3,-5,1,-5,-5,-2,0,-2
-2,-10,-4,-5,-6,-2,-1,0
2,6,-17,14,10,4,1,2
0,1,44,2,-2,-1,-1,0
-3,-22,-14,5,5,2,-2,-3
-2,5,-34,5,0,1,0,-1
-3,2,35,-5,-7,-3,0,0
2,3,-24,-11,-4,-2,1,3
-2,3,0,-6,-3,-5,-2,-3
-1,2,15,13,5,2,-1,-2
-4,-8,-20,-9,-3,-2,-4,-4
0,-5,-22,2,-2,-4,-2,-2
4,33,25,3,-2,-2,-1,2
0,-3,19,-1,1,1,-1,-1
-3,-4,-10,-9,-4,-2,-1,-3
-3,0,18,-8,-1,2,0,-1
-1,-5,-25,-27,-5,-1,-1,-1
-2,-3,-61,-25,-3,-7,-6,-3
1,14,81,65,-6,-3,-3,-4
0,-10,-6,-23,14,8,3,1
2,21,34,31,-4,-2,-3,-3
5,24,-14,-23,-9,7,6,5
-5,-18,-57,-38,-10,-9,-8,-4
6,22,60,83,17,5,3,3
-5,-15,32,-15,-6,-4,-1,-1
-1,-8,2,20,21,3,1,0
-6,-24,-76,-106,-17,-6,0,2
10,46,48,31,-7,-2,-1,0
-24,-77,-36,-35,-13,-10,-10,-9
12,17,-92,-76,-14,-6,-1,1
8,59,112,127,35,8,1,-3
-6,-34,-113,-120,-1,-1,0,-1
-4,-40,8,74,-5,-2,0,0
-12,-27,-68,-92,-41,-9,-3,-3
0,44,73,-3,4,-8,-11,-8
8,20,117,122,33,5,0,-1
-12,-60,-35,-44,-13,5,6,0
18,16,-11,127,62,27,14,13
-18,-59,35,-94,-9,1,2,0
-9,-13,-73,78,-63,-36,-19,-12
7,4,97,98,11,13,10,5
-1,-11,-22,-46,-16,-13,-8,-3
0,-19,-74,0,17,7,3,2
-3,37,47,-52,19,4,-3,-5
0,-2,-128,-128,-13,-10,-7,2
4,56,117,115,9,-21,-18,-14
15,8,-110,-26,5,18,15,12
-11,-50,-8,-128,-29,-2,3,1
-2,0,-78,-58,9,-3,-5,-6
-13,-8,127,55,-6,3,6,-3
12,-17,-65,-54,-9,-8,-4,1
-15,-49,21,121,6,4,1,-4
16,49,-27,63,43,7,3,6
-12,-25,-33,-112,-32,-14,-8,-8
12,56,122,82,13,8,10,4
0,-28,-107,-68,-16,5,4,2
-14,-39,4,-80,-14,-15,-11,-6
1,14,-50,-69,-12,2,1,-1
-13,-24,-44,70,9,-2,-2,-4
9,42,44,6,7,0,-4,-2
8,30,57,108,19,2,4,3
-5,-39,-49,6,9,-1,-4,-1
-11,-30,-56,-126,-36,-8,-3,-3
-5,-11,-92,-75,7,3,2,1
4,21,102,112,11,-8,-10,-7
8,32,112,38,47,21,11,4
-3,11,25,-57,-18,-10,-5,-2
-6,-47,-39,-20,-12,-3,-3,0
1,13,32,-12,-13,8,6,1
7,16,-58,-31,-18,-11,-9,-3
-3,8,56,29,16,0,-3,-4
-2,-4,-67,-92,-19,3,6,5
17,64,47,66,42,11,1,1
-13,-48,-40,-106,-18,-1,2,0
1,-13,10,25,24,1,-5,-4
9,29,82,-62,-18,0,2,6
-15,-54,-115,1,-9,1,2,0
-4,-29,44,37,7,2,2,0
0,-3,9,20,-5,-4,-2,-1
-12,-24,36,30,-8,-7,-5,-7
10,65,-8,-1,-8,-8,-8,-4
-3,16,65,-2,-5,-1,-1,0
-4,-24,-64,-13,0,4,1,2
2,18,30,36,7,-2,-2,-3
-3,-10,-54,-73,-18,-4,-1,0
-7,-16,-44,-14,11,-1,-2,-3
8,19,-15,-45,-22,1,3,4
-3,8,1,68,17,-4,-6,-3
-7,-41,-34,-84,-13,2,2,-2
-2,-2,36,72,7,-1,-4,-1
-8,-18,-19,-79,-19,-11,-5,-4
6,19,-78,83,23,2,-1,1
1,3,9,-69,-24,-3,1,-1
2,4,41,118,8,2,-2,-1
1,15,2,-9,5,2,0,-1
0,-20,-35,-31,-7,-3,0,0
-2,-1,25,-32,1,0,1,2
-1,-1,-13,-48,-11,-3,0,0
-2,0,1,14,-7,-4,-3,-3
-4,-4,16,-10,9,2,0,-2
0,8,21,63,5,0,-4,0
2,-1,18,-32,-14,-6,-1,0
3,14,31,54,12,1,0,0
-2,-10,-5,-22,-10,0,3,1
-3,1,-2,-60,-12,-5,-2,-1
0,-5,0,17,1,0,-1,-1
-3,-8,-12,12,1,-1,-1,-1
1,11,19,-1,5,1,-2,-2
0,6,14,-10,-4,-2,0,1
0,-1,-18,-24,-6,-2,1,0
-4,-9,-5,0,-4,0,0,0
2,5,17,3,3,0,0,0
-2,-1,-11,2,2,1,0,-1
-2,0,-13,-13,-4,-2,0,-2
-2,-7,2,18,-2,0,-2,-2
0,1,7,-4,-2,0,-2,-1
1,4,0,8,-1,0,1,0
0,0,-9,-13,-1,-1,0,0
-1,-5,6,-3,-2,-3,-2,0
-1,1,3,0,3,0,-2,-1
0,2,1,-2,1,1,-1,1
0,-3,-6,-10,-2,0,-3,-1
-2,-5,-4,1,-2,-3,-2,-1
1,4,6,1,-1,-2,0,1
0,2,4,4,1,0,1,0
-4,-9,-10,-12,-4,0,-2,-2
1,4,8,12,3,0,-1,-1
-3,-8,-9,-3,-3,-2,-1,-2
0,-2,4,-1,0,0,0,0
-1,-1,-6,-7,-1,-2,-2,0
-3,-4,-1,-1,-1,-2,-1,-1
-1,3,8,2,-1,0,0,0
0,-1,-3,0,-1,0,0,0
1,1,-3,-4,0,-1,-1,0
-2,-3,-3,2,-3,-2,-1,-2
0,0,5,0,1,-2,-1,0
-1,-1,-2,0,3,0,-1,-2
0,1,0,-3,-6,-2,-2,0
1,-1,-2,-3,-4,0,1,0
-3,-3,0,-1,0,2,-3,-3
-2,-1,-1,-1,1,-1,-4,-2
-1,0,-1,-2,-1,4,9,0
-1,-2,-4,-2,0,0,0,-2
0,1,2,0,0,-1,-1,0
-1,-1,-1,1,-1,-1,-2,-1
-1,-2,-2,-2,0,-4,-5,1
-1,-3,-4,0,-1,1,-2,-2
-1,2,3,-1,0,1,-1,-1
-1,-1,-1,-2,-3,-2,-1,-1
0,0,-4,-4,-4,-3,0,-1
-1,-2,-1,-2,-1,-2,-1,-1
0,-1,1,-1,-2,-4,-2,-2
-3,-3,-3,-1,-1,-1,0,-1
-1,-2,-2,-3,0,1,-3,-2
-1,-2,-2,2,0,-2,-2,0
-2,-1,1,-4,-1,0,-2,0
0,1,-4,-2,0,1,0,1
1,1,1,2,1,1,-2,-2
-1,-2,-2,-2,-3,-2,-2,-2
-1,1,-1,-2,1,0,0,-1
-1,-2,-2,-1,-1,0,1,0
-2,-2,-4,-3,-1,0,-3,-2
-1,-2,0,0,-1,-1,-2,-1
1,-3,-1,-1,-5,0,1,0
1,0,1,-1,-3,-2,0,-1
0,-1,-2,-2,1,-1,-2,-1
-2,-2,-2,-2,0,-2,-1,-3
-1,-1,0,0,0,-2,-2,-1
0,0,-1,0,-1,-1,-2,-1
-1,0,-1,-1,-2,0,0,-3
-1,0,-1,-2,-1,-1,-2,1
-1,-4,-3,-3,-1,-1,-1,-2
-1,0,-2,-2,-1,-3,-1,1
-2,-1,-1,0,1,-3,-2,0
1,-1,0,-1,-4,-1,1,-1
0,1,2,-1,-2,0,0,-1
-1,-1,4,6,1,-1,-1,-1
-2,-2,-2,-3,-2,0,1,0
-3,-2,0,1,0,1,0,-3
-1,0,-2,-1,-2,0,-2,0
-1,0,-3,-3,-1,-1,-1,-2
0,0,2,2,-2,-2,-2,0
0,-1,-1,-2,0,-3,-1,1
1,1,-1,-3,1,1,1,-1
-2,-2,0,-2,0,-1,-2,-1
-2,-3,-2,-2,-4,1,-1,-1
-1,-1,-3,-1,0,-2,-1,-2
-2,-1,0,1,-2,-3,-1,-1
-1,-1,-1,1,-2,0,-1,-1
1,-1,-1,-2,-1,0,-1,1
-1,-1,0,0,-1,0,-1,-1
-2,0,-2,0,0,-2,-1,0
-1,-2,-3,-3,-2,-1,1,-2
-1,-3,-2,0,0,0,-2,-1
-1,-1,-1,-1,-2,-3,-1,-1
-1,0,-3,-1,0,-1,0,-1
1,2,-1,1,-2,-2,0,0
-2,-1,-1,1,0,0,-2,1
-3,0,-1,1,0,0,-1,-1
0,-1,0,-4,-2,0,0,0
-3,-6,-5,-5,-2,-1,-1,0
-1,0,1,1,0,-2,0,0
0,-1,-1,-2,-3,-2,0,1
-2,-1,-1,0,-3,-2,-2,-3
1,0,-2,-2,-2,2,0,0
-1,-3,-2,-2,-1,-1,-1,-1
-2,-2,-3,1,0,0,-1,-1
1,-1,-1,-1,-2,0,1,-1
-1,-2,-1,-1,-2,-2,-1,-1
0,-2,-3,0,-2,-2,-1,-1
-1,-2,-1,-1,0,0,1,0
-2,-2,0,1,1,0,-1,-1
-1,0,-2,0,0,-2,-2,-2
-1,-1,-3,-2,-4,0,-2,1
-1,-1,-2,0,-1,0,-1,0
-2,-2,-2,-2,0,-1,-3,1
-2,-1,0,-3,-3,-3,-1,-1
-1,-2,-1,-1,1,0,1,0
-1,-3,-2,-1,1,-2,-1,-2
0,-2,-1,-1,-2,-2,-2,-1
0,-1,-1,-1,1,1,-3,-2
2,-3,-1,-2,-2,-1,-2,-2
-2,-2,1,-1,-3,1,-1,-2
0,-1,-1,0,-1,0,-1,-1
0,-1,-2,-1,0,-1,0,0
-2,-1,-2,0,-2,-1,-1,-1
1,-1,1,0,1,1,1,-2
-3,-3,-8,-10,-3,-1,0,-1
1,3,8,1,-1,-1,0,-2
0,5,9,16,5,2,1,1
-4,-7,8,-13,-7,-4,-4,-3
0,1,-28,-3,-1,-1,-1,1
1,1,1,15,4,1,1,1
-4,-8,-12,-23,-6,-3,-3,-1
0,2,52,35,3,-1,-2,0
1,2,-47,-12,2,-2,-3,0
-8,-21,-62,-68,-15,-7,-5,-3
10,23,18,54,10,1,1,2
5,12,-9,-17,13,12,5,4
-15,-36,22,1,-5,-9,-5,-8
27,64,106,119,33,23,11,10
-25,-51,-53,-110,-31,-18,-11,-12
13,46,-32,9,-32,-2,3,3
-1,-4,-63,-8,36,5,-1,-2
-17,-28,-77,-59,-24,-12,-5,-4
4,12,127,86,-36,-5,-1,0
-10,-40,-102,-88,6,-3,0,3
14,40,62,-76,-53,-1,2,2
-2,-13,35,33,56,11,4,1
-11,-42,-128,-94,-52,-19,-9,-6
0,1,108,97,18,1,-5,-5
-12,-15,-16,15,-51,-25,-15,-8
14,38,91,-34,34,18,7,2
-14,-68,-61,-92,-3,7,5,2
-21,-41,-66,57,-8,-27,-20,-16
27,62,96,90,-1,16,12,10
-30,-70,-12,-62,-37,-16,-10,-11
13,73,39,45,43,4,-3,-2
-5,-36,89,32,11,5,2,0
-2,1,-118,-94,12,-5,-4,0
9,37,92,127,-6,-10,-5,1
1,16,49,-19,-3,11,8,1
12,35,-92,-10,15,2,2,6
-17,-32,20,-40,-8,-5,-3,-5
5,22,48,-72,-4,0,0,0
-12,-24,15,-28,7,-4,-5,-6
2,-12,113,116,19,2,0,-1
-2,35,-31,-47,-10,2,-2,-3
-13,-43,-128,-128,-28,-8,-4,-3
27,67,127,127,47,11,8,13
-13,-33,-100,-11,4,-1,-3,-6
18,62,-10,79,20,11,11,8
-5,-31,-39,30,-5,-4,-3,-2
1,20,32,-32,10,1,0,-1
8,26,-36,-92,-19,0,1,3
-17,-46,-60,-63,-24,-13,-10,-8
9,27,-6,-36,-9,-6,-6,-4
-9,-34,-5,33,-4,-2,-2,-3
6,22,21,-128,-36,-1,4,2
-3,-42,48,99,52,8,4,1
-4,-9,7,-61,-23,-2,0,0
1,-25,-71,-51,-3,-1,-1,0
-15,-35,43,-65,-1,-4,-4,-4
4,12,-53,-44,-2,4,2,4
7,12,33,75,11,3,2,3
-1,-7,-30,-22,8,3,2,1
19,68,-5,-86,-4,4,3,6
0,-11,-7,98,44,1,-4,-5
-11,-48,-53,-71,-12,-2,1,-3
2,16,-49,-106,-20,-4,-3,-4
0,2,-3,-12,-2,1,2,0
-3,-23,29,-41,-12,-5,-4,-2
3,43,-8,8,1,-1,-2,0
1,-4,13,53,6,2,1,0
-6,-12,-44,31,0,-4,-3,-3
-3,1,96,26,8,0,-2,-4
1,-5,-13,39,0,0,-2,0
-2,-9,-16,-34,-8,-1,-1,-2
-5,-2,-10,91,3,-5,-6,-4
1,-3,73,21,11,0,-2,-1
0,4,-49,-42,2,-2,0,-3
-2,-1,5,15,3,-3,-3,-3
-3,-10,12,-29,-7,0,0,-3
-1,0,31,-19,-5,-2,3,1
-3,-6,10,29,-1,-2,-2,0
-1,-1,-27,3,-3,-2,-1,-1
-2,2,18,-7,1,1,1,-1
0,-7,-13,-27,-11,-1,1,0
-3,-4,-16,-24,0,-1,-3,-2
0,13,22,50,5,-2,-4,-2
2,0,17,-13,-1,0,0,1
0,-3,5,-22,-8,0,1,1
-2,-4,-12,-24,4,2,1,1
1,1,6,52,7,1,2,1
-2,-4,4,10,1,1,1,0
-3,-7,-15,-30,-9,-2,-2,-1
-2,3,8,6,0,-1,-3,-2
0,0,-13,-12,-1,-2,-2,-2
1,-2,11,-3,-1,1,0,1
0,-2,-14,-13,-4,-2,0,0
0,3,15,14,1,-2,1,1
0,1,-1,2,1,1,0,-3
-5,-4,-8,-8,0,-3,-1,-1
1,-1,2,-7,-1,0,-4,-3
0,-1,7,19,-1,-1,0,-3
0,-2,-10,-15,-6,-3,-1,0
-1,-3,0,-7,-1,-2,-2,-2
-2,-1,-6,-2,1,-2,0,-1
-1,-4,12,9,-1,-2,-2,-3
-2,4,-6,-7,-4,-3,-1,0
0,2,10,-2,1,3,-2,-1
-2,-6,-1,2,1,0,1,-1
1,8,1,0,-5,-2,-1,0
0,-2,-1,-7,0,1,0,0
-1,-4,-5,2,-1,-2,-2,0
-2,0,-1,-5,-3,-3,0,-1
0,0,3,4,2,1,1,0
-2,-4,-7,-4,-1,0,-2,0
0,0,0,-2,-2,-4,1,-1
-1,-1,-4,-3,-2,-2,-1,2
-1,-1,2,2,0,-1,-1,-1
-1,-1,-3,0,-1,-2,0,0
0,-8,-4,-4,-2,1,-1,-3
-1,0,1,-1,-3,1,0,0
0,0,1,6,-2,2,0,1
0,-4,-1,-2,-1,-1,-1,-3
-1,-1,-3,0,-1,0,0,-2
0,-2,-2,0,1,0,-3,-2
-1,0,1,2,-1,-2,0,0
-1,-2,-3,-4,-4,-2,0,-1
1,0,-1,-3,-3,0,1,1
-1,-1,-1,-1,-2,1,-1,0
-1,-4,0,2,0,-2,-1,-1
-1,-1,0,-2,0,0,-1,-1
-2,-2,-1,0,-1,-3,-1,0
0,0,-3,-3,-3,-1,-1,0
-1,-1,-2,-2,-2,-1,-2,-2
-1,-2,-1,0,0,-1,0,-3
-2,1,-1,0,1,0,-1,-1
-1,-2,-1,-2,-1,0,-1,-1
0,0,0,-2,-3,-4,-2,-1
0,0,-1,0,-2,-2,-2,1
-1,-3,-1,-2,0,1,-1,-2
-1,-1,-3,-1,0,-2,0,-1
-3,-1,-3,0,0,0,-2,-2
-1,-3,-1,-3,-4,-3,0,1
-1,0,0,-1,-3,-4,-2,-1
-1,0,0,-2,-1,-2,-1,0
0,0,-1,0,1,0,-1,-1
-1,-2,0,-2,-1,0,0,1
0,1,0,-2,-1,1,0,-2
-1,0,-2,-2,-5,-5,0,-1
-3,-2,-2,0,0,-1,-1,1
-1,-2,-1,-1,0,0,-1,-2
-1,-1,0,-2,-1,-1,-3,-2
0,-2,-2,-2,1,0,0,1
-1,-2,-1,-1,0,2,-1,-2
-1,0,-1,-2,-2,-2,-2,-2
0,0,-1,-1,-2,-3,-1,0
1,0,-1,-1,-3,-1,-1,1
-2,1,-2,0,1,1,-1,0
-1,-2,0,0,1,0,-2,-2
0,0,0,-1,-1,-1,-1,-3
-1,-2,-1,-1,-1,-1,-2,-1
0,-1,1,-2,-3,0,-1,-1
-2,0,0,-1,0,1,-1,-1
-2,-1,-8,-1,-1,-3,-1,0
1,-1,1,-2,-2,-1,-1,-2
2,1,-2,1,0,-1,0,0
-1,0,2,0,-2,-1,0,-2
-1,-1,0,0,1,1,0,-1
-2,-3,-3,-1,1,1,-2,-1
0,-2,-1,-3,-4,-3,0,-2
0,0,-2,-2,-5,-4,-1,1
-2,0,0,1,-4,-2,0,-1
-1,-2,-2,-1,0,1,0,-1
-2,-3,-1,-1,-1,0,-1,-3
0,0,-2,0,0,-1,0,0
1,-1,-3,-3,-1,-1,-1,-1
-1,0,0,0,-5,-2,1,-3
-1,-1,-1,0,0,0,-4,1
-1,-2,-3,1,2,1,0,-1
-2,-1,2,1,0,-1,-1,-1
-2,-2,-3,1,0,1,-1,0
-1,-2,-1,-2,-2,-2,0,0
0,-2,0,-1,-1,-2,-1,-1
1,-1,-2,0,1,2,-1,-1
-1,-1,0,1,1,2,1,-1
-1,0,-1,-2,-1,-1,-2,0
0,1,0,-1,1,0,-1,0
-2,-2,-1,0,0,1,-1,0
0,-2,-1,-1,-2,-1,0,-1
0,-2,1,-1,-1,-2,0,-3
-1,-1,-2,-1,-1,0,-2,-1
0,-1,0,-2,1,0,0,-1
0,-3,-2,-1,1,-1,-2,0
-1,0,-2,-2,-2,-2,0,0
0,0,-3,-2,-2,-2,-3,0
-1,-1,-2,-1,1,-1,2,0
0,-1,-1,-3,-2,-3,0,1
-1,2,1,-2,0,1,-2,-2
-3,-2,-2,0,0,2,1,0
-1,-1,1,0,-2,0,-2,-1
-1,0,-7,-7,-1,-1,-2,-1
1,1,6,3,-1,-2,1,1
0,2,2,2,0,0,-1,0
-4,-8,-21,-23,-1,-2,-3,-3
0,-1,14,23,1,-1,0,-2
-2,-3,29,1,-3,-4,-2,-2
3,3,-65,-16,-2,-1,2,3
-2,-6,-15,-6,-7,-2,1,-1
-1,1,-64,-83,-3,-2,-2,0
-4,3,90,104,16,-2,-6,-7
2,-3,25,-6,-3,4,5,2
-5,-4,-58,-74,-17,-5,-2,-2
-7,-17,-25,-24,-14,-9,-5,-4
-3,-11,-41,-16,-8,1,-2,-2
-6,-5,-4,-9,2,-3,-2,-4
2,3,24,27,-3,-1,-2,0
-5,-3,-37,-92,-14,-3,-2,-1
-4,-5,-6,71,-10,-8,-7,-6
2,1,-7,8,-4,2,2,1
12,25,99,82,42,13,7,4
-4,-12,-30,-7,-21,-9,-4,-2
12,27,35,51,30,11,9,7
0,2,36,-8,-5,-5,-3,-1
4,21,110,106,21,13,6,2
-6,-28,-60,-46,0,-3,-4,-1
-6,-3,-86,-102,-22,-2,4,0
-5,-19,-29,8,-26,-6,-2,-1
-4,-4,7,43,-4,-3,-4,-3
6,17,-12,-14,-6,4,3,1
10,29,14,17,16,3,4,6
-4,-18,127,86,23,4,0,-3
-3,4,-127,-123,-50,-17,-9,-7
7,8,53,127,65,20,9,5
-8,-14,47,-128,-20,-9,-8,-5
1,47,17,-100,-12,-4,-4,-3
-7,-24,-78,-88,-1,-2,-2,-3
-8,-7,-51,-96,-24,-6,-4,-5
4,7,43,60,7,0,2,-1
5,-3,49,127,5,1,5,5
-2,0,56,35,8,-7,-10,-7
-10,-55,-62,-65,-7,3,2,-2
-7,-16,-1,-51,-20,-6,-4,-3
18,42,60,26,65,23,10,7
-2,-11,-21,-78,-1,-2,1,4
-7,-39,-41,-36,-37,-8,-2,-1
4,43,18,53,44,15,3,-3
-4,-14,2,-2,-17,-11,-8,-4
-7,-24,-91,-70,-16,-1,3,1
15,16,127,127,84,17,8,7
-9,-38,-93,-128,-54,-8,-2,-1
-8,-7,-107,-73,-4,-6,-6,-5
4,38,65,93,45,3,-7,-4
-5,12,24,-128,-52,-12,-6,-6
3,4,-9,21,13,-1,-1,1
-3,-11,-24,-30,11,5,1,-1
-4,-25,3,-102,-32,-7,1,1
1,34,18,10,-9,-5,-4,-3
3,-6,22,117,49,14,7,5
-11,-19,-75,-121,-29,-10,-8,-6
-8,-11,-18,-28,-11,-10,-5,-6
5,22,64,98,2,3,3,1
-2,-11,-11,-51,-18,-5,-2,-2
-1,2,15,6,-5,-9,-5,-3
-3,-40,-57,8,11,5,2,1
0,22,42,-40,1,4,-2,-4
-2,-5,-21,89,9,-6,-5,-3
-4,-12,-17,-75,-12,-2,-1,-3
5,11,30,12,1,3,2,4
0,-3,6,-3,-4,-4,-2,1
-6,-21,-56,-80,-19,-6,-2,-3
5,19,-20,25,8,4,1,1
0,3,54,69,6,-1,-1,-3
-1,2,-2,5,-9,-2,-1,0
-4,1,-2,-16,-8,-5,-4,-5
-5,-17,-28,7,-5,-2,-4,-3
-3,0,-4,-16,-2,-2,-1,-1
-2,6,8,27,-2,-4,-5,-4
1,-7,-31,-105,-16,0,2,3
2,-4,77,102,24,6,4,3
4,19,8,32,9,2,0,0
-3,-4,-18,-44,-3,-2,-1,-3
1,3,1,-42,-3,1,-1,0
-3,-9,-18,-48,-18,-6,-3,-2
1,9,4,-8,0,1,3,2
0,0,19,43,7,1,1,2
-1,-8,-15,10,-4,0,-1,-1
2,6,1,-3,0,-2,-2,-1
-2,1,16,6,-6,-2,-1,-2
-1,0,-8,2,-1,0,-1,-2
-3,-1,-8,2,-1,-2,-4,-3
-2,3,-13,-18,-7,-3,-2,0
-2,-3,-16,-52,-13,-5,-3,-2
2,4,4,67,11,-1,1,1
-1,7,13,14,-1,-4,-3,-2
0,-3,-3,-5,-3,-1,-1,-2
0,-2,-7,-15,-2,1,0,1
-3,-3,-12,-15,0,-2,-2,-1
-1,1,8,11,-3,-3,-2,-1
-3,0,-12,-7,-7,-1,-2,-2
-1,-2,-3,2,-1,-2,-2,0
0,0,-5,-4,0,-2,0,0
1,1,9,5,2,2,1,0
-1,-2,-9,-21,-3,0,-2,-2
1,-1,0,8,0,2,-3,-2
-1,-2,1,7,5,2,-3,-3
-2,-4,-2,-10,-4,-3,-3,-2
-1,0,-4,-5,-4,-4,-2,-1
2,2,5,14,0,1,0,2
-2,-1,-4,-2,-2,-1,0,-1
-1,-3,0,-8,0,1,-1,1
-2,-1,-5,1,0,1,-1,-2
2,2,2,6,-4,-2,-1,-1
-1,-3,-3,-8,1,0,0,-3
0,-1,-2,-8,-4,-3,0,-1
0,-2,-1,1,0,-1,-2,-1
-3,0,0,0,-1,-2,-1,-1
1,0,-2,-3,-1,-2,-1,-1
-2,-1,0,-1,-3,1,1,2
-2,-3,-6,-5,-4,-4,-2,0
-2,-3,-4,-7,2,1,0,-1
-2,-2,0,5,1,-1,-1,0
0,-1,5,12,3,0,1,-2
-1,0,-6,-14,-7,-2,0,-1
-1,-1,2,0,-2,0,0,-1
-1,-2,-3,-1,-5,-2,-1,2
-2,0,-4,-8,-1,0,-1,0
1,0,0,4,-1,1,-1,0
1,0,0,4,-3,-3,-2,1
0,-1,-3,-4,1,0,0,-1
-1,0,0,-2,-1,-3,-2,-2
1,0,0,1,0,-1,0,0
-1,-3,-1,1,0,0,0,-1
0,-3,-2,-6,-1,0,-1,1
-1,2,1,0,0,-1,0,1
-2,-2,-1,2,-2,0,0,-1
-2,-1,-2,-1,-2,-3,-1,0
-1,-1,0,-1,0,1,-2,0
1,-1,0,-2,-1,-2,-2,-2
0,0,-1,-2,-2,-1,-3,-1
-1,-1,-1,2,1,2,1,1
-2,0,-1,-3,2,0,0,-1
-1,0,2,-1,-4,-4,-1,-1
1,-2,-2,-1,-1,0,0,0
0,-2,-1,-2,1,0,-3,-3
-1,-1,-2,-1,-2,-1,-2,-2
0,-1,-1,-2,-1,-1,-2,-2
-1,-2,1,-1,-3,-1,-1,0
-1,0,-2,-2,-1,-3,-1,-1
-1,-1,-2,0,-1,2,-1,-1
-1,-1,-1,-1,3,0,-2,0
-3,-2,-1,0,-1,0,-1,-3
1,-1,-2,-5,-4,-2,0,0
-3,-1,0,-1,-2,-2,-1,0
10,-2,-1,-1,2,-3,-5,-2
-5,-1,1,-1,-1,3,7,-2
-5,-1,0,-1,-2,-3,0,0
4,0,-2,-2,-1,-1,-1,0
-2,-1,-1,-1,0,0,-1,-2
0,-2,0,-1,-2,-1,-3,-2
-2,-3,-8,-14,-2,-3,-2,-1
0,-2,0,7,-2,0,0,1
-2,1,6,9,-1,1,1,2
1,-1,-4,-4,-3,-5,-2,0
-3,-2,7,-2,-1,0,-2,-4
0,-1,-18,-12,-1,-2,-4,0
-2,-2,18,3,-2,-5,0,-1
-2,-2,-17,-1,0,-1,-1,-2
3,2,22,3,0,2,-1,1
-2,-3,-12,-3,0,1,-2,-2
-4,-1,-3,-2,2,1,-1,-1
0,-2,5,-1,-1,-2,-2,0
0,-5,-16,-2,-3,-2,0,-2
-1,3,14,1,0,0,0,0
-3,0,-1,1,-1,-1,0,-1
-1,-1,-5,-6,1,-2,-2,0
-1,-2,-6,-1,0,0,-1,-2
-4,-1,7,5,-1,-1,1,-1
0,-3,-10,-6,-1,0,-2,1
0,1,4,0,-2,-3,-2,0
-1,0,1,3,0,-2,-2,-1
1,0,2,-2,0,-3,0,0
-2,-2,-3,-3,-2,0,-2,-2
-3,-2,2,0,1,0,0,-1
-2,0,-2,3,2,2,-1,0
-2,-3,-3,-1,-2,-2,-1,-3
0,0,2,2,0,-1,-1,0
0,-2,0,0,-2,-2,0,-1
-1,0,0,-2,-1,0,-2,-2
-2,-2,-1,0,-3,-4,0,-1
-1,-2,-2,-2,-2,-2,1,-1
-2,0,-1,-2,0,-1,1,0
-2,-1,-1,0,-1,-1,-1,-1
0,-2,-1,1,0,0,-2,-1
1,-2,-1,-1,-1,-1,-1,1
-1,-2,-1,-2,-3,-2,-1,-2
-1,-2,2,2,-2,-2,0,-1
1,-1,-1,1,1,1,-1,0
-3,0,-4,0,0,0,-1,-2
-2,-1,-1,0,-1,0,-3,-1
0,-2,-2,-2,-3,-3,-1,0
0,-1,0,-1,-3,0,-1,-2
0,-1,-2,0,0,-1,-1,1
-3,-1,0,-1,-2,1,0,0
-2,0,-1,-1,1,-1,0,0
-1,0,0,-2,-2,-1,-1,0
-3,-3,0,0,0,0,-1,-3
-1,0,0,-1,-2,-1,-1,-1
-1,-1,-2,1,-1,-2,-2,0
-1,-1,-1,-1,-2,0,-1,-2
-2,-1,1,-3,-1,0,-2,-1
-3,-3,6,-8,-1,0,0,0
0,-3,-16,8,1,1,0,-1
-3,3,15,5,-1,-5,-2,-1
3,4,1,-5,1,3,2,1
0,-5,-60,-49,-3,-3,-1,-1
-6,-9,0,16,-2,-5,-4,-6
1,3,7,4,1,0,2,1
-4,-1,-3,-57,-14,-5,-5,-3
12,17,47,113,44,15,10,8
-15,-46,-99,-124,-39,-7,-3,-3
9,35,90,116,18,-2,-6,-4
-16,-37,35,8,-6,0,-1,-4
0,19,-62,-54,-14,-3,0,0
11,43,127,127,48,11,3,1
-17,-92,-128,-128,-38,-5,4,3
21,104,115,123,33,1,-6,-2
-4,-14,51,-23,-5,1,1,-2
-5,-7,-61,-45,-22,-6,-2,-3
8,7,-14,29,8,9,7,6
-7,-66,-128,-53,-8,3,5,3
23,44,75,126,59,13,6,9
-2,11,28,-79,-22,2,3,0
-5,-3,-41,88,8,-7,-8,-8
1,-21,-9,58,-5,2,3,1
-15,-4,18,-58,-30,-14,-9,-9
2,5,53,-71,19,8,5,5
-22,-73,-98,-97,-27,-6,-4,-5
10,52,26,51,26,-1,-3,0
3,21,51,71,12,6,4,0
-4,-2,54,-44,-30,-17,-11,-7
-9,-6,-5,77,7,-2,-6,-8
-15,-33,-46,-117,-47,-10,-6,-5
-2,-11,33,61,19,0,0,-1
0,-46,-102,-43,-7,0,1,5
22,88,122,127,37,6,0,2
2,-14,-8,-51,1,4,2,2
-18,-45,-98,-121,-37,-13,-9,-7
-6,5,-28,-39,2,-3,-5,-7
2,16,59,19,6,-4,-3,-2
5,13,25,-112,3,-4,-5,-1
-5,-38,-96,-119,-32,-5,0,1
6,6,52,127,42,6,-1,-1
-6,-6,-113,-95,-31,-6,-4,-3
-5,1,61,63,-5,-8,-5,-5
-3,-8,-47,-31,-12,-7,-5,-4
1,2,-43,-28,-20,-1,2,0
2,8,51,-30,4,4,1,1
1,5,-18,14,-7,-4,0,0
-4,-9,-23,-1,-5,-4,0,-1
2,13,24,-5,-2,-3,-2,1
-3,-15,-37,-128,-31,-1,2,3
4,10,63,105,53,15,4,4
-10,-23,-34,-22,-23,-8,-7,-6
1,10,76,46,8,-2,0,0
0,-4,-19,-7,-7,-3,1,0
5,16,-35,-96,-13,-2,-2,-2
8,9,31,67,26,11,6,4
4,2,-19,-3,-1,1,1,2
-2,-4,2,-115,-6,-2,-2,-2
-7,-13,-41,34,3,2,2,-1
3,10,41,-41,-6,-5,-2,0
-1,-3,-21,36,11,1,-2,0
3,12,87,-36,-2,0,-1,0
3,3,-29,85,16,3,2,0
-3,-1,-18,-101,-14,-2,-2,-2
-1,-2,5,67,12,2,4,2
-2,0,-8,-8,-1,-2,-2,-1
-2,-1,19,-15,-9,-4,-4,-2
1,2,-1,-1,-2,0,-2,0
-2,-11,-45,-48,-12,-3,-1,-2
2,13,27,34,9,1,-1,1
-5,-13,-23,-28,-10,-3,-1,-2
2,8,33,16,2,-1,0,-2
4,2,-22,1,-2,-1,-1,0
-1,-3,-24,-42,-4,0,0,-1
1,-4,2,38,11,3,1,2
-4,-1,7,-3,-7,-4,-5,-3
-3,1,52,-6,-4,0,-2,-2
0,1,-75,4,8,3,0,0
-5,-8,-8,-27,-11,-4,-3,-3
2,1,27,21,2,-2,0,1
-4,-6,-6,-22,1,0,1,-1
-1,1,20,37,6,0,0,0
-2,-4,-5,-26,-9,-3,-1,-1
0,1,1,38,6,2,-1,-2
-3,-1,-24,-16,-3,-2,-2,-3
0,-3,12,21,1,0,-1,-1
-3,-4,-15,-11,-5,-3,-3,-3
-1,3,9,-6,-3,-5,-1,-3
1,1,-14,-3,-2,0,-1,0
-2,-4,1,15,5,1,-1,-2
-2,0,5,-15,-8,-3,-1,0
-2,-2,-13,-1,0,-2,-1,-2
0,0,-6,2,-2,-1,-1,-1
2,1,12,23,3,-2,-1,0
-3,-3,-6,-23,-6,-3,-2,-2
0,1,-2,2,-1,0,-1,1
-2,-2,-7,5,0,-2,-1,-1
0,-1,5,-1,-3,-2,-2,-1
-2,-3,-5,-12,-5,-2,-2,-2
-1,-2,-2,6,1,0,-1,-2
0,-1,-2,-1,-1,-1,-1,0
0,0,4,9,2,1,0,-1
-2,-2,-2,-7,-2,-1,0,0
0,0,1,8,1,0,-2,-1
0,1,-6,-5,-1,-2,0,-2
-1,0,4,5,1,-2,-5,-1
-1,-2,-7,-5,-2,-4,-1,-1
-3,0,0,-1,-2,10,4,0
0,-2,-3,-2,0,0,-2,-2
0,0,1,3,-2,-2,-2,-1
0,-1,3,-4,-3,-2,-2,-1
-2,-1,-2,-1,0,-1,-2,-2
-2,-1,-5,-1,0,1,-2,-1
-1,1,0,4,-1,-2,0,-1
1,-1,-2,-5,0,0,0,-3
-1,-2,-2,1,-2,-5,-1,-1
-2,-1,-2,1,0,2,0,1
-2,-4,1,-1,2,-1,-1,-2
-1,-1,-1,-4,-4,-1,0,0
1,-2,-1,1,-1,0,-1,-1
0,-2,-1,0,1,-1,-2,-2
-1,1,-2,-1,-4,0,1,1
0,0,-1,-2,0,2,1,1
-1,-1,-1,2,-1,-3,-4,-1
-2,-2,-2,0,-1,0,-3,-1
0,-3,1,0,-1,-1,1,-1
0,0,1,0,-1,-3,-6,0
0,0,-2,-5,-5,-4,5,1
1,-1,-3,-1,-1,0,-1,1
-3,-1,-2,3,2,0,0,-2
-1,-2,-1,-1,-2,-2,-2,-1
1,-1,-2,-2,-3,-3,-3,-1
-2,-1,-2,0,-1,-2,0,-2
0,-1,1,-1,0,1,0,0
-2,1,-2,0,2,1,-1,-2
-2,-2,-2,0,-2,-2,-2,-1
0,1,-1,0,0,0,2,0
-2,-1,-2,-1,-1,-3,0,1
0,-1,-2,-1,2,2,0,0
-2,-2,0,-1,0,0,-2,-2
-1,-2,1,-1,-3,-2,-1,-1
-1,-1,0,-4,-4,-3,2,2
-2,0,-1,1,2,0,-1,-1
1,-1,-1,-2,0,-2,-1,0
1,-1,-2,-2,-1,1,-2,-2
-1,-2,-1,0,-2,1,-1,-1
0,-2,0,0,1,-1,-3,-1
-2,-1,-3,-2,-2,-2,0,-1
-2,1,0,-1,-2,-2,-1,0
-1,-1,0,-2,-1,-1,0,1
-1,0,-4,-3,-1,0,-1,-2
-1,-1,-2,-3,-2,0,0,-1
-1,-2,-1,-1,-1,1,-1,0
1,-1,-1,1,0,-1,-1,-2
-2,-3,-1,1,0,1,-2,-1
-2,0,-2,-1,-2,0,-2,1
-1,0,-1,-2,-3,-2,0,-1
0,0,0,-2,-1,1,-1,1
-3,-1,-1,-1,-1,0,-1,-2
0,-1,-1,0,0,0,-2,-2
-1,-1,-1,0,2,-1,-1,-2
-2,-1,-2,-2,0,-1,-2,-3
0,-1,1,0,-3,-4,0,-1
-1,-1,-1,-1,-2,-1,0,-1
1,0,-2,-2,-5,-3,0,0
-1,-2,-3,-1,1,0,-1,-2
0,-3,-4,-2,-1,-1,-1,-1
-1,1,-1,-1,0,-1,0,-1
0,-2,0,-2,-1,-1,-1,-2
-1,-1,2,0,-3,-3,2,-1
-1,-1,0,-4,0,0,-2,-2
-1,-3,0,-1,0,-1,-2,-1
-1,-1,-3,-2,0,0,-1,-1
-1,-1,0,-1,-3,-1,0,1
-2,-1,0,1,-2,1,-1,-1
-2,0,1,0,-1,0,-1,0
-2,0,-3,0,-1,0,-2,-2
0,0,-20,-5,-4,-1,0,-1
-2,-3,2,1,-2,0,-1,-2
-1,0,-2,-4,-1,-2,-1,2
-2,-3,0,-6,-3,-1,-4,-3
-4,-7,6,16,2,-2,-3,-2
-5,-11,-36,-41,-8,-2,0,-2
0,2,9,15,0,-2,-1,0
4,9,23,25,9,1,0,1
-3,-7,-5,-12,-10,-5,-4,-3
-1,1,11,6,1,1,0,-1
-4,-8,-32,-28,-5,-2,-2,-4
-2,2,-54,-1,-4,0,-2,0
3,6,50,13,6,0,1,1
0,1,6,-3,-1,-2,1,1
-1,-3,1,-7,-3,1,1,1
-2,0,-9,13,2,-3,-1,-2
-3,-7,2,-17,-4,-2,-2,-1
-3,0,-17,-1,-2,-2,-2,-3
0,-1,-5,17,-1,-4,-2,0
0,-3,20,2,1,0,0,0
-5,-9,-41,-21,-5,-2,-3,-2
1,6,5,-5,1,-1,-1,1
-2,2,7,15,-3,-5,-3,-3
0,-8,18,-13,-8,-7,-2,-1
1,13,8,-8,-2,1,0,0
-2,-5,11,12,-7,1,0,-1
-5,-15,-36,-28,9,3,-1,-2
-5,-8,18,18,-10,-3,-3,-2
1,5,2,13,-8,-2,-1,-1
5,8,41,32,10,3,1,3
4,10,36,5,-1,1,1,1
-4,-11,-48,-33,-7,-1,2,0
-3,-3,-6,-7,-3,-1,-3,-4
-2,-2,-33,-36,-9,-6,-3,-3
11,16,85,67,15,4,2,2
0,-2,-65,-27,9,3,0,-1
-1,-1,-46,-6,-6,-4,-3,-2
-5,-4,94,19,5,-5,-4,-4
-3,-11,-66,-50,-10,2,4,1
2,36,48,32,7,3,-1,-1
-1,-3,-28,29,3,1,-2,-2
-6,-15,-38,-23,-2,-4,-2,-4
-5,-10,38,-65,-16,-5,-3,-1
5,-7,-73,-16,3,0,-1,0
7,34,80,55,13,1,0,0
0,-1,-15,55,-1,-1,-1,-1
-7,-10,-60,41,-11,-5,-4,-3
-3,-26,-16,51,15,4,4,0
7,44,123,10,7,0,1,-1
-3,-9,6,-61,-7,4,2,-1
-19,-93,45,17,-52,-20,-7,-5
14,82,119,35,34,1,-8,-7
-12,3,73,12,-6,-7,-4,-10
5,3,-83,-61,13,8,7,4
-3,-23,14,60,19,6,2,1
-10,-22,86,-104,-29,-10,-5,-4
6,-24,-116,-61,-3,1,2,5
-3,16,53,10,-21,-4,-2,-4
-2,-2,-85,61,-5,-9,-11,-3
11,26,7,31,24,9,4,5
3,28,-56,-64,0,2,2,3
-3,-15,-22,-54,-9,-2,0,1
-3,2,-40,-5,9,0,-2,-2
1,1,60,-60,-19,-7,-4,-2
-11,-33,68,27,-18,-5,-3,-5
19,28,-46,88,38,7,3,6
-3,22,70,17,21,5,4,-3
-5,-28,-69,-70,-24,-5,0,-2
-7,-54,-52,-79,-14,-5,-6,-4
18,54,-12,50,17,-1,-3,2
4,10,36,5,-1,1,1,1
-4,-11,-48,-33,-7,-1,2,0
-3,-3,-6,-7,-3,-1,-3,-4
-2,-2,-33,-36,-9,-6,-3,-3
11,16,85,67,15,4,2,2
0,-2,-65,-27,9,3,0,-1
-4,-4,-62,-58,-32,1,3,0
-5,-23,-36,-2,10,4,3,1
0,-10,-23,-37,-3,0,2,2
-8,-28,-13,16,7,-3,-8,-6
2,31,-29,-86,-6,-2,-1,-3
-5,-21,-19,0,-13,0,2,1
1,4,1,96,17,2,-2,1
-7,-41,21,-46,-12,-2,-1,-1
9,40,40,2,23,5,0,1
-6,-22,67,40,-8,-2,0,-1
3,18,20,2,12,0,1,-2
-5,-17,-16,-17,-16,-4,-1,-1
0,9,74,-6,5,-2,-1,-3
-6,-16,-24,15,-5,-2,-1,0
-4,-11,-53,-54,-7,-3,-3,0
0,8,21,52,1,2,2,2
3,6,-19,1,10,1,-2,1
-3,-2,-69,-102,-22,-2,1,2
-1,-12,24,57,10,3,1,0
-6,-6,-18,-27,-6,-2,-2,-4
5,6,-36,-10,10,2,3,3
-2,5,22,13,1,-1,-1,-3
3,2,-23,-20,-3,1,-1,1
-1,-1,1,15,0,-2,-1,-1
1,5,14,-9,0,-1,-1,0
-4,-10,-6,17,-4,-1,-2,-3
-1,-1,-11,9,-2,-3,0,1
-2,0,9,-8,-5,-3,-1,-1
2,-1,-8,-17,-5,-2,0,1
4,9,-38,1,10,1,2,1
1,-1,23,53,-1,-4,-3,-3
-12,-48,-3,-18,-2,-2,-2,-3
2,7,0,-17,-6,-1,-1,-1
1,14,-11,31,8,1,0,0
-1,-3,-26,-77,-13,1,2,3
11,25,-9,57,12,1,-3,-1
-3,-13,72,15,2,0,1,0
1,-1,-16,24,-1,1,1,0
-4,-12,-20,-20,0,1,0,0
0,13,18,-32,-14,-5,-2,-1
1,8,4,11,8,2,-2,-1
0,-2,-15,1,1,0,0,-2
1,1,5,3,0,3,3,2
0,8,8,-6,-3,0,0,-1
2,2,-12,10,2,-3,-2,-3
-3,-6,16,0,-3,-1,-3,0
-2,-1,-10,10,1,-1,-2,-2
-3,-1,1,-8,-3,-2,-1,-2
-2,-6,-21,-12,-2,0,-4,-2
-2,-2,-13,-5,-5,-4,-3,-2
1,2,17,23,6,2,1,-1
-1,-2,-12,-14,-4,-2,-1,-1
-1,2,-2,5,1,0,0,-1
-3,-2,2,2,-2,-1,0,-2
-2,-2,10,-10,-6,-2,-3,-3
2,8,-38,-12,5,0,0,1
-4,-10,18,25,1,0,0,-1
-2,0,6,2,-2,-2,-1,0
-3,-3,0,-2,-4,-3,0,-2
-2,-3,-2,-11,-3,-2,-2,-1
-1,-1,-16,-14,-2,-1,0,0
0,-1,-1,8,1,-2,-2,0
0,0,-5,0,-1,-2,-2,0
0,1,15,3,-1,0,1,0
2,1,-13,-6,-2,-5,-3,-2
0,-1,15,5,0,3,-3,0
-2,0,-10,-1,2,-1,-8,-2
-3,-3,8,1,-1,-3,1,0
1,1,-1,-2,0,-5,10,3
0,-2,-5,-1,-3,-4,0,-2
0,1,-1,-3,0,3,-1,-1
-3,-3,3,1,-3,-4,-5,-3
0,3,-6,-5,0,-9,-4,1
-1,-1,1,3,0,-5,1,0
1,-1,-2,1,-1,6,5,-1
0,-2,11,-1,-2,3,-2,-2
-4,-4,-12,-8,-4,4,-5,-9
1,0,1,3,3,-7,-6,2
-1,-3,0,0,2,-5,-1,0
1,2,1,-1,-2,-2,1,2
0,-3,-4,-4,-3,2,1,1
-1,-1,-2,0,-4,4,0,-1
-2,-1,-3,-2,-2,-3,3,0
0,-1,1,0,0,-3,0,1
-2,0,-4,-2,0,3,-2,-2
-2,-1,2,-1,-1,-2,-3,-5
0,0,-2,0,2,-2,-4,-1
0,-1,3,1,0,2,4,0
1,-1,-1,-2,-5,-5,-4,-2
0,-1,0,1,2,2,0,2
-2,0,-3,0,-1,1,2,-3
-2,-1,1,2,0,-3,-10,-4
-1,-1,-2,-3,0,3,3,1
-2,1,-1,-1,-4,-6,-4,-2
0,-1,0,-1,1,2,-1,2
-1,-3,1,-2,-4,0,0,-1
-2,-3,-3,-2,-1,-1,-3,-1
0,-1,0,-2,-2,-2,1,0
-1,0,1,3,-1,0,0,-2
-2,-1,1,0,1,3,-1,-1
0,0,-2,-1,0,-1,0,-2
-1,-1,-3,-2,-2,-2,-1,0
-2,1,0,-2,-1,0,1,0
-2,-2,-4,-2,-2,0,-1,-1
-1,-2,0,-1,-1,0,0,-1
1,-3,-1,0,-1,-2,-2,0
-1,0,-3,-1,0,-3,0,-2
0,0,-3,-2,0,1,-1,1
-2,-1,0,-1,0,1,0,-3
-2,-3,0,-1,-3,-1,0,-1
0,-1,-1,-2,-2,-2,-1,0
0,-1,-1,-1,-2,-1,-2,-1
-1,-2,-2,0,0,-1,0,-1
-1,0,0,2,0,-2,-1,-3
-1,-1,-1,-2,-3,-1,-1,-2
-1,0,0,-1,-3,-1,0,-1
2,-3,-1,0,1,0,0,-1
-2,0,-2,-1,1,-2,-2,-3
-2,0,-1,-2,1,-1,0,-2
1,0,-1,-2,-3,-2,-1,0
-1,0,-2,-4,-4,-1,0,-1
-2,-1,0,0,-2,-2,-1,0
0,-2,-3,-1,0,-1,-3,0
0,0,-1,0,0,-1,-1,0
-2,-1,-1,0,0,-1,-1,-1
2,-1,-1,-1,-3,-1,-1,0
-3,-2,0,-1,1,0,-1,-1
-2,0,1,0,-1,0,0,-1
0,-1,-2,0,0,0,-2,1
0,-1,-1,-1,1,1,-1,0
-2,-1,-1,-1,-1,-2,0,1
-2,-2,-2,-4,-2,-1,-2,-2
0,-2,0,-1,-2,-2,0,-1
-1,0,1,1,0,-1,-2,0
0,0,-1,0,-1,0,-2,-2
-2,-2,-1,0,-2,-3,-1,0
0,-2,2,-1,-2,-1,-1,-1
0,-2,-4,-4,-4,-2,0,0
-2,-1,-3,0,-1,0,-2,1
-1,-1,9,-1,1,-1,-3,-1
-2,-2,-9,-1,-2,-3,-3,-2
0,-2,4,1,-1,-1,2,-1
0,-3,0,-2,-3,0,0,1
0,0,-1,0,0,-1,-1,-1
-1,-2,2,-1,0,0,-2,0
-4,-1,-4,1,1,-1,-2,-1
0,1,2,-2,-1,-3,1,-1
-1,0,-5,-1,-2,0,-1,-1
-3,-3,-2,0,2,0,0,-1
-1,-1,-3,-2,0,-2,-1,-1
-1,-2,-2,0,-1,-2,-2,-1
1,0,19,0,-3,-2,0,0
-1,-5,-22,-12,-5,-2,0,-2
1,6,44,3,-5,-4,-3,-1
-1,1,-63,18,12,5,1,1
-1,-2,13,-7,-2,1,2,2
0,-2,6,2,-2,-2,-1,1
-3,-5,-11,-6,0,0,0,-1
-2,-5,13,-12,-5,-2,-2,-1
2,3,-13,-7,0,-2,-2,-2
1,2,17,33,4,0,0,-2
-2,-9,-24,1,1,0,-1,1
-4,-5,5,-27,-9,-5,-3,-3
0,8,15,31,7,-2,-3,-4
-4,-16,-15,-1,-2,1,1,-1
9,26,65,18,3,-1,0,-1
-4,-5,5,12,-1,-2,-3,-2
-6,-17,-51,-45,-11,-3,-1,-1
-1,9,10,-1,-9,-6,-5,-4
-3,-23,-128,-35,-7,-4,-1,2
3,24,127,83,19,4,-3,-1
-5,-24,-80,-14,-7,11,7,2
2,9,107,53,11,1,-2,2
-9,5,-81,-91,-21,-13,-9,-11
2,2,26,60,17,6,3,1
-10,-35,-66,-73,-12,-4,-1,-1
12,50,-14,11,24,7,4,2
-1,5,28,-58,-5,3,1,-1
-9,-26,-75,-24,-46,-17,-7,-7
14,52,112,87,55,21,8,5
-20,-66,-53,-56,-47,-8,-4,-5
13,23,-22,2,31,7,3,4
12,72,83,96,27,4,2,1
-12,-49,10,-80,-25,-14,-8,-4
-13,-33,-21,-64,-18,-4,-1,-7
21,69,127,127,35,7,3,4
-24,-77,-128,-128,-27,-10,-9,-11
8,11,-79,35,0,1,1,3
-8,-28,-50,59,-36,-19,-13,-6
-22,-54,61,-72,-14,-8,-6,-13
-1,-41,-128,-27,14,10,8,3
9,51,72,1,11,0,-5,0
-11,-26,-125,-90,-38,-15,-9,-6
-1,-25,-4,27,18,8,7,5
8,40,63,-59,10,-4,-6,0
-8,-33,-23,-64,-33,-11,-6,-6
14,55,1,-22,20,8,4,5
-3,-7,-19,-6,-15,-8,-5,-2
11,16,47,20,1,8,6,4
-2,-1,-28,8,-6,-1,0,-1
5,8,31,5,27,5,3,2
7,33,55,-2,-7,0,0,-1
-16,-58,-58,48,-7,-6,-4,-4
3,2,-7,-47,-6,0,1,3
10,24,10,83,36,9,3,1
-25,-75,-109,-120,-31,-8,-5,-8
13,55,113,70,17,5,3,2
0,27,-100,-35,-3,-2,2,0
7,19,42,-52,8,-1,-1,3
-6,-26,-38,-22,-26,-4,-1,-3
1,5,-21,-75,-14,-3,0,0
0,1,89,101,16,-4,-4,-6
-3,-6,8,-64,-9,-1,0,-1
0,-3,-52,-1,9,0,-1,1
2,-1,38,40,-14,-1,1,1
-2,-9,42,-18,-6,-2,1,-1
-3,-15,-42,-30,-6,0,2,-1
3,11,61,123,18,1,-4,-2
-5,-16,16,-46,7,3,0,-1
0,-1,-63,20,-2,-2,-2,-1
-3,-14,3,-4,-5,2,2,-2
4,18,-1,8,4,1,-1,1
-5,-26,-29,-68,-16,-11,-5,-4
2,22,42,-4,-1,-2,-4,-2
4,8,44,91,12,3,1,1
-6,-10,-32,-8,-3,-2,2,0
-2,-1,-6,-5,-4,-2,-1,1
-6,-25,-15,-68,-10,-1,-2,-2
0,11,55,113,21,2,-3,-1
7,26,51,-19,-5,1,2,3
-3,-6,-43,-54,-5,-2,-3,-2
-7,-19,9,24,2,-2,-2,-4
1,1,3,-67,-10,-2,0,-3
-5,-11,-9,26,2,0,0,0
4,13,14,-1,-4,-1,-1,1
2,2,-3,16,5,1,0,0
-3,-5,-9,-17,-2,-5,-1,-1
0,-2,2,6,2,2,-1,0
0,0,-21,3,0,0,1,-1
-2,2,23,3,0,-2,-3,-4
-1,-4,-9,4,0,1,0,0
-1,-6,3,-10,-5,-1,-1,-1
-1,3,-3,-5,-2,0,1,1
0,2,22,33,4,-2,-2,1
-2,-3,-5,-22,1,-1,-1,0
0,1,-10,3,-1,-1,1,2
-2,-2,-13,5,-6,-2,-3,-3
-1,0,1,5,0,-2,-1,0
-2,-2,-6,-14,-2,2,1,1
-3,-2,-3,-9,-3,1,-2,0
1,0,-3,13,3,1,-2,-2
-2,-2,5,0,-2,-1,-2,-1
-2,-2,-9,-12,1,0,0,0
1,-3,-5,4,-2,-3,0,-2
-3,0,-5,-2,-1,-4,-6,-2
0,-2,-4,-1,-3,-11,-4,0
2,-1,-4,-3,2,5,1,3
-1,0,0,1,2,10,5,1
1,2,-1,2,1,0,0,1
-2,-2,-2,-3,-2,-2,-2,-3
-2,-4,-3,0,-5,-7,-6,-3
-1,-1,-2,-6,-4,-5,-3,-3
-1,-2,-2,-2,-1,-5,-6,-2
0,-2,-2,5,1,9,11,1
-2,-2,-2,-6,-2,-2,2,1
-1,-2,-3,-3,1,-4,-4,-2
-2,-1,-4,1,-1,2,-1,0
-1,-1,-1,0,2,-2,-3,-1
0,-1,-2,-3,1,2,2,-3
-1,-1,-1,-3,-4,-4,-2,-2
-2,-4,-3,2,-2,-9,-8,-4
0,1,1,1,4,7,7,3
0,-1,-1,-4,-1,7,3,-1
0,-2,-3,0,-4,-2,-1,0
0,-1,0,-3,-1,4,5,-2
-2,-2,-1,-1,-3,-1,-6,-3
-3,-1,-2,-1,-3,-5,-8,-2
-1,-2,1,0,0,-2,1,-1
-2,0,-2,-2,-5,-6,3,0
-1,-1,-1,0,1,11,-3,1
0,1,0,1,0,-13,-1,1
-3,-1,-1,1,0,-4,-4,-1
1,2,0,1,0,0,0,0
-2,-3,-3,0,-5,-4,-1,-5
-1,-4,-4,-6,-6,-7,-8,-2
2,0,-1,-2,-1,2,1,1
-1,0,-1,1,3,11,5,2
-2,0,0,-2,-1,-4,-2,-2
-1,-2,0,0,-1,-2,-3,-2
-2,-1,0,0,-3,-2,1,-1
-2,0,0,-1,0,-1,-5,-1
1,0,-2,-1,-3,-3,-2,0
-3,-1,0,-3,0,5,3,-1
-1,0,-1,0,-3,-4,-2,-1
1,0,0,-2,1,1,0,0
-1,-2,-2,0,0,-6,-4,-1
-2,-1,0,-3,-2,1,-1,-1
0,0,-1,-2,-3,-10,-7,-2
1,1,-3,-1,-4,-5,0,3
-2,-1,0,-1,-1,2,1,-1
-3,-3,-2,-5,1,1,-2,-2
-2,-1,0,2,1,6,5,0
-1,-1,-2,-1,0,-5,-3,-1
2,-1,2,0,-1,-1,3,0
-1,0,-1,-1,3,-1,3,4
0,-1,-2,-4,-4,-6,-2,-2
-2,-1,1,0,-2,6,1,-3
-1,-1,-3,-3,-1,0,-2,-1
-1,-1,-3,-1,-2,-3,-3,-1
0,-2,-2,1,-2,-3,-1,-1
0,-1,1,-1,-2,-2,-5,-1
0,-2,-1,0,-2,-3,-4,0
-2,-1,1,0,0,-2,1,-1
-2,-1,1,-1,-3,0,2,-1
0,-1,-2,-1,-1,0,-1,-3
-2,-2,0,-2,1,1,1,1
-1,-1,-1,-2,-2,-1,-4,-2
-1,-1,-1,-5,1,0,1,-1
-2,-1,0,1,-1,-3,0,-1
-2,0,-1,-2,-3,-4,-1,-2
0,1,0,0,-3,4,0,-1
-2,-1,-1,-2,0,1,-2,0
-1,-1,-2,0,1,-1,-1,0
-3,-2,-2,0,0,-1,-1,-3
-1,-3,-3,-2,-2,-5,-8,-3
1,0,0,3,4,5,13,1
-2,-1,-1,-4,-4,1,0,0
-1,-2,-1,-1,-2,-1,-1,-2
1,-4,-1,-1,-1,3,0,-3
-1,0,-1,0,-3,-5,-9,2
0,-2,-1,1,0,1,9,1
-1,0,-2,-1,1,0,-1,-2
-2,1,-2,0,-1,-1,0,-2
0,-1,-2,-1,-1,-2,-3,-5
-2,-1,-2,-1,-2,-3,-2,1
0,0,-1,-2,-2,-1,-2,0
-2,-2,-2,0,1,0,-4,-1
-1,-2,0,-1,-1,-1,-1,0
-2,0,1,-1,-1,-2,0,-1
-2,-1,-2,-1,-3,-1,0,-1
-1,2,1,-1,-2,-5,-2,-1
-1,-2,-1,1,-2,0,-1,-1
-1,-2,-1,0,-1,1,1,-2
-2,0,-2,-1,-1,-1,-4,-2
-1,-1,-1,0,2,0,0,-1
-3,-2,-2,-1,1,0,0,-1
-2,-1,-1,-1,0,-1,0,-2
-2,-1,-1,-2,-5,-5,-9,0
1,-1,0,1,-1,6,7,1
1,-2,0,-1,-3,-3,-3,-2
-1,0,-2,-1,0,2,-1,0
-1,-2,-1,-1,0,-1,-2,-1
-2,-2,-2,0,-1,-2,-2,-1
0,0,-2,0,-3,-3,-2,-2
0,0,-1,-2,0,0,1,-3
1,1,2,0,0,1,2,-1
-3,-5,-4,0,0,-2,-3,-1
-1,-2,-3,0,1,-1,1,-1
-1,-2,-6,-5,-5,-3,-1,1
1,1,1,0,1,-1,1,1
-1,0,-12,-3,-2,1,-2,-3
-1,2,36,1,0,-2,-3,-2
0,-4,-44,0,2,-2,-1,0
-2,-2,27,-8,-3,-1,0,1
0,-4,-71,-39,-8,-2,0,0
-4,-10,-37,26,2,0,-1,-1
9,26,101,55,15,4,2,1
0,-5,-79,-70,-5,-2,3,2
-5,-5,53,10,-8,-12,-11,-5
13,18,84,51,18,13,7,10
-33,-64,-11,-93,-40,-14,-11,-12
21,68,-31,119,18,8,5,5
-4,-30,-44,-63,-7,2,2,0
-6,12,27,106,13,1,-2,-6
3,15,-25,-75,0,6,3,2
-12,-28,-36,-18,7,-14,-11,-7
-12,29,-15,34,-40,-18,-10,-13
-6,-105,-102,-54,20,9,8,5
15,43,-29,26,-16,-9,-7,3
-43,-83,-26,-79,-22,-14,-14,-20
26,63,66,119,14,8,11,14
12,96,97,11,6,5,0,-1
-13,-54,-51,-51,-14,-4,-2,-4
19,54,94,-25,-11,3,4,6
-26,-78,-89,-91,0,-3,-5,-7
-13,-8,-89,40,-37,-11,-7,-6
-2,-25,35,88,33,7,5,3
17,51,-54,-54,-1,0,-2,3
0,-6,-20,39,-1,-2,-3,-6
10,3,8,16,6,3,5,8
1,1,9,-37,5,-1,-2,-2
-14,-70,21,22,11,1,0,-2
1,21,0,-75,-9,-3,-2,-1
-18,-59,49,-106,-26,-21,-11,-7
18,84,81,-19,2,0,-3,-1
3,-8,108,32,24,14,9,5
2,-6,-37,-61,12,-2,-5,-1
8,16,36,15,-19,-7,-1,0
-6,0,-67,16,10,5,4,-1
-3,-23,-119,-59,-36,-11,-6,-4
9,45,92,68,19,5,1,3
-5,-14,-61,-83,8,-1,0,-2
-3,-18,-15,24,-26,-5,-3,-2
0,-3,-21,31,-3,1,1,1
-5,-12,-5,-53,-1,0,-1,-4
0,9,40,-44,0,-1,-1,-3
10,20,-95,87,18,5,3,2
-2,8,127,85,14,0,-2,1
-7,-51,-36,-71,-7,5,4,3
8,42,-97,-30,-24,-6,1,1
-4,-6,109,60,16,-3,-5,-6
1,-7,-68,-37,-8,6,7,3
-2,-1,-5,18,2,-2,-1,-1
-7,-15,-55,-38,-7,-7,-7,-7
0,3,47,-17,-3,-3,0,2
4,14,1,38,9,0,2,0
-1,3,32,-15,-8,-1,-1,-2
-1,-9,-16,-13,-3,0,0,0
5,16,-29,-89,-13,-4,-5,-3
-1,28,45,-53,5,1,2,-1
-2,-24,-24,-11,3,0,1,2
0,9,32,37,8,1,-3,-3
-4,-14,-26,-40,-6,0,0,1
-2,-12,-4,-18,-10,-3,-5,-1
0,-3,15,25,2,-1,0,0
3,19,-2,25,13,-3,-8,-6
-6,-13,-9,-7,-3,-1,2,-2
1,1,11,13,-1,-2,-3,0
3,13,26,21,-4,1,2,1
-3,-6,2,-13,-4,1,0,0
-3,-13,9,-1,3,0,0,-1
4,-10,-32,-26,-1,-1,0,1
1,3,-70,11,6,-1,-2,0
-6,-15,28,43,12,4,0,-1
-1,10,-14,-8,1,2,2,2
-6,-22,-22,-76,-15,-5,0,-1
4,17,22,34,9,1,-2,-1
-2,-6,5,-15,-1,-4,-1,-1
-4,-23,-9,2,-4,-2,1,-1
1,8,-6,-9,-2,-1,-1,-2
-1,3,22,-5,-3,-4,-2,-1
-1,-1,-3,-17,-5,-2,-1,-1
-2,-7,-4,1,3,1,-1,0
-4,7,13,7,-4,-4,-5,-4
3,5,19,19,10,2,2,1
0,-5,1,-4,-3,1,1,1
-1,-4,-7,-11,-1,-2,0,0
-1,0,-3,25,6,0,-3,-2
-2,-4,12,5,-1,-2,-2,0
0,1,5,-24,-5,-2,0,0
-2,-4,-42,-14,-1,-1,-1,-1
-2,2,6,15,0,-1,0,-2
-2,3,13,-4,-4,-2,-1,-1
-2,-1,-13,-18,-4,-4,-2,-1
1,4,20,6,0,-3,1,-1
-1,-2,2,19,1,-1,0,0
0,-1,-7,-13,0,3,-1,-1
-2,1,3,-1,2,0,-1,-1
0,-3,9,2,-1,-1,-1,-1
-1,-2,-5,-2,-2,-1,0,0
-2,-2,8,-2,-1,-2,-1,-1
-1,-1,-2,-4,-2,0,-1,-3
-3,0,7,-1,-4,-6,-5,-1
0,-1,-6,1,0,1,7,0
0,4,7,2,-2,0,-1,-1
-3,-3,-1,0,1,-1,-1,-2
-1,-1,-3,-5,-3,0,2,1
-5,-3,0,1,-6,-8,-12,-5
2,0,4,6,7,-10,-2,3
1,1,-4,-5,1,5,12,3
-2,-4,5,-3,-4,2,-8,-4
-1,1,2,3,1,-6,-1,1
1,2,1,0,-1,-1,1,-2
0,-2,-6,-7,-2,-9,-8,0
0,1,5,3,2,2,3,0
-2,-3,0,2,-2,3,-4,-3
-2,-2,-2,-6,-3,-1,0,-2
-1,0,1,2,0,4,0,-1
-1,-4,0,0,0,0,-1,-2
-1,0,0,0,-2,-2,-1,-1
-1,-1,3,-2,0,3,0,-1
0,-1,-2,-3,-3,-2,-1,-1
2,1,1,-1,-1,-2,1,0
-1,-1,-1,0,3,5,2,0
0,-1,1,-2,-3,1,-2,1
-3,-2,-1,-2,-1,-2,-3,-1
1,-1,1,0,2,2,3,0
2,2,1,2,-3,-3,1,1
-3,-3,-1,0,-3,-1,-2,-2
-3,-2,-3,-4,0,-3,-3,-2
-1,0,0,-1,-2,-4,-4,-1
3,0,-1,1,2,2,3,2
-2,-3,-1,-3,-1,3,-1,-2
-1,-1,-2,-3,-2,-2,4,1
1,1,1,-1,0,-3,1,0
-3,-1,-1,-1,-4,-5,-3,-4
0,0,0,-2,-3,-4,-3,0
2,0,1,0,1,6,1,0
-2,-1,-2,0,1,0,-4,-1
-2,0,-2,-2,-1,-6,-5,1
-1,0,-1,1,1,4,4,0
-1,-1,0,1,0,0,1,-1
0,0,-1,-1,-3,-2,1,-1
1,-2,-2,-1,-4,-2,0,-1
0,-2,-1,0,-3,-4,-5,0
-1,-2,-1,-5,-1,1,1,-1
-2,0,-1,0,0,3,-2,-2
-1,-1,-1,-1,-1,-2,1,-3
1,1,0,-2,-1,-1,0,-3
-2,-1,0,-2,-2,-2,-2,-1
-1,0,0,-1,-2,-3,-2,0
2,1,1,0,1,4,3,1
-1,-1,0,1,0,-1,-1,-1
-1,-3,-2,0,0,-2,-2,0
-1,-2,-2,-2,1,2,0,-1
1,-1,2,-1,-6,-6,-5,-1
0,0,0,-2,-1,2,2,1
-1,-1,-1,-2,-1,1,0,-2
-2,-2,-1,0,0,0,0,-1
-4,-3,-3,-2,1,1,-5,-4
-2,-1,0,0,-3,-7,-7,-2
0,1,-2,-1,-1,1,0,0
0,0,-2,0,1,1,-2,-2
-2,-2,-1,0,-1,1,0,-1
-3,-2,0,-1,-2,-3,-3,-1
0,-2,-1,-2,-2,-2,0,-2
1,-3,-2,-2,-4,-2,1,1
-1,2,-1,0,0,3,-3,3
-1,-1,-3,1,2,-3,-2,-3
0,-1,0,-1,0,-1,-1,1
0,-1,0,-2,-1,-1,-2,-1
-1,-2,-1,-3,-3,-2,6,-3
-2,-2,-1,-1,-1,1,-2,-2
-1,0,-1,-1,-2,-5,-3,-2
-2,-3,-1,-1,0,2,-1,-1
-1,0,-2,-1,-2,-1,0,-1
0,-2,-1,-2,-2,-2,1,-2
2,0,-2,-2,-1,-1,0,1
0,0,1,-1,0,-2,-2,-1
-1,-1,-2,-1,0,1,-1,-2
-1,-2,-1,0,1,-1,-3,-4
-3,-2,-1,-2,-2,-3,-2,-2
-2,-2,-1,0,-3,1,0,-1
-2,-3,-1,-1,-2,-1,0,-2
0,0,-3,-3,-2,-2,0,-2
-1,0,-2,2,-2,-1,-2,-2
0,-1,-1,-1,-1,-1,-2,-1
1,-2,7,-1,-2,-2,-3,-1
0,-1,1,-1,-2,-2,-2,-1
-1,-1,-13,-3,0,0,-1,0
-1,-4,-1,-4,-1,-2,1,-2
-1,-1,-18,-25,-4,-2,-1,-1
-2,-1,-14,13,1,-1,-1,-4
3,6,49,36,4,6,2,3
-5,-7,-41,-6,-4,-2,-2,-3
0,1,41,6,0,0,1,2
0,2,1,-9,-5,1,-1,0
-3,-8,-13,-17,-5,-2,-3,-3
0,-1,2,4,1,-1,-3,-2
-4,-6,-1,-48,-9,-6,-3,-4
13,28,8,37,-8,11,9,6
-4,-12,-15,-13,-4,-5,-4,-3
1,1,11,35,6,4,3,2
-3,4,-3,-3,3,-2,-3,-3
-9,-14,-12,-19,-8,-7,-4,-4
1,2,-15,-16,-7,-1,1,0
-1,-4,4,-17,-4,-6,-1,-1
-6,-23,-72,-20,-16,-7,-2,-3
0,2,-19,-32,-4,-2,-1,1
-5,-11,-13,-31,9,-3,-4,-5
16,45,46,65,32,4,-2,3
-6,-31,10,34,25,15,9,1
7,25,32,9,-13,-6,-2,4
-5,-19,-69,-60,-9,-2,0,-4
0,7,72,67,15,10,4,1
-3,-14,-45,-71,2,0,2,1
4,39,117,104,20,1,-4,-5
-6,-26,-119,-25,-13,1,2,1
-3,-12,-4,-81,-20,-7,-2,-4
1,-9,-41,12,-6,-3,-3,1
-8,-32,-128,-16,-9,-4,-2,-1
8,42,127,80,27,6,1,1
4,14,14,-63,-5,2,2,3
0,21,60,104,-4,-7,-8,-6
-13,-65,-83,-90,-10,-2,0,-2
8,65,-27,-53,-7,-4,-4,0
-1,-28,-44,93,16,7,5,3
-5,0,-67,-82,5,-1,-2,-2
8,17,93,-14,7,2,2,2
-11,-36,99,108,14,-1,-6,-6
-5,2,-91,-128,-19,-5,-4,-3
9,54,111,89,3,-2,-2,-6
-24,-65,22,-55,10,6,1,-5
1,-11,22,20,-12,-2,1,0
-5,-12,-42,-53,-17,-9,-2,2
3,0,30,14,-3,-3,-1,3
-7,0,2,16,2,-3,-6,-7
4,7,-23,-31,-2,1,2,2
-6,-3,9,-4,-2,-3,-7,-8
2,-9,-8,48,-1,1,1,3
-1,9,-38,-10,-2,-5,-1,-2
0,-7,-43,-28,-3,-1,0,2
4,15,34,3,-6,0,3,2
-3,-9,-37,14,6,-2,-6,-4
4,1,0,-23,-5,0,2,2
2,29,9,98,-3,-8,-7,-4
-6,-41,16,64,13,4,1,-1
-1,23,11,-97,-18,-3,1,-1
1,3,-80,-19,3,-2,-2,0
-3,18,12,-35,-2,1,3,1
-4,4,-15,-28,-10,-5,-4,-3
0,-9,-15,-41,1,-1,-2,-1
2,7,38,55,-2,-2,-1,0
3,4,39,-49,0,-1,-1,1
-5,-15,-34,41,-4,-4,-3,-3
-2,-5,13,9,9,4,2,-1
3,10,17,5,-2,-4,-2,0
-2,-9,-6,-30,-4,-1,0,-2
-3,-9,9,0,-9,-2,-1,-4
2,3,-11,39,-4,0,-1,-2
3,3,-2,-10,2,1,1,1
-1,-14,-24,24,3,0,1,-1
-1,5,-1,-26,-5,0,-1,-1
-3,-12,-22,-38,-8,-5,0,0
4,15,7,16,11,5,-2,0
0,-10,-10,2,0,1,0,-1
-4,-4,-4,-33,-3,-1,-3,-3
-1,-7,-20,19,-2,-1,-1,-1
-2,1,35,-38,-9,-2,0,-1
1,2,14,60,15,3,0,0
2,7,15,18,7,1,1,1
-4,-6,-1,-9,-2,-2,0,-2
-3,-3,-2,-13,-5,-4,-3,-2
-4,-19,-32,-37,-8,-2,-2,-2
0,10,4,2,-1,-2,-1,-2
1,0,20,29,6,2,-1,1
1,7,17,-4,-3,-4,-2,0
-4,-16,-12,-33,-11,-3,1,0
3,6,-5,18,0,-4,-2,0
1,0,-19,-60,-2,-3,-1,-1
-3,1,19,87,5,-2,-2,-5
-5,-11,-11,-22,-2,1,1,1
-2,-25,-16,-38,-10,-3,0,-1
3,14,21,27,14,3,-1,0
0,-5,8,19,0,1,-1,0
-6,-22,-47,-20,-8,-2,-1,-2
5,22,-34,5,11,2,-2,-1
-4,-11,11,24,-7,-1,-1,1
2,5,-15,-32,7,0,-2,-3
3,5,18,-33,-6,-3,-2,-1
-5,-7,-1,52,2,0,2,-1
-1,3,-8,-3,-6,-2,-2,0
-5,-10,-18,10,4,-1,-1,0
0,6,7,-28,-2,0,-1,0
0,-1,-15,-43,-5,-3,-2,0
0,10,26,0,-5,-4,-1,0
-2,-10,-5,-19,-5,-2,0,0
1,7,9,-23,4,1,-4,-3
0,4,-10,66,10,1,0,1
1,-4,22,-5,4,3,3,2
-1,-5,-28,-32,-11,-1,-1,1
-2,9,15,57,7,-1,-1,-2
0,3,23,-17,-3,-1,0,-1
-2,-3,-15,-21,0,-1,0,1
3,6,-12,-1,2,0,0,-1
-2,0,19,3,-3,-2,-1,-2
-6,-14,-1,-15,-1,-1,-2,-2
1,6,9,15,0,-3,-2,-3
-1,-6,-12,-18,-8,-3,-2,-1
-1,-4,-3,21,1,1,1,0
-1,1,17,-2,0,0,-3,0
0,-1,-18,-16,-2,2,0,-1
0,2,6,12,-2,-4,-2,-2
-4,-2,-9,-4,-2,-1,1,-1
2,4,11,-3,-1,0,0,0
-3,-3,-3,-4,-1,-2,-1,-2
-1,-2,-2,0,0,1,-2,0
0,1,3,10,-3,-1,-2,0
-1,-3,-1,-16,-4,-2,0,-2
-1,-1,-8,4,-3,-3,-3,-2
-1,1,-1,4,-2,-1,1,0
-1,-1,-7,-3,-1,1,-2,1
-2,3,6,1,-2,-2,0,-1
-1,-2,-5,-7,-2,-2,-2,-2
-1,2,2,2,-2,-3,1,-1
-1,-2,-2,0,-1,-1,-1,-1
-2,-1,3,-4,0,-1,-1,-3
0,-1,0,3,-1,1,0,0
-2,-2,-2,-5,-3,-1,-1,-2
0,-1,-3,4,-2,0,-1,1
-1,-2,3,-3,-1,-3,-1,1
-1,-3,-6,-5,-3,-1,0,-1
0,-1,-1,1,0,-2,-1,0
-1,-4,-3,0,-1,-3,0,-1
-1,2,0,0,-1,0,0,0
-2,-1,0,-1,-3,-3,-3,-1
-1,0,-2,1,1,1,0,0
0,-3,0,3,0,0,1,-2
-3,-4,-1,-5,-1,1,-5,-1
0,-2,-3,0,1,3,4,2
-2,-1,1,0,-3,-1,-1,-2
-2,-3,-3,-4,-6,-9,-10,-1
4,4,4,5,7,12,15,4
0,-2,-2,-2,0,-1,-6,-2
-2,0,0,-2,2,0,-5,-2
0,-2,-2,-2,-3,-4,0,-2
0,-2,-1,-4,-7,-4,-5,-3
-3,-2,-1,-1,-1,4,0,-5
-4,-4,-4,-4,-1,4,3,-1
6,4,5,5,4,-24,-9,5
0,0,-1,-1,-2,-1,-1,0
0,1,0,1,3,2,4,2
-3,-1,-2,-1,0,-3,-5,-2
-4,-1,-3,-3,-2,3,2,-4
0,-2,0,-2,-1,-6,-11,4
0,0,0,1,-1,7,14,-1
0,0,0,0,-1,-1,-5,-2
0,1,0,-4,-1,1,-1,-3
-3,-4,-1,-3,-3,-5,-7,-1
0,-2,0,2,1,-4,0,2
-1,-1,-2,-1,0,8,5,-1
-4,-2,1,-1,1,-3,-1,-4
-1,-2,-3,1,1,-3,-3,2
1,0,0,-3,-1,0,2,1
-3,-2,-2,0,1,6,2,-2
-1,-5,-7,-5,-3,-6,-1,-2
3,3,2,-1,-3,-3,-1,0
0,-1,-2,2,-1,-3,-1,1
-2,-2,-3,-3,-1,1,-1,-2
0,0,1,3,-1,5,4,0
-2,-1,0,-5,-2,-7,-12,-2
0,0,-3,-7,-2,3,15,3
-1,0,-1,0,0,2,2,0
-3,0,-1,1,1,-1,1,-5
-1,-1,0,2,-3,-2,-3,-1
0,-1,1,3,-1,-2,-5,-1
-3,-3,-2,-1,-1,-1,-4,-1
-2,-2,1,1,2,-1,-1,-1
-2,0,-4,-2,-2,-2,-1,0
-2,-2,-1,-2,1,-3,-6,-1
-2,0,0,1,0,0,1,1
2,-2,-1,-3,-3,-1,-2,0
0,1,1,-1,-3,0,1,-1
0,0,-1,-1,-1,-2,-3,-1
-1,-3,-2,-1,-1,1,1,-2
-1,-3,-2,-4,0,0,0,-1
1,-1,-1,0,2,-3,-2,-1
-1,1,2,0,1,0,0,-3
-1,-2,-2,-4,-4,-5,-8,-2
0,1,-2,2,1,3,7,2
-2,-3,-3,-2,-1,-2,-1,-1
1,0,2,-1,-2,0,-1,-1
-1,0,1,-2,-3,-3,-2,-1
-1,0,-2,0,-1,1,-1,-1
-1,-2,-2,2,0,0,-1,0
-2,-1,-4,-2,0,-4,-4,-2
-1,0,8,16,4,2,1,1
-1,-3,-3,-5,-3,-3,-1,-1
-3,-1,-1,-3,-6,-4,-1,-2
-3,-2,-5,-8,0,-1,-1,-3
-1,-3,-6,-8,1,-1,-1,-2
0,-1,5,7,-2,1,0,-2
-2,0,0,-3,-3,-1,-1,-1
-1,-3,0,-3,-2,2,-2,-1
-1,-2,-3,1,-3,-1,0,1
0,-1,0,-2,-1,-2,-1,1
-2,-1,-4,2,2,0,-1,-1
0,1,0,-1,-3,-3,-1,-2
-2,-2,0,-1,-1,-1,-2,-1
0,0,-3,-3,1,1,-2,-1
1,-1,0,-1,2,-1,-1,0
-1,-3,2,1,1,-2,0,-1
-1,-2,-3,-4,-7,-3,0,-1
0,0,1,4,2,-1,1,0
-1,0,0,1,0,1,-1,-1
-1,0,-4,-4,2,0,-1,-1
-1,-1,-1,-2,-3,-2,-1,-2
-2,2,-6,-14,-5,-3,-2,1
1,0,6,7,-4,-2,-1,1
3,2,-10,-13,4,2,1,1
0,1,15,36,4,0,-1,-1
-2,0,33,6,-1,1,1,-1
-5,-10,-26,-6,-6,0,-2,-2
-6,-13,-63,-51,-13,-5,-4,-2
2,10,67,26,2,-1,-1,1
4,8,-34,-27,-11,-4,-1,0
-4,-14,-49,-27,-5,-2,-3,-2
7,17,90,113,38,12,5,3
-5,-7,-13,-31,-5,-2,0,-5
-7,-15,3,-44,-2,-7,-5,-4
12,36,36,76,3,4,4,6
-4,-15,5,1,4,3,3,2
-2,-14,9,17,-4,-4,-3,-1
9,21,43,66,20,8,5,3
-19,-57,-110,-128,-39,-14,-5,-9
8,50,36,104,5,-4,-8,-3
1,-8,-128,-53,-14,0,4,4
18,53,76,83,50,21,10,8
-7,-12,-28,78,2,-8,-8,-7
-2,-20,-38,-14,12,3,4,4
-6,-31,-65,-127,-45,-3,3,1
1,37,30,119,31,1,-5,-6
5,8,44,-110,-23,-5,0,3
-9,-16,-127,-94,-12,-13,-14,-12
-9,11,125,90,-8,-1,-1,-3
-11,-44,-104,-128,-25,-19,-11,-6
17,75,127,127,15,12,8,2
-5,-25,-46,-56,17,6,5,3
-5,-9,-86,-68,-17,-11,-4,-2
-1,-17,35,76,-11,7,6,4
-7,-22,-28,-99,-10,-11,-9,-3
16,49,95,120,17,0,-2,4
-5,11,-53,-66,26,6,-3,-6
-13,-37,-14,87,-6,-9,-5,-5
4,2,12,79,28,8,5,3
-10,-9,68,-128,-50,-9,-5,-8
19,52,-54,97,25,5,2,5
-8,-8,11,-116,-6,-2,-3,-4
5,11,42,-9,-1,-1,-1,-1
-14,-57,-88,-68,-35,-10,-5,-2
6,33,95,41,24,1,-1,-1
-1,-9,-51,-128,-60,-13,-2,-3
5,7,53,114,58,15,6,6
-2,6,14,-2,-5,-6,-2,-2
-2,-33,-58,-28,4,2,1,1
-2,-2,9,-57,-2,-2,-1,-1
-2,-11,-105,-82,-12,0,2,1
5,31,57,41,5,-1,-1,-3
-2,-11,56,25,1,4,4,3
0,4,-13,-9,9,1,-2,-2
-7,-12,-50,-67,-4,-3,-4,-3
5,-10,40,43,1,4,5,4
-6,-2,-9,65,-1,-1,-2,-2
-1,-3,-23,-7,1,2,2,1
-3,-23,-96,-44,-9,-6,-2,-1
0,16,63,-25,5,1,0,-2
-1,-5,55,21,-1,0,-2,-1
-1,-13,-35,-17,-10,-5,-2,0
-1,9,13,-2,-3,-1,-3,0
-2,-7,-28,33,-6,-1,2,3
0,-2,-9,-48,-7,-5,-4,-4
2,16,42,36,9,4,-1,-2
-2,-5,0,-30,-10,-2,0,-1
-1,-3,-33,-52,-2,2,-1,0
1,0,0,58,18,3,-2,-1
-1,-7,-63,10,-10,-1,2,4
-1,5,45,-20,-6,-3,-1,-2
-3,-10,-15,37,0,4,1,-1
1,2,27,8,0,-5,0,-1
-7,-23,-33,-42,-9,-6,-4,-2
-2,8,16,19,2,0,-3,-5
1,6,0,-4,1,-1,-2,0
0,-5,3,-37,-12,-5,-3,-3
0,2,1,21,9,2,3,0
-1,-6,-5,5,0,-3,-1,-1
-2,-5,-7,3,-2,-1,0,1
-4,-9,-7,-13,-3,-2,-1,-3
1,8,17,5,-2,-3,-1,0
1,-2,15,41,-2,-1,-3,-1
-1,1,-10,-13,-5,-2,-1,-3
-2,-9,-18,-24,-5,-1,-2,0
1,4,14,22,4,0,0,-1
-2,2,3,-4,2,-1,-2,-2
-2,-4,-5,-7,-3,-3,-2,-1
-2,1,4,-14,-2,-2,-1,0
1,1,6,13,2,0,-2,-1
-1,0,9,12,-2,-2,-1,-1
-2,-6,-19,-11,-3,-2,-6,-1
-1,0,8,5,-4,-9,2,-2
0,3,0,3,6,14,9,3
-1,-3,-6,3,0,4,2,1
-1,1,-1,2,-3,-2,-4,0
-1,0,1,-14,-4,-6,-4,1
1,1,5,9,2,-19,-3,3
-1,-1,3,4,0,2,0,-2
-5,-3,-1,0,-3,-1,-3,-4
-3,-4,1,-4,0,6,-13,-5
1,0,-4,1,-4,-14,3,1
0,-1,4,10,5,11,8,1
-2,0,-5,-5,-3,-8,-8,-3
0,-3,-4,-7,-4,-6,3,0
-2,-3,2,2,-3,7,-4,-6
-1,-2,0,-3,-2,-7,-5,-2
0,1,0,0,1,5,3,1
-1,-2,1,-1,4,1,0,-1
0,-1,0,2,-3,4,0,-1
-2,-1,-2,1,-4,-7,-1,-3
-2,-3,-5,-3,0,6,2,1
0,3,3,2,3,-5,-2,1
-2,0,-3,-3,-4,-5,-4,-3
-2,-2,-5,-2,-2,10,0,-1
-2,-1,0,-1,1,-7,1,-2
-1,-1,-1,-1,0,-2,-5,3
-2,-2,1,0,0,13,10,-1
-1,-1,0,-1,-4,-11,-14,0
2,1,-1,1,6,2,11,3
-1,-1,1,-1,-3,0,-1,-3
-2,-2,-3,-1,0,-4,-10,-4
-1,-1,-1,1,-2,0,0,0
-1,-1,0,-2,-2,-3,-5,-2
-1,-1,-3,-5,-1,8,13,1
-2,-3,-1,1,2,-2,-5,-1
-1,0,0,2,-1,-3,2,-2
0,-4,-3,-1,-3,0,-1,-3
1,-2,-1,-1,0,-2,-4,-2
-1,-2,-1,-2,-3,-4,-2,-1
-1,-1,1,-2,-1,-4,0,-1
-1,-3,-5,-1,0,3,3,-2
-2,-2,3,1,-2,-1,-1,-1
-1,0,-1,-2,-2,1,-4,-1
-4,0,0,-2,-2,-3,6,1
-2,-1,-1,-5,-5,-3,3,0
-1,-1,-1,0,0,-5,-2,-1
-1,0,-1,0,-1,-2,-5,-2
-1,-2,-3,-2,0,-3,0,-1
-2,0,-1,0,0,8,1,-2
-2,0,-2,-1,-3,-2,-1,-1
-1,0,0,0,0,-5,-7,-4
1,-1,2,-1,1,-3,1,0
0,-2,-2,-1,-4,-1,-1,-1
-1,-1,0,-3,-2,-2,0,-1
0,-1,-1,1,-1,0,-3,0
-1,0,-2,1,0,2,-1,0
-2,-3,-2,-2,0,2,0,-1
2,0,0,1,-2,-1,1,-1
0,-1,-2,0,-1,1,4,1
1,1,-1,-2,-4,-2,-3,-1
1,-1,-2,0,-2,-3,-1,1
-1,-1,0,0,0,0,0,-1
-3,-2,-1,0,1,1,-2,-2
-3,-1,1,0,0,-1,-3,-2
-1,-1,-1,-1,0,1,1,-1
-3,-3,1,-1,1,-1,-1,-1
0,-1,-1,-3,-4,-1,-1,1
0,0,-1,-1,0,-1,1,2
-2,0,0,0,-2,1,-1,-2
-1,-1,-3,-2,-1,0,-1,-1
-1,-2,-2,-4,0,0,-2,-2
0,-2,2,-1,0,-2,-1,-1
1,1,0,-3,-3,0,1,0
1,-1,-4,0,0,0,-2,-1
-2,-1,-1,-3,-1,1,-2,-1
-2,-1,-2,-1,-2,-1,-1,0
1,1,0,0,-1,-2,-1,-1
-2,-1,-1,-1,-2,1,0,-1
-1,-1,-7,-7,-1,-2,1,-2
-1,-1,7,11,-1,-3,-1,-1
1,2,0,0,1,1,1,1
-1,-1,2,-1,-2,-2,-1,-1
-2,0,2,-1,-1,1,-3,-1
-2,-7,-24,1,-1,1,-2,0
-2,-1,8,-5,-2,0,-1,-1
0,-3,-22,-14,-4,-1,0,-1
3,8,13,11,0,-1,-1,-1
0,-1,-1,-3,-4,-1,-1,1
0,0,-1,-1,0,-1,1,2
-2,0,0,0,-2,1,-1,-2
-1,-1,-3,-2,-1,0,-1,-1
-1,-2,-2,-4,0,0,-2,-2
0,-2,2,-1,0,-2,-1,-1
1,1,0,-3,-3,0,1,0
1,-1,-4,0,0,0,-2,-1
-2,-1,-1,-3,-1,1,-2,-1
-2,-1,-2,-1,-2,-1,-1,0
1,1,0,0,-1,-2,-1,-1
-2,-1,-1,-1,-2,1,0,-1
-1,-1,-7,-7,-1,-2,1,-2
-1,-1,7,11,-1,-3,-1,-1
1,2,0,0,1,1,1,1
-1,-1,2,-1,-2,-2,-1,-1
-2,0,2,-1,-1,1,-3,-1
-2,-7,-24,1,-1,1,-2,0
-2,-1,8,-5,-2,0,-1,-1
0,-3,-22,-14,-4,-1,0,-1
3,8,13,11,0,-1,-1,-1
2,4,36,20,1,1,2,3
-2,-10,-20,-12,2,0,1,-1
-5,-6,-11,-1,-4,-2,-1,-3
0,2,28,24,7,-4,-4,-2
4,6,-6,2,-13,-4,0,1
-2,-5,-13,-6,13,8,1,2
1,9,34,19,-9,-5,-2,-1
-4,-11,-91,-72,-18,-1,-2,-2
5,8,119,69,40,14,5,5
-5,-14,-101,-44,-28,-13,-6,-4
-3,4,5,-19,-19,-8,-3,-3
2,9,102,68,9,1,0,2
-2,1,-12,11,-3,-4,-4,-4
-9,-17,-21,7,1,-1,0,-2
-5,-18,-39,-103,-12,-2,0,-1
0,2,-10,-17,-20,-8,-5,-5
3,0,-63,-22,18,10,4,3
4,19,52,40,20,1,-2,-1
-8,-40,-113,-42,-7,-7,-4,-1
6,16,93,73,13,4,2,3
-14,-19,-75,-83,-32,-15,-10,-10
4,19,127,73,33,6,0,1
4,4,-76,-13,7,7,5,4
-4,-8,76,77,-20,-9,-3,-2
-6,-20,-113,-6,19,3,0,-2
8,27,109,43,7,9,7,6
0,0,-60,1,15,7,2,0
-1,3,-75,46,21,3,-1,2
-4,-9,-29,-102,-43,-14,-4,-1
4,35,-47,57,29,4,-4,-2
-7,-17,33,-12,6,0,-3,-4
-3,7,-116,-43,7,1,0,0
-1,2,-9,15,-23,-7,-3,-1
1,0,1,-87,-28,-7,-1,0
7,14,3,89,6,-2,-1,3
-5,-29,20,-39,-6,5,4,1
-5,-4,-38,-79,1,-7,-5,-6
7,-6,-15,11,-30,1,9,6
-3,-11,127,119,21,-3,-6,-3
-2,2,-124,-128,-18,-5,-3,-5
15,25,78,127,14,6,4,7
-20,-39,-82,-128,-18,-6,-7,-10
2,1,-14,13,-13,-10,-3,-1
0,10,40,2,19,4,0,-3
4,17,57,103,23,6,0,2
1,-12,-61,-24,13,0,-2,0
-6,-17,24,-52,-22,0,1,2
5,41,6,42,4,-6,-3,-2
-5,-4,-5,-75,-10,-1,-2,-5
4,13,56,55,8,0,0,1
-5,-9,55,55,30,3,-2,-4
7,5,-113,-100,-35,-7,3,4
-5,-10,114,98,21,7,-1,-4
-4,-22,-55,-67,-12,-4,-3,-1
9,45,67,-16,2,2,3,1
-4,-21,-25,-39,-5,-2,-1,-3
-6,-20,-61,-88,-11,-3,-2,-4
0,11,48,39,-7,-4,-2,-1
-3,-3,-47,43,12,2,-2,-1
-6,-24,84,23,3,-1,0,-1
1,6,-31,-58,-13,-3,-1,-1
-5,-12,-12,3,-3,-1,-1,-5
2,13,-22,-83,-26,-5,-1,1
-3,-12,28,54,20,4,0,-1
3,6,11,9,2,-2,0,1
-5,0,-5,-44,-24,-9,-5,-3
-3,-3,50,99,15,1,-4,-4
-1,-12,-50,-17,-10,0,1,-2
5,19,34,-26,-2,2,3,4
-5,-19,-27,14,4,-1,-3,-4
2,18,15,17,2,3,1,-1
-1,-4,36,17,2,1,-1,1
-4,-13,-63,1,-10,-4,0,-1
1,14,46,50,1,-2,-1,-1
-4,-22,-21,-12,4,0,0,-1
-1,3,-24,-13,0,-2,-1,-2
-8,-18,-25,13,-15,-8,-4,-4
1,3,-10,-6,3,4,4,2
4,14,-7,-35,-4,-1,-1,-1
1,0,28,17,1,-1,-1,0
-2,-3,-9,-94,-4,0,-1,-3
4,4,7,99,9,3,1,1
-1,3,9,-19,-6,0,0,1
-1,-3,-5,-2,2,1,2,-1
0,1,14,21,1,0,0,0
-4,-6,-14,-29,-7,-5,-3,-2
2,1,-26,-13,-5,-2,0,1
-2,-2,12,0,1,-1,-3,-1
1,-2,3,13,2,-1,0,-1
-1,-1,-4,-14,-7,-2,-2,-1
1,2,-10,-17,-2,-2,-2,0
-2,-2,5,-5,-2,1,-2,-1
1,1,19,28,3,1,-1,0
-1,-3,-15,-9,0,-2,-2,-1
-2,2,-3,-10,-7,-8,-8,-3
-1,-2,7,0,-2,-5,2,-1
1,0,-2,19,3,6,-5,2
-2,-3,-6,-13,-2,0,1,-3
-1,0,-7,-13,0,12,9,2
-2,-2,4,2,-6,-24,-20,-5
-2,-1,3,8,-2,-6,1,0
2,1,-5,-9,4,16,11,3
2,3,2,-3,-1,-3,3,-2
-3,-3,-1,1,-1,6,-5,-2
-1,0,2,7,-1,-11,-1,-1
-3,-3,-3,-3,1,6,6,-1
-1,0,-6,-2,1,4,4,1
-3,0,1,-1,-1,4,3,-1
-2,-2,-2,-1,-1,0,-5,-4
0,-2,-3,-4,-4,-9,-6,-3
-2,-3,-3,-5,-2,-3,-2,-3
0,0,0,-1,0,1,3,-1
-2,-1,4,6,3,2,1,-1
-3,0,-4,-2,0,-4,-4,-1
-2,1,-3,-3,-3,-3,-5,0
0,0,1,-1,-2,-2,-1,-1
-1,-1,-1,5,1,3,3,1
-2,-2,-2,-4,-2,-3,-3,0
-1,-1,-2,-5,-4,-6,-4,-1
-1,1,1,0,-1,2,1,0
-1,1,-1,2,-2,-3,-2,0
1,-1,-3,-1,2,6,-1,0
-1,-1,0,-2,-3,-8,-6,-1
1,-1,2,1,4,12,9,1
1,-2,0,1,0,-2,-4,0
-2,-2,-2,-3,-1,-6,-6,-3
-2,-1,-2,-1,0,-3,0,-1
-1,-1,-1,-1,-1,2,0,-1
-1,-1,0,-1,-1,1,1,-1
0,-2,0,-2,-3,-5,-2,0
0,0,-2,0,1,2,-2,-2
-3,-2,-3,-1,-1,-4,-7,-1
3,1,-2,0,-1,-2,6,2
-1,-1,-1,0,-2,-3,-1,-1
-1,-1,-1,-2,2,5,-2,-1
0,-2,0,-1,-2,-1,-1,-1
-2,-2,-3,-1,-2,-2,-2,0
-1,-1,-2,-1,1,0,-3,-2
-2,-2,-3,-3,-2,-1,-2,-2
-1,-1,0,1,0,-4,3,1
1,-1,0,0,0,3,2,0
0,0,0,-1,-1,3,3,2
-2,0,-1,-2,-2,0,-1,-1
-2,-2,0,-2,-3,-4,-2,-2
-1,-2,4,2,-2,1,-1,-2
0,-1,-2,1,-1,-4,-4,0
-1,-1,1,0,2,0,0,0
-1,-2,-3,-2,-1,4,0,-2
-2,-3,-2,-3,-2,-3,-6,-1
0,-1,0,1,1,1,0,1
0,0,-1,-3,-2,-4,0,-1
-2,-1,-3,-3,-3,2,0,-2
-1,0,0,-2,-3,-4,-2,-4
0,-1,0,-1,0,1,-5,0
3,2,0,2,3,5,5,2
-2,-2,-2,1,-1,-3,-4,-2
1,-1,-2,-1,0,-3,1,0
1,-2,-1,0,-3,-3,1,-1
-2,-1,-2,-1,0,1,-2,-1
-1,-1,-1,0,1,0,1,-1
-1,-1,-2,-2,-1,0,-2,0
-3,-1,-1,-1,-1,2,4,-2
-1,-2,-3,-3,-1,-1,-3,-1
0,1,-1,1,2,-4,-2,-2
-1,-1,-1,0,-3,-1,-2,-1
1,0,0,-2,0,0,-1,0
0,0,-1,0,-2,-1,1,0
-2,-1,-1,0,1,-3,-3,-1
0,-1,-1,-1,-1,1,0,0
-2,-2,-1,-2,-1,1,1,1
-2,-4,1,-3,-1,-4,-5,-2
-1,-1,-2,-3,-3,-4,-4,-3
-1,-2,0,2,4,4,-1,-1
0,1,0,2,-1,0,3,-1
-2,1,-1,-1,-1,-2,-5,1
-1,-2,-1,0,-1,2,3,1
-1,0,-4,-4,-5,-4,-2,-2
0,-2,0,1,0,-4,-3,-1
-2,-1,0,-1,2,2,-1,-3
-4,-2,0,-2,-3,-1,-2,-2
-2,-1,2,-2,-1,1,0,-2
-3,-2,-4,-2,-1,-1,-2,-2
1,-3,-1,0,-1,-1,3,-1
0,-2,-1,0,0,0,-1,0
